treatment,run_id,problem,arg_type,arg_mut_rate,mem_searching,solution_found,solution_length,update_found,update_first_solution_found,program
PROBLEM_for-loop-index__ARGS_NUM__MUT_0001,2151,for-loop-index,Numeric,0.0001,0,True,13,205,190,"[LoadStart-Num(6,7,12),TestNumLessTEqu-Num(10,3,0),Add-Num(6,7,11),While-Num(0,9,5),LoadEnd-Num(13,6,0),SwapMem-Num(3,12,2),TestNumEqu-Num(1,1,12),IfNot-Num(3,8,5),Add-Num(11,2,4),SwapMem-Num(4,11,14),CopyMem-Num(11,1,10),TestNumLessTEqu-Num(13,1,12),SubmitNum-Num(4,6,9)]"
PROBLEM_for-loop-index__ARGS_NUM__MUT_0001,2152,for-loop-index,Numeric,0.0001,0,False,NONE,NONE,NONE,"NONE"
PROBLEM_for-loop-index__ARGS_NUM__MUT_0001,2153,for-loop-index,Numeric,0.0001,0,False,NONE,NONE,NONE,"NONE"
PROBLEM_for-loop-index__ARGS_NUM__MUT_0001,2154,for-loop-index,Numeric,0.0001,0,False,NONE,NONE,NONE,"NONE"
PROBLEM_for-loop-index__ARGS_NUM__MUT_0001,2155,for-loop-index,Numeric,0.0001,0,False,NONE,NONE,NONE,"NONE"
PROBLEM_for-loop-index__ARGS_NUM__MUT_0001,2156,for-loop-index,Numeric,0.0001,0,False,NONE,NONE,NONE,"NONE"
PROBLEM_for-loop-index__ARGS_NUM__MUT_0001,2157,for-loop-index,Numeric,0.0001,0,False,NONE,NONE,NONE,"NONE"
PROBLEM_for-loop-index__ARGS_NUM__MUT_0001,2158,for-loop-index,Numeric,0.0001,0,False,NONE,NONE,NONE,"NONE"
PROBLEM_for-loop-index__ARGS_NUM__MUT_0001,2159,for-loop-index,Numeric,0.0001,0,False,NONE,NONE,NONE,"NONE"
PROBLEM_for-loop-index__ARGS_NUM__MUT_0001,2160,for-loop-index,Numeric,0.0001,0,False,NONE,NONE,NONE,"NONE"
PROBLEM_for-loop-index__ARGS_NUM__MUT_0001,2161,for-loop-index,Numeric,0.0001,0,False,NONE,NONE,NONE,"NONE"
PROBLEM_for-loop-index__ARGS_NUM__MUT_0001,2162,for-loop-index,Numeric,0.0001,0,True,12,113,85,"[LoadStart-Num(4,13,13),SubmitNum-Num(0,13,1),SwapMem-Num(2,0,5),LoadEnd-Num(9,14,12),Add-Num(4,0,14),Inc-Num(1,13,13),While-Num(1,15,1),Add-Num(11,14,4),TestNumGreaterTEqu-Num(4,9,12),IfNot-Num(12,4,9),SubmitNum-Num(4,9,1),Add-Num(4,0,14)]"
PROBLEM_for-loop-index__ARGS_NUM__MUT_0001,2163,for-loop-index,Numeric,0.0001,0,False,NONE,NONE,NONE,"NONE"
PROBLEM_for-loop-index__ARGS_NUM__MUT_0001,2164,for-loop-index,Numeric,0.0001,0,False,NONE,NONE,NONE,"NONE"
PROBLEM_for-loop-index__ARGS_NUM__MUT_0001,2165,for-loop-index,Numeric,0.0001,0,False,NONE,NONE,NONE,"NONE"
PROBLEM_for-loop-index__ARGS_NUM__MUT_0001,2166,for-loop-index,Numeric,0.0001,0,True,12,373,228,"[LoadStart-Num(12,13,12),Dec-Num(1,0,4),Close(3,12,15),LoadStep-Num(7,4,11),SubmitNum-Num(12,0,9),Add-Num(7,12,9),Set-1-Num(0,13,15),TestNumGreaterTEqu-Num(1,9,12),Countdown-Num(12,5,2),Mult-Num(0,9,12),Countdown-Num(8,8,7),Set-7-Num(10,8,7)]"
PROBLEM_for-loop-index__ARGS_NUM__MUT_0001,2167,for-loop-index,Numeric,0.0001,0,True,9,491,131,"[SubmitNum-Num(0,9,10),Close(6,12,15),LoadStep-Num(9,12,1),LoadEnd-Num(13,9,6),Add-Num(9,0,8),Sub-Num(8,4,0),TestNumLess-Num(8,13,10),Countdown-Num(10,14,1),SubmitNum-Num(0,15,15)]"
PROBLEM_for-loop-index__ARGS_NUM__MUT_0001,2168,for-loop-index,Numeric,0.0001,0,False,NONE,NONE,NONE,"NONE"
PROBLEM_for-loop-index__ARGS_NUM__MUT_0001,2169,for-loop-index,Numeric,0.0001,0,True,14,500,431,"[LoadStep-Num(3,2,5),TestNumGreater-Num(7,7,2),LoadEnd-Num(9,15,3),Dec-Num(9,7,0),LoadStart-Num(4,9,6),While-Num(3,10,0),Sub-Num(2,7,11),Sub-Num(3,11,14),Add-Num(4,14,6),SwapMem-Num(14,7,8),TestNumLess-Num(9,6,12),Add-Num(4,14,6),SubmitNum-Num(6,6,2),While-Num(12,11,15)]"
PROBLEM_for-loop-index__ARGS_NUM__MUT_0001,2170,for-loop-index,Numeric,0.0001,0,False,NONE,NONE,NONE,"NONE"
PROBLEM_for-loop-index__ARGS_NUM__MUT_0001,2171,for-loop-index,Numeric,0.0001,0,False,NONE,NONE,NONE,"NONE"
PROBLEM_for-loop-index__ARGS_NUM__MUT_0001,2172,for-loop-index,Numeric,0.0001,0,True,8,223,201,"[LoadStep-Num(14,5,8),Inc-Num(12,5,15),LoadStart-Num(15,10,2),LoadEnd-Num(13,8,10),While-Num(12,8,4),SubmitNum-Num(15,12,12),Add-Num(14,15,15),TestNumGreater-Num(13,15,12)]"
PROBLEM_for-loop-index__ARGS_NUM__MUT_0001,2173,for-loop-index,Numeric,0.0001,0,False,NONE,NONE,NONE,"NONE"
PROBLEM_for-loop-index__ARGS_NUM__MUT_0001,2174,for-loop-index,Numeric,0.0001,0,False,NONE,NONE,NONE,"NONE"
PROBLEM_for-loop-index__ARGS_NUM__MUT_0001,2175,for-loop-index,Numeric,0.0001,0,False,NONE,NONE,NONE,"NONE"
PROBLEM_for-loop-index__ARGS_NUM__MUT_0001,2176,for-loop-index,Numeric,0.0001,0,False,NONE,NONE,NONE,"NONE"
PROBLEM_for-loop-index__ARGS_NUM__MUT_0001,2177,for-loop-index,Numeric,0.0001,0,False,NONE,NONE,NONE,"NONE"
PROBLEM_for-loop-index__ARGS_NUM__MUT_0001,2178,for-loop-index,Numeric,0.0001,0,False,NONE,NONE,NONE,"NONE"
PROBLEM_for-loop-index__ARGS_NUM__MUT_0001,2179,for-loop-index,Numeric,0.0001,0,False,NONE,NONE,NONE,"NONE"
PROBLEM_for-loop-index__ARGS_NUM__MUT_0001,2180,for-loop-index,Numeric,0.0001,0,False,NONE,NONE,NONE,"NONE"
PROBLEM_for-loop-index__ARGS_NUM__MUT_0001,2181,for-loop-index,Numeric,0.0001,0,True,16,463,406,"[SwapMem-Num(12,2,14),SubmitNum-Num(0,5,0),LoadStep-Num(11,3,11),LoadEnd-Num(5,14,11),Dec-Num(5,10,14),Sub-Num(5,12,5),TestNumGreaterTEqu-Num(5,0,5),While-Num(5,5,4),Mult-Num(8,10,1),Add-Num(11,0,0),SubmitNum-Num(0,5,0),LoadEnd-Num(5,14,11),Dec-Num(5,10,14),Add-Num(1,12,6),Sub-Num(5,6,5),TestNumGreaterTEqu-Num(5,0,5)]"
PROBLEM_for-loop-index__ARGS_NUM__MUT_0001,2182,for-loop-index,Numeric,0.0001,0,False,NONE,NONE,NONE,"NONE"
PROBLEM_for-loop-index__ARGS_NUM__MUT_0001,2183,for-loop-index,Numeric,0.0001,0,False,NONE,NONE,NONE,"NONE"
PROBLEM_for-loop-index__ARGS_NUM__MUT_0001,2184,for-loop-index,Numeric,0.0001,0,False,NONE,NONE,NONE,"NONE"
PROBLEM_for-loop-index__ARGS_NUM__MUT_0001,2185,for-loop-index,Numeric,0.0001,0,True,21,494,473,"[Set-7-Num(6,8,12),Not-Num(1,10,9),LoadStep-Num(8,9,15),TestNumGreaterTEqu-Num(3,11,10),Sub-Num(8,1,12),LoadStart-Num(13,4,14),Not-Num(6,13,11),SwapMem-Num(3,13,13),LoadStep-Num(12,15,14),LoadEnd-Num(13,7,12),While-Num(10,12,4),SwapMem-Num(2,0,15),Sub-Num(13,3,15),IfNot-Num(8,5,2),Close(10,10,1),LoadStep-Num(13,6,13),Add-Num(13,2,3),SubmitNum-Num(2,0,15),TestNumLess-Num(12,15,10),Sub-Num(3,6,0),LoadEnd-Num(13,6,13)]"
PROBLEM_for-loop-index__ARGS_NUM__MUT_0001,2186,for-loop-index,Numeric,0.0001,0,False,NONE,NONE,NONE,"NONE"
PROBLEM_for-loop-index__ARGS_NUM__MUT_0001,2187,for-loop-index,Numeric,0.0001,0,False,NONE,NONE,NONE,"NONE"
PROBLEM_for-loop-index__ARGS_NUM__MUT_0001,2188,for-loop-index,Numeric,0.0001,0,False,NONE,NONE,NONE,"NONE"
PROBLEM_for-loop-index__ARGS_NUM__MUT_0001,2189,for-loop-index,Numeric,0.0001,0,False,NONE,NONE,NONE,"NONE"
PROBLEM_for-loop-index__ARGS_NUM__MUT_0001,2190,for-loop-index,Numeric,0.0001,0,False,NONE,NONE,NONE,"NONE"
PROBLEM_for-loop-index__ARGS_NUM__MUT_0001,2191,for-loop-index,Numeric,0.0001,0,False,NONE,NONE,NONE,"NONE"
PROBLEM_for-loop-index__ARGS_NUM__MUT_0001,2192,for-loop-index,Numeric,0.0001,0,True,16,432,408,"[SubmitNum-Num(0,14,14),Countdown-Num(2,7,7),Dec-Num(1,4,14),Close(12,12,4),LoadStart-Num(14,0,2),SwapMem-Num(13,0,5),Set-9-Num(12,5,3),LoadStep-Num(15,0,9),While-Num(12,0,13),TestNumLessTEqu-Num(1,14,4),Add-Num(15,13,0),While-Num(4,11,15),Close(12,5,3),SubmitNum-Num(0,14,14),Sub-Num(0,7,14),SwapMem-Num(13,0,5)]"
PROBLEM_for-loop-index__ARGS_NUM__MUT_0001,2193,for-loop-index,Numeric,0.0001,0,False,NONE,NONE,NONE,"NONE"
PROBLEM_for-loop-index__ARGS_NUM__MUT_0001,2194,for-loop-index,Numeric,0.0001,0,False,NONE,NONE,NONE,"NONE"
PROBLEM_for-loop-index__ARGS_NUM__MUT_0001,2195,for-loop-index,Numeric,0.0001,0,True,14,399,246,"[LoadStart-Num(9,7,6),SubmitNum-Num(9,2,10),LoadStep-Num(13,1,4),Mult-Num(12,11,1),LoadEnd-Num(3,9,8),SwapMem-Num(7,3,1),Add-Num(0,1,15),TestNumGreater-Num(7,15,12),While-Num(12,11,1),Add-Num(1,13,1),Add-Num(0,1,15),TestNumGreater-Num(7,15,12),If-Num(12,15,10),SubmitNum-Num(15,8,5)]"
PROBLEM_for-loop-index__ARGS_NUM__MUT_0001,2196,for-loop-index,Numeric,0.0001,0,False,NONE,NONE,NONE,"NONE"
PROBLEM_for-loop-index__ARGS_NUM__MUT_0001,2197,for-loop-index,Numeric,0.0001,0,False,NONE,NONE,NONE,"NONE"
PROBLEM_for-loop-index__ARGS_NUM__MUT_0001,2198,for-loop-index,Numeric,0.0001,0,False,NONE,NONE,NONE,"NONE"
PROBLEM_for-loop-index__ARGS_NUM__MUT_0001,2199,for-loop-index,Numeric,0.0001,0,False,NONE,NONE,NONE,"NONE"
PROBLEM_for-loop-index__ARGS_NUM__MUT_0001,2200,for-loop-index,Numeric,0.0001,0,False,NONE,NONE,NONE,"NONE"
PROBLEM_for-loop-index__ARGS_NUM__MUT_001,2101,for-loop-index,Numeric,0.001,0,False,NONE,NONE,NONE,"NONE"
PROBLEM_for-loop-index__ARGS_NUM__MUT_001,2102,for-loop-index,Numeric,0.001,0,False,NONE,NONE,NONE,"NONE"
PROBLEM_for-loop-index__ARGS_NUM__MUT_001,2103,for-loop-index,Numeric,0.001,0,False,NONE,NONE,NONE,"NONE"
PROBLEM_for-loop-index__ARGS_NUM__MUT_001,2104,for-loop-index,Numeric,0.001,0,False,NONE,NONE,NONE,"NONE"
PROBLEM_for-loop-index__ARGS_NUM__MUT_001,2105,for-loop-index,Numeric,0.001,0,False,NONE,NONE,NONE,"NONE"
PROBLEM_for-loop-index__ARGS_NUM__MUT_001,2106,for-loop-index,Numeric,0.001,0,True,15,480,359,"[LoadStep-Num(1,15,4),LoadEnd-Num(15,14,12),Countdown-Num(1,9,4),Dec-Num(15,14,5),Close(6,2,10),LoadStart-Num(6,7,12),Set-4-Num(13,1,15),While-Num(13,6,4),Add-Num(7,6,0),SubmitNum-Num(0,2,6),LoadStep-Num(11,4,15),SwapMem-Num(7,3,2),TestNumLess-Num(0,15,13),Add-Num(11,3,12),Add-Num(9,12,7)]"
PROBLEM_for-loop-index__ARGS_NUM__MUT_001,2107,for-loop-index,Numeric,0.001,0,False,NONE,NONE,NONE,"NONE"
PROBLEM_for-loop-index__ARGS_NUM__MUT_001,2108,for-loop-index,Numeric,0.001,0,True,7,337,129,"[SubmitNum-Num(0,11,13),Close(1,7,10),LoadEnd-Num(5,12,0),Add-Num(2,0,0),TestNumGreater-Num(5,0,7),Countdown-Num(7,9,6),SubmitNum-Num(0,13,12)]"
PROBLEM_for-loop-index__ARGS_NUM__MUT_001,2109,for-loop-index,Numeric,0.001,0,False,NONE,NONE,NONE,"NONE"
PROBLEM_for-loop-index__ARGS_NUM__MUT_001,2110,for-loop-index,Numeric,0.001,0,True,12,437,272,"[LoadStart-Num(9,3,12),SubmitNum-Num(9,6,2),Dec-Num(1,12,3),Set-4-Num(13,2,8),Add-Num(2,9,5),While-Num(13,11,3),TestNumGreaterTEqu-Num(1,5,8),If-Num(8,9,8),SubmitNum-Num(5,9,5),CopyMem-Num(5,2,4),LoadStep-Num(8,15,12),Add-Num(2,8,5)]"
PROBLEM_for-loop-index__ARGS_NUM__MUT_001,2111,for-loop-index,Numeric,0.001,0,False,NONE,NONE,NONE,"NONE"
PROBLEM_for-loop-index__ARGS_NUM__MUT_001,2112,for-loop-index,Numeric,0.001,0,True,9,416,325,"[LoadStart-Num(3,9,8),Add-Num(7,3,10),LoadStep-Num(0,3,10),While-Num(0,6,3),SubmitNum-Num(10,2,14),Add-Num(0,10,10),TestNumGreater-Num(1,10,12),IfNot-Num(12,10,12),TestNumEqu-Num(2,7,0)]"
PROBLEM_for-loop-index__ARGS_NUM__MUT_001,2113,for-loop-index,Numeric,0.001,0,True,9,259,230,"[LoadEnd-Num(4,10,1),Countdown-Num(2,13,10),SwapMem-Num(0,10,11),Add-Num(9,10,6),LoadStep-Num(13,15,15),Add-Num(6,13,0),SubmitNum-Num(10,9,2),Sub-Num(0,4,1),TestNumLess-Num(1,9,2)]"
PROBLEM_for-loop-index__ARGS_NUM__MUT_001,2114,for-loop-index,Numeric,0.001,0,False,NONE,NONE,NONE,"NONE"
PROBLEM_for-loop-index__ARGS_NUM__MUT_001,2115,for-loop-index,Numeric,0.001,0,True,13,445,225,"[LoadEnd-Num(5,3,3),LoadStep-Num(0,1,0),LoadStart-Num(7,15,6),TestNumLessTEqu-Num(1,5,8),Countdown-Num(8,11,13),Countdown-Num(0,1,8),Dec-Num(5,10,1),Close(10,12,8),Add-Num(9,13,9),LoadStep-Num(13,1,11),Add-Num(7,9,2),SubmitNum-Num(2,15,11),TestNumLess-Num(2,5,8)]"
PROBLEM_for-loop-index__ARGS_NUM__MUT_001,2116,for-loop-index,Numeric,0.001,0,False,NONE,NONE,NONE,"NONE"
PROBLEM_for-loop-index__ARGS_NUM__MUT_001,2117,for-loop-index,Numeric,0.001,0,True,9,449,424,"[LoadEnd-Num(9,3,6),LoadStep-Num(6,4,14),Countdown-Num(2,11,12),CopyMem-Num(9,5,12),TestNumLess-Num(0,5,2),If-Num(2,3,2),SubmitNum-Num(0,12,4),Add-Num(8,6,11),Add-Num(0,11,0)]"
PROBLEM_for-loop-index__ARGS_NUM__MUT_001,2118,for-loop-index,Numeric,0.001,0,False,NONE,NONE,NONE,"NONE"
PROBLEM_for-loop-index__ARGS_NUM__MUT_001,2119,for-loop-index,Numeric,0.001,0,False,NONE,NONE,NONE,"NONE"
PROBLEM_for-loop-index__ARGS_NUM__MUT_001,2120,for-loop-index,Numeric,0.001,0,True,14,467,416,"[LoadStart-Num(4,11,9),LoadEnd-Num(9,8,2),LoadStep-Num(1,10,12),Dec-Num(9,10,1),TestNumGreaterTEqu-Num(1,8,6),While-Num(6,8,9),Add-Num(4,15,14),Sub-Num(1,12,15),TestNumLessTEqu-Num(14,9,13),IfNot-Num(13,0,1),Return(6,12,8),Close(6,5,15),Add-Num(14,12,4),SubmitNum-Num(14,8,11)]"
PROBLEM_for-loop-index__ARGS_NUM__MUT_001,2121,for-loop-index,Numeric,0.001,0,False,NONE,NONE,NONE,"NONE"
PROBLEM_for-loop-index__ARGS_NUM__MUT_001,2122,for-loop-index,Numeric,0.001,0,True,10,268,193,"[Add-Num(0,8,8),Dec-Num(1,3,3),Set-8-Num(9,9,11),SubmitNum-Num(0,9,7),Countdown-Num(9,11,11),Add-Num(8,2,8),TestNumGreaterTEqu-Num(1,8,9),If-Num(9,3,4),Add-Num(12,8,13),SubmitNum-Num(13,9,15)]"
PROBLEM_for-loop-index__ARGS_NUM__MUT_001,2123,for-loop-index,Numeric,0.001,0,True,16,355,312,"[LoadEnd-Num(14,6,5),Close(8,13,3),Countdown-Num(9,14,10),Sub-Num(3,10,2),Sub-Num(4,2,10),Add-Num(0,2,11),TestNumLess-Num(11,14,9),SubmitNum-Num(11,0,7),LoadStep-Num(3,5,10),Close(15,1,7),LoadStep-Num(12,2,15),IfNot-Num(13,4,3),Set-7-Num(13,0,0),Countdown-Num(12,4,14),Dec-Num(14,7,9),Set-16-Num(9,8,14)]"
PROBLEM_for-loop-index__ARGS_NUM__MUT_001,2124,for-loop-index,Numeric,0.001,0,True,6,447,207,"[SubmitNum-Num(0,7,12),Close(10,7,5),Add-Num(0,2,0),TestNumLess-Num(0,1,13),Countdown-Num(13,7,4),SubmitNum-Num(0,13,12)]"
PROBLEM_for-loop-index__ARGS_NUM__MUT_001,2125,for-loop-index,Numeric,0.001,0,False,NONE,NONE,NONE,"NONE"
PROBLEM_for-loop-index__ARGS_NUM__MUT_001,2126,for-loop-index,Numeric,0.001,0,True,11,464,309,"[Add-Num(8,0,1),LoadEnd-Num(2,14,3),Close(14,13,13),SubmitNum-Num(1,11,11),Sub-Num(2,0,12),LoadStep-Num(7,15,13),Add-Num(7,0,1),TestNumLess-Num(7,12,9),CopyMem-Num(1,0,8),IfNot-Num(9,12,14),Add-Num(8,5,12)]"
PROBLEM_for-loop-index__ARGS_NUM__MUT_001,2127,for-loop-index,Numeric,0.001,0,True,14,429,406,"[SubmitNum-Num(0,2,7),Close(15,10,1),LoadEnd-Num(5,7,12),LoadStep-Num(8,12,6),Inc-Num(0,8,7),Dec-Num(5,6,13),Dec-Num(0,0,0),Add-Num(0,8,0),TestNumLess-Num(5,0,7),While-Num(7,14,8),Close(0,4,6),SubmitNum-Num(0,7,3),While-Num(7,14,8),Set-13-Num(10,7,2)]"
PROBLEM_for-loop-index__ARGS_NUM__MUT_001,2128,for-loop-index,Numeric,0.001,0,False,NONE,NONE,NONE,"NONE"
PROBLEM_for-loop-index__ARGS_NUM__MUT_001,2129,for-loop-index,Numeric,0.001,0,False,NONE,NONE,NONE,"NONE"
PROBLEM_for-loop-index__ARGS_NUM__MUT_001,2130,for-loop-index,Numeric,0.001,0,False,NONE,NONE,NONE,"NONE"
PROBLEM_for-loop-index__ARGS_NUM__MUT_001,2131,for-loop-index,Numeric,0.001,0,False,NONE,NONE,NONE,"NONE"
PROBLEM_for-loop-index__ARGS_NUM__MUT_001,2132,for-loop-index,Numeric,0.001,0,False,NONE,NONE,NONE,"NONE"
PROBLEM_for-loop-index__ARGS_NUM__MUT_001,2133,for-loop-index,Numeric,0.001,0,False,NONE,NONE,NONE,"NONE"
PROBLEM_for-loop-index__ARGS_NUM__MUT_001,2134,for-loop-index,Numeric,0.001,0,False,NONE,NONE,NONE,"NONE"
PROBLEM_for-loop-index__ARGS_NUM__MUT_001,2135,for-loop-index,Numeric,0.001,0,False,NONE,NONE,NONE,"NONE"
PROBLEM_for-loop-index__ARGS_NUM__MUT_001,2136,for-loop-index,Numeric,0.001,0,True,19,488,457,"[Set-15-Num(12,1,9),Countdown-Num(2,15,8),Dec-Num(1,9,12),Close(6,1,2),Close(5,1,11),Dec-Num(1,9,12),Close(6,1,2),SubmitNum-Num(0,13,11),TestNumLessTEqu-Num(0,1,5),SwapMem-Num(0,3,8),IfNot-Num(5,9,11),Return(6,6,2),Close(3,7,15),Sub-Num(11,3,0),LoadStep-Num(4,13,6),Add-Num(0,8,3),Sub-Num(4,3,0),IfNot-Num(12,9,6),Countdown-Num(0,7,12)]"
PROBLEM_for-loop-index__ARGS_NUM__MUT_001,2137,for-loop-index,Numeric,0.001,0,False,NONE,NONE,NONE,"NONE"
PROBLEM_for-loop-index__ARGS_NUM__MUT_001,2138,for-loop-index,Numeric,0.001,0,False,NONE,NONE,NONE,"NONE"
PROBLEM_for-loop-index__ARGS_NUM__MUT_001,2139,for-loop-index,Numeric,0.001,0,True,12,379,209,"[LoadStart-Num(4,13,9),Close(0,0,5),CopyMem-Num(4,7,6),SubmitNum-Num(4,7,0),LoadStep-Num(0,12,4),Add-Num(7,0,3),LoadEnd-Num(8,12,13),SwapMem-Num(10,3,4),TestNumLess-Num(10,8,15),Add-Num(5,10,4),IfNot-Num(15,8,14),Not-Num(0,12,15)]"
PROBLEM_for-loop-index__ARGS_NUM__MUT_001,2140,for-loop-index,Numeric,0.001,0,False,NONE,NONE,NONE,"NONE"
PROBLEM_for-loop-index__ARGS_NUM__MUT_001,2141,for-loop-index,Numeric,0.001,0,False,NONE,NONE,NONE,"NONE"
PROBLEM_for-loop-index__ARGS_NUM__MUT_001,2142,for-loop-index,Numeric,0.001,0,False,NONE,NONE,NONE,"NONE"
PROBLEM_for-loop-index__ARGS_NUM__MUT_001,2143,for-loop-index,Numeric,0.001,0,False,NONE,NONE,NONE,"NONE"
PROBLEM_for-loop-index__ARGS_NUM__MUT_001,2144,for-loop-index,Numeric,0.001,0,False,NONE,NONE,NONE,"NONE"
PROBLEM_for-loop-index__ARGS_NUM__MUT_001,2145,for-loop-index,Numeric,0.001,0,True,9,456,202,"[LoadEnd-Num(6,0,10),LoadStep-Num(15,4,5),Set-7-Num(13,4,13),While-Num(13,4,12),IfNot-Num(8,5,12),Sub-Num(0,14,1),Add-Num(1,15,0),SubmitNum-Num(1,0,10),TestNumGreaterTEqu-Num(0,6,8)]"
PROBLEM_for-loop-index__ARGS_NUM__MUT_001,2146,for-loop-index,Numeric,0.001,0,False,NONE,NONE,NONE,"NONE"
PROBLEM_for-loop-index__ARGS_NUM__MUT_001,2147,for-loop-index,Numeric,0.001,0,False,NONE,NONE,NONE,"NONE"
PROBLEM_for-loop-index__ARGS_NUM__MUT_001,2148,for-loop-index,Numeric,0.001,0,False,NONE,NONE,NONE,"NONE"
PROBLEM_for-loop-index__ARGS_NUM__MUT_001,2149,for-loop-index,Numeric,0.001,0,False,NONE,NONE,NONE,"NONE"
PROBLEM_for-loop-index__ARGS_NUM__MUT_001,2150,for-loop-index,Numeric,0.001,0,True,12,484,291,"[SwapMem-Num(1,2,0),Add-Num(3,0,9),SubmitNum-Num(0,14,2),SwapMem-Num(8,1,6),Add-Num(8,9,10),Close(3,7,7),Sub-Num(10,2,9),TestNumGreater-Num(4,9,9),While-Num(9,2,0),SubmitNum-Num(10,7,15),TestNumGreater-Num(13,9,9),Add-Num(8,10,10)]"
PROBLEM_for-loop-index__ARGS_NUM__MUT_0025,2451,for-loop-index,Numeric,0.0025,0,True,11,284,217,"[Add-Num(4,0,1),Close(7,1,12),SubmitNum-Num(1,3,8),LoadEnd-Num(10,10,2),SwapMem-Num(8,1,8),Add-Num(2,8,8),TestNumGreaterTEqu-Num(8,10,1),IfNot-Num(1,13,9),SwapMem-Num(8,1,0),IfNot-Num(2,2,12),Set-7-Num(0,11,1)]"
PROBLEM_for-loop-index__ARGS_NUM__MUT_0025,2452,for-loop-index,Numeric,0.0025,0,False,NONE,NONE,NONE,"NONE"
PROBLEM_for-loop-index__ARGS_NUM__MUT_0025,2453,for-loop-index,Numeric,0.0025,0,False,NONE,NONE,NONE,"NONE"
PROBLEM_for-loop-index__ARGS_NUM__MUT_0025,2454,for-loop-index,Numeric,0.0025,0,False,NONE,NONE,NONE,"NONE"
PROBLEM_for-loop-index__ARGS_NUM__MUT_0025,2455,for-loop-index,Numeric,0.0025,0,False,NONE,NONE,NONE,"NONE"
PROBLEM_for-loop-index__ARGS_NUM__MUT_0025,2456,for-loop-index,Numeric,0.0025,0,True,8,298,147,"[CopyMem-Num(0,9,14),Close(3,15,8),Add-Num(3,9,9),TestNumGreaterTEqu-Num(9,1,10),IfNot-Num(10,6,2),SubmitNum-Num(9,14,3),Countdown-Num(2,8,9),LoadStep-Num(3,5,14)]"
PROBLEM_for-loop-index__ARGS_NUM__MUT_0025,2457,for-loop-index,Numeric,0.0025,0,False,NONE,NONE,NONE,"NONE"
PROBLEM_for-loop-index__ARGS_NUM__MUT_0025,2458,for-loop-index,Numeric,0.0025,0,True,5,366,202,"[Set-13-Num(7,10,9),Countdown-Num(7,1,10),SubmitNum-Num(0,3,2),Add-Num(0,2,0),TestNumLess-Num(0,1,7)]"
PROBLEM_for-loop-index__ARGS_NUM__MUT_0025,2459,for-loop-index,Numeric,0.0025,0,False,NONE,NONE,NONE,"NONE"
PROBLEM_for-loop-index__ARGS_NUM__MUT_0025,2460,for-loop-index,Numeric,0.0025,0,False,NONE,NONE,NONE,"NONE"
PROBLEM_for-loop-index__ARGS_NUM__MUT_0025,2461,for-loop-index,Numeric,0.0025,0,False,NONE,NONE,NONE,"NONE"
PROBLEM_for-loop-index__ARGS_NUM__MUT_0025,2462,for-loop-index,Numeric,0.0025,0,False,NONE,NONE,NONE,"NONE"
PROBLEM_for-loop-index__ARGS_NUM__MUT_0025,2463,for-loop-index,Numeric,0.0025,0,False,NONE,NONE,NONE,"NONE"
PROBLEM_for-loop-index__ARGS_NUM__MUT_0025,2464,for-loop-index,Numeric,0.0025,0,False,NONE,NONE,NONE,"NONE"
PROBLEM_for-loop-index__ARGS_NUM__MUT_0025,2465,for-loop-index,Numeric,0.0025,0,True,24,396,364,"[LoadStart-Num(2,10,8),Set-6-Num(1,15,2),SubmitNum-Num(0,7,9),LoadEnd-Num(9,9,5),Sub-Num(2,1,12),Set-13-Num(0,5,6),LoadStep-Num(7,14,1),Set-2-Num(10,12,10),LoadStep-Num(14,8,5),Countdown-Num(7,12,10),Countdown-Num(0,11,0),TestNumGreaterTEqu-Num(2,12,0),Sub-Num(9,14,12),LoadEnd-Num(6,15,2),Close(15,15,15),Dec-Num(6,8,9),Close(15,14,9),LoadStep-Num(12,12,7),Sub-Num(7,12,12),LoadStart-Num(5,11,2),While-Num(10,9,12),Sub-Num(5,12,5),SubmitNum-Num(5,10,10),TestNumLess-Num(5,6,10)]"
PROBLEM_for-loop-index__ARGS_NUM__MUT_0025,2466,for-loop-index,Numeric,0.0025,0,False,NONE,NONE,NONE,"NONE"
PROBLEM_for-loop-index__ARGS_NUM__MUT_0025,2467,for-loop-index,Numeric,0.0025,0,False,NONE,NONE,NONE,"NONE"
PROBLEM_for-loop-index__ARGS_NUM__MUT_0025,2468,for-loop-index,Numeric,0.0025,0,False,NONE,NONE,NONE,"NONE"
PROBLEM_for-loop-index__ARGS_NUM__MUT_0025,2469,for-loop-index,Numeric,0.0025,0,True,9,316,213,"[LoadEnd-Num(5,6,7),Dec-Num(12,14,4),Dec-Num(5,14,11),Countdown-Num(12,0,7),SubmitNum-Num(0,11,8),Add-Num(2,0,4),TestNumLess-Num(5,4,9),Add-Num(2,0,0),While-Num(9,11,6)]"
PROBLEM_for-loop-index__ARGS_NUM__MUT_0025,2470,for-loop-index,Numeric,0.0025,0,False,NONE,NONE,NONE,"NONE"
PROBLEM_for-loop-index__ARGS_NUM__MUT_0025,2471,for-loop-index,Numeric,0.0025,0,True,5,492,194,"[While-Num(2,13,15),TestNumGreaterTEqu-Num(0,1,14),IfNot-Num(14,0,6),SubmitNum-Num(0,11,9),Add-Num(2,0,0)]"
PROBLEM_for-loop-index__ARGS_NUM__MUT_0025,2472,for-loop-index,Numeric,0.0025,0,True,10,262,187,"[Countdown-Num(2,12,14),Dec-Num(1,10,4),LoadStart-Num(12,4,8),Close(0,10,9),Set-11-Num(15,1,5),Countdown-Num(15,9,0),Add-Num(10,12,10),SubmitNum-Num(10,13,14),TestNumLess-Num(10,1,15),LoadStep-Num(12,1,14)]"
PROBLEM_for-loop-index__ARGS_NUM__MUT_0025,2473,for-loop-index,Numeric,0.0025,0,True,8,246,155,"[SubmitNum-Num(0,2,1),LoadStep-Num(13,4,3),While-Num(13,11,4),Add-Num(0,13,7),TestNumGreater-Num(1,7,8),If-Num(8,4,1),Add-Num(13,2,13),SubmitNum-Num(7,10,3)]"
PROBLEM_for-loop-index__ARGS_NUM__MUT_0025,2474,for-loop-index,Numeric,0.0025,0,True,7,449,87,"[While-Num(2,3,11),Sub-Num(5,0,5),Sub-Num(12,5,8),TestNumGreaterTEqu-Num(8,1,12),IfNot-Num(12,15,13),LoadStep-Num(0,10,15),SubmitNum-Num(8,8,7)]"
PROBLEM_for-loop-index__ARGS_NUM__MUT_0025,2475,for-loop-index,Numeric,0.0025,0,True,7,416,149,"[Inc-Num(7,1,4),While-Num(7,13,1),SubmitNum-Num(0,8,1),Sub-Num(8,0,15),Sub-Num(1,7,4),Sub-Num(2,15,0),TestNumLessTEqu-Num(0,4,7)]"
PROBLEM_for-loop-index__ARGS_NUM__MUT_0025,2476,for-loop-index,Numeric,0.0025,0,False,NONE,NONE,NONE,"NONE"
PROBLEM_for-loop-index__ARGS_NUM__MUT_0025,2477,for-loop-index,Numeric,0.0025,0,True,8,429,376,"[LoadEnd-Num(7,3,12),Add-Num(8,0,6),TestNumLess-Num(6,7,14),Countdown-Num(14,13,6),SubmitNum-Num(6,13,1),CopyMem-Num(6,0,7),Add-Num(2,0,6),TestNumLess-Num(6,7,14)]"
PROBLEM_for-loop-index__ARGS_NUM__MUT_0025,2478,for-loop-index,Numeric,0.0025,0,False,NONE,NONE,NONE,"NONE"
PROBLEM_for-loop-index__ARGS_NUM__MUT_0025,2479,for-loop-index,Numeric,0.0025,0,False,NONE,NONE,NONE,"NONE"
PROBLEM_for-loop-index__ARGS_NUM__MUT_0025,2480,for-loop-index,Numeric,0.0025,0,False,NONE,NONE,NONE,"NONE"
PROBLEM_for-loop-index__ARGS_NUM__MUT_0025,2481,for-loop-index,Numeric,0.0025,0,False,NONE,NONE,NONE,"NONE"
PROBLEM_for-loop-index__ARGS_NUM__MUT_0025,2482,for-loop-index,Numeric,0.0025,0,False,NONE,NONE,NONE,"NONE"
PROBLEM_for-loop-index__ARGS_NUM__MUT_0025,2483,for-loop-index,Numeric,0.0025,0,False,NONE,NONE,NONE,"NONE"
PROBLEM_for-loop-index__ARGS_NUM__MUT_0025,2484,for-loop-index,Numeric,0.0025,0,False,NONE,NONE,NONE,"NONE"
PROBLEM_for-loop-index__ARGS_NUM__MUT_0025,2485,for-loop-index,Numeric,0.0025,0,False,NONE,NONE,NONE,"NONE"
PROBLEM_for-loop-index__ARGS_NUM__MUT_0025,2486,for-loop-index,Numeric,0.0025,0,True,8,469,229,"[LoadStart-Num(14,2,0),Add-Num(14,13,9),Close(7,4,2),SubmitNum-Num(9,3,2),Add-Num(9,2,9),TestNumGreater-Num(1,9,14),IfNot-Num(14,5,7),TestNumGreater-Num(2,2,7)]"
PROBLEM_for-loop-index__ARGS_NUM__MUT_0025,2487,for-loop-index,Numeric,0.0025,0,False,NONE,NONE,NONE,"NONE"
PROBLEM_for-loop-index__ARGS_NUM__MUT_0025,2488,for-loop-index,Numeric,0.0025,0,False,NONE,NONE,NONE,"NONE"
PROBLEM_for-loop-index__ARGS_NUM__MUT_0025,2489,for-loop-index,Numeric,0.0025,0,False,NONE,NONE,NONE,"NONE"
PROBLEM_for-loop-index__ARGS_NUM__MUT_0025,2490,for-loop-index,Numeric,0.0025,0,False,NONE,NONE,NONE,"NONE"
PROBLEM_for-loop-index__ARGS_NUM__MUT_0025,2491,for-loop-index,Numeric,0.0025,0,True,9,456,430,"[LoadStep-Num(9,4,12),Sub-Num(0,14,6),LoadEnd-Num(11,15,7),While-Num(2,10,15),SubmitNum-Num(6,6,1),Add-Num(9,6,10),SwapMem-Num(6,10,2),TestNumGreaterTEqu-Num(6,11,4),While-Num(4,11,6)]"
PROBLEM_for-loop-index__ARGS_NUM__MUT_0025,2492,for-loop-index,Numeric,0.0025,0,True,83,500,496,"[Not-Num(10,4,1),Inc-Num(10,12,4),Set-13-Num(8,13,2),Set-10-Num(13,15,13),Set-14-Num(7,7,8),TestNumEqu-Num(6,5,11),LoadEnd-Num(7,1,9),Set-13-Num(0,4,7),TestNumNEqu-Num(11,7,0),Sub-Num(3,2,9),Mult-Num(10,6,3),Dec-Num(7,1,14),Set-6-Num(0,4,15),Set-15-Num(15,9,11),Floor-Num(8,1,4),LoadStep-Num(8,4,0),CopyMem-Num(14,14,4),Set-4-Num(11,14,9),TestNumLessTEqu-Num(1,14,10),Sub-Num(7,8,9),Set-3-Num(6,12,2),If-Num(7,4,6),Set-8-Num(2,10,0),Set-1-Num(14,1,1),Set-8-Num(13,0,5),Floor-Num(8,11,11),Close(1,10,10),Break(9,11,0),Set-4-Num(13,0,5),Set-12-Num(2,13,11),Set-11-Num(13,0,4),If-Num(4,11,9),Set-14-Num(3,1,12),Set-3-Num(7,3,3),Set-14-Num(7,0,8),TestNumNEqu-Num(5,7,8),Mod-Num(10,1,9),Close(1,7,10),Set-0-Num(4,2,3),TestNumEqu-Num(6,7,11),Set-5-Num(6,12,10),LoadStep-Num(12,8,5),Break(5,7,13),Set-10-Num(1,11,8),TestNumNEqu-Num(12,1,11),Close(2,9,11),Set-7-Num(11,8,5),Floor-Num(8,8,9),Set-6-Num(14,6,4),Set-6-Num(14,8,13),Sub-Num(11,5,7),CopyMem-Num(9,6,0),Mod-Num(0,2,1),Set-8-Num(7,11,4),TestNumEqu-Num(15,2,3),LoadStart-Num(1,2,11),TestNumNEqu-Num(5,8,15),Set-9-Num(14,6,4),Countdown-Num(8,6,0),Countdown-Num(15,8,11),IfNot-Num(2,10,4),Set-0-Num(13,0,5),Set-7-Num(7,0,2),Mult-Num(11,6,12),LoadEnd-Num(12,11,13),Set-2-Num(14,12,2),Set-2-Num(3,0,5),Set-10-Num(8,13,12),Set-1-Num(13,0,10),Set-0-Num(1,3,14),Set-2-Num(8,2,6),TestNumLessTEqu-Num(14,11,10),Set-7-Num(5,5,15),TestNumLessTEqu-Num(4,0,14),Close(1,4,10),Close(1,12,15),While-Num(12,8,10),Set-2-Num(10,10,8),Sub-Num(1,15,14),Sub-Num(15,8,15),SubmitNum-Num(14,11,2),TestNumLessTEqu-Num(14,6,12),Dec-Num(15,8,7)]"
PROBLEM_for-loop-index__ARGS_NUM__MUT_0025,2493,for-loop-index,Numeric,0.0025,0,True,12,438,409,"[Set-4-Num(3,9,13),Sub-Num(3,2,5),TestNumGreaterTEqu-Num(13,7,14),Countdown-Num(14,7,4),SubmitNum-Num(0,3,8),Inc-Num(0,1,15),Inc-Num(0,3,15),LoadEnd-Num(2,4,10),Sub-Num(0,5,0),Inc-Num(0,1,15),Inc-Num(0,8,15),TestNumLess-Num(0,2,14)]"
PROBLEM_for-loop-index__ARGS_NUM__MUT_0025,2494,for-loop-index,Numeric,0.0025,0,True,9,373,68,"[Sub-Num(0,8,14),While-Num(2,3,13),Add-Num(3,14,1),LoadEnd-Num(8,6,1),Add-Num(2,14,14),TestNumLess-Num(14,8,13),SubmitNum-Num(1,0,13),IfNot-Num(13,5,0),Return(4,12,14)]"
PROBLEM_for-loop-index__ARGS_NUM__MUT_0025,2495,for-loop-index,Numeric,0.0025,0,False,NONE,NONE,NONE,"NONE"
PROBLEM_for-loop-index__ARGS_NUM__MUT_0025,2496,for-loop-index,Numeric,0.0025,0,False,NONE,NONE,NONE,"NONE"
PROBLEM_for-loop-index__ARGS_NUM__MUT_0025,2497,for-loop-index,Numeric,0.0025,0,True,8,275,167,"[Add-Num(6,0,3),Countdown-Num(2,8,2),SwapMem-Num(3,0,0),LoadStep-Num(1,14,15),Add-Num(1,0,3),LoadEnd-Num(5,1,12),TestNumGreater-Num(5,3,2),SubmitNum-Num(0,2,9)]"
PROBLEM_for-loop-index__ARGS_NUM__MUT_0025,2498,for-loop-index,Numeric,0.0025,0,False,NONE,NONE,NONE,"NONE"
PROBLEM_for-loop-index__ARGS_NUM__MUT_0025,2499,for-loop-index,Numeric,0.0025,0,False,NONE,NONE,NONE,"NONE"
PROBLEM_for-loop-index__ARGS_NUM__MUT_0025,2500,for-loop-index,Numeric,0.0025,0,True,8,493,172,"[LoadStart-Num(9,2,4),While-Num(2,14,2),SubmitNum-Num(9,2,3),Add-Num(2,9,9),Add-Num(8,9,12),TestNumLess-Num(12,1,13),IfNot-Num(13,12,5),While-Num(2,3,11)]"
PROBLEM_for-loop-index__ARGS_NUM__MUT_005,2401,for-loop-index,Numeric,0.005,0,False,NONE,NONE,NONE,"NONE"
PROBLEM_for-loop-index__ARGS_NUM__MUT_005,2402,for-loop-index,Numeric,0.005,0,False,NONE,NONE,NONE,"NONE"
PROBLEM_for-loop-index__ARGS_NUM__MUT_005,2403,for-loop-index,Numeric,0.005,0,False,NONE,NONE,NONE,"NONE"
PROBLEM_for-loop-index__ARGS_NUM__MUT_005,2404,for-loop-index,Numeric,0.005,0,True,8,267,70,"[Dec-Num(7,0,0),LoadStep-Num(15,7,4),Add-Num(0,3,5),Countdown-Num(7,2,15),SubmitNum-Num(5,6,0),Add-Num(5,15,5),TestNumLessTEqu-Num(1,5,2),While-Num(2,9,9)]"
PROBLEM_for-loop-index__ARGS_NUM__MUT_005,2405,for-loop-index,Numeric,0.005,0,False,NONE,NONE,NONE,"NONE"
PROBLEM_for-loop-index__ARGS_NUM__MUT_005,2406,for-loop-index,Numeric,0.005,0,False,NONE,NONE,NONE,"NONE"
PROBLEM_for-loop-index__ARGS_NUM__MUT_005,2407,for-loop-index,Numeric,0.005,0,True,16,496,475,"[LoadEnd-Num(9,6,7),SwapMem-Num(9,13,9),LoadStart-Num(3,10,14),Sub-Num(3,13,15),Dec-Num(13,7,9),SubmitNum-Num(3,0,3),LoadStep-Num(11,1,0),LoadStart-Num(8,14,6),While-Num(15,0,0),Sub-Num(4,11,3),Sub-Num(8,3,3),TestNumLess-Num(13,3,2),Sub-Num(4,11,10),IfNot-Num(2,0,3),SubmitNum-Num(3,4,12),Add-Num(10,7,4)]"
PROBLEM_for-loop-index__ARGS_NUM__MUT_005,2408,for-loop-index,Numeric,0.005,0,True,15,454,429,"[CopyMem-Num(0,10,1),LoadStep-Num(1,2,9),SubmitNum-Num(0,9,11),SwapMem-Num(1,5,14),LoadEnd-Num(11,3,9),Not-Num(12,6,10),Countdown-Num(5,5,10),Dec-Num(11,0,0),Close(1,3,15),Countdown-Num(12,4,5),Set-7-Num(12,7,1),TestNumLessTEqu-Num(11,10,8),IfNot-Num(8,1,8),Add-Num(10,2,10),SubmitNum-Num(10,4,4)]"
PROBLEM_for-loop-index__ARGS_NUM__MUT_005,2409,for-loop-index,Numeric,0.005,0,False,NONE,NONE,NONE,"NONE"
PROBLEM_for-loop-index__ARGS_NUM__MUT_005,2410,for-loop-index,Numeric,0.005,0,True,7,313,132,"[While-Num(2,10,4),Sub-Num(1,0,14),SubmitNum-Num(0,5,3),Add-Num(2,0,0),TestNumGreaterTEqu-Num(2,14,7),Countdown-Num(7,7,10),While-Num(14,8,9)]"
PROBLEM_for-loop-index__ARGS_NUM__MUT_005,2411,for-loop-index,Numeric,0.005,0,False,NONE,NONE,NONE,"NONE"
PROBLEM_for-loop-index__ARGS_NUM__MUT_005,2412,for-loop-index,Numeric,0.005,0,True,8,435,221,"[LoadStart-Num(1,1,8),LoadEnd-Num(10,11,15),Close(8,10,4),SubmitNum-Num(1,15,8),Add-Num(2,1,1),TestNumGreater-Num(10,1,5),IfNot-Num(5,8,6),Mult-Num(12,15,3)]"
PROBLEM_for-loop-index__ARGS_NUM__MUT_005,2413,for-loop-index,Numeric,0.005,0,True,8,459,335,"[Not-Num(3,12,2),LoadStart-Num(14,4,1),LoadEnd-Num(10,11,9),While-Num(3,12,13),CopyMem-Num(14,3,5),SubmitNum-Num(3,6,7),Add-Num(14,2,14),TestNumGreater-Num(10,14,3)]"
PROBLEM_for-loop-index__ARGS_NUM__MUT_005,2414,for-loop-index,Numeric,0.005,0,True,9,314,127,"[LoadStep-Num(5,11,0),Add-Num(5,0,4),SubmitNum-Num(0,10,2),Close(14,4,5),TestNumLess-Num(4,1,12),Add-Num(4,11,0),Countdown-Num(12,8,11),Add-Num(5,0,4),SubmitNum-Num(0,1,14)]"
PROBLEM_for-loop-index__ARGS_NUM__MUT_005,2415,for-loop-index,Numeric,0.005,0,False,NONE,NONE,NONE,"NONE"
PROBLEM_for-loop-index__ARGS_NUM__MUT_005,2416,for-loop-index,Numeric,0.005,0,False,NONE,NONE,NONE,"NONE"
PROBLEM_for-loop-index__ARGS_NUM__MUT_005,2417,for-loop-index,Numeric,0.005,0,False,NONE,NONE,NONE,"NONE"
PROBLEM_for-loop-index__ARGS_NUM__MUT_005,2418,for-loop-index,Numeric,0.005,0,False,NONE,NONE,NONE,"NONE"
PROBLEM_for-loop-index__ARGS_NUM__MUT_005,2419,for-loop-index,Numeric,0.005,0,True,11,486,303,"[Add-Num(0,13,9),Dec-Num(1,1,11),SubmitNum-Num(0,13,10),Close(13,11,3),Add-Num(9,2,9),TestNumGreater-Num(9,1,7),While-Num(7,5,12),Close(6,7,14),SubmitNum-Num(9,1,5),Countdown-Num(11,2,9),TestNumLess-Num(1,6,1)]"
PROBLEM_for-loop-index__ARGS_NUM__MUT_005,2420,for-loop-index,Numeric,0.005,0,True,16,452,399,"[CopyMem-Num(0,5,11),LoadStep-Num(10,5,7),Add-Num(5,10,13),LoadStep-Num(1,11,5),LoadEnd-Num(11,8,9),LoadEnd-Num(0,6,14),TestNumGreaterTEqu-Num(13,11,2),Dec-Num(0,7,4),Add-Num(2,5,12),SubmitNum-Num(5,15,3),Sub-Num(0,1,11),Not-Num(2,11,15),Countdown-Num(2,8,8),Add-Num(1,12,12),SubmitNum-Num(12,6,3),TestNumGreaterTEqu-Num(11,12,2)]"
PROBLEM_for-loop-index__ARGS_NUM__MUT_005,2421,for-loop-index,Numeric,0.005,0,True,10,494,298,"[SubmitNum-Num(0,1,4),Close(4,2,6),LoadStep-Num(5,13,6),Add-Num(5,0,3),TestNumLessTEqu-Num(1,3,7),IfNot-Num(7,1,3),Add-Num(0,5,11),SubmitNum-Num(11,0,9),SwapMem-Num(0,11,3),Break(4,7,14)]"
PROBLEM_for-loop-index__ARGS_NUM__MUT_005,2422,for-loop-index,Numeric,0.005,0,False,NONE,NONE,NONE,"NONE"
PROBLEM_for-loop-index__ARGS_NUM__MUT_005,2423,for-loop-index,Numeric,0.005,0,True,15,455,438,"[LoadStart-Num(8,3,11),Add-Num(6,8,14),LoadStep-Num(9,10,1),Sub-Num(1,9,12),Dec-Num(12,14,0),Close(7,1,8),Add-Num(9,14,2),Set-6-Num(5,11,14),TestNumLess-Num(12,14,6),Set-11-Num(1,3,14),Mod-Num(6,5,0),SwapMem-Num(2,14,8),SubmitNum-Num(2,11,7),Countdown-Num(1,4,7),Mult-Num(0,9,1)]"
PROBLEM_for-loop-index__ARGS_NUM__MUT_005,2424,for-loop-index,Numeric,0.005,0,True,10,450,332,"[Set-1-Num(10,10,1),LoadStart-Num(14,11,1),LoadStep-Num(11,10,6),While-Num(10,0,0),Add-Num(14,15,14),Add-Num(14,3,4),SubmitNum-Num(14,8,1),Add-Num(4,11,5),TestNumLess-Num(5,1,10),LoadStep-Num(15,4,6)]"
PROBLEM_for-loop-index__ARGS_NUM__MUT_005,2425,for-loop-index,Numeric,0.005,0,False,NONE,NONE,NONE,"NONE"
PROBLEM_for-loop-index__ARGS_NUM__MUT_005,2426,for-loop-index,Numeric,0.005,0,False,NONE,NONE,NONE,"NONE"
PROBLEM_for-loop-index__ARGS_NUM__MUT_005,2427,for-loop-index,Numeric,0.005,0,True,10,129,112,"[Set-13-Num(11,3,12),LoadEnd-Num(5,9,0),LoadStep-Num(1,7,5),Countdown-Num(11,0,9),Inc-Num(1,6,6),Add-Num(1,0,12),SubmitNum-Num(0,11,9),LoadStep-Num(1,7,5),TestNumGreaterTEqu-Num(5,12,11),Add-Num(1,0,0)]"
PROBLEM_for-loop-index__ARGS_NUM__MUT_005,2428,for-loop-index,Numeric,0.005,0,False,NONE,NONE,NONE,"NONE"
PROBLEM_for-loop-index__ARGS_NUM__MUT_005,2429,for-loop-index,Numeric,0.005,0,False,NONE,NONE,NONE,"NONE"
PROBLEM_for-loop-index__ARGS_NUM__MUT_005,2430,for-loop-index,Numeric,0.005,0,False,NONE,NONE,NONE,"NONE"
PROBLEM_for-loop-index__ARGS_NUM__MUT_005,2431,for-loop-index,Numeric,0.005,0,True,11,437,283,"[Dec-Num(12,0,11),SwapMem-Num(0,3,4),Countdown-Num(12,15,1),Add-Num(2,3,15),SubmitNum-Num(3,11,12),SwapMem-Num(6,15,8),TestNumGreaterTEqu-Num(6,1,9),Countdown-Num(9,15,0),Return(11,13,2),Close(12,7,1),SwapMem-Num(6,3,15)]"
PROBLEM_for-loop-index__ARGS_NUM__MUT_005,2432,for-loop-index,Numeric,0.005,0,False,NONE,NONE,NONE,"NONE"
PROBLEM_for-loop-index__ARGS_NUM__MUT_005,2433,for-loop-index,Numeric,0.005,0,True,11,466,396,"[LoadStart-Num(5,9,10),Set-3-Num(3,7,3),LoadStep-Num(4,12,13),SwapMem-Num(3,5,11),While-Num(5,6,12),Add-Num(11,3,9),SubmitNum-Num(3,2,11),Add-Num(9,4,3),TestNumGreaterTEqu-Num(3,1,15),Countdown-Num(15,2,11),Return(10,9,0)]"
PROBLEM_for-loop-index__ARGS_NUM__MUT_005,2434,for-loop-index,Numeric,0.005,0,True,5,307,194,"[Inc-Num(7,10,8),While-Num(7,10,10),SubmitNum-Num(0,6,8),Add-Num(0,2,0),TestNumGreater-Num(1,0,7)]"
PROBLEM_for-loop-index__ARGS_NUM__MUT_005,2435,for-loop-index,Numeric,0.005,0,False,NONE,NONE,NONE,"NONE"
PROBLEM_for-loop-index__ARGS_NUM__MUT_005,2436,for-loop-index,Numeric,0.005,0,False,NONE,NONE,NONE,"NONE"
PROBLEM_for-loop-index__ARGS_NUM__MUT_005,2437,for-loop-index,Numeric,0.005,0,False,NONE,NONE,NONE,"NONE"
PROBLEM_for-loop-index__ARGS_NUM__MUT_005,2438,for-loop-index,Numeric,0.005,0,False,NONE,NONE,NONE,"NONE"
PROBLEM_for-loop-index__ARGS_NUM__MUT_005,2439,for-loop-index,Numeric,0.005,0,False,NONE,NONE,NONE,"NONE"
PROBLEM_for-loop-index__ARGS_NUM__MUT_005,2440,for-loop-index,Numeric,0.005,0,True,13,499,478,"[SubmitNum-Num(0,0,7),LoadStep-Num(5,9,0),Set-4-Num(12,14,15),Add-Num(5,0,13),TestNumLessTEqu-Num(1,13,7),Dec-Num(1,1,2),While-Num(12,0,10),If-Num(7,0,7),Return(13,11,4),Close(7,8,3),SubmitNum-Num(13,9,10),Add-Num(13,5,13),TestNumGreaterTEqu-Num(1,13,12)]"
PROBLEM_for-loop-index__ARGS_NUM__MUT_005,2441,for-loop-index,Numeric,0.005,0,True,8,452,330,"[Close(3,0,12),SubmitNum-Num(0,0,10),Add-Num(15,0,6),LoadEnd-Num(14,2,9),Add-Num(6,2,0),TestNumLess-Num(0,14,1),IfNot-Num(1,5,4),Return(11,11,14)]"
PROBLEM_for-loop-index__ARGS_NUM__MUT_005,2442,for-loop-index,Numeric,0.005,0,False,NONE,NONE,NONE,"NONE"
PROBLEM_for-loop-index__ARGS_NUM__MUT_005,2443,for-loop-index,Numeric,0.005,0,False,NONE,NONE,NONE,"NONE"
PROBLEM_for-loop-index__ARGS_NUM__MUT_005,2444,for-loop-index,Numeric,0.005,0,False,NONE,NONE,NONE,"NONE"
PROBLEM_for-loop-index__ARGS_NUM__MUT_005,2445,for-loop-index,Numeric,0.005,0,True,69,500,487,"[Set-2-Num(4,14,12),Div-Num(7,7,5),Set-11-Num(13,0,1),CopyMem-Num(4,14,6),CopyMem-Num(1,5,2),LoadStart-Num(7,14,9),Mult-Num(14,12,15),TestNumLess-Num(3,10,14),LoadStart-Num(10,2,14),Set-7-Num(12,1,15),LoadStart-Num(14,2,3),Set-6-Num(15,8,13),CopyMem-Num(8,11,14),Set-8-Num(11,14,4),Set-9-Num(2,9,6),CopyMem-Num(4,0,9),LoadStart-Num(13,2,9),LoadStep-Num(6,12,15),Div-Num(6,3,8),Not-Num(12,14,5),Set-13-Num(9,13,12),CopyMem-Num(6,9,4),Break(11,12,12),SubmitNum-Num(13,9,13),Floor-Num(9,15,10),LoadEnd-Num(5,14,7),Add-Num(13,9,7),Set-1-Num(0,2,11),TestNumGreaterTEqu-Num(7,1,2),Set-14-Num(8,7,5),While-Num(4,12,11),Inc-Num(0,3,4),SwapMem-Num(5,0,13),Countdown-Num(2,2,11),While-Num(15,7,8),Close(10,10,6),Add-Num(6,13,13),Add-Num(5,13,11),Mod-Num(4,15,8),SubmitNum-Num(13,9,13),TestNumGreaterTEqu-Num(1,11,2),Mult-Num(14,15,4),Close(1,12,0),Not-Num(15,15,9),LoadStep-Num(3,1,15),If-Num(4,0,1),Add-Num(2,14,10),Countdown-Num(15,1,14),Div-Num(4,2,2),Mult-Num(3,8,2),TestNumLess-Num(6,14,7),Break(3,14,2),TestNumNEqu-Num(11,7,9),Set-14-Num(15,12,14),Set-2-Num(1,0,10),CopyMem-Num(7,1,11),Close(2,2,2),LoadStep-Num(4,8,8),If-Num(5,0,3),TestNumLessTEqu-Num(10,2,9),Close(0,14,2),LoadEnd-Num(1,9,8),LoadStep-Num(0,1,15),Set-11-Num(5,7,6),IfNot-Num(4,2,13),Set-13-Num(1,13,11),Set-6-Num(10,0,12),Set-0-Num(7,11,1),If-Num(1,2,10)]"
PROBLEM_for-loop-index__ARGS_NUM__MUT_005,2446,for-loop-index,Numeric,0.005,0,True,11,391,242,"[SubmitNum-Num(0,8,14),Add-Num(0,15,3),LoadEnd-Num(15,8,6),TestNumLessTEqu-Num(7,2,13),Dec-Num(15,7,6),Countdown-Num(13,13,14),Add-Num(2,3,3),TestNumLessTEqu-Num(3,15,13),Sub-Num(13,5,11),Countdown-Num(11,12,15),SubmitNum-Num(3,10,13)]"
PROBLEM_for-loop-index__ARGS_NUM__MUT_005,2447,for-loop-index,Numeric,0.005,0,False,NONE,NONE,NONE,"NONE"
PROBLEM_for-loop-index__ARGS_NUM__MUT_005,2448,for-loop-index,Numeric,0.005,0,True,6,171,106,"[SubmitNum-Num(0,9,2),While-Num(2,4,15),Add-Num(2,0,0),TestNumLess-Num(0,1,7),Countdown-Num(7,7,15),SubmitNum-Num(0,14,10)]"
PROBLEM_for-loop-index__ARGS_NUM__MUT_005,2449,for-loop-index,Numeric,0.005,0,True,9,180,146,"[Set-4-Num(9,9,6),LoadStart-Num(4,1,9),Dec-Num(1,6,2),While-Num(9,14,8),CopyMem-Num(4,0,10),Add-Num(2,4,4),SwapMem-Num(12,0,7),TestNumLessTEqu-Num(4,1,9),SubmitNum-Num(12,3,6)]"
PROBLEM_for-loop-index__ARGS_NUM__MUT_005,2450,for-loop-index,Numeric,0.005,0,False,NONE,NONE,NONE,"NONE"
PROBLEM_for-loop-index__ARGS_NUM__MUT_0075,2351,for-loop-index,Numeric,0.0075,0,False,NONE,NONE,NONE,"NONE"
PROBLEM_for-loop-index__ARGS_NUM__MUT_0075,2352,for-loop-index,Numeric,0.0075,0,False,NONE,NONE,NONE,"NONE"
PROBLEM_for-loop-index__ARGS_NUM__MUT_0075,2353,for-loop-index,Numeric,0.0075,0,True,7,437,280,"[Set-9-Num(8,13,8),SwapMem-Num(6,0,12),While-Num(8,6,8),Add-Num(6,2,15),SubmitNum-Num(6,6,15),TestNumLess-Num(15,1,8),CopyMem-Num(15,6,9)]"
PROBLEM_for-loop-index__ARGS_NUM__MUT_0075,2354,for-loop-index,Numeric,0.0075,0,False,NONE,NONE,NONE,"NONE"
PROBLEM_for-loop-index__ARGS_NUM__MUT_0075,2355,for-loop-index,Numeric,0.0075,0,False,NONE,NONE,NONE,"NONE"
PROBLEM_for-loop-index__ARGS_NUM__MUT_0075,2356,for-loop-index,Numeric,0.0075,0,True,10,118,79,"[Dec-Num(1,2,5),LoadStart-Num(15,5,1),LoadStep-Num(11,15,13),SubmitNum-Num(15,10,1),Countdown-Num(2,12,15),Add-Num(15,11,15),TestNumLessTEqu-Num(14,5,2),TestNumLessTEqu-Num(15,1,12),If-Num(12,8,5),SubmitNum-Num(15,14,10)]"
PROBLEM_for-loop-index__ARGS_NUM__MUT_0075,2357,for-loop-index,Numeric,0.0075,0,True,13,389,255,"[SubmitNum-Num(0,3,10),CopyMem-Num(1,7,10),Set-2-Num(1,7,3),LoadStep-Num(13,0,8),Mult-Num(1,13,5),SwapMem-Num(10,0,6),Sub-Num(7,13,13),TestNumGreater-Num(13,10,4),Countdown-Num(4,1,5),Sub-Num(7,5,13),TestNumGreater-Num(13,10,4),Add-Num(10,2,10),SubmitNum-Num(10,15,0)]"
PROBLEM_for-loop-index__ARGS_NUM__MUT_0075,2358,for-loop-index,Numeric,0.0075,0,True,7,400,174,"[Set-1-Num(10,1,3),While-Num(10,12,1),Mult-Num(10,0,6),SubmitNum-Num(6,12,12),Add-Num(2,6,0),TestNumGreaterTEqu-Num(0,1,13),While-Num(13,5,9)]"
PROBLEM_for-loop-index__ARGS_NUM__MUT_0075,2359,for-loop-index,Numeric,0.0075,0,True,10,213,204,"[TestNumLessTEqu-Num(8,13,7),Sub-Num(1,7,2),Set-14-Num(14,6,11),While-Num(14,7,4),CopyMem-Num(0,5,4),TestNumLess-Num(2,0,7),IfNot-Num(7,15,0),LoadStep-Num(13,7,12),Add-Num(13,0,0),SubmitNum-Num(5,3,4)]"
PROBLEM_for-loop-index__ARGS_NUM__MUT_0075,2360,for-loop-index,Numeric,0.0075,0,True,12,191,173,"[Set-4-Num(9,0,13),TestNumLess-Num(14,5,2),LoadEnd-Num(5,9,8),Dec-Num(5,1,13),Countdown-Num(9,0,7),LoadStep-Num(11,4,11),CopyMem-Num(11,10,14),Add-Num(0,2,4),Add-Num(10,4,12),SubmitNum-Num(4,14,1),TestNumLessTEqu-Num(12,5,9),Add-Num(2,10,2)]"
PROBLEM_for-loop-index__ARGS_NUM__MUT_0075,2361,for-loop-index,Numeric,0.0075,0,False,NONE,NONE,NONE,"NONE"
PROBLEM_for-loop-index__ARGS_NUM__MUT_0075,2362,for-loop-index,Numeric,0.0075,0,True,7,374,231,"[TestNumEqu-Num(14,9,1),While-Num(1,5,14),Add-Num(12,0,5),LoadEnd-Num(4,5,15),Add-Num(2,5,0),SubmitNum-Num(5,14,11),TestNumGreater-Num(4,0,1)]"
PROBLEM_for-loop-index__ARGS_NUM__MUT_0075,2363,for-loop-index,Numeric,0.0075,0,True,9,423,208,"[SubmitNum-Num(0,3,6),Dec-Num(1,9,13),While-Num(2,2,0),Add-Num(2,0,4),SwapMem-Num(4,5,2),Sub-Num(5,9,0),TestNumLessTEqu-Num(0,1,11),If-Num(11,15,14),SubmitNum-Num(5,7,9)]"
PROBLEM_for-loop-index__ARGS_NUM__MUT_0075,2364,for-loop-index,Numeric,0.0075,0,True,7,358,105,"[Close(15,12,9),SubmitNum-Num(0,7,7),LoadStep-Num(5,10,11),While-Num(5,4,13),Add-Num(5,0,0),TestNumGreaterTEqu-Num(0,1,2),SwapMem-Num(2,5,12)]"
PROBLEM_for-loop-index__ARGS_NUM__MUT_0075,2365,for-loop-index,Numeric,0.0075,0,True,5,379,213,"[LoadStep-Num(3,2,6),Countdown-Num(2,1,10),SubmitNum-Num(0,1,2),Add-Num(0,3,0),TestNumGreater-Num(1,0,2)]"
PROBLEM_for-loop-index__ARGS_NUM__MUT_0075,2366,for-loop-index,Numeric,0.0075,0,True,7,351,140,"[SubmitNum-Num(0,8,3),LoadStart-Num(9,14,13),While-Num(2,13,2),Add-Num(2,9,9),TestNumGreater-Num(1,9,3),If-Num(3,13,13),SubmitNum-Num(9,12,4)]"
PROBLEM_for-loop-index__ARGS_NUM__MUT_0075,2367,for-loop-index,Numeric,0.0075,0,False,NONE,NONE,NONE,"NONE"
PROBLEM_for-loop-index__ARGS_NUM__MUT_0075,2368,for-loop-index,Numeric,0.0075,0,True,7,417,300,"[Set-2-Num(3,2,2),Sub-Num(1,8,4),While-Num(3,4,5),SubmitNum-Num(0,10,5),Add-Num(0,2,1),TestNumLess-Num(1,4,3),SwapMem-Num(1,0,14)]"
PROBLEM_for-loop-index__ARGS_NUM__MUT_0075,2369,for-loop-index,Numeric,0.0075,0,True,13,495,388,"[LoadEnd-Num(3,1,15),Add-Num(0,15,12),Dec-Num(6,5,5),LoadStep-Num(7,1,14),Countdown-Num(6,10,2),SubmitNum-Num(12,9,13),CopyMem-Num(3,5,13),TestNumLess-Num(12,5,6),LoadStep-Num(8,13,7),Add-Num(12,8,12),Countdown-Num(7,11,10),Dec-Num(3,0,7),TestNumLess-Num(0,3,6)]"
PROBLEM_for-loop-index__ARGS_NUM__MUT_0075,2370,for-loop-index,Numeric,0.0075,0,True,14,364,299,"[SubmitNum-Num(0,1,9),LoadStart-Num(9,11,1),Close(10,1,10),Sub-Num(11,2,5),Add-Num(1,5,11),TestNumGreater-Num(11,9,6),LoadStep-Num(1,13,13),IfNot-Num(6,1,0),Return(0,4,3),Close(7,12,6),Add-Num(1,9,9),SubmitNum-Num(9,9,15),If-Num(3,13,2),Set-12-Num(13,1,15)]"
PROBLEM_for-loop-index__ARGS_NUM__MUT_0075,2371,for-loop-index,Numeric,0.0075,0,True,14,458,185,"[LoadStep-Num(3,14,4),SubmitNum-Num(0,13,10),LoadEnd-Num(7,5,2),Dec-Num(7,9,8),Sub-Num(0,6,2),While-Num(3,14,7),If-Num(4,9,12),Add-Num(2,3,12),CopyMem-Num(12,2,13),SubmitNum-Num(12,6,7),Close(13,2,14),Sub-Num(2,13,11),Add-Num(3,11,1),TestNumLessTEqu-Num(1,7,4)]"
PROBLEM_for-loop-index__ARGS_NUM__MUT_0075,2372,for-loop-index,Numeric,0.0075,0,True,6,328,320,"[Close(2,11,2),TestNumGreaterTEqu-Num(1,1,14),SubmitNum-Num(0,12,9),Add-Num(0,2,0),While-Num(14,1,5),TestNumLessTEqu-Num(1,0,14)]"
PROBLEM_for-loop-index__ARGS_NUM__MUT_0075,2373,for-loop-index,Numeric,0.0075,0,False,NONE,NONE,NONE,"NONE"
PROBLEM_for-loop-index__ARGS_NUM__MUT_0075,2374,for-loop-index,Numeric,0.0075,0,True,11,458,245,"[SwapMem-Num(8,2,8),Close(9,15,4),Add-Num(0,15,14),Add-Num(14,8,0),Set-14-Num(5,11,7),Mod-Num(8,5,15),TestNumLess-Num(0,1,6),Sub-Num(14,3,0),SubmitNum-Num(0,6,5),IfNot-Num(6,11,9),Set-0-Num(6,4,15)]"
PROBLEM_for-loop-index__ARGS_NUM__MUT_0075,2375,for-loop-index,Numeric,0.0075,0,True,14,498,493,"[Div-Num(4,2,2),LoadStep-Num(10,13,11),Inc-Num(7,7,6),Countdown-Num(7,15,2),Add-Num(0,2,1),Add-Num(2,10,2),SubmitNum-Num(1,0,13),TestNumGreaterTEqu-Num(14,5,13),LoadEnd-Num(4,2,13),While-Num(13,1,0),Add-Num(0,2,1),CopyMem-Num(1,9,12),TestNumGreaterTEqu-Num(9,4,13),TestNumLessTEqu-Num(11,15,7)]"
PROBLEM_for-loop-index__ARGS_NUM__MUT_0075,2376,for-loop-index,Numeric,0.0075,0,False,NONE,NONE,NONE,"NONE"
PROBLEM_for-loop-index__ARGS_NUM__MUT_0075,2377,for-loop-index,Numeric,0.0075,0,False,NONE,NONE,NONE,"NONE"
PROBLEM_for-loop-index__ARGS_NUM__MUT_0075,2378,for-loop-index,Numeric,0.0075,0,False,NONE,NONE,NONE,"NONE"
PROBLEM_for-loop-index__ARGS_NUM__MUT_0075,2379,for-loop-index,Numeric,0.0075,0,True,8,304,219,"[SubmitNum-Num(0,13,0),LoadStart-Num(2,2,13),LoadStep-Num(7,4,4),While-Num(7,13,3),Add-Num(2,7,2),TestNumGreater-Num(1,2,11),If-Num(11,12,6),SubmitNum-Num(2,14,12)]"
PROBLEM_for-loop-index__ARGS_NUM__MUT_0075,2380,for-loop-index,Numeric,0.0075,0,False,NONE,NONE,NONE,"NONE"
PROBLEM_for-loop-index__ARGS_NUM__MUT_0075,2381,for-loop-index,Numeric,0.0075,0,False,NONE,NONE,NONE,"NONE"
PROBLEM_for-loop-index__ARGS_NUM__MUT_0075,2382,for-loop-index,Numeric,0.0075,0,True,10,410,401,"[LoadStep-Num(9,3,2),Close(13,9,6),Sub-Num(1,9,3),SubmitNum-Num(0,13,12),Countdown-Num(3,2,4),TestNumLessTEqu-Num(0,3,2),Countdown-Num(2,7,3),Add-Num(0,9,0),If-Num(6,5,15),LoadEnd-Num(14,11,12)]"
PROBLEM_for-loop-index__ARGS_NUM__MUT_0075,2383,for-loop-index,Numeric,0.0075,0,False,NONE,NONE,NONE,"NONE"
PROBLEM_for-loop-index__ARGS_NUM__MUT_0075,2384,for-loop-index,Numeric,0.0075,0,True,25,493,408,"[SubmitNum-Num(0,13,10),Close(9,12,12),LoadStart-Num(9,11,9),Dec-Num(4,14,2),Break(1,8,8),SwapMem-Num(3,2,10),Not-Num(15,0,0),Set-4-Num(4,6,15),Set-7-Num(13,3,14),LoadStep-Num(5,10,10),Set-6-Num(14,4,12),Add-Num(15,9,2),Sub-Num(1,5,1),TestNumGreater-Num(2,1,7),IfNot-Num(7,2,12),Countdown-Num(1,0,3),While-Num(13,8,0),Sub-Num(14,4,12),Add-Num(3,9,2),TestNumGreater-Num(2,1,7),SubmitNum-Num(2,8,12),If-Num(13,4,12),Mult-Num(5,12,3),If-Num(7,0,5),Not-Num(13,12,15)]"
PROBLEM_for-loop-index__ARGS_NUM__MUT_0075,2385,for-loop-index,Numeric,0.0075,0,True,9,375,248,"[SubmitNum-Num(0,3,1),Not-Num(15,9,6),Countdown-Num(15,12,6),Add-Num(0,2,4),TestNumLessTEqu-Num(1,4,10),CopyMem-Num(4,0,3),Not-Num(15,9,2),IfNot-Num(10,15,5),SubmitNum-Num(4,10,4)]"
PROBLEM_for-loop-index__ARGS_NUM__MUT_0075,2386,for-loop-index,Numeric,0.0075,0,True,5,279,233,"[While-Num(2,14,11),TestNumGreater-Num(1,0,15),Countdown-Num(15,2,4),SubmitNum-Num(0,8,10),Add-Num(0,2,0)]"
PROBLEM_for-loop-index__ARGS_NUM__MUT_0075,2387,for-loop-index,Numeric,0.0075,0,True,11,478,293,"[Sub-Num(0,2,0),Add-Num(7,0,5),LoadStep-Num(6,9,6),While-Num(6,4,4),Sub-Num(5,1,10),Add-Num(5,6,5),Add-Num(10,6,10),TestNumLess-Num(10,15,10),While-Num(10,15,8),SubmitNum-Num(5,10,13),Break(14,15,13)]"
PROBLEM_for-loop-index__ARGS_NUM__MUT_0075,2388,for-loop-index,Numeric,0.0075,0,False,NONE,NONE,NONE,"NONE"
PROBLEM_for-loop-index__ARGS_NUM__MUT_0075,2389,for-loop-index,Numeric,0.0075,0,False,NONE,NONE,NONE,"NONE"
PROBLEM_for-loop-index__ARGS_NUM__MUT_0075,2390,for-loop-index,Numeric,0.0075,0,False,NONE,NONE,NONE,"NONE"
PROBLEM_for-loop-index__ARGS_NUM__MUT_0075,2391,for-loop-index,Numeric,0.0075,0,True,12,467,413,"[TestNumEqu-Num(13,14,15),Add-Num(15,2,9),Add-Num(0,6,11),While-Num(9,9,15),Countdown-Num(13,2,12),SubmitNum-Num(11,6,5),Set-2-Num(2,2,3),Sub-Num(9,2,0),Inc-Num(11,4,5),Add-Num(11,0,11),Close(9,3,13),TestNumLess-Num(11,1,13)]"
PROBLEM_for-loop-index__ARGS_NUM__MUT_0075,2392,for-loop-index,Numeric,0.0075,0,True,6,298,166,"[Set-3-Num(7,7,13),Countdown-Num(7,10,0),Add-Num(0,2,15),SubmitNum-Num(0,9,7),SwapMem-Num(0,15,9),TestNumGreater-Num(1,0,7)]"
PROBLEM_for-loop-index__ARGS_NUM__MUT_0075,2393,for-loop-index,Numeric,0.0075,0,True,8,445,316,"[Sub-Num(15,0,15),LoadStep-Num(0,10,10),Sub-Num(9,15,9),Countdown-Num(2,9,2),SubmitNum-Num(9,14,14),Sub-Num(6,0,15),Sub-Num(9,15,9),TestNumGreater-Num(1,9,2)]"
PROBLEM_for-loop-index__ARGS_NUM__MUT_0075,2394,for-loop-index,Numeric,0.0075,0,False,NONE,NONE,NONE,"NONE"
PROBLEM_for-loop-index__ARGS_NUM__MUT_0075,2395,for-loop-index,Numeric,0.0075,0,False,NONE,NONE,NONE,"NONE"
PROBLEM_for-loop-index__ARGS_NUM__MUT_0075,2396,for-loop-index,Numeric,0.0075,0,True,8,227,187,"[SubmitNum-Num(0,4,15),Dec-Num(1,11,4),SwapMem-Num(0,2,3),Close(9,8,2),Add-Num(2,0,2),TestNumLessTEqu-Num(2,1,5),Countdown-Num(5,14,13),SubmitNum-Num(2,11,7)]"
PROBLEM_for-loop-index__ARGS_NUM__MUT_0075,2397,for-loop-index,Numeric,0.0075,0,False,NONE,NONE,NONE,"NONE"
PROBLEM_for-loop-index__ARGS_NUM__MUT_0075,2398,for-loop-index,Numeric,0.0075,0,False,NONE,NONE,NONE,"NONE"
PROBLEM_for-loop-index__ARGS_NUM__MUT_0075,2399,for-loop-index,Numeric,0.0075,0,True,9,420,255,"[LoadStart-Num(6,8,13),SubmitNum-Num(6,14,8),Sub-Num(1,2,11),While-Num(11,8,6),TestNumLess-Num(6,11,7),If-Num(7,9,2),Add-Num(2,6,13),SubmitNum-Num(13,5,6),Sub-Num(13,14,6)]"
PROBLEM_for-loop-index__ARGS_NUM__MUT_0075,2400,for-loop-index,Numeric,0.0075,0,True,9,367,323,"[Add-Num(0,5,2),Close(1,1,6),LoadStep-Num(9,13,14),SubmitNum-Num(2,4,6),Add-Num(2,9,2),TestNumLess-Num(2,1,14),While-Num(14,6,11),Countdown-Num(8,3,5),Set-5-Num(0,14,8)]"
PROBLEM_for-loop-index__ARGS_NUM__MUT_01,2051,for-loop-index,Numeric,0.01,0,False,NONE,NONE,NONE,"NONE"
PROBLEM_for-loop-index__ARGS_NUM__MUT_01,2052,for-loop-index,Numeric,0.01,0,True,12,483,406,"[CopyMem-Num(0,10,7),SubmitNum-Num(0,12,9),LoadStep-Num(14,4,11),Close(0,2,7),Add-Num(14,10,2),TestNumLessTEqu-Num(1,2,4),While-Num(4,5,0),Close(8,13,7),SubmitNum-Num(2,1,3),Sub-Num(2,13,10),If-Num(13,3,13),TestNumGreater-Num(1,10,12)]"
PROBLEM_for-loop-index__ARGS_NUM__MUT_01,2053,for-loop-index,Numeric,0.01,0,True,5,275,177,"[Set-15-Num(15,14,12),While-Num(15,0,15),SubmitNum-Num(0,8,4),Add-Num(2,0,0),TestNumLess-Num(0,1,15)]"
PROBLEM_for-loop-index__ARGS_NUM__MUT_01,2054,for-loop-index,Numeric,0.01,0,True,8,499,400,"[Dec-Num(4,4,4),Add-Num(0,11,3),Countdown-Num(4,9,14),SubmitNum-Num(3,6,5),Add-Num(3,2,3),TestNumLessTEqu-Num(1,3,12),Countdown-Num(12,5,1),Return(6,5,8)]"
PROBLEM_for-loop-index__ARGS_NUM__MUT_01,2055,for-loop-index,Numeric,0.01,0,False,NONE,NONE,NONE,"NONE"
PROBLEM_for-loop-index__ARGS_NUM__MUT_01,2056,for-loop-index,Numeric,0.01,0,False,NONE,NONE,NONE,"NONE"
PROBLEM_for-loop-index__ARGS_NUM__MUT_01,2057,for-loop-index,Numeric,0.01,0,True,9,442,351,"[SubmitNum-Num(0,15,5),Dec-Num(1,6,15),While-Num(2,4,9),If-Num(6,10,5),Add-Num(4,15,0),SubmitNum-Num(0,14,4),Close(4,3,13),Add-Num(2,0,15),TestNumLessTEqu-Num(15,1,6)]"
PROBLEM_for-loop-index__ARGS_NUM__MUT_01,2058,for-loop-index,Numeric,0.01,0,False,NONE,NONE,NONE,"NONE"
PROBLEM_for-loop-index__ARGS_NUM__MUT_01,2059,for-loop-index,Numeric,0.01,0,False,NONE,NONE,NONE,"NONE"
PROBLEM_for-loop-index__ARGS_NUM__MUT_01,2060,for-loop-index,Numeric,0.01,0,False,NONE,NONE,NONE,"NONE"
PROBLEM_for-loop-index__ARGS_NUM__MUT_01,2061,for-loop-index,Numeric,0.01,0,True,12,305,247,"[SubmitNum-Num(0,13,15),Set-14-Num(7,6,12),CopyMem-Num(0,10,6),LoadEnd-Num(14,9,15),Dec-Num(14,3,0),While-Num(7,12,4),Add-Num(2,10,12),LoadStep-Num(10,0,6),TestNumLessTEqu-Num(12,14,4),SwapMem-Num(2,12,3),If-Num(4,2,9),SubmitNum-Num(2,2,1)]"
PROBLEM_for-loop-index__ARGS_NUM__MUT_01,2062,for-loop-index,Numeric,0.01,0,False,NONE,NONE,NONE,"NONE"
PROBLEM_for-loop-index__ARGS_NUM__MUT_01,2063,for-loop-index,Numeric,0.01,0,False,NONE,NONE,NONE,"NONE"
PROBLEM_for-loop-index__ARGS_NUM__MUT_01,2064,for-loop-index,Numeric,0.01,0,True,10,306,304,"[SubmitNum-Num(0,6,13),Add-Num(0,9,1),LoadEnd-Num(0,1,6),Sub-Num(0,2,12),SwapMem-Num(12,15,13),TestNumGreater-Num(15,1,5),Countdown-Num(5,8,15),Add-Num(1,2,1),SubmitNum-Num(1,2,8),TestNumLess-Num(1,15,5)]"
PROBLEM_for-loop-index__ARGS_NUM__MUT_01,2065,for-loop-index,Numeric,0.01,0,True,16,458,311,"[LoadStart-Num(4,13,1),SubmitNum-Num(4,10,9),LoadStep-Num(0,8,12),LoadEnd-Num(3,7,12),LoadStep-Num(10,13,10),Countdown-Num(10,13,15),Dec-Num(3,10,1),IfNot-Num(10,14,4),Set-2-Num(10,8,3),Countdown-Num(10,8,15),Countdown-Num(10,12,5),TestNumLessTEqu-Num(3,4,10),Close(14,15,4),Add-Num(4,0,4),SubmitNum-Num(4,6,6),Set-11-Num(10,11,5)]"
PROBLEM_for-loop-index__ARGS_NUM__MUT_01,2066,for-loop-index,Numeric,0.01,0,True,10,330,239,"[LoadEnd-Num(7,11,11),Dec-Num(7,9,9),TestNumGreaterTEqu-Num(7,0,3),While-Num(3,6,12),Add-Num(0,11,8),SubmitNum-Num(8,10,7),Dec-Num(8,12,7),Add-Num(8,2,11),Set-1-Num(0,4,7),TestNumGreater-Num(7,11,3)]"
PROBLEM_for-loop-index__ARGS_NUM__MUT_01,2067,for-loop-index,Numeric,0.01,0,False,NONE,NONE,NONE,"NONE"
PROBLEM_for-loop-index__ARGS_NUM__MUT_01,2068,for-loop-index,Numeric,0.01,0,False,NONE,NONE,NONE,"NONE"
PROBLEM_for-loop-index__ARGS_NUM__MUT_01,2069,for-loop-index,Numeric,0.01,0,False,NONE,NONE,NONE,"NONE"
PROBLEM_for-loop-index__ARGS_NUM__MUT_01,2070,for-loop-index,Numeric,0.01,0,True,8,176,111,"[LoadEnd-Num(14,14,10),While-Num(2,3,2),SwapMem-Num(0,8,7),Add-Num(6,8,6),TestNumLess-Num(6,14,1),Sub-Num(2,5,0),If-Num(1,9,2),SubmitNum-Num(6,4,0)]"
PROBLEM_for-loop-index__ARGS_NUM__MUT_01,2071,for-loop-index,Numeric,0.01,0,False,NONE,NONE,NONE,"NONE"
PROBLEM_for-loop-index__ARGS_NUM__MUT_01,2072,for-loop-index,Numeric,0.01,0,False,NONE,NONE,NONE,"NONE"
PROBLEM_for-loop-index__ARGS_NUM__MUT_01,2073,for-loop-index,Numeric,0.01,0,True,7,397,297,"[LoadEnd-Num(13,12,6),Set-6-Num(1,15,9),While-Num(1,2,5),SubmitNum-Num(0,5,4),Add-Num(2,0,3),CopyMem-Num(3,0,4),TestNumGreater-Num(13,0,1)]"
PROBLEM_for-loop-index__ARGS_NUM__MUT_01,2074,for-loop-index,Numeric,0.01,0,True,7,170,93,"[LoadStart-Num(10,3,10),Set-9-Num(3,8,1),While-Num(3,7,13),SubmitNum-Num(10,12,8),Add-Num(2,10,6),SwapMem-Num(10,6,4),TestNumLess-Num(10,1,3)]"
PROBLEM_for-loop-index__ARGS_NUM__MUT_01,2075,for-loop-index,Numeric,0.01,0,True,7,250,182,"[SubmitNum-Num(0,6,7),Sub-Num(1,2,12),TestNumLess-Num(0,12,15),Countdown-Num(15,4,4),Add-Num(0,2,0),TestNumLess-Num(0,12,15),SubmitNum-Num(0,7,3)]"
PROBLEM_for-loop-index__ARGS_NUM__MUT_01,2076,for-loop-index,Numeric,0.01,0,False,NONE,NONE,NONE,"NONE"
PROBLEM_for-loop-index__ARGS_NUM__MUT_01,2077,for-loop-index,Numeric,0.01,0,False,NONE,NONE,NONE,"NONE"
PROBLEM_for-loop-index__ARGS_NUM__MUT_01,2078,for-loop-index,Numeric,0.01,0,False,NONE,NONE,NONE,"NONE"
PROBLEM_for-loop-index__ARGS_NUM__MUT_01,2079,for-loop-index,Numeric,0.01,0,False,NONE,NONE,NONE,"NONE"
PROBLEM_for-loop-index__ARGS_NUM__MUT_01,2080,for-loop-index,Numeric,0.01,0,True,9,310,292,"[SwapMem-Num(0,2,10),LoadEnd-Num(12,15,8),SubmitNum-Num(2,4,5),Close(6,6,15),Add-Num(0,2,1),TestNumGreater-Num(12,1,6),Countdown-Num(6,10,12),Add-Num(0,2,2),SubmitNum-Num(2,11,15)]"
PROBLEM_for-loop-index__ARGS_NUM__MUT_01,2081,for-loop-index,Numeric,0.01,0,False,NONE,NONE,NONE,"NONE"
PROBLEM_for-loop-index__ARGS_NUM__MUT_01,2082,for-loop-index,Numeric,0.01,0,True,15,306,217,"[LoadStart-Num(13,13,13),SubmitNum-Num(13,6,14),Sub-Num(1,13,11),Countdown-Num(11,14,2),TestNumLessTEqu-Num(2,11,11),SwapMem-Num(15,13,14),While-Num(11,1,6),LoadEnd-Num(13,10,0),Add-Num(15,2,8),Add-Num(8,2,1),SubmitNum-Num(8,8,6),TestNumLessTEqu-Num(13,1,9),SwapMem-Num(9,5,15),CopyMem-Num(8,15,15),While-Num(5,9,12)]"
PROBLEM_for-loop-index__ARGS_NUM__MUT_01,2083,for-loop-index,Numeric,0.01,0,False,NONE,NONE,NONE,"NONE"
PROBLEM_for-loop-index__ARGS_NUM__MUT_01,2084,for-loop-index,Numeric,0.01,0,True,10,300,193,"[Close(6,15,2),SwapMem-Num(6,0,5),Add-Num(15,6,15),Sub-Num(1,2,11),SubmitNum-Num(15,10,8),TestNumGreater-Num(11,15,8),While-Num(8,12,10),LoadStep-Num(0,8,11),While-Num(4,14,12),Set-4-Num(12,8,14)]"
PROBLEM_for-loop-index__ARGS_NUM__MUT_01,2085,for-loop-index,Numeric,0.01,0,True,8,217,115,"[SubmitNum-Num(0,3,2),Add-Num(1,4,4),LoadStart-Num(5,4,3),While-Num(2,6,6),Add-Num(5,2,5),TestNumLess-Num(5,4,1),If-Num(1,0,10),SubmitNum-Num(5,12,3)]"
PROBLEM_for-loop-index__ARGS_NUM__MUT_01,2086,for-loop-index,Numeric,0.01,0,False,NONE,NONE,NONE,"NONE"
PROBLEM_for-loop-index__ARGS_NUM__MUT_01,2087,for-loop-index,Numeric,0.01,0,False,NONE,NONE,NONE,"NONE"
PROBLEM_for-loop-index__ARGS_NUM__MUT_01,2088,for-loop-index,Numeric,0.01,0,True,15,373,263,"[Set-9-Num(1,7,9),Set-10-Num(0,12,9),Add-Num(2,0,6),LoadEnd-Num(5,8,3),While-Num(2,4,4),If-Num(14,15,10),SubmitNum-Num(15,11,0),TestNumGreaterTEqu-Num(9,15,2),Add-Num(14,15,15),Close(0,0,9),Countdown-Num(0,7,7),Sub-Num(1,6,12),Add-Num(12,5,9),LoadStep-Num(14,12,1),LoadStart-Num(15,9,12)]"
PROBLEM_for-loop-index__ARGS_NUM__MUT_01,2089,for-loop-index,Numeric,0.01,0,False,NONE,NONE,NONE,"NONE"
PROBLEM_for-loop-index__ARGS_NUM__MUT_01,2090,for-loop-index,Numeric,0.01,0,True,9,292,199,"[LoadEnd-Num(11,15,1),SubmitNum-Num(0,0,1),Dec-Num(11,0,12),Add-Num(5,0,15),While-Num(2,6,6),Add-Num(2,15,15),TestNumGreaterTEqu-Num(11,15,13),If-Num(13,15,1),SubmitNum-Num(15,8,12)]"
PROBLEM_for-loop-index__ARGS_NUM__MUT_01,2091,for-loop-index,Numeric,0.01,0,False,NONE,NONE,NONE,"NONE"
PROBLEM_for-loop-index__ARGS_NUM__MUT_01,2092,for-loop-index,Numeric,0.01,0,False,NONE,NONE,NONE,"NONE"
PROBLEM_for-loop-index__ARGS_NUM__MUT_01,2093,for-loop-index,Numeric,0.01,0,True,8,324,142,"[SubmitNum-Num(0,7,13),Sub-Num(1,2,10),While-Num(10,5,3),TestNumGreater-Num(10,0,4),If-Num(4,15,7),Add-Num(0,2,6),Add-Num(12,6,0),SubmitNum-Num(0,13,4)]"
PROBLEM_for-loop-index__ARGS_NUM__MUT_01,2094,for-loop-index,Numeric,0.01,0,False,NONE,NONE,NONE,"NONE"
PROBLEM_for-loop-index__ARGS_NUM__MUT_01,2095,for-loop-index,Numeric,0.01,0,False,NONE,NONE,NONE,"NONE"
PROBLEM_for-loop-index__ARGS_NUM__MUT_01,2096,for-loop-index,Numeric,0.01,0,False,NONE,NONE,NONE,"NONE"
PROBLEM_for-loop-index__ARGS_NUM__MUT_01,2097,for-loop-index,Numeric,0.01,0,False,NONE,NONE,NONE,"NONE"
PROBLEM_for-loop-index__ARGS_NUM__MUT_01,2098,for-loop-index,Numeric,0.01,0,True,6,443,207,"[Set-16-Num(0,9,13),LoadStart-Num(3,10,7),Countdown-Num(0,10,0),SubmitNum-Num(3,11,8),Add-Num(2,3,3),TestNumLess-Num(3,1,0)]"
PROBLEM_for-loop-index__ARGS_NUM__MUT_01,2099,for-loop-index,Numeric,0.01,0,True,9,427,160,"[SubmitNum-Num(0,7,6),LoadStep-Num(3,4,12),Add-Num(4,0,9),Sub-Num(1,3,8),Close(4,15,5),TestNumLess-Num(9,8,7),Add-Num(9,3,9),Countdown-Num(7,2,10),SubmitNum-Num(9,12,3)]"
PROBLEM_for-loop-index__ARGS_NUM__MUT_01,2100,for-loop-index,Numeric,0.01,0,False,NONE,NONE,NONE,"NONE"
PROBLEM_for-loop-index__ARGS_NUM__MUT_025,2301,for-loop-index,Numeric,0.025,0,False,NONE,NONE,NONE,"NONE"
PROBLEM_for-loop-index__ARGS_NUM__MUT_025,2302,for-loop-index,Numeric,0.025,0,True,8,347,298,"[Set-10-Num(4,1,6),Add-Num(13,0,12),LoadEnd-Num(5,1,2),Dec-Num(5,3,15),Countdown-Num(4,11,11),SubmitNum-Num(12,14,5),Add-Num(12,2,12),TestNumGreaterTEqu-Num(5,12,4)]"
PROBLEM_for-loop-index__ARGS_NUM__MUT_025,2303,for-loop-index,Numeric,0.025,0,True,6,335,127,"[Close(13,15,7),SubmitNum-Num(0,9,11),Add-Num(0,2,0),TestNumGreaterTEqu-Num(0,1,8),Countdown-Num(8,3,11),Set-14-Num(8,12,12)]"
PROBLEM_for-loop-index__ARGS_NUM__MUT_025,2304,for-loop-index,Numeric,0.025,0,False,NONE,NONE,NONE,"NONE"
PROBLEM_for-loop-index__ARGS_NUM__MUT_025,2305,for-loop-index,Numeric,0.025,0,True,8,330,314,"[Close(10,2,7),SubmitNum-Num(0,4,1),Add-Num(0,2,12),LoadEnd-Num(9,7,6),TestNumGreaterTEqu-Num(12,9,1),SwapMem-Num(12,0,13),Countdown-Num(1,14,5),Return(15,10,1)]"
PROBLEM_for-loop-index__ARGS_NUM__MUT_025,2306,for-loop-index,Numeric,0.025,0,True,9,225,159,"[LoadEnd-Num(5,8,0),SubmitNum-Num(0,13,6),Dec-Num(5,14,11),Add-Num(0,9,3),While-Num(2,4,15),Add-Num(3,2,3),TestNumGreaterTEqu-Num(5,3,11),If-Num(11,1,6),SubmitNum-Num(3,14,15)]"
PROBLEM_for-loop-index__ARGS_NUM__MUT_025,2307,for-loop-index,Numeric,0.025,0,True,113,500,497,"[LoadStart-Num(3,0,2),TestNumLessTEqu-Num(12,7,5),SwapMem-Num(8,0,4),SubmitNum-Num(8,6,10),Not-Num(7,15,1),Set-5-Num(12,14,15),Set-3-Num(6,4,1),Floor-Num(14,11,4),LoadStep-Num(9,12,3),LoadStep-Num(15,11,14),If-Num(6,15,0),Add-Num(12,0,1),Add-Num(9,5,4),Close(8,12,2),Not-Num(9,9,5),Set-0-Num(7,10,15),Sub-Num(10,3,12),CopyMem-Num(7,14,6),Close(0,14,2),Close(9,8,5),LoadStart-Num(2,0,5),Set-9-Num(6,7,6),Add-Num(7,2,5),LoadEnd-Num(0,12,10),If-Num(13,10,10),Set-9-Num(1,5,13),LoadEnd-Num(2,2,3),Return(8,7,10),Set-11-Num(5,7,13),LoadStep-Num(7,14,11),TestNumEqu-Num(3,9,8),Close(5,11,15),CopyMem-Num(7,12,15),Add-Num(5,10,6),Add-Num(6,4,8),Sub-Num(2,12,9),Floor-Num(3,14,3),Mult-Num(8,15,4),Set-10-Num(12,9,2),Mod-Num(11,5,3),While-Num(13,3,12),LoadEnd-Num(13,13,8),Set-0-Num(2,13,9),SwapMem-Num(15,1,6),Close(6,6,4),Inc-Num(2,1,6),Close(0,9,0),TestNumGreaterTEqu-Num(0,8,13),Countdown-Num(13,5,5),Set-3-Num(6,5,9),Add-Num(10,15,10),IfNot-Num(15,12,6),Set-10-Num(6,12,13),LoadStep-Num(6,15,0),Set-13-Num(4,0,10),Set-12-Num(13,7,15),Set-14-Num(9,1,15),Mult-Num(5,6,8),Return(3,7,8),Set-6-Num(12,6,0),Mult-Num(7,7,8),CopyMem-Num(15,5,1),Set-3-Num(1,5,0),Dec-Num(10,8,12),Return(8,10,4),SwapMem-Num(5,15,4),LoadStep-Num(12,14,7),Sub-Num(7,13,6),Set-14-Num(13,4,11),Close(13,10,8),Add-Num(5,10,6),Add-Num(8,15,8),SubmitNum-Num(6,4,3),Break(5,13,9),Set-16-Num(1,15,7),TestNumLessTEqu-Num(11,5,3),TestNumEqu-Num(15,7,7),Mod-Num(4,5,1),While-Num(10,15,4),LoadStart-Num(1,12,4),Mult-Num(3,8,12),Set-15-Num(15,4,1),Set-16-Num(14,7,6),Set-13-Num(6,13,6),SwapMem-Num(5,13,12),Close(15,1,3),Set-1-Num(8,8,5),TestNumGreaterTEqu-Num(0,5,11),Countdown-Num(8,10,2),Return(12,3,9),Set-14-Num(10,14,13),Mod-Num(13,5,14),Set-6-Num(9,6,15),Set-15-Num(10,3,7),CopyMem-Num(11,15,9),Set-12-Num(10,4,7),Not-Num(15,11,6),IfNot-Num(6,12,10),Set-5-Num(13,11,7),Set-6-Num(0,0,4),Set-11-Num(7,10,10),TestNumLess-Num(4,2,0),Set-10-Num(9,8,9),Set-4-Num(7,2,15),Floor-Num(4,14,3),TestNumNEqu-Num(14,1,13),Set-16-Num(15,14,1),Set-9-Num(14,12,9),CopyMem-Num(9,0,13),Sub-Num(15,3,0),SubmitNum-Num(5,12,13),Set-14-Num(11,6,7),Div-Num(10,0,2)]"
PROBLEM_for-loop-index__ARGS_NUM__MUT_025,2308,for-loop-index,Numeric,0.025,0,False,NONE,NONE,NONE,"NONE"
PROBLEM_for-loop-index__ARGS_NUM__MUT_025,2309,for-loop-index,Numeric,0.025,0,True,16,447,372,"[Countdown-Num(2,0,4),LoadEnd-Num(11,13,1),Inc-Num(0,3,10),LoadStart-Num(3,15,0),TestNumLess-Num(0,11,9),LoadStep-Num(8,0,0),Close(10,5,11),Add-Num(6,3,13),SubmitNum-Num(13,5,11),While-Num(9,4,7),Add-Num(8,13,13),SubmitNum-Num(13,7,1),Add-Num(13,8,6),TestNumLessTEqu-Num(11,6,1),Countdown-Num(1,8,6),While-Num(9,7,6)]"
PROBLEM_for-loop-index__ARGS_NUM__MUT_025,2310,for-loop-index,Numeric,0.025,0,True,7,319,275,"[Set-15-Num(5,5,12),LoadStart-Num(12,0,9),Dec-Num(1,13,3),Countdown-Num(5,15,0),SubmitNum-Num(12,11,7),Add-Num(2,12,12),TestNumLessTEqu-Num(12,1,5)]"
PROBLEM_for-loop-index__ARGS_NUM__MUT_025,2311,for-loop-index,Numeric,0.025,0,True,7,284,102,"[Add-Num(7,0,7),Close(15,13,9),SubmitNum-Num(7,15,15),Add-Num(2,7,7),TestNumLessTEqu-Num(1,7,13),While-Num(13,9,13),Sub-Num(6,10,15)]"
PROBLEM_for-loop-index__ARGS_NUM__MUT_025,2312,for-loop-index,Numeric,0.025,0,False,NONE,NONE,NONE,"NONE"
PROBLEM_for-loop-index__ARGS_NUM__MUT_025,2313,for-loop-index,Numeric,0.025,0,False,NONE,NONE,NONE,"NONE"
PROBLEM_for-loop-index__ARGS_NUM__MUT_025,2314,for-loop-index,Numeric,0.025,0,False,NONE,NONE,NONE,"NONE"
PROBLEM_for-loop-index__ARGS_NUM__MUT_025,2315,for-loop-index,Numeric,0.025,0,True,10,292,236,"[Close(12,11,7),Sub-Num(0,10,10),SubmitNum-Num(10,8,3),Add-Num(2,6,0),Sub-Num(12,10,10),Sub-Num(0,10,14),Inc-Num(14,0,14),TestNumLess-Num(1,14,7),While-Num(7,5,12),Set-11-Num(6,6,10)]"
PROBLEM_for-loop-index__ARGS_NUM__MUT_025,2316,for-loop-index,Numeric,0.025,0,True,11,298,164,"[SwapMem-Num(0,11,15),LoadStep-Num(12,10,3),Sub-Num(11,12,1),Set-13-Num(2,12,5),LoadEnd-Num(3,14,5),While-Num(12,1,12),TestNumGreater-Num(2,12,4),Countdown-Num(4,9,2),Add-Num(1,12,1),SubmitNum-Num(1,9,1),Sub-Num(3,1,2)]"
PROBLEM_for-loop-index__ARGS_NUM__MUT_025,2317,for-loop-index,Numeric,0.025,0,True,6,345,302,"[Dec-Num(12,3,3),Add-Num(14,0,8),While-Num(12,6,13),SubmitNum-Num(8,5,2),Add-Num(2,8,8),TestNumGreater-Num(1,8,12)]"
PROBLEM_for-loop-index__ARGS_NUM__MUT_025,2318,for-loop-index,Numeric,0.025,0,True,10,150,83,"[CopyMem-Num(1,13,1),Dec-Num(13,7,6),LoadStart-Num(12,2,3),Close(1,6,6),TestNumLess-Num(13,12,2),IfNot-Num(2,5,14),SubmitNum-Num(12,9,7),LoadStep-Num(14,2,2),Add-Num(14,12,12),Break(14,12,4)]"
PROBLEM_for-loop-index__ARGS_NUM__MUT_025,2319,for-loop-index,Numeric,0.025,0,True,6,389,265,"[Dec-Num(1,4,10),While-Num(2,2,13),IfNot-Num(12,10,1),SubmitNum-Num(0,5,6),Add-Num(0,2,0),TestNumGreater-Num(0,1,12)]"
PROBLEM_for-loop-index__ARGS_NUM__MUT_025,2320,for-loop-index,Numeric,0.025,0,True,11,218,155,"[TestNumLessTEqu-Num(11,10,1),Mult-Num(2,1,9),While-Num(9,10,5),LoadEnd-Num(3,11,15),SwapMem-Num(2,0,9),SubmitNum-Num(2,12,10),Sub-Num(8,9,6),Set-16-Num(10,5,12),Sub-Num(2,6,0),Countdown-Num(10,12,12),TestNumLessTEqu-Num(3,0,10)]"
PROBLEM_for-loop-index__ARGS_NUM__MUT_025,2321,for-loop-index,Numeric,0.025,0,True,9,452,218,"[LoadStart-Num(14,0,14),Close(7,1,3),Sub-Num(14,1,0),Mod-Num(2,0,7),SubmitNum-Num(14,1,1),Add-Num(2,14,14),TestNumNEqu-Num(7,2,6),If-Num(6,14,5),Set-12-Num(5,5,12)]"
PROBLEM_for-loop-index__ARGS_NUM__MUT_025,2322,for-loop-index,Numeric,0.025,0,True,8,409,334,"[SwapMem-Num(2,14,5),While-Num(14,6,10),TestNumLess-Num(0,1,10),While-Num(10,10,9),Sub-Num(0,11,2),TestNumLess-Num(0,0,10),SubmitNum-Num(2,3,0),Add-Num(2,14,0)]"
PROBLEM_for-loop-index__ARGS_NUM__MUT_025,2323,for-loop-index,Numeric,0.025,0,False,NONE,NONE,NONE,"NONE"
PROBLEM_for-loop-index__ARGS_NUM__MUT_025,2324,for-loop-index,Numeric,0.025,0,False,NONE,NONE,NONE,"NONE"
PROBLEM_for-loop-index__ARGS_NUM__MUT_025,2325,for-loop-index,Numeric,0.025,0,True,11,102,69,"[Add-Num(12,0,9),SubmitNum-Num(9,14,13),Countdown-Num(2,12,6),Dec-Num(1,14,1),Close(8,4,5),While-Num(1,2,6),TestNumGreaterTEqu-Num(9,1,8),LoadStep-Num(4,2,3),Add-Num(4,9,9),IfNot-Num(8,9,13),SubmitNum-Num(9,9,13)]"
PROBLEM_for-loop-index__ARGS_NUM__MUT_025,2326,for-loop-index,Numeric,0.025,0,True,6,302,280,"[Close(12,6,12),SubmitNum-Num(0,13,5),Add-Num(2,0,0),TestNumGreaterTEqu-Num(0,1,7),Countdown-Num(7,11,5),Return(3,6,15)]"
PROBLEM_for-loop-index__ARGS_NUM__MUT_025,2327,for-loop-index,Numeric,0.025,0,True,7,194,138,"[Close(15,12,10),Add-Num(2,0,6),SubmitNum-Num(0,14,8),SwapMem-Num(0,6,2),TestNumGreaterTEqu-Num(0,1,4),Countdown-Num(4,1,6),Return(2,2,15)]"
PROBLEM_for-loop-index__ARGS_NUM__MUT_025,2328,for-loop-index,Numeric,0.025,0,True,11,496,480,"[SubmitNum-Num(0,5,0),Sub-Num(2,1,1),Add-Num(1,0,13),TestNumLess-Num(13,11,14),Add-Num(0,11,5),Countdown-Num(13,14,2),If-Num(14,8,0),Add-Num(5,2,5),Add-Num(5,1,14),SubmitNum-Num(5,0,14),TestNumGreater-Num(4,14,13)]"
PROBLEM_for-loop-index__ARGS_NUM__MUT_025,2329,for-loop-index,Numeric,0.025,0,False,NONE,NONE,NONE,"NONE"
PROBLEM_for-loop-index__ARGS_NUM__MUT_025,2330,for-loop-index,Numeric,0.025,0,False,NONE,NONE,NONE,"NONE"
PROBLEM_for-loop-index__ARGS_NUM__MUT_025,2331,for-loop-index,Numeric,0.025,0,True,13,222,153,"[SubmitNum-Num(0,9,3),LoadStep-Num(6,0,6),LoadStart-Num(13,2,1),Dec-Num(1,6,3),Close(6,4,4),Set-4-Num(2,11,13),Add-Num(6,13,13),Countdown-Num(2,12,13),TestNumGreater-Num(13,1,2),Close(6,4,10),SubmitNum-Num(13,10,14),Countdown-Num(7,11,13),Dec-Num(0,13,6)]"
PROBLEM_for-loop-index__ARGS_NUM__MUT_025,2332,for-loop-index,Numeric,0.025,0,True,7,292,250,"[Set-9-Num(12,7,5),LoadStart-Num(2,5,1),Countdown-Num(12,12,13),SubmitNum-Num(2,8,3),LoadStep-Num(13,7,15),Add-Num(13,2,2),TestNumGreater-Num(1,2,12)]"
PROBLEM_for-loop-index__ARGS_NUM__MUT_025,2333,for-loop-index,Numeric,0.025,0,True,9,319,233,"[LoadEnd-Num(2,2,12),SubmitNum-Num(0,10,2),Dec-Num(2,0,2),LoadStep-Num(3,2,8),While-Num(3,6,1),Add-Num(0,3,0),TestNumGreater-Num(0,2,1),IfNot-Num(1,3,10),SubmitNum-Num(0,8,10)]"
PROBLEM_for-loop-index__ARGS_NUM__MUT_025,2334,for-loop-index,Numeric,0.025,0,False,NONE,NONE,NONE,"NONE"
PROBLEM_for-loop-index__ARGS_NUM__MUT_025,2335,for-loop-index,Numeric,0.025,0,False,NONE,NONE,NONE,"NONE"
PROBLEM_for-loop-index__ARGS_NUM__MUT_025,2336,for-loop-index,Numeric,0.025,0,True,11,455,415,"[SubmitNum-Num(0,9,6),LoadEnd-Num(13,0,3),Set-9-Num(7,1,13),Countdown-Num(7,5,7),Add-Num(2,0,6),TestNumLess-Num(6,13,7),If-Num(7,0,7),SubmitNum-Num(6,2,4),LoadStep-Num(1,1,2),Add-Num(2,1,10),Add-Num(10,5,2)]"
PROBLEM_for-loop-index__ARGS_NUM__MUT_025,2337,for-loop-index,Numeric,0.025,0,True,11,429,375,"[SubmitNum-Num(0,6,1),Countdown-Num(2,11,1),Dec-Num(1,13,6),Close(9,0,10),LoadStart-Num(13,1,8),TestNumLess-Num(13,1,12),LoadStep-Num(7,11,13),Countdown-Num(12,14,3),Add-Num(7,13,13),SubmitNum-Num(13,3,6),TestNumLess-Num(13,1,12)]"
PROBLEM_for-loop-index__ARGS_NUM__MUT_025,2338,for-loop-index,Numeric,0.025,0,True,8,206,149,"[Sub-Num(1,2,14),While-Num(2,14,0),Add-Num(7,0,5),SubmitNum-Num(5,10,9),TestNumGreater-Num(14,5,15),Dec-Num(15,8,9),Add-Num(7,2,7),Countdown-Num(15,0,2)]"
PROBLEM_for-loop-index__ARGS_NUM__MUT_025,2339,for-loop-index,Numeric,0.025,0,False,NONE,NONE,NONE,"NONE"
PROBLEM_for-loop-index__ARGS_NUM__MUT_025,2340,for-loop-index,Numeric,0.025,0,True,10,267,165,"[LoadStep-Num(9,7,11),Add-Num(0,3,2),Close(4,10,11),SubmitNum-Num(2,4,1),Add-Num(9,2,2),LoadEnd-Num(3,6,8),Dec-Num(3,4,12),TestNumGreater-Num(2,3,13),If-Num(13,1,14),CopyMem-Num(8,8,4)]"
PROBLEM_for-loop-index__ARGS_NUM__MUT_025,2341,for-loop-index,Numeric,0.025,0,True,11,347,212,"[Sub-Num(0,2,0),Close(1,8,4),Add-Num(2,0,11),SwapMem-Num(7,11,15),TestNumLessTEqu-Num(1,7,9),Add-Num(9,7,0),While-Num(9,14,10),Close(14,11,4),SubmitNum-Num(7,8,10),IfNot-Num(2,3,14),Set-3-Num(12,5,11)]"
PROBLEM_for-loop-index__ARGS_NUM__MUT_025,2342,for-loop-index,Numeric,0.025,0,True,11,242,191,"[LoadStart-Num(2,0,9),Close(14,14,7),LoadStep-Num(8,11,3),Add-Num(2,8,6),SubmitNum-Num(2,15,2),Sub-Num(6,1,5),SwapMem-Num(6,2,13),TestNumGreater-Num(11,5,8),While-Num(8,12,15),If-Num(11,12,5),TestNumEqu-Num(15,7,1)]"
PROBLEM_for-loop-index__ARGS_NUM__MUT_025,2343,for-loop-index,Numeric,0.025,0,True,9,484,452,"[Dec-Num(12,8,2),LoadStart-Num(3,15,4),Add-Num(1,10,14),Countdown-Num(12,0,14),Add-Num(3,5,5),TestNumGreaterTEqu-Num(5,14,0),IfNot-Num(0,13,8),LoadStep-Num(3,4,13),SubmitNum-Num(5,15,15)]"
PROBLEM_for-loop-index__ARGS_NUM__MUT_025,2344,for-loop-index,Numeric,0.025,0,False,NONE,NONE,NONE,"NONE"
PROBLEM_for-loop-index__ARGS_NUM__MUT_025,2345,for-loop-index,Numeric,0.025,0,True,11,312,261,"[LoadEnd-Num(14,2,2),Countdown-Num(2,6,6),Dec-Num(14,2,3),Close(2,14,7),LoadStart-Num(12,10,6),While-Num(14,5,0),Add-Num(12,15,12),SubmitNum-Num(12,2,8),TestNumGreaterTEqu-Num(12,14,9),LoadStep-Num(15,6,13),While-Num(9,4,6)]"
PROBLEM_for-loop-index__ARGS_NUM__MUT_025,2346,for-loop-index,Numeric,0.025,0,True,8,346,123,"[SubmitNum-Num(0,14,7),Close(9,5,6),LoadEnd-Num(4,12,0),Add-Num(0,2,7),TestNumGreater-Num(4,7,1),Div-Num(7,1,0),Countdown-Num(1,3,11),SubmitNum-Num(7,15,8)]"
PROBLEM_for-loop-index__ARGS_NUM__MUT_025,2347,for-loop-index,Numeric,0.025,0,False,NONE,NONE,NONE,"NONE"
PROBLEM_for-loop-index__ARGS_NUM__MUT_025,2348,for-loop-index,Numeric,0.025,0,True,7,336,242,"[Close(13,7,13),SubmitNum-Num(0,2,8),Add-Num(2,0,4),TestNumGreater-Num(1,4,14),Add-Num(13,4,0),IfNot-Num(14,10,5),Set-4-Num(14,5,10)]"
PROBLEM_for-loop-index__ARGS_NUM__MUT_025,2349,for-loop-index,Numeric,0.025,0,True,13,266,118,"[TestNumGreaterTEqu-Num(10,3,1),LoadEnd-Num(9,12,4),SwapMem-Num(0,2,7),Dec-Num(9,0,8),Countdown-Num(0,5,5),Dec-Num(9,9,2),Close(5,1,2),While-Num(1,15,14),Add-Num(2,6,2),SubmitNum-Num(2,11,12),TestNumGreater-Num(2,9,1),Dec-Num(1,5,6),LoadStep-Num(6,5,13)]"
PROBLEM_for-loop-index__ARGS_NUM__MUT_025,2350,for-loop-index,Numeric,0.025,0,True,11,407,198,"[LoadEnd-Num(2,5,3),SubmitNum-Num(0,14,2),Dec-Num(2,10,6),Close(12,13,8),LoadStep-Num(13,14,2),Add-Num(0,13,7),TestNumGreaterTEqu-Num(2,7,5),While-Num(5,15,3),SwapMem-Num(7,0,0),SubmitNum-Num(0,6,9),Break(5,12,9)]"
PROBLEM_for-loop-index__ARGS_NUM__MUT_05,2251,for-loop-index,Numeric,0.05,0,True,8,150,73,"[Close(9,14,0),SubmitNum-Num(0,0,12),Set-1-Num(4,8,10),Sub-Num(1,4,10),Add-Num(0,2,0),TestNumGreaterTEqu-Num(10,0,15),IfNot-Num(15,3,5),Set-6-Num(9,5,0)]"
PROBLEM_for-loop-index__ARGS_NUM__MUT_05,2252,for-loop-index,Numeric,0.05,0,True,5,311,215,"[TestNumLess-Num(0,1,4),While-Num(4,11,1),SubmitNum-Num(0,15,2),Add-Num(2,0,0),TestNumLess-Num(0,1,4)]"
PROBLEM_for-loop-index__ARGS_NUM__MUT_05,2253,for-loop-index,Numeric,0.05,0,True,8,165,138,"[LoadStep-Num(11,15,12),LoadEnd-Num(2,13,6),Dec-Num(2,0,4),Countdown-Num(11,6,6),SubmitNum-Num(0,7,10),LoadStep-Num(10,12,11),Add-Num(10,0,0),TestNumLessTEqu-Num(0,2,11)]"
PROBLEM_for-loop-index__ARGS_NUM__MUT_05,2254,for-loop-index,Numeric,0.05,0,True,8,217,192,"[Close(0,2,8),Add-Num(10,0,10),Sub-Num(1,2,12),LoadStep-Num(0,6,11),TestNumLessTEqu-Num(12,10,3),SubmitNum-Num(10,15,6),While-Num(3,3,4),Set-16-Num(0,5,4)]"
PROBLEM_for-loop-index__ARGS_NUM__MUT_05,2255,for-loop-index,Numeric,0.05,0,True,11,210,118,"[Set-6-Num(7,6,5),TestNumGreaterTEqu-Num(4,7,2),Countdown-Num(7,10,2),LoadStep-Num(7,2,7),Add-Num(2,0,15),Add-Num(2,7,2),TestNumGreaterTEqu-Num(15,1,11),Countdown-Num(11,10,0),Set-12-Num(11,5,10),Close(3,8,13),SubmitNum-Num(15,9,0)]"
PROBLEM_for-loop-index__ARGS_NUM__MUT_05,2256,for-loop-index,Numeric,0.05,0,True,8,466,420,"[Close(1,12,13),SubmitNum-Num(0,11,0),Add-Num(2,0,11),TestNumGreaterTEqu-Num(11,1,14),TestNumEqu-Num(3,14,8),Add-Num(14,11,0),IfNot-Num(8,5,1),Set-1-Num(8,4,8)]"
PROBLEM_for-loop-index__ARGS_NUM__MUT_05,2257,for-loop-index,Numeric,0.05,0,True,15,370,318,"[Dec-Num(1,1,1),SubmitNum-Num(0,9,2),Sub-Num(1,0,14),TestNumGreaterTEqu-Num(2,14,15),Sub-Num(14,8,9),Sub-Num(1,2,8),Mod-Num(15,2,10),Countdown-Num(9,0,0),Add-Num(2,0,9),Countdown-Num(10,7,8),Mod-Num(8,0,10),Close(11,10,14),Add-Num(9,7,0),SubmitNum-Num(9,14,14),TestNumLessTEqu-Num(0,8,9)]"
PROBLEM_for-loop-index__ARGS_NUM__MUT_05,2258,for-loop-index,Numeric,0.05,0,True,11,320,294,"[SwapMem-Num(11,2,11),Add-Num(10,0,6),SubmitNum-Num(6,13,2),CopyMem-Num(1,4,8),Add-Num(6,11,0),TestNumGreater-Num(4,0,15),Countdown-Num(15,11,8),Add-Num(6,11,6),SubmitNum-Num(6,1,14),Sub-Num(4,11,1),TestNumGreater-Num(1,6,15)]"
PROBLEM_for-loop-index__ARGS_NUM__MUT_05,2259,for-loop-index,Numeric,0.05,0,False,NONE,NONE,NONE,"NONE"
PROBLEM_for-loop-index__ARGS_NUM__MUT_05,2260,for-loop-index,Numeric,0.05,0,True,9,243,110,"[Set-5-Num(0,0,11),LoadStart-Num(12,5,1),SwapMem-Num(2,1,0),Countdown-Num(0,0,14),SubmitNum-Num(12,13,9),Sub-Num(2,12,0),Add-Num(12,1,12),TestNumLessTEqu-Num(0,1,13),While-Num(13,14,2)]"
PROBLEM_for-loop-index__ARGS_NUM__MUT_05,2261,for-loop-index,Numeric,0.05,0,False,NONE,NONE,NONE,"NONE"
PROBLEM_for-loop-index__ARGS_NUM__MUT_05,2262,for-loop-index,Numeric,0.05,0,True,8,377,168,"[Add-Num(1,5,10),Inc-Num(15,9,6),LoadStart-Num(4,8,2),While-Num(15,10,2),SwapMem-Num(4,1,10),Add-Num(2,1,4),SubmitNum-Num(1,11,10),TestNumGreater-Num(10,4,15)]"
PROBLEM_for-loop-index__ARGS_NUM__MUT_05,2263,for-loop-index,Numeric,0.05,0,False,NONE,NONE,NONE,"NONE"
PROBLEM_for-loop-index__ARGS_NUM__MUT_05,2264,for-loop-index,Numeric,0.05,0,False,NONE,NONE,NONE,"NONE"
PROBLEM_for-loop-index__ARGS_NUM__MUT_05,2265,for-loop-index,Numeric,0.05,0,True,14,454,401,"[Sub-Num(1,0,12),LoadEnd-Num(11,1,13),Dec-Num(11,4,12),SubmitNum-Num(0,12,2),LoadStep-Num(3,4,1),LoadStart-Num(6,15,12),TestNumLess-Num(3,12,8),Countdown-Num(8,10,12),Countdown-Num(12,10,13),Add-Num(3,6,2),Add-Num(3,2,5),TestNumGreaterTEqu-Num(11,5,12),SubmitNum-Num(2,6,10),CopyMem-Num(2,6,12)]"
PROBLEM_for-loop-index__ARGS_NUM__MUT_05,2266,for-loop-index,Numeric,0.05,0,True,10,316,85,"[Dec-Num(1,10,11),Dec-Num(5,11,9),LoadStart-Num(2,11,1),Countdown-Num(5,15,13),Add-Num(13,2,2),TestNumGreater-Num(2,1,7),While-Num(7,13,9),Close(13,3,6),SubmitNum-Num(2,6,12),LoadStep-Num(13,7,6)]"
PROBLEM_for-loop-index__ARGS_NUM__MUT_05,2267,for-loop-index,Numeric,0.05,0,False,NONE,NONE,NONE,"NONE"
PROBLEM_for-loop-index__ARGS_NUM__MUT_05,2268,for-loop-index,Numeric,0.05,0,False,NONE,NONE,NONE,"NONE"
PROBLEM_for-loop-index__ARGS_NUM__MUT_05,2269,for-loop-index,Numeric,0.05,0,True,8,450,438,"[Set-12-Num(15,0,11),LoadStep-Num(14,14,5),LoadStart-Num(2,9,9),While-Num(15,9,9),Add-Num(14,2,12),SubmitNum-Num(2,8,10),TestNumGreater-Num(1,12,15),Add-Num(2,14,2)]"
PROBLEM_for-loop-index__ARGS_NUM__MUT_05,2270,for-loop-index,Numeric,0.05,0,False,NONE,NONE,NONE,"NONE"
PROBLEM_for-loop-index__ARGS_NUM__MUT_05,2271,for-loop-index,Numeric,0.05,0,True,6,278,207,"[Add-Num(7,0,15),While-Num(2,1,12),TestNumLess-Num(15,1,10),Countdown-Num(10,6,14),SubmitNum-Num(15,15,6),Add-Num(2,15,15)]"
PROBLEM_for-loop-index__ARGS_NUM__MUT_05,2272,for-loop-index,Numeric,0.05,0,True,8,441,369,"[Dec-Num(11,7,3),While-Num(2,14,1),Inc-Num(11,15,3),Mult-Num(2,11,6),Add-Num(0,6,14),TestNumLessTEqu-Num(1,14,10),IfNot-Num(10,9,7),SubmitNum-Num(14,12,10)]"
PROBLEM_for-loop-index__ARGS_NUM__MUT_05,2273,for-loop-index,Numeric,0.05,0,True,10,320,274,"[Set-11-Num(14,11,7),SubmitNum-Num(0,12,10),LoadEnd-Num(5,14,1),Dec-Num(5,3,4),Sub-Num(5,2,1),Countdown-Num(14,7,13),TestNumGreaterTEqu-Num(1,0,14),If-Num(14,7,2),Add-Num(2,0,0),SubmitNum-Num(0,13,1)]"
PROBLEM_for-loop-index__ARGS_NUM__MUT_05,2274,for-loop-index,Numeric,0.05,0,True,5,92,47,"[Countdown-Num(2,14,6),SubmitNum-Num(0,13,5),LoadStep-Num(2,10,10),Add-Num(0,2,0),TestNumLess-Num(0,1,2)]"
PROBLEM_for-loop-index__ARGS_NUM__MUT_05,2275,for-loop-index,Numeric,0.05,0,False,NONE,NONE,NONE,"NONE"
PROBLEM_for-loop-index__ARGS_NUM__MUT_05,2276,for-loop-index,Numeric,0.05,0,False,NONE,NONE,NONE,"NONE"
PROBLEM_for-loop-index__ARGS_NUM__MUT_05,2277,for-loop-index,Numeric,0.05,0,True,16,407,343,"[Sub-Num(1,2,1),TestNumGreaterTEqu-Num(6,8,5),LoadStart-Num(7,5,3),Close(11,11,12),SubmitNum-Num(7,4,5),Add-Num(5,0,14),Close(13,7,3),TestNumGreater-Num(14,1,10),If-Num(10,11,8),Return(12,13,10),Close(3,11,0),Add-Num(2,7,7),SubmitNum-Num(7,0,2),TestNumGreaterTEqu-Num(7,1,10),If-Num(10,9,10),IfNot-Num(8,3,5)]"
PROBLEM_for-loop-index__ARGS_NUM__MUT_05,2278,for-loop-index,Numeric,0.05,0,False,NONE,NONE,NONE,"NONE"
PROBLEM_for-loop-index__ARGS_NUM__MUT_05,2279,for-loop-index,Numeric,0.05,0,False,NONE,NONE,NONE,"NONE"
PROBLEM_for-loop-index__ARGS_NUM__MUT_05,2280,for-loop-index,Numeric,0.05,0,False,NONE,NONE,NONE,"NONE"
PROBLEM_for-loop-index__ARGS_NUM__MUT_05,2281,for-loop-index,Numeric,0.05,0,False,NONE,NONE,NONE,"NONE"
PROBLEM_for-loop-index__ARGS_NUM__MUT_05,2282,for-loop-index,Numeric,0.05,0,True,7,247,100,"[CopyMem-Num(2,5,12),Countdown-Num(5,8,2),SubmitNum-Num(0,6,6),LoadEnd-Num(14,0,5),Add-Num(0,2,0),Dec-Num(14,8,10),TestNumGreaterTEqu-Num(14,0,5)]"
PROBLEM_for-loop-index__ARGS_NUM__MUT_05,2283,for-loop-index,Numeric,0.05,0,True,11,342,196,"[SubmitNum-Num(0,8,3),TestNumLessTEqu-Num(6,2,7),Add-Num(7,2,13),LoadEnd-Num(5,4,0),While-Num(13,14,8),Add-Num(13,0,8),TestNumGreater-Num(8,5,1),While-Num(1,1,12),Close(15,7,11),Add-Num(0,2,0),SubmitNum-Num(0,5,12)]"
PROBLEM_for-loop-index__ARGS_NUM__MUT_05,2284,for-loop-index,Numeric,0.05,0,True,6,405,357,"[LoadStart-Num(15,12,7),Set-10-Num(5,10,2),While-Num(5,0,3),SubmitNum-Num(15,0,12),Add-Num(15,2,15),TestNumLess-Num(15,1,5)]"
PROBLEM_for-loop-index__ARGS_NUM__MUT_05,2285,for-loop-index,Numeric,0.05,0,True,9,316,152,"[Add-Num(0,12,9),Dec-Num(1,0,10),Close(14,0,0),SubmitNum-Num(9,7,6),Add-Num(2,9,5),TestNumGreater-Num(5,1,3),SwapMem-Num(9,5,15),While-Num(3,2,9),Set-15-Num(7,6,2)]"
PROBLEM_for-loop-index__ARGS_NUM__MUT_05,2286,for-loop-index,Numeric,0.05,0,True,7,265,199,"[Dec-Num(1,8,6),LoadStart-Num(8,13,7),Close(14,8,10),TestNumGreaterTEqu-Num(1,8,15),Countdown-Num(15,0,7),SubmitNum-Num(8,13,7),Add-Num(2,8,8)]"
PROBLEM_for-loop-index__ARGS_NUM__MUT_05,2287,for-loop-index,Numeric,0.05,0,True,9,306,76,"[LoadStart-Num(2,11,10),Dec-Num(1,1,2),Dec-Num(15,1,13),LoadStep-Num(3,14,5),Countdown-Num(15,1,0),TestNumLessTEqu-Num(2,1,12),If-Num(12,7,12),SubmitNum-Num(2,11,14),Add-Num(2,3,2)]"
PROBLEM_for-loop-index__ARGS_NUM__MUT_05,2288,for-loop-index,Numeric,0.05,0,True,12,366,349,"[LoadStart-Num(4,8,4),SwapMem-Num(4,2,1),Dec-Num(1,8,13),Countdown-Num(4,3,12),LoadStep-Num(12,0,6),TestNumEqu-Num(4,5,11),Dec-Num(1,2,15),While-Num(11,13,9),Add-Num(13,2,2),TestNumGreaterTEqu-Num(1,2,11),SubmitNum-Num(2,4,6),CopyMem-Num(12,13,3)]"
PROBLEM_for-loop-index__ARGS_NUM__MUT_05,2289,for-loop-index,Numeric,0.05,0,False,NONE,NONE,NONE,"NONE"
PROBLEM_for-loop-index__ARGS_NUM__MUT_05,2290,for-loop-index,Numeric,0.05,0,False,NONE,NONE,NONE,"NONE"
PROBLEM_for-loop-index__ARGS_NUM__MUT_05,2291,for-loop-index,Numeric,0.05,0,True,14,441,303,"[CopyMem-Num(2,5,12),LoadStart-Num(7,1,9),Add-Num(7,2,12),SubmitNum-Num(0,2,5),TestNumLess-Num(12,1,6),Countdown-Num(2,4,12),Dec-Num(1,14,1),Close(11,5,0),SwapMem-Num(8,1,10),Countdown-Num(6,7,5),Add-Num(5,7,1),TestNumLess-Num(1,8,6),SwapMem-Num(7,1,3),SubmitNum-Num(7,8,5)]"
PROBLEM_for-loop-index__ARGS_NUM__MUT_05,2292,for-loop-index,Numeric,0.05,0,False,NONE,NONE,NONE,"NONE"
PROBLEM_for-loop-index__ARGS_NUM__MUT_05,2293,for-loop-index,Numeric,0.05,0,True,10,133,120,"[LoadStart-Num(2,7,10),Close(2,11,3),LoadEnd-Num(12,3,13),Add-Num(2,14,2),SubmitNum-Num(2,3,4),LoadStep-Num(14,12,0),Sub-Num(12,14,1),Set-6-Num(12,15,1),Countdown-Num(12,12,0),TestNumGreaterTEqu-Num(2,1,12)]"
PROBLEM_for-loop-index__ARGS_NUM__MUT_05,2294,for-loop-index,Numeric,0.05,0,True,12,346,241,"[SubmitNum-Num(0,13,15),While-Num(2,12,12),Dec-Num(14,0,12),While-Num(3,11,9),TestNumLess-Num(14,0,5),Add-Num(0,2,0),While-Num(5,15,12),Close(13,5,14),SubmitNum-Num(0,6,4),Close(15,7,11),Set-6-Num(3,15,10),Sub-Num(1,2,14)]"
PROBLEM_for-loop-index__ARGS_NUM__MUT_05,2295,for-loop-index,Numeric,0.05,0,True,8,195,90,"[TestNumGreaterTEqu-Num(4,4,10),Add-Num(0,13,13),Sub-Num(1,10,6),While-Num(10,8,14),TestNumLessTEqu-Num(13,6,3),Countdown-Num(3,7,0),SubmitNum-Num(13,3,1),Add-Num(2,13,13)]"
PROBLEM_for-loop-index__ARGS_NUM__MUT_05,2296,for-loop-index,Numeric,0.05,0,True,8,307,185,"[Sub-Num(1,2,11),Close(15,4,4),Add-Num(8,0,7),TestNumLess-Num(7,11,5),Add-Num(2,8,8),SubmitNum-Num(7,0,6),IfNot-Num(5,13,8),Mult-Num(0,10,6)]"
PROBLEM_for-loop-index__ARGS_NUM__MUT_05,2297,for-loop-index,Numeric,0.05,0,True,9,451,186,"[SwapMem-Num(4,2,2),Close(4,3,13),Add-Num(0,2,2),Add-Num(4,2,5),LoadStep-Num(0,10,6),SubmitNum-Num(2,4,11),TestNumLessTEqu-Num(1,5,3),If-Num(3,6,8),Set-6-Num(14,12,14)]"
PROBLEM_for-loop-index__ARGS_NUM__MUT_05,2298,for-loop-index,Numeric,0.05,0,False,NONE,NONE,NONE,"NONE"
PROBLEM_for-loop-index__ARGS_NUM__MUT_05,2299,for-loop-index,Numeric,0.05,0,False,NONE,NONE,NONE,"NONE"
PROBLEM_for-loop-index__ARGS_NUM__MUT_05,2300,for-loop-index,Numeric,0.05,0,False,NONE,NONE,NONE,"NONE"
PROBLEM_for-loop-index__ARGS_NUM__MUT_075,2201,for-loop-index,Numeric,0.075,0,True,6,193,138,"[Close(15,13,5),SubmitNum-Num(0,6,0),Add-Num(2,0,0),TestNumGreaterTEqu-Num(0,1,15),If-Num(15,3,1),Set-11-Num(6,9,0)]"
PROBLEM_for-loop-index__ARGS_NUM__MUT_075,2202,for-loop-index,Numeric,0.075,0,True,8,225,212,"[Close(9,12,6),Add-Num(0,2,4),SubmitNum-Num(0,0,15),SwapMem-Num(0,4,12),Mod-Num(3,15,15),While-Num(2,12,6),IfNot-Num(15,0,9),TestNumGreater-Num(1,0,15)]"
PROBLEM_for-loop-index__ARGS_NUM__MUT_075,2203,for-loop-index,Numeric,0.075,0,True,7,370,263,"[Set-7-Num(11,1,1),Dec-Num(1,3,13),LoadStart-Num(8,3,1),Countdown-Num(11,6,13),SubmitNum-Num(8,13,13),Add-Num(8,2,8),TestNumGreaterTEqu-Num(1,8,11)]"
PROBLEM_for-loop-index__ARGS_NUM__MUT_075,2204,for-loop-index,Numeric,0.075,0,True,9,472,445,"[LoadStep-Num(11,6,13),LoadStep-Num(13,1,3),Countdown-Num(13,15,6),Sub-Num(0,7,5),SubmitNum-Num(5,10,7),Sub-Num(1,5,9),Sub-Num(7,11,7),Dec-Num(9,15,15),TestNumGreaterTEqu-Num(9,11,13)]"
PROBLEM_for-loop-index__ARGS_NUM__MUT_075,2205,for-loop-index,Numeric,0.075,0,True,12,389,185,"[LoadStep-Num(9,14,11),LoadEnd-Num(7,12,6),Dec-Num(7,7,4),Add-Num(0,4,13),While-Num(9,3,11),SubmitNum-Num(13,13,0),Add-Num(9,13,2),Sub-Num(7,2,13),SwapMem-Num(13,2,1),TestNumLess-Num(2,10,15),Countdown-Num(15,15,8),Countdown-Num(2,4,15)]"
PROBLEM_for-loop-index__ARGS_NUM__MUT_075,2206,for-loop-index,Numeric,0.075,0,True,6,395,346,"[Add-Num(6,0,13),Set-1-Num(3,14,9),While-Num(3,14,0),SubmitNum-Num(13,1,9),Add-Num(13,2,13),TestNumLess-Num(13,1,3)]"
PROBLEM_for-loop-index__ARGS_NUM__MUT_075,2207,for-loop-index,Numeric,0.075,0,True,13,498,469,"[Sub-Num(1,5,11),LoadStart-Num(12,11,4),Dec-Num(11,2,1),LoadStep-Num(14,9,1),Set-13-Num(10,13,15),Countdown-Num(10,5,2),While-Num(6,10,11),SubmitNum-Num(12,7,4),Add-Num(14,12,12),Break(15,3,14),Close(10,13,3),TestNumLessTEqu-Num(12,11,10),Set-1-Num(6,10,5)]"
PROBLEM_for-loop-index__ARGS_NUM__MUT_075,2208,for-loop-index,Numeric,0.075,0,True,7,186,144,"[LoadStart-Num(6,8,15),Close(4,11,7),SubmitNum-Num(6,3,11),Add-Num(6,2,6),TestNumGreaterTEqu-Num(6,1,15),Countdown-Num(15,6,2),LoadStep-Num(15,14,10)]"
PROBLEM_for-loop-index__ARGS_NUM__MUT_075,2209,for-loop-index,Numeric,0.075,0,False,NONE,NONE,NONE,"NONE"
PROBLEM_for-loop-index__ARGS_NUM__MUT_075,2210,for-loop-index,Numeric,0.075,0,True,7,141,112,"[Close(15,8,12),Add-Num(0,2,5),SubmitNum-Num(0,12,4),TestNumLessTEqu-Num(1,5,9),SwapMem-Num(5,0,9),Countdown-Num(9,1,3),Return(3,4,0)]"
PROBLEM_for-loop-index__ARGS_NUM__MUT_075,2211,for-loop-index,Numeric,0.075,0,False,NONE,NONE,NONE,"NONE"
PROBLEM_for-loop-index__ARGS_NUM__MUT_075,2212,for-loop-index,Numeric,0.075,0,True,11,241,222,"[SubmitNum-Num(0,9,14),Close(8,15,5),LoadEnd-Num(9,12,15),Add-Num(2,0,2),Dec-Num(9,11,14),TestNumGreater-Num(2,9,3),IfNot-Num(3,7,5),LoadStep-Num(0,5,2),SubmitNum-Num(2,15,4),While-Num(8,6,3),Add-Num(15,10,4)]"
PROBLEM_for-loop-index__ARGS_NUM__MUT_075,2213,for-loop-index,Numeric,0.075,0,True,10,489,421,"[SubmitNum-Num(0,0,10),LoadEnd-Num(3,6,13),Dec-Num(3,13,5),Sub-Num(3,2,14),LoadStart-Num(1,7,6),TestNumLessTEqu-Num(1,14,5),Countdown-Num(5,9,11),Add-Num(2,1,1),TestNumLessTEqu-Num(1,14,5),SubmitNum-Num(1,9,2)]"
PROBLEM_for-loop-index__ARGS_NUM__MUT_075,2214,for-loop-index,Numeric,0.075,0,True,9,395,376,"[Sub-Num(14,2,14),Add-Num(14,1,9),Sub-Num(0,12,5),Close(4,5,8),TestNumGreaterTEqu-Num(5,9,1),SubmitNum-Num(5,14,8),Sub-Num(5,14,5),Countdown-Num(1,3,1),Set-15-Num(1,10,13)]"
PROBLEM_for-loop-index__ARGS_NUM__MUT_075,2215,for-loop-index,Numeric,0.075,0,True,10,280,147,"[LoadStart-Num(14,10,11),LoadEnd-Num(11,6,3),SubmitNum-Num(14,4,15),Dec-Num(11,15,15),Close(9,0,8),Add-Num(2,14,14),TestNumLess-Num(11,14,10),IfNot-Num(10,1,6),SubmitNum-Num(14,9,9),Break(3,8,8)]"
PROBLEM_for-loop-index__ARGS_NUM__MUT_075,2216,for-loop-index,Numeric,0.075,0,True,7,341,266,"[SubmitNum-Num(0,8,1),Sub-Num(1,2,7),TestNumLess-Num(0,7,6),Countdown-Num(6,14,3),Add-Num(2,0,0),SubmitNum-Num(0,7,5),TestNumLess-Num(0,7,6)]"
PROBLEM_for-loop-index__ARGS_NUM__MUT_075,2217,for-loop-index,Numeric,0.075,0,True,7,239,80,"[Add-Num(8,0,1),LoadEnd-Num(13,4,13),Close(0,14,9),TestNumLess-Num(1,13,7),Countdown-Num(7,1,0),SubmitNum-Num(1,13,11),Add-Num(1,2,1)]"
PROBLEM_for-loop-index__ARGS_NUM__MUT_075,2218,for-loop-index,Numeric,0.075,0,True,8,266,105,"[Set-5-Num(10,4,8),Close(12,12,6),Sub-Num(7,0,15),Countdown-Num(10,14,2),SubmitNum-Num(0,14,11),Sub-Num(2,15,0),TestNumGreater-Num(1,0,10),Break(13,13,1)]"
PROBLEM_for-loop-index__ARGS_NUM__MUT_075,2219,for-loop-index,Numeric,0.075,0,True,10,345,137,"[Set-5-Num(5,11,6),Inc-Num(2,6,15),Dec-Num(15,7,3),Mult-Num(15,2,14),Add-Num(1,14,3),Countdown-Num(5,7,7),Add-Num(4,0,0),TestNumGreaterTEqu-Num(3,0,5),LoadStep-Num(4,6,9),SubmitNum-Num(0,13,12)]"
PROBLEM_for-loop-index__ARGS_NUM__MUT_075,2220,for-loop-index,Numeric,0.075,0,True,9,289,81,"[Dec-Num(1,8,3),Dec-Num(14,15,6),SwapMem-Num(0,5,2),SubmitNum-Num(5,14,12),Countdown-Num(14,14,11),Add-Num(5,2,5),TestNumGreaterTEqu-Num(1,5,10),If-Num(10,3,14),SubmitNum-Num(5,9,10)]"
PROBLEM_for-loop-index__ARGS_NUM__MUT_075,2221,for-loop-index,Numeric,0.075,0,False,NONE,NONE,NONE,"NONE"
PROBLEM_for-loop-index__ARGS_NUM__MUT_075,2222,for-loop-index,Numeric,0.075,0,False,NONE,NONE,NONE,"NONE"
PROBLEM_for-loop-index__ARGS_NUM__MUT_075,2223,for-loop-index,Numeric,0.075,0,True,5,93,59,"[While-Num(2,1,4),IfNot-Num(9,4,3),SubmitNum-Num(0,11,2),Add-Num(2,0,0),TestNumGreaterTEqu-Num(0,1,9)]"
PROBLEM_for-loop-index__ARGS_NUM__MUT_075,2224,for-loop-index,Numeric,0.075,0,True,9,147,93,"[SwapMem-Num(2,10,13),Set-15-Num(6,3,14),LoadStart-Num(5,0,5),Countdown-Num(6,11,12),SubmitNum-Num(5,9,1),Add-Num(10,12,6),Add-Num(5,10,5),TestNumGreaterTEqu-Num(5,1,2),While-Num(2,10,14)]"
PROBLEM_for-loop-index__ARGS_NUM__MUT_075,2225,for-loop-index,Numeric,0.075,0,False,NONE,NONE,NONE,"NONE"
PROBLEM_for-loop-index__ARGS_NUM__MUT_075,2226,for-loop-index,Numeric,0.075,0,False,NONE,NONE,NONE,"NONE"
PROBLEM_for-loop-index__ARGS_NUM__MUT_075,2227,for-loop-index,Numeric,0.075,0,True,6,415,352,"[TestNumLessTEqu-Num(13,11,12),LoadStart-Num(10,6,9),Countdown-Num(12,13,7),SubmitNum-Num(10,13,6),Add-Num(10,2,10),TestNumGreater-Num(1,10,12)]"
PROBLEM_for-loop-index__ARGS_NUM__MUT_075,2228,for-loop-index,Numeric,0.075,0,False,NONE,NONE,NONE,"NONE"
PROBLEM_for-loop-index__ARGS_NUM__MUT_075,2229,for-loop-index,Numeric,0.075,0,True,6,491,271,"[SubmitNum-Num(0,10,10),Close(8,8,9),Add-Num(0,2,0),TestNumGreater-Num(1,0,5),Countdown-Num(5,0,10),SubmitNum-Num(0,0,3)]"
PROBLEM_for-loop-index__ARGS_NUM__MUT_075,2230,for-loop-index,Numeric,0.075,0,True,7,254,249,"[Dec-Num(1,1,9),LoadStart-Num(4,1,4),While-Num(2,10,11),SubmitNum-Num(4,6,11),LoadStep-Num(7,0,8),Add-Num(4,7,4),TestNumGreaterTEqu-Num(1,4,2)]"
PROBLEM_for-loop-index__ARGS_NUM__MUT_075,2231,for-loop-index,Numeric,0.075,0,True,7,157,140,"[Set-2-Num(3,13,5),While-Num(3,11,9),LoadEnd-Num(13,13,8),Dec-Num(13,0,11),SubmitNum-Num(0,12,11),Add-Num(2,0,0),TestNumLessTEqu-Num(0,13,3)]"
PROBLEM_for-loop-index__ARGS_NUM__MUT_075,2232,for-loop-index,Numeric,0.075,0,True,12,253,187,"[SubmitNum-Num(0,14,11),Add-Num(13,0,12),Sub-Num(1,2,14),Close(9,3,15),TestNumGreaterTEqu-Num(12,14,1),Add-Num(2,12,12),Countdown-Num(1,3,3),Not-Num(1,3,5),Close(6,5,9),SubmitNum-Num(12,1,10),Countdown-Num(15,3,0),CopyMem-Num(4,12,5)]"
PROBLEM_for-loop-index__ARGS_NUM__MUT_075,2233,for-loop-index,Numeric,0.075,0,False,NONE,NONE,NONE,"NONE"
PROBLEM_for-loop-index__ARGS_NUM__MUT_075,2234,for-loop-index,Numeric,0.075,0,True,6,418,332,"[Dec-Num(1,8,5),Close(3,0,8),TestNumLessTEqu-Num(0,1,11),Countdown-Num(11,14,0),SubmitNum-Num(0,15,2),Add-Num(0,2,0)]"
PROBLEM_for-loop-index__ARGS_NUM__MUT_075,2235,for-loop-index,Numeric,0.075,0,False,NONE,NONE,NONE,"NONE"
PROBLEM_for-loop-index__ARGS_NUM__MUT_075,2236,for-loop-index,Numeric,0.075,0,True,13,351,201,"[Close(8,3,14),Add-Num(10,0,10),LoadStep-Num(0,10,2),TestNumGreater-Num(10,1,11),While-Num(11,7,8),Close(7,11,14),Countdown-Num(2,7,9),Dec-Num(1,5,2),TestNumLessTEqu-Num(0,15,2),Close(5,11,12),SubmitNum-Num(10,13,6),While-Num(7,3,12),TestNumNEqu-Num(8,8,10)]"
PROBLEM_for-loop-index__ARGS_NUM__MUT_075,2237,for-loop-index,Numeric,0.075,0,True,6,415,205,"[SubmitNum-Num(0,5,7),While-Num(2,12,1),Add-Num(0,2,0),TestNumGreater-Num(1,0,5),If-Num(5,0,8),SubmitNum-Num(0,14,13)]"
PROBLEM_for-loop-index__ARGS_NUM__MUT_075,2238,for-loop-index,Numeric,0.075,0,True,9,199,87,"[LoadStart-Num(4,6,9),SubmitNum-Num(0,7,9),Dec-Num(1,13,6),Close(6,13,1),Add-Num(4,2,4),TestNumGreater-Num(4,1,7),IfNot-Num(7,1,4),SubmitNum-Num(4,2,4),Break(12,4,15)]"
PROBLEM_for-loop-index__ARGS_NUM__MUT_075,2239,for-loop-index,Numeric,0.075,0,True,12,268,131,"[Dec-Num(1,1,14),LoadStart-Num(6,13,0),Sub-Num(1,2,1),SubmitNum-Num(6,7,9),Close(10,7,13),TestNumLess-Num(1,6,3),Add-Num(6,2,6),While-Num(3,9,11),Close(10,5,3),SubmitNum-Num(6,1,4),Countdown-Num(3,1,7),CopyMem-Num(12,1,8)]"
PROBLEM_for-loop-index__ARGS_NUM__MUT_075,2240,for-loop-index,Numeric,0.075,0,True,16,247,247,"[LoadStep-Num(1,1,11),SubmitNum-Num(0,0,10),LoadEnd-Num(15,7,8),Close(0,11,7),Dec-Num(15,1,10),Add-Num(1,0,0),TestNumLessTEqu-Num(0,15,2),IfNot-Num(2,8,15),Return(7,10,15),Close(3,1,6),LoadEnd-Num(15,6,3),SubmitNum-Num(0,10,2),Close(5,9,9),Set-1-Num(2,12,11),Countdown-Num(8,14,6),SwapMem-Num(2,13,11)]"
PROBLEM_for-loop-index__ARGS_NUM__MUT_075,2241,for-loop-index,Numeric,0.075,0,True,11,451,263,"[SubmitNum-Num(0,13,4),LoadStart-Num(1,8,0),TestNumLess-Num(10,2,4),LoadEnd-Num(14,11,0),Sub-Num(6,2,5),Sub-Num(14,4,14),Countdown-Num(4,15,9),Sub-Num(1,5,1),TestNumLessTEqu-Num(1,14,4),If-Num(4,1,8),SubmitNum-Num(1,13,3)]"
PROBLEM_for-loop-index__ARGS_NUM__MUT_075,2242,for-loop-index,Numeric,0.075,0,True,7,365,90,"[LoadStart-Num(12,11,4),Close(9,12,3),TestNumLessTEqu-Num(4,5,7),SubmitNum-Num(12,6,1),Add-Num(12,2,12),While-Num(7,14,10),TestNumGreaterTEqu-Num(12,1,7)]"
PROBLEM_for-loop-index__ARGS_NUM__MUT_075,2243,for-loop-index,Numeric,0.075,0,True,5,77,68,"[LoadStep-Num(6,15,8),While-Num(6,11,7),SubmitNum-Num(0,14,12),Add-Num(0,2,0),TestNumLess-Num(0,1,6)]"
PROBLEM_for-loop-index__ARGS_NUM__MUT_075,2244,for-loop-index,Numeric,0.075,0,True,8,92,80,"[Set-2-Num(1,1,5),LoadEnd-Num(14,5,14),Countdown-Num(1,0,10),Set-1-Num(7,11,5),SubmitNum-Num(0,12,2),Add-Num(2,0,0),Add-Num(0,7,15),TestNumLessTEqu-Num(15,14,1)]"
PROBLEM_for-loop-index__ARGS_NUM__MUT_075,2245,for-loop-index,Numeric,0.075,0,True,7,265,201,"[Dec-Num(14,12,7),SubmitNum-Num(0,9,5),Countdown-Num(14,13,10),Add-Num(2,0,0),TestNumGreater-Num(1,0,5),If-Num(5,13,1),SubmitNum-Num(0,12,7)]"
PROBLEM_for-loop-index__ARGS_NUM__MUT_075,2246,for-loop-index,Numeric,0.075,0,True,10,420,228,"[Sub-Num(9,2,9),LoadStart-Num(7,13,9),SubmitNum-Num(0,6,4),Sub-Num(1,2,3),Close(0,13,7),TestNumGreater-Num(3,7,13),If-Num(13,8,0),Sub-Num(7,9,7),SubmitNum-Num(7,9,6),Break(10,4,2)]"
PROBLEM_for-loop-index__ARGS_NUM__MUT_075,2247,for-loop-index,Numeric,0.075,0,True,6,194,136,"[Add-Num(0,7,4),Set-2-Num(8,9,11),While-Num(8,3,9),SubmitNum-Num(4,1,6),Add-Num(4,2,4),TestNumGreater-Num(1,4,8)]"
PROBLEM_for-loop-index__ARGS_NUM__MUT_075,2248,for-loop-index,Numeric,0.075,0,False,NONE,NONE,NONE,"NONE"
PROBLEM_for-loop-index__ARGS_NUM__MUT_075,2249,for-loop-index,Numeric,0.075,0,False,NONE,NONE,NONE,"NONE"
PROBLEM_for-loop-index__ARGS_NUM__MUT_075,2250,for-loop-index,Numeric,0.075,0,True,11,159,143,"[LoadStart-Num(10,9,12),Close(10,9,9),Sub-Num(1,10,1),Sub-Num(3,10,3),Sub-Num(4,3,2),SubmitNum-Num(2,8,7),LoadStep-Num(6,7,2),TestNumGreaterTEqu-Num(6,1,5),LoadStep-Num(10,13,14),Countdown-Num(5,4,3),Dec-Num(5,10,0)]"
PROBLEM_for-loop-index__ARGS_NUM__MUT_1,2001,for-loop-index,Numeric,0.1,0,True,7,284,252,"[SubmitNum-Num(0,13,13),Sub-Num(1,2,4),TestNumLess-Num(0,4,12),Countdown-Num(12,10,9),Add-Num(0,2,0),TestNumLess-Num(0,4,12),SubmitNum-Num(0,7,3)]"
PROBLEM_for-loop-index__ARGS_NUM__MUT_1,2002,for-loop-index,Numeric,0.1,0,True,11,313,246,"[SubmitNum-Num(0,9,7),Dec-Num(10,14,9),LoadStart-Num(6,7,14),Countdown-Num(10,12,6),Set-8-Num(1,13,8),LoadEnd-Num(0,10,12),While-Num(1,15,10),Add-Num(2,6,6),TestNumGreaterTEqu-Num(6,0,1),Close(10,13,12),SubmitNum-Num(6,12,4)]"
PROBLEM_for-loop-index__ARGS_NUM__MUT_1,2003,for-loop-index,Numeric,0.1,0,True,6,429,393,"[Set-8-Num(15,11,9),While-Num(15,13,7),Add-Num(2,0,6),SubmitNum-Num(0,15,3),CopyMem-Num(6,0,11),TestNumLess-Num(6,1,15)]"
PROBLEM_for-loop-index__ARGS_NUM__MUT_1,2004,for-loop-index,Numeric,0.1,0,True,9,201,151,"[Close(10,2,4),TestNumGreaterTEqu-Num(0,1,3),Close(4,0,3),SubmitNum-Num(0,13,4),Set-8-Num(3,10,10),Add-Num(0,2,0),Countdown-Num(3,12,12),While-Num(6,4,7),Not-Num(14,1,7)]"
PROBLEM_for-loop-index__ARGS_NUM__MUT_1,2005,for-loop-index,Numeric,0.1,0,False,NONE,NONE,NONE,"NONE"
PROBLEM_for-loop-index__ARGS_NUM__MUT_1,2006,for-loop-index,Numeric,0.1,0,False,NONE,NONE,NONE,"NONE"
PROBLEM_for-loop-index__ARGS_NUM__MUT_1,2007,for-loop-index,Numeric,0.1,0,True,9,349,228,"[SubmitNum-Num(0,0,9),LoadStart-Num(10,4,1),Close(8,7,14),Add-Num(2,10,4),TestNumGreaterTEqu-Num(4,1,6),Add-Num(7,4,10),IfNot-Num(6,9,5),SubmitNum-Num(10,5,9),Break(15,0,1)]"
PROBLEM_for-loop-index__ARGS_NUM__MUT_1,2008,for-loop-index,Numeric,0.1,0,False,NONE,NONE,NONE,"NONE"
PROBLEM_for-loop-index__ARGS_NUM__MUT_1,2009,for-loop-index,Numeric,0.1,0,False,NONE,NONE,NONE,"NONE"
PROBLEM_for-loop-index__ARGS_NUM__MUT_1,2010,for-loop-index,Numeric,0.1,0,False,NONE,NONE,NONE,"NONE"
PROBLEM_for-loop-index__ARGS_NUM__MUT_1,2011,for-loop-index,Numeric,0.1,0,True,9,440,348,"[LoadStart-Num(5,7,15),SubmitNum-Num(0,1,15),Close(12,10,5),Sub-Num(1,2,6),TestNumGreater-Num(6,5,10),If-Num(10,2,13),Add-Num(2,5,5),SubmitNum-Num(5,6,2),Break(9,7,10)]"
PROBLEM_for-loop-index__ARGS_NUM__MUT_1,2012,for-loop-index,Numeric,0.1,0,True,6,493,197,"[Set-6-Num(8,3,4),Sub-Num(12,2,15),While-Num(8,5,1),SubmitNum-Num(0,6,10),Sub-Num(0,15,0),TestNumLess-Num(0,1,8)]"
PROBLEM_for-loop-index__ARGS_NUM__MUT_1,2013,for-loop-index,Numeric,0.1,0,True,9,286,245,"[SubmitNum-Num(0,4,4),Close(10,6,13),Add-Num(2,0,0),TestNumLessTEqu-Num(1,0,14),While-Num(14,7,4),Close(15,10,0),SubmitNum-Num(0,10,8),Countdown-Num(7,15,11),Set-5-Num(7,2,5)]"
PROBLEM_for-loop-index__ARGS_NUM__MUT_1,2014,for-loop-index,Numeric,0.1,0,True,7,117,103,"[Set-12-Num(1,2,5),Countdown-Num(1,14,4),LoadEnd-Num(7,15,4),Dec-Num(7,11,12),SubmitNum-Num(0,8,13),Add-Num(0,2,0),TestNumLessTEqu-Num(0,7,1)]"
PROBLEM_for-loop-index__ARGS_NUM__MUT_1,2015,for-loop-index,Numeric,0.1,0,True,7,206,58,"[SubmitNum-Num(0,0,5),SwapMem-Num(0,3,11),While-Num(2,1,13),Add-Num(2,3,3),TestNumGreater-Num(1,3,13),If-Num(13,7,13),SubmitNum-Num(3,7,1)]"
PROBLEM_for-loop-index__ARGS_NUM__MUT_1,2016,for-loop-index,Numeric,0.1,0,False,NONE,NONE,NONE,"NONE"
PROBLEM_for-loop-index__ARGS_NUM__MUT_1,2017,for-loop-index,Numeric,0.1,0,True,9,336,279,"[Dec-Num(15,3,5),LoadStart-Num(8,11,10),Countdown-Num(15,9,9),Add-Num(2,8,9),SubmitNum-Num(8,15,9),SwapMem-Num(8,9,14),TestNumGreaterTEqu-Num(8,1,12),If-Num(12,6,8),Countdown-Num(15,6,2)]"
PROBLEM_for-loop-index__ARGS_NUM__MUT_1,2018,for-loop-index,Numeric,0.1,0,True,10,497,462,"[LoadEnd-Num(8,6,7),Close(0,8,4),Close(14,10,14),TestNumLessTEqu-Num(8,0,5),IfNot-Num(5,14,0),Sub-Num(5,0,1),SubmitNum-Num(0,2,3),Sub-Num(2,1,0),If-Num(7,1,11),While-Num(9,12,6)]"
PROBLEM_for-loop-index__ARGS_NUM__MUT_1,2019,for-loop-index,Numeric,0.1,0,False,NONE,NONE,NONE,"NONE"
PROBLEM_for-loop-index__ARGS_NUM__MUT_1,2020,for-loop-index,Numeric,0.1,0,True,7,113,94,"[SubmitNum-Num(0,13,12),While-Num(2,10,3),Add-Num(2,0,0),TestNumLessTEqu-Num(1,0,6),While-Num(6,8,8),Close(7,3,2),SubmitNum-Num(0,1,1)]"
PROBLEM_for-loop-index__ARGS_NUM__MUT_1,2021,for-loop-index,Numeric,0.1,0,True,7,433,281,"[SubmitNum-Num(0,13,5),Sub-Num(1,2,1),Close(13,14,8),TestNumLess-Num(0,1,3),Countdown-Num(3,3,2),Add-Num(2,0,0),SubmitNum-Num(0,7,8)]"
PROBLEM_for-loop-index__ARGS_NUM__MUT_1,2022,for-loop-index,Numeric,0.1,0,True,6,217,159,"[LoadStart-Num(10,12,7),LoadStep-Num(3,12,13),Countdown-Num(3,13,6),SubmitNum-Num(10,6,2),Add-Num(2,10,10),TestNumLess-Num(10,1,3)]"
PROBLEM_for-loop-index__ARGS_NUM__MUT_1,2023,for-loop-index,Numeric,0.1,0,True,7,93,81,"[Dec-Num(1,10,10),LoadStart-Num(13,8,5),Countdown-Num(2,15,10),SubmitNum-Num(13,2,8),LoadStep-Num(10,3,9),Add-Num(10,13,13),TestNumGreaterTEqu-Num(1,13,2)]"
PROBLEM_for-loop-index__ARGS_NUM__MUT_1,2024,for-loop-index,Numeric,0.1,0,True,7,226,191,"[SubmitNum-Num(0,5,12),Close(2,8,11),Add-Num(2,0,0),TestNumGreater-Num(1,0,10),While-Num(10,15,10),SubmitNum-Num(0,4,4),Not-Num(10,7,9)]"
PROBLEM_for-loop-index__ARGS_NUM__MUT_1,2025,for-loop-index,Numeric,0.1,0,True,9,422,380,"[Set-15-Num(4,15,10),LoadStart-Num(3,4,13),Countdown-Num(4,12,15),Add-Num(3,2,4),SubmitNum-Num(3,5,3),TestNumGreaterTEqu-Num(4,1,9),SwapMem-Num(4,3,10),LoadStep-Num(4,4,8),While-Num(9,3,7)]"
PROBLEM_for-loop-index__ARGS_NUM__MUT_1,2026,for-loop-index,Numeric,0.1,0,True,9,464,104,"[SubmitNum-Num(0,10,13),LoadEnd-Num(8,3,7),Close(0,6,9),Add-Num(0,2,0),Dec-Num(8,12,7),TestNumLessTEqu-Num(0,8,1),LoadEnd-Num(8,13,3),Countdown-Num(1,1,11),SubmitNum-Num(0,0,8)]"
PROBLEM_for-loop-index__ARGS_NUM__MUT_1,2027,for-loop-index,Numeric,0.1,0,True,7,286,259,"[SubmitNum-Num(0,1,4),While-Num(2,7,5),Add-Num(2,0,12),TestNumGreater-Num(1,12,7),If-Num(7,5,14),SubmitNum-Num(12,2,0),Add-Num(12,13,0)]"
PROBLEM_for-loop-index__ARGS_NUM__MUT_1,2028,for-loop-index,Numeric,0.1,0,True,7,148,109,"[Set-16-Num(5,13,3),LoadStart-Num(15,11,1),Countdown-Num(5,9,6),TestNumLess-Num(15,1,5),If-Num(5,0,12),SubmitNum-Num(15,7,15),Add-Num(2,15,15)]"
PROBLEM_for-loop-index__ARGS_NUM__MUT_1,2029,for-loop-index,Numeric,0.1,0,True,12,387,372,"[SubmitNum-Num(0,14,0),TestNumGreaterTEqu-Num(4,8,13),LoadEnd-Num(5,3,15),Dec-Num(5,3,4),Countdown-Num(13,5,7),LoadStep-Num(13,8,8),Add-Num(0,2,0),Set-3-Num(1,12,13),Countdown-Num(1,4,13),TestNumGreater-Num(0,5,1),Close(6,9,0),SubmitNum-Num(0,14,13)]"
PROBLEM_for-loop-index__ARGS_NUM__MUT_1,2030,for-loop-index,Numeric,0.1,0,False,NONE,NONE,NONE,"NONE"
PROBLEM_for-loop-index__ARGS_NUM__MUT_1,2031,for-loop-index,Numeric,0.1,0,True,10,361,337,"[Close(10,8,12),Add-Num(0,2,1),SubmitNum-Num(0,1,15),SwapMem-Num(0,1,4),TestNumGreaterTEqu-Num(11,7,10),LoadEnd-Num(14,10,12),Add-Num(10,0,3),TestNumGreater-Num(3,14,5),If-Num(5,1,7),Set-12-Num(13,1,5)]"
PROBLEM_for-loop-index__ARGS_NUM__MUT_1,2032,for-loop-index,Numeric,0.1,0,False,NONE,NONE,NONE,"NONE"
PROBLEM_for-loop-index__ARGS_NUM__MUT_1,2033,for-loop-index,Numeric,0.1,0,True,8,443,164,"[SubmitNum-Num(0,6,0),SwapMem-Num(10,0,1),Close(6,5,10),Add-Num(2,10,14),TestNumGreater-Num(1,14,11),Countdown-Num(11,1,12),SubmitNum-Num(14,11,10),CopyMem-Num(14,10,3)]"
PROBLEM_for-loop-index__ARGS_NUM__MUT_1,2034,for-loop-index,Numeric,0.1,0,True,8,266,109,"[Dec-Num(1,8,6),LoadStart-Num(13,9,2),Close(15,1,3),SubmitNum-Num(13,1,5),Add-Num(13,2,13),TestNumLessTEqu-Num(13,1,0),IfNot-Num(0,2,0),TestNumGreaterTEqu-Num(6,15,9)]"
PROBLEM_for-loop-index__ARGS_NUM__MUT_1,2035,for-loop-index,Numeric,0.1,0,True,11,205,119,"[LoadStart-Num(15,0,10),Close(5,9,1),TestNumGreater-Num(15,10,4),Add-Num(7,15,7),Countdown-Num(4,2,9),TestNumGreaterTEqu-Num(7,1,4),Close(12,13,10),SubmitNum-Num(7,10,12),If-Num(2,9,9),LoadStep-Num(15,12,7),Break(4,3,1)]"
PROBLEM_for-loop-index__ARGS_NUM__MUT_1,2036,for-loop-index,Numeric,0.1,0,True,11,432,354,"[LoadStart-Num(5,10,2),Dec-Num(6,15,12),SubmitNum-Num(0,1,13),Not-Num(10,10,14),Div-Num(2,6,7),Close(13,2,14),Sub-Num(5,7,5),Sub-Num(1,10,14),TestNumLessTEqu-Num(5,14,11),Countdown-Num(11,13,7),SubmitNum-Num(5,15,12)]"
PROBLEM_for-loop-index__ARGS_NUM__MUT_1,2037,for-loop-index,Numeric,0.1,0,False,NONE,NONE,NONE,"NONE"
PROBLEM_for-loop-index__ARGS_NUM__MUT_1,2038,for-loop-index,Numeric,0.1,0,True,6,332,103,"[LoadStep-Num(15,1,0),LoadStart-Num(10,6,12),Countdown-Num(2,10,8),SubmitNum-Num(10,6,10),Add-Num(10,15,10),TestNumGreater-Num(1,10,2)]"
PROBLEM_for-loop-index__ARGS_NUM__MUT_1,2039,for-loop-index,Numeric,0.1,0,True,9,428,379,"[LoadStart-Num(14,1,2),Close(11,3,12),SubmitNum-Num(14,5,2),LoadEnd-Num(4,3,5),Add-Num(2,14,14),Dec-Num(4,14,0),TestNumGreaterTEqu-Num(4,14,7),IfNot-Num(7,0,7),Mult-Num(7,3,13)]"
PROBLEM_for-loop-index__ARGS_NUM__MUT_1,2040,for-loop-index,Numeric,0.1,0,False,NONE,NONE,NONE,"NONE"
PROBLEM_for-loop-index__ARGS_NUM__MUT_1,2041,for-loop-index,Numeric,0.1,0,True,5,150,111,"[Set-5-Num(14,2,15),Countdown-Num(14,1,12),SubmitNum-Num(0,3,2),Add-Num(0,2,0),TestNumLess-Num(0,1,14)]"
PROBLEM_for-loop-index__ARGS_NUM__MUT_1,2042,for-loop-index,Numeric,0.1,0,False,NONE,NONE,NONE,"NONE"
PROBLEM_for-loop-index__ARGS_NUM__MUT_1,2043,for-loop-index,Numeric,0.1,0,True,8,399,92,"[Dec-Num(12,13,9),LoadStart-Num(9,0,6),Dec-Num(1,2,6),Countdown-Num(12,12,15),TestNumLessTEqu-Num(9,1,4),If-Num(4,15,11),SubmitNum-Num(9,3,1),Add-Num(2,9,9)]"
PROBLEM_for-loop-index__ARGS_NUM__MUT_1,2044,for-loop-index,Numeric,0.1,0,True,12,398,383,"[LoadStep-Num(12,6,7),LoadEnd-Num(11,6,1),Add-Num(0,10,9),Dec-Num(11,15,6),Close(10,14,0),Sub-Num(11,2,1),Add-Num(7,9,9),Countdown-Num(12,3,10),TestNumGreaterTEqu-Num(1,9,12),CopyMem-Num(2,7,11),SubmitNum-Num(9,10,1),Break(2,10,4)]"
PROBLEM_for-loop-index__ARGS_NUM__MUT_1,2045,for-loop-index,Numeric,0.1,0,True,8,473,331,"[LoadStart-Num(13,1,0),Close(4,4,2),Add-Num(13,2,7),SubmitNum-Num(13,7,3),Add-Num(15,7,13),TestNumGreaterTEqu-Num(13,1,8),If-Num(8,3,4),Set-10-Num(10,13,8)]"
PROBLEM_for-loop-index__ARGS_NUM__MUT_1,2046,for-loop-index,Numeric,0.1,0,True,10,203,194,"[Close(11,6,6),Add-Num(4,0,4),SubmitNum-Num(4,3,7),Countdown-Num(2,8,8),Dec-Num(1,6,13),Close(2,6,11),LoadStep-Num(0,3,1),TestNumLessTEqu-Num(1,4,9),While-Num(9,14,10),Set-10-Num(8,12,1)]"
PROBLEM_for-loop-index__ARGS_NUM__MUT_1,2047,for-loop-index,Numeric,0.1,0,False,NONE,NONE,NONE,"NONE"
PROBLEM_for-loop-index__ARGS_NUM__MUT_1,2048,for-loop-index,Numeric,0.1,0,False,NONE,NONE,NONE,"NONE"
PROBLEM_for-loop-index__ARGS_NUM__MUT_1,2049,for-loop-index,Numeric,0.1,0,False,NONE,NONE,NONE,"NONE"
PROBLEM_for-loop-index__ARGS_NUM__MUT_1,2050,for-loop-index,Numeric,0.1,0,True,8,388,304,"[LoadStart-Num(10,4,6),Close(15,1,13),Add-Num(10,6,8),TestNumLess-Num(8,1,15),If-Num(15,6,10),Add-Num(8,2,10),SubmitNum-Num(8,2,8),Break(0,7,7)]"
PROBLEM_for-loop-index__ARGS_TAG_BF__MUT_0001,1151,for-loop-index,Tag-BitFlips,0.0001,0,False,NONE,NONE,NONE,"NONE"
PROBLEM_for-loop-index__ARGS_TAG_BF__MUT_0001,1152,for-loop-index,Tag-BitFlips,0.0001,0,False,NONE,NONE,NONE,"NONE"
PROBLEM_for-loop-index__ARGS_TAG_BF__MUT_0001,1153,for-loop-index,Tag-BitFlips,0.0001,0,True,10,490,475,"[LoadEnd-Tag(0101000110001001,0111110100111001,0011110011010101),Sub-Tag(1000010111001010,1111111011101010,0010111101101010),Sub-Tag(1010110011110101,0001111100001011,1000111100000110),Countdown-Tag(0000001110101001,0011011111011110,1101101000000000),SubmitNum-Tag(0001011000001110,1100101011011101,0110111001000010),LoadStep-Tag(0101111110111010,0101110010101011,1010000001100010),Add-Tag(0001011000001110,1000101111011111,0100111001000010),SwapMem-Tag(1001110100011111,1011011010100101,1100100010011101),TestNumLess-Tag(1000011010001110,0000010010100101,0010011001100111),LoadEnd-Tag(0001110111101001,1011011000101001,1101011010100001)]"
PROBLEM_for-loop-index__ARGS_TAG_BF__MUT_0001,1154,for-loop-index,Tag-BitFlips,0.0001,0,False,NONE,NONE,NONE,"NONE"
PROBLEM_for-loop-index__ARGS_TAG_BF__MUT_0001,1155,for-loop-index,Tag-BitFlips,0.0001,0,False,NONE,NONE,NONE,"NONE"
PROBLEM_for-loop-index__ARGS_TAG_BF__MUT_0001,1156,for-loop-index,Tag-BitFlips,0.0001,0,True,9,339,75,"[Not-Tag(1111001010101100,0100011000001010,1011100111000010),While-Tag(1111011100000110,1111011110001001,0000000111000101),SubmitNum-Tag(1001111111101011,1110111001001100,1001010010110010),SwapMem-Tag(0110101011110010,1011001010010000,1110001100000110),LoadStep-Tag(0101010000111110,0111001110100000,0100001001101000),Add-Tag(0100010100001001,1010011000010010,1010100111001110),LoadEnd-Tag(0001011001111111,1100010101111001,0110000111010101),CopyMem-Tag(1110101011110110,0011001110010000,1110001100000100),TestNumGreater-Tag(0000001011011100,0001001101011010,1111100001011010)]"
PROBLEM_for-loop-index__ARGS_TAG_BF__MUT_0001,1157,for-loop-index,Tag-BitFlips,0.0001,0,True,24,423,299,"[LoadStart-Tag(0100000011000111,0111101011101011,0111100101010001),LoadEnd-Tag(1000101100001001,0010101100110011,0001101010011101),LoadStep-Tag(1011111100101011,0011110010011010,0100111101100001),Inc-Tag(1011111101111101,0101101001001101,0010000100010101),LoadStep-Tag(0110100000000101,1011110101101100,1100110011101110),Add-Tag(1111011111011100,0101001111000010,1101110010000100),Set-14-Tag(0100101001010110,0101100111100010,0101110111101111),SubmitNum-Tag(1000111011000000,0011010110010000,1100111101010000),TestNumLess-Tag(1111000100011000,0111001110100100,1010011000111010),Mod-Tag(0110111101100101,0101111010000100,0001011111011111),LoadStep-Tag(1000011101111111,0011101001101000,1011001101111001),Close(0101111110011101,1000110100110110,0100011011111010),Inc-Tag(0011110110110110,0010001101010010,1001101001110101),Mod-Tag(1110110111101001,1111101000000001,1000111110110100),Add-Tag(1011000110100111,0100001011100000,1100000111001101),If-Tag(0000101001100010,1111011101110001,1111110101101011),Return(1110110000100100,1100000000111101,1100000000111001),Close(0101110111001100,1010001010010101,1001010110100001),Add-Tag(1110001111011100,0101001110000010,1101110010000101),LoadStep-Tag(1111101001101010,0011100110110000,0111011100110001),SubmitNum-Tag(1000111011000000,0011010110010000,1100111101010000),TestNumLess-Tag(1111010100011000,0111001110100100,1010011000111010),IfNot-Tag(0010010111100001,1010000010110100,1000000110101010),Set-3-Tag(1010100111010110,1101101001110000,0010011110101111)]"
PROBLEM_for-loop-index__ARGS_TAG_BF__MUT_0001,1158,for-loop-index,Tag-BitFlips,0.0001,0,True,13,237,215,"[LoadStart-Tag(1111000101000000,0011110010001101,1100101010111100),Add-Tag(1100110101110101,0010000011001010,1011010000011100),LoadStep-Tag(0010000011011001,1101111100011100,1110010110101100),LoadEnd-Tag(0101111110000101,1110000111111011,0100111000100100),Close(1110000110101100,0110001000001010,0001110101100011),SubmitNum-Tag(0011000010001010,0100001000001011,1111111011111110),Add-Tag(1100110101110101,0010000011001010,1011010000011100),SwapMem-Tag(0011101000010010,1101001000000100,1010100000001010),Add-Tag(1001001101100011,1000101111000010,1010010101010000),Add-Tag(1100110101110101,0010000011000010,1011010000011100),TestNumGreaterTEqu-Tag(0110000001010101,0111001011101100,1011100100110011),Countdown-Tag(0111101100010001,1000110001100001,1001010110011110),Not-Tag(0101111100100011,1001001010010100,1100000110100111)]"
PROBLEM_for-loop-index__ARGS_TAG_BF__MUT_0001,1159,for-loop-index,Tag-BitFlips,0.0001,0,False,NONE,NONE,NONE,"NONE"
PROBLEM_for-loop-index__ARGS_TAG_BF__MUT_0001,1160,for-loop-index,Tag-BitFlips,0.0001,0,False,NONE,NONE,NONE,"NONE"
PROBLEM_for-loop-index__ARGS_TAG_BF__MUT_0001,1161,for-loop-index,Tag-BitFlips,0.0001,0,False,NONE,NONE,NONE,"NONE"
PROBLEM_for-loop-index__ARGS_TAG_BF__MUT_0001,1162,for-loop-index,Tag-BitFlips,0.0001,0,False,NONE,NONE,NONE,"NONE"
PROBLEM_for-loop-index__ARGS_TAG_BF__MUT_0001,1163,for-loop-index,Tag-BitFlips,0.0001,0,True,7,457,433,"[Not-Tag(1101000110001110,0101111010011101,1110010000010110),While-Tag(1110000110011110,0010100101011101,0000011110001110),Sub-Tag(1011110101110011,0110101001010111,1011000101101000),TestNumGreater-Tag(0011000001011100,0101010111111111,1111000010000111),If-Tag(0111010000111111,0110101011010101,0001111100011011),SubmitNum-Tag(0110110100011000,0000111000010000,1000010111011100),Add-Tag(1011111100101011,1001101100100001,1011001011111011)]"
PROBLEM_for-loop-index__ARGS_TAG_BF__MUT_0001,1164,for-loop-index,Tag-BitFlips,0.0001,0,False,NONE,NONE,NONE,"NONE"
PROBLEM_for-loop-index__ARGS_TAG_BF__MUT_0001,1165,for-loop-index,Tag-BitFlips,0.0001,0,True,13,407,357,"[Add-Tag(0100011000001010,1111101000100010,0011000010000100),SubmitNum-Tag(1101110101011011,0011101111011000,1111011110000000),LoadEnd-Tag(1000010000011111,1100100000011000,0100011000001010),Dec-Tag(1000111110101111,1101111001111001,0011010001101000),LoadStep-Tag(1000100101010101,0010001000101100,1100010110111000),While-Tag(0010011010100100,0010111110111000,0111111100011101),Add-Tag(1110111111010101,1010101001110001,1111110010111000),TestNumLess-Tag(0000111001010111,1001111111000100,0000001100111010),Mod-Tag(0100011000001010,1111001001100010,0011000110000100),IfNot-Tag(1110010110000001,1011100000000100,1110011001000010),Return(0011011110010000,1111000100100000,1000011001000110),Close(0001011010110000,1111011011100110,0111001010101001),SubmitNum-Tag(1101110111011011,0011101111011000,1111011110000000)]"
PROBLEM_for-loop-index__ARGS_TAG_BF__MUT_0001,1166,for-loop-index,Tag-BitFlips,0.0001,0,False,NONE,NONE,NONE,"NONE"
PROBLEM_for-loop-index__ARGS_TAG_BF__MUT_0001,1167,for-loop-index,Tag-BitFlips,0.0001,0,True,6,233,222,"[Countdown-Tag(0010011111110001,1110000010111110,1101000110000000),LoadStep-Tag(0011000011001000,0000111000110110,0111001111101111),SubmitNum-Tag(1111111101110001,1111101110111100,0110001000111010),Add-Tag(1011111110000010,1010111111100010,0110111110001011),Sub-Tag(0100110010001100,0000001011100000,1111111010111110),TestNumLess-Tag(0111100101111110,0101011110000101,0011101110010111)]"
PROBLEM_for-loop-index__ARGS_TAG_BF__MUT_0001,1168,for-loop-index,Tag-BitFlips,0.0001,0,True,8,460,183,"[Add-Tag(0101110000110010,0111010111111001,1010100010101010),SwapMem-Tag(0101000001000110,0001111000010011,1010010000010011),While-Tag(1101010101011111,1000011001011101,1110011000010111),SubmitNum-Tag(1001100110000010,0100101100111111,1001011001111111),LoadStep-Tag(0000110000111000,1001010111101000,0100000111000001),Add-Tag(0101110000110010,1011100111111001,1010100010101010),TestNumLessTEqu-Tag(1010000101110110,0000100110101010,0101101001011101),Dec-Tag(1101000101011111,1000010001010001,0110001001010111)]"
PROBLEM_for-loop-index__ARGS_TAG_BF__MUT_0001,1169,for-loop-index,Tag-BitFlips,0.0001,0,False,NONE,NONE,NONE,"NONE"
PROBLEM_for-loop-index__ARGS_TAG_BF__MUT_0001,1170,for-loop-index,Tag-BitFlips,0.0001,0,True,11,328,315,"[LoadStep-Tag(0000110101111000,1011101110001010,1011010111111001),SubmitNum-Tag(0111011110100110,1100100011000001,1001011110101010),Add-Tag(1100101111111011,0111000101001010,0101010100011111),While-Tag(0110110011001001,1110000011001101,0000111100101000),LoadEnd-Tag(1010111000001001,0011111000110100,0100000001111010),TestNumLess-Tag(0000110101010110,1001110000000110,0010000101101100),LoadStep-Tag(1001111001100011,1101000101111000,0101101101010110),While-Tag(0110110011001001,1110000011101101,0000111100101000),SubmitNum-Tag(0110011101000101,1111111001101000,0101000010110101),Add-Tag(0000001101010101,1001010001001001,0000111101010001),Break(0011110000010010,1010011010110110,1101111101010110)]"
PROBLEM_for-loop-index__ARGS_TAG_BF__MUT_0001,1171,for-loop-index,Tag-BitFlips,0.0001,0,False,NONE,NONE,NONE,"NONE"
PROBLEM_for-loop-index__ARGS_TAG_BF__MUT_0001,1172,for-loop-index,Tag-BitFlips,0.0001,0,False,NONE,NONE,NONE,"NONE"
PROBLEM_for-loop-index__ARGS_TAG_BF__MUT_0001,1173,for-loop-index,Tag-BitFlips,0.0001,0,False,NONE,NONE,NONE,"NONE"
PROBLEM_for-loop-index__ARGS_TAG_BF__MUT_0001,1174,for-loop-index,Tag-BitFlips,0.0001,0,False,NONE,NONE,NONE,"NONE"
PROBLEM_for-loop-index__ARGS_TAG_BF__MUT_0001,1175,for-loop-index,Tag-BitFlips,0.0001,0,False,NONE,NONE,NONE,"NONE"
PROBLEM_for-loop-index__ARGS_TAG_BF__MUT_0001,1176,for-loop-index,Tag-BitFlips,0.0001,0,False,NONE,NONE,NONE,"NONE"
PROBLEM_for-loop-index__ARGS_TAG_BF__MUT_0001,1177,for-loop-index,Tag-BitFlips,0.0001,0,True,13,369,369,"[Set-3-Tag(0110011100001010,0011101000111100,1001101001111111),Countdown-Tag(0000101000101111,0101001101100011,0110110101100100),While-Tag(0001101001110000,1101101100111100,0110001110111110),Add-Tag(1100101110010100,0110111011100111,0101100010001111),Inc-Tag(1111010111001101,1011111101111000,1011100001100110),TestNumGreater-Tag(1001111110101100,1101000110010100,0010110010001110),If-Tag(1000001100000100,1000011001011101,0000111000001110),Return(1000111011111101,1101101110000111,1100101001011000),Close(1010010101101000,0011010001100010,1011001101010010),Add-Tag(1000001100111011,0111100010010111,1011101101001010),SubmitNum-Tag(0111100000000111,1110101001110110,0000010100011111),Close(1100001110001010,0001011001110000,0011110110011010),TestNumNEqu-Tag(1010001000011111,1101011101001111,0001001001110100)]"
PROBLEM_for-loop-index__ARGS_TAG_BF__MUT_0001,1178,for-loop-index,Tag-BitFlips,0.0001,0,False,NONE,NONE,NONE,"NONE"
PROBLEM_for-loop-index__ARGS_TAG_BF__MUT_0001,1179,for-loop-index,Tag-BitFlips,0.0001,0,True,12,215,191,"[SubmitNum-Tag(1011101111101110,0000010010101100,0010100001110111),Dec-Tag(0111000101001100,0111111000001010,1110100100000011),LoadStep-Tag(0011101101010100,0111010010010010,1001010001111111),Dec-Tag(0010100111001010,1100001000100001,1101100011110010),Countdown-Tag(0110111101100101,0000100010001001,1101101110001110),SwapMem-Tag(0100010000011000,1101010100000101,1101010010001101),IfNot-Tag(0101110101001011,0101100110001111,1011101111101111),Add-Tag(1110111100101111,1011101010110101,0010110010110000),Add-Tag(1010010101100000,1001000101011101,0111111111001001),TestNumGreaterTEqu-Tag(1110001110011100,1110111110111010,1001101000110110),If-Tag(0011101001010011,1101000011011110,0101100101010010),SubmitNum-Tag(1010010100000100,1000010101000000,1110111100101000)]"
PROBLEM_for-loop-index__ARGS_TAG_BF__MUT_0001,1180,for-loop-index,Tag-BitFlips,0.0001,0,False,NONE,NONE,NONE,"NONE"
PROBLEM_for-loop-index__ARGS_TAG_BF__MUT_0001,1181,for-loop-index,Tag-BitFlips,0.0001,0,True,6,385,258,"[LoadEnd-Tag(0010011111000000,1100011101111110,0100111001000001),Sub-Tag(0010011111000000,1110011101111110,0100111001000001),While-Tag(1101000001110111,1001010111111000,1111000001111100),SubmitNum-Tag(0011110101111100,1000101011111000,1011111100001001),Add-Tag(1101010011100110,0011011111100011,1111001011111000),TestNumGreater-Tag(0010011111000000,1110011101111110,0100111001000001)]"
PROBLEM_for-loop-index__ARGS_TAG_BF__MUT_0001,1182,for-loop-index,Tag-BitFlips,0.0001,0,True,10,151,107,"[Set-12-Tag(1001001111101100,0101010111110101,1011011101111000),LoadStep-Tag(1101010100011010,1100011101110001,0100110000110010),LoadEnd-Tag(0100000101000010,0110001000000101,0010011100111101),Countdown-Tag(0011010000101001,0000001111011100,0011101010111011),Dec-Tag(1100000100000010,0000100010111001,0101001000101100),SubmitNum-Tag(1101000101111010,0101100010000010,1110101110111010),Add-Tag(0001010101001010,1101111101011011,0000001100011010),Add-Tag(1111011000001100,0000101101110110,1011111011110100),TestNumGreaterTEqu-Tag(1101000111010011,1110011100010111,1111001001100001),LoadEnd-Tag(1001001011000110,0101100101011001,1011001111011100)]"
PROBLEM_for-loop-index__ARGS_TAG_BF__MUT_0001,1183,for-loop-index,Tag-BitFlips,0.0001,0,False,NONE,NONE,NONE,"NONE"
PROBLEM_for-loop-index__ARGS_TAG_BF__MUT_0001,1184,for-loop-index,Tag-BitFlips,0.0001,0,False,NONE,NONE,NONE,"NONE"
PROBLEM_for-loop-index__ARGS_TAG_BF__MUT_0001,1185,for-loop-index,Tag-BitFlips,0.0001,0,False,NONE,NONE,NONE,"NONE"
PROBLEM_for-loop-index__ARGS_TAG_BF__MUT_0001,1186,for-loop-index,Tag-BitFlips,0.0001,0,True,10,362,102,"[Sub-Tag(0011010100011000,0001000110001100,1000010010110000),LoadStart-Tag(1001101111101000,0101110000100111,1001110011111010),LoadStep-Tag(1000101001111001,0101001011100011,1111110100101011),Close(0101011011110101,0110011011010101,0100111111010101),SubmitNum-Tag(1001001010111000,0001100001110010,1001101101111110),Add-Tag(1000100110011100,1000101010010100,1011100111001011),TestNumGreaterTEqu-Tag(1100100011001100,1010110110100001,0110001111011000),SwapMem-Tag(0100110000000101,0011010010011101,0011001100000101),If-Tag(1001010100110001,0000110111011011,0111011000001000),Set-10-Tag(0100101000000001,0110000000101101,0010110000011100)]"
PROBLEM_for-loop-index__ARGS_TAG_BF__MUT_0001,1187,for-loop-index,Tag-BitFlips,0.0001,0,False,NONE,NONE,NONE,"NONE"
PROBLEM_for-loop-index__ARGS_TAG_BF__MUT_0001,1188,for-loop-index,Tag-BitFlips,0.0001,0,False,NONE,NONE,NONE,"NONE"
PROBLEM_for-loop-index__ARGS_TAG_BF__MUT_0001,1189,for-loop-index,Tag-BitFlips,0.0001,0,False,NONE,NONE,NONE,"NONE"
PROBLEM_for-loop-index__ARGS_TAG_BF__MUT_0001,1190,for-loop-index,Tag-BitFlips,0.0001,0,False,NONE,NONE,NONE,"NONE"
PROBLEM_for-loop-index__ARGS_TAG_BF__MUT_0001,1191,for-loop-index,Tag-BitFlips,0.0001,0,False,NONE,NONE,NONE,"NONE"
PROBLEM_for-loop-index__ARGS_TAG_BF__MUT_0001,1192,for-loop-index,Tag-BitFlips,0.0001,0,False,NONE,NONE,NONE,"NONE"
PROBLEM_for-loop-index__ARGS_TAG_BF__MUT_0001,1193,for-loop-index,Tag-BitFlips,0.0001,0,True,24,500,469,"[LoadEnd-Tag(1011011001100110,1000011101101010,0010011001011111),LoadStart-Tag(1101101110101000,0101100110111011,0111000010100100),SubmitNum-Tag(1011001111101111,1011001100011100,0001011100011000),Set-0-Tag(0011010000111100,1001111011111110,0010111001000111),Add-Tag(1100100010000000,0111110101010101,1111001010010101),Set-10-Tag(1001011110100001,0101110001110100,1101110001110101),LoadStep-Tag(1100101010001001,1011011000110011,0101000011110110),Inc-Tag(1100101010001001,1011011000110011,0101000011110110),LoadStep-Tag(0010011000000101,0000101101000001,1110110011101110),Add-Tag(1010111001100110,1100110110101001,1111110110001000),TestNumLessTEqu-Tag(0101100100011000,0001110001111001,0000011111110000),Mod-Tag(0100000100011110,1110110100101101,1101110101011010),CopyMem-Tag(1000111001100110,1100100110101001,1111110110001000),SwapMem-Tag(1010000000011100,1000110101110101,1001101110011010),Close(0100101101101010,1110010010101110,1101101000001010),While-Tag(1110001011101111,0101000000001100,1100010111011110),Add-Tag(1100100010000000,0111110101010101,1111001010010101),SubmitNum-Tag(1011101000011101,1100001110011010,1101001110111110),Inc-Tag(1100101000001001,1011011000110011,0101000011110110),Add-Tag(1010111001100110,1100110110101001,1111110110001000),TestNumLessTEqu-Tag(0101100100011000,0001110001111001,0000011111110000),Mod-Tag(0100000100011110,1110110100101101,1101110101011010),CopyMem-Tag(1000111001100110,1100100110101001,1111110110101000),SwapMem-Tag(1010000000011100,1000110101110101,1001101110011010)]"
PROBLEM_for-loop-index__ARGS_TAG_BF__MUT_0001,1194,for-loop-index,Tag-BitFlips,0.0001,0,False,NONE,NONE,NONE,"NONE"
PROBLEM_for-loop-index__ARGS_TAG_BF__MUT_0001,1195,for-loop-index,Tag-BitFlips,0.0001,0,False,NONE,NONE,NONE,"NONE"
PROBLEM_for-loop-index__ARGS_TAG_BF__MUT_0001,1196,for-loop-index,Tag-BitFlips,0.0001,0,True,6,146,138,"[While-Tag(0111101100000001,1101111010101101,1010100010010000),SubmitNum-Tag(1011101101011010,0010010001000001,0100111101111110),LoadEnd-Tag(0001000001011010,0000111010101000,0110111111010011),LoadStep-Tag(0011111000101001,1011101110011100,0011110011001010),Add-Tag(0101100101111110,1001011000111111,1010111110110111),TestNumLess-Tag(1000110111010110,1000100011010110,1111101100000001)]"
PROBLEM_for-loop-index__ARGS_TAG_BF__MUT_0001,1197,for-loop-index,Tag-BitFlips,0.0001,0,False,NONE,NONE,NONE,"NONE"
PROBLEM_for-loop-index__ARGS_TAG_BF__MUT_0001,1198,for-loop-index,Tag-BitFlips,0.0001,0,False,NONE,NONE,NONE,"NONE"
PROBLEM_for-loop-index__ARGS_TAG_BF__MUT_0001,1199,for-loop-index,Tag-BitFlips,0.0001,0,False,NONE,NONE,NONE,"NONE"
PROBLEM_for-loop-index__ARGS_TAG_BF__MUT_0001,1200,for-loop-index,Tag-BitFlips,0.0001,0,False,NONE,NONE,NONE,"NONE"
PROBLEM_for-loop-index__ARGS_TAG_BF__MUT_001,1101,for-loop-index,Tag-BitFlips,0.001,0,True,7,102,88,"[Set-13-Tag(1111011101000001,1101000000001111,1110010001001101),While-Tag(0000000101010110,0001010010001011,0111100100111000),LoadEnd-Tag(1010001110000101,0100100011001100,0011111011001001),SubmitNum-Tag(1111101011001111,0011011011110001,1011001000000100),Dec-Tag(1011010010110111,1101011110101001,1000100011110110),Add-Tag(0110001100101010,1110011101001100,0101011111011110),TestNumGreaterTEqu-Tag(0110010110110101,1110111001001010,0000010001010101)]"
PROBLEM_for-loop-index__ARGS_TAG_BF__MUT_001,1102,for-loop-index,Tag-BitFlips,0.001,0,True,13,448,237,"[SubmitNum-Tag(1101110101001010,1011111011100001,0011101110100111),LoadEnd-Tag(0010111111001001,1100111001110011,1111111010001100),LoadEnd-Tag(1001001001101001,1101111101101101,0010011111100111),Add-Tag(0100011111101111,0000001101100000,0001110111100101),Inc-Tag(0100100111011101,0010111110101001,1101001111010011),TestNumLessTEqu-Tag(0111110000010101,0100100100001101,0110111111101001),LoadStep-Tag(0000100000000111,0101110101001001,0111110011001000),LoadStart-Tag(0101011001110010,1001110001000100,0101111100010000),Countdown-Tag(0110100111000101,0000011010100100,1111110010100011),Add-Tag(0100000111100101,0000011100101011,0001100101000101),Add-Tag(1101000001010101,1000100101100111,1011000000011111),SubmitNum-Tag(0100100110010101,0101110011011000,1110001111011100),TestNumGreater-Tag(1001011001110100,1111000100010111,0010100111001010)]"
PROBLEM_for-loop-index__ARGS_TAG_BF__MUT_001,1103,for-loop-index,Tag-BitFlips,0.001,0,True,15,327,235,"[Not-Tag(1100001110111000,0000011010110111,0101000010101000),TestNumEqu-Tag(0111011101100001,0010111101111011,1111010001011001),Inc-Tag(1000000001101101,1101100000011001,0000110110001111),LoadStep-Tag(0010011011001010,1101001100001001,0010001110110100),Countdown-Tag(0000010010111111,1011001111000111,1111010001001001),TestNumLess-Tag(0011110101011001,1010001101011010,0001100010111111),If-Tag(0000001001011010,1000100001011010,0111001001101110),LoadEnd-Tag(1001000100111011,0110000101110101,0010001000001110),While-Tag(0011100110101101,0011110101001010,0010010100101111),Set-0-Tag(1011110101011000,0011110000101100,0111100111111111),Add-Tag(1111100010010100,0100010010010001,0101110010101011),Add-Tag(1010111110000000,0011111111001110,0101110110011101),Close(1100110001101101,0001000111111001,1001110011111011),SubmitNum-Tag(1101111101000001,0001111000110100,0111000001111100),Add-Tag(1100010000110011,1111010100010000,1100011001110100)]"
PROBLEM_for-loop-index__ARGS_TAG_BF__MUT_001,1104,for-loop-index,Tag-BitFlips,0.001,0,False,NONE,NONE,NONE,"NONE"
PROBLEM_for-loop-index__ARGS_TAG_BF__MUT_001,1105,for-loop-index,Tag-BitFlips,0.001,0,True,9,327,227,"[Set-14-Tag(1100101000101100,0111001010100011,0000110111101011),LoadStep-Tag(0101110101000110,0001101010110011,1010100011100111),While-Tag(1101101011100000,0111000110011111,1111010000001010),SubmitNum-Tag(1101111011010110,1010011101101110,1010010010110001),LoadEnd-Tag(0101100100110011,1011010100110110,0110100000100101),Add-Tag(1101000101110101,1110100011101111,1000111111111100),TestNumLess-Tag(0111111000011111,0111101000100011,1111010000000110),IfNot-Tag(1111000010110110,0010000101000110,0001010100011101),While-Tag(0101000100011100,0100010001011101,0111110100000111)]"
PROBLEM_for-loop-index__ARGS_TAG_BF__MUT_001,1106,for-loop-index,Tag-BitFlips,0.001,0,False,NONE,NONE,NONE,"NONE"
PROBLEM_for-loop-index__ARGS_TAG_BF__MUT_001,1107,for-loop-index,Tag-BitFlips,0.001,0,True,17,486,287,"[SubmitNum-Tag(1110101101110010,1100110011111011,0101010001010010),LoadStep-Tag(1100110111001100,0110100110110111,0100111011010100),Sub-Tag(0110010100000001,0110111111110101,0101010000001010),LoadStep-Tag(0010111010010000,0000110100010100,1111010111110100),LoadStart-Tag(0011111101111011,1010000101110100,0100111011001111),Set-1-Tag(1001001101011001,0111010101110010,1111000011101011),TestNumGreaterTEqu-Tag(1000111111011111,1110100000001110,1101111011110000),LoadStart-Tag(0010111000111011,1101101100001101,1110010010110100),Div-Tag(0100010010001101,1111101111001010,1001111111101000),Close(1110110100100110,1110111010111010,0011111111011110),IfNot-Tag(1000001001001000,1110000001101011,1000010100001100),Add-Tag(0111011011111001,1001001101011010,0000000101100010),Div-Tag(1011011101100010,1001110001011011,0001010000010110),SubmitNum-Tag(1000010001010001,1101110011111000,1101011111000101),TestNumLess-Tag(0011001101000011,1001000000001101,0000010111110001),IfNot-Tag(0101110001100100,0111101011001101,1111000110011100),Sub-Tag(1100100011100111,0110111001000000,1011111111010001)]"
PROBLEM_for-loop-index__ARGS_TAG_BF__MUT_001,1108,for-loop-index,Tag-BitFlips,0.001,0,True,10,279,268,"[LoadStep-Tag(1100000101111101,0101110001110111,1000111100001111),While-Tag(0000001000010111,1110001110010110,0101100001001101),LoadEnd-Tag(0010010100000101,1001110111010100,0001011001101001),Add-Tag(0101001011011110,0010011111111010,1001000100110111),Add-Tag(1010000111110011,0111001001010110,1011110100111011),TestNumLess-Tag(1111010111110110,1010000100101001,0101011011111111),SubmitNum-Tag(0000001110110100,1110010101011011,0111011101010101),SwapMem-Tag(1111011010111111,0011111000110001,0011101100000011),LoadStep-Tag(1000010110000110,0001011011100110,0110011010000100),SwapMem-Tag(0001110011111010,1100010100100000,1001110111110100)]"
PROBLEM_for-loop-index__ARGS_TAG_BF__MUT_001,1109,for-loop-index,Tag-BitFlips,0.001,0,False,NONE,NONE,NONE,"NONE"
PROBLEM_for-loop-index__ARGS_TAG_BF__MUT_001,1110,for-loop-index,Tag-BitFlips,0.001,0,False,NONE,NONE,NONE,"NONE"
PROBLEM_for-loop-index__ARGS_TAG_BF__MUT_001,1111,for-loop-index,Tag-BitFlips,0.001,0,True,5,474,255,"[While-Tag(0011001000110100,1110011001101101,1111101111101001),SubmitNum-Tag(1100111111010101,0101010111110010,0011100010010000),Add-Tag(0000001001110010,1111011101110011,1100011011111100),TestNumGreaterTEqu-Tag(1110110111110110,0001001000010100,1101001101101010),While-Tag(0110000011001010,0101110110011001,0011011110101011)]"
PROBLEM_for-loop-index__ARGS_TAG_BF__MUT_001,1112,for-loop-index,Tag-BitFlips,0.001,0,False,NONE,NONE,NONE,"NONE"
PROBLEM_for-loop-index__ARGS_TAG_BF__MUT_001,1113,for-loop-index,Tag-BitFlips,0.001,0,True,8,179,80,"[SwapMem-Tag(0011000101011001,1000101110001111,0001110001010001),LoadStart-Tag(1100100100100000,0100100100100011,0111100001010101),TestNumLessTEqu-Tag(1101001111010110,1010011100000101,1101010111010110),While-Tag(0111000001010011,0001100011110110,0101111110111111),SubmitNum-Tag(1111100101100001,0111110101111100,0111000010110101),LoadStep-Tag(1011110001101111,1000110001101001,1110011111000111),Add-Tag(0101100001100010,1111011011000101,0010010001111001),TestNumLess-Tag(0110100100001100,1000100100100111,0111000000010101)]"
PROBLEM_for-loop-index__ARGS_TAG_BF__MUT_001,1114,for-loop-index,Tag-BitFlips,0.001,0,False,NONE,NONE,NONE,"NONE"
PROBLEM_for-loop-index__ARGS_TAG_BF__MUT_001,1115,for-loop-index,Tag-BitFlips,0.001,0,True,8,454,243,"[TestNumGreaterTEqu-Tag(1001000010101110,0111110000100101,0010101111001110),Mult-Tag(0010111000010110,1110101010101110,1011100111110001),Close(0011011011110001,0001110111001010,1110001100110100),SubmitNum-Tag(1001001110011101,1000111110010000,0010101100110100),Add-Tag(1001100110111101,1011001101000000,0101100000011001),TestNumGreaterTEqu-Tag(1100111110011001,1011011011010110,1111001001100110),Countdown-Tag(1110011000001110,1010000011110000,1111010010001010),TestNumGreaterTEqu-Tag(1101101110001001,0101111001010011,1111001001100111)]"
PROBLEM_for-loop-index__ARGS_TAG_BF__MUT_001,1116,for-loop-index,Tag-BitFlips,0.001,0,False,NONE,NONE,NONE,"NONE"
PROBLEM_for-loop-index__ARGS_TAG_BF__MUT_001,1117,for-loop-index,Tag-BitFlips,0.001,0,False,NONE,NONE,NONE,"NONE"
PROBLEM_for-loop-index__ARGS_TAG_BF__MUT_001,1118,for-loop-index,Tag-BitFlips,0.001,0,True,14,478,426,"[LoadEnd-Tag(1100111010001111,0100010000001100,1111100010101000),LoadStep-Tag(0101000100011000,0010001001111010,1010000111010101),LoadStart-Tag(1110110001011010,1011100111001111,0001010111010011),Sub-Tag(1001001011110001,0010101011110110,1111000001110011),Dec-Tag(0110001001100110,1111001010111000,0011111000001000),Sub-Tag(0100010101000010,0101000111101011,1101111011010100),Mult-Tag(0110101111110110,1001000110100010,1101000010010000),Countdown-Tag(0111001101111100,1000110100100011,1100001000001001),Add-Tag(0000100100101001,1110111000110010,1011011001011110),Inc-Tag(1000001011001010,0010100010101001,0100001001101011),SubmitNum-Tag(1101101111011100,0000001100000110,1001011100101111),Sub-Tag(1111111110100100,0100100000101111,1101010011001110),Mult-Tag(0001010000011111,1000010001000011,0000101101111000),TestNumGreater-Tag(1100100011111001,1111110001001011,0110101111110111)]"
PROBLEM_for-loop-index__ARGS_TAG_BF__MUT_001,1119,for-loop-index,Tag-BitFlips,0.001,0,False,NONE,NONE,NONE,"NONE"
PROBLEM_for-loop-index__ARGS_TAG_BF__MUT_001,1120,for-loop-index,Tag-BitFlips,0.001,0,True,10,495,302,"[LoadStart-Tag(1101011101010011,0100010011111010,1011001100101100),SubmitNum-Tag(0101010100000011,1110110111110000,0101011011000101),While-Tag(0001000110010011,1110111111010110,1000101101001101),LoadEnd-Tag(0010101010101111,1110111111110100,0000011010100011),LoadStep-Tag(1101101011011000,1110010110100110,1111010000000101),Add-Tag(1000100011001101,1111111001111001,1110110011001110),CopyMem-Tag(1111010101011111,0100011101111101,0001010100110000),TestNumLessTEqu-Tag(0000101010001111,1100010101000001,0011011011011100),IfNot-Tag(0111010010101001,1011100101110101,0101110111100000),SubmitNum-Tag(0101000111010000,0011011111000111,1001001010100101)]"
PROBLEM_for-loop-index__ARGS_TAG_BF__MUT_001,1121,for-loop-index,Tag-BitFlips,0.001,0,True,8,400,338,"[While-Tag(0011100100100101,1110011101110101,0101100100100101),SubmitNum-Tag(1100111101010111,1100111110100110,0110000011101100),LoadStep-Tag(1110101011100100,1011100101110000,0011001000011110),TestNumLessTEqu-Tag(0101100000001101,0101001001111010,1000111011001011),Countdown-Tag(1010111100000111,0110000111000010,1101101010101000),Add-Tag(1010110011010000,1011001110111110,1110010010111111),Sub-Tag(1111101101111001,1101001100010001,0000111001111011),TestNumGreaterTEqu-Tag(0010010100001110,0111110000010010,0000010000001010)]"
PROBLEM_for-loop-index__ARGS_TAG_BF__MUT_001,1122,for-loop-index,Tag-BitFlips,0.001,0,False,NONE,NONE,NONE,"NONE"
PROBLEM_for-loop-index__ARGS_TAG_BF__MUT_001,1123,for-loop-index,Tag-BitFlips,0.001,0,True,11,465,162,"[Dec-Tag(1010100010101001,0100001010001010,0101000111011100),Add-Tag(1111110101111110,1000011000101001,0000100001111000),While-Tag(1011111100100000,0010001000001111,0101110001001100),Add-Tag(1110110001001010,1100001000000000,0100100001110000),TestNumGreaterTEqu-Tag(1101100010100111,0111110010110000,0011001001011000),LoadStep-Tag(1000010110110100,0111111110111101,0101111100100001),If-Tag(0111001000111010,0010110110110110,0001000110101010),SubmitNum-Tag(0110001011101000,0110100010100010,1001000101110100),LoadStep-Tag(1100111110000001,1101100101110100,1101100010000000),Sub-Tag(1110111001001001,0101011101011010,1100100000101111),Sub-Tag(1101000011011011,1010011011100001,0101101010001100)]"
PROBLEM_for-loop-index__ARGS_TAG_BF__MUT_001,1124,for-loop-index,Tag-BitFlips,0.001,0,True,8,114,107,"[Close(0100111101111011,0110011000100100,1110010110001111),SubmitNum-Tag(1011011110111110,1110101010100011,0010110001000010),Add-Tag(0011011100001011,0011111101110110,1010001001001101),SwapMem-Tag(0011110110100110,1010101010011100,1001000001011000),TestNumGreaterTEqu-Tag(0010110110101101,0101010011000100,0010011110011000),SwapMem-Tag(0011010110100110,1011111010011111,1011000011001010),While-Tag(0110010010011110,1010000111110011,0101100001100000),Set-16-Tag(0010011011110100,1110011010001001,0000011001110000)]"
PROBLEM_for-loop-index__ARGS_TAG_BF__MUT_001,1125,for-loop-index,Tag-BitFlips,0.001,0,True,9,395,382,"[Close(0100100001110010,0100011101100001,0001111010101100),LoadStep-Tag(0010000100110001,0111010100110101,0001000100110100),SubmitNum-Tag(0101100111111011,0010111000010000,0001110001010100),LoadEnd-Tag(1100101110001010,1101010100110110,1000110100101100),Dec-Tag(1100001100001000,0110001110010101,0000101100111010),Add-Tag(0010111001111110,1011010001110010,1101011110011101),TestNumLess-Tag(1100010100000011,1110110110001111,0011101110110101),Countdown-Tag(0011001101001010,1001011011001011,1100011010001001),Set-9-Tag(1011001010110110,1010100000100000,1011100010111010)]"
PROBLEM_for-loop-index__ARGS_TAG_BF__MUT_001,1126,for-loop-index,Tag-BitFlips,0.001,0,False,NONE,NONE,NONE,"NONE"
PROBLEM_for-loop-index__ARGS_TAG_BF__MUT_001,1127,for-loop-index,Tag-BitFlips,0.001,0,False,NONE,NONE,NONE,"NONE"
PROBLEM_for-loop-index__ARGS_TAG_BF__MUT_001,1128,for-loop-index,Tag-BitFlips,0.001,0,False,NONE,NONE,NONE,"NONE"
PROBLEM_for-loop-index__ARGS_TAG_BF__MUT_001,1129,for-loop-index,Tag-BitFlips,0.001,0,False,NONE,NONE,NONE,"NONE"
PROBLEM_for-loop-index__ARGS_TAG_BF__MUT_001,1130,for-loop-index,Tag-BitFlips,0.001,0,False,NONE,NONE,NONE,"NONE"
PROBLEM_for-loop-index__ARGS_TAG_BF__MUT_001,1131,for-loop-index,Tag-BitFlips,0.001,0,True,8,403,85,"[LoadEnd-Tag(1001011011001000,0010101011001011,0111010111001111),Close(0010110111001111,1100001000001111,0000000000110111),Add-Tag(0100110101001110,0010111011111011,0010010110110110),TestNumLess-Tag(1011011011000100,1001000001000001,0101110100000010),Countdown-Tag(0101111110010000,0000001000001000,1111100111000000),Add-Tag(0101101101000000,1110000100100001,0001101101001110),SubmitNum-Tag(0010000110101111,1110011110101000,1001101110100000),LoadStep-Tag(1110111001101100,1001100000001100,0111111101101010)]"
PROBLEM_for-loop-index__ARGS_TAG_BF__MUT_001,1132,for-loop-index,Tag-BitFlips,0.001,0,False,NONE,NONE,NONE,"NONE"
PROBLEM_for-loop-index__ARGS_TAG_BF__MUT_001,1133,for-loop-index,Tag-BitFlips,0.001,0,False,NONE,NONE,NONE,"NONE"
PROBLEM_for-loop-index__ARGS_TAG_BF__MUT_001,1134,for-loop-index,Tag-BitFlips,0.001,0,False,NONE,NONE,NONE,"NONE"
PROBLEM_for-loop-index__ARGS_TAG_BF__MUT_001,1135,for-loop-index,Tag-BitFlips,0.001,0,True,17,436,405,"[LoadStart-Tag(0111011000010010,0001110101101001,0110100000111100),LoadStep-Tag(0011100101011101,0110001101100100,1111001011110000),Add-Tag(1011011001100111,0000011101100011,1000001110101110),Set-11-Tag(0001000011011000,0101110111011101,0100010110101001),Sub-Tag(1000101000101111,0001110001010111,0010111100000010),TestNumLessTEqu-Tag(0001011110110111,0011011110011011,0101000111110101),LoadStep-Tag(0110111111011111,1010100111101110,0100111111110000),While-Tag(1001100111011011,0110000110011010,1001110100010011),TestNumGreater-Tag(0000010001111100,0010101001100101,0000101000100000),Countdown-Tag(1101101010110111,1110101100000111,1101110101001010),Return(0010000111011100,1010011111101111,0101100011011111),Close(1001011111101111,1101010010111111,1011001110101101),Add-Tag(1001010100110101,1011111100011110,0011110000011010),Add-Tag(1011111001110111,0000111001001111,0000101010101110),SubmitNum-Tag(1100111010000111,1011110101110110,0110011111011000),Add-Tag(0000011100001111,0111010011110011,0000100111111011),LoadEnd-Tag(1110111001110000,1110001011011101,1000100011001100)]"
PROBLEM_for-loop-index__ARGS_TAG_BF__MUT_001,1136,for-loop-index,Tag-BitFlips,0.001,0,False,NONE,NONE,NONE,"NONE"
PROBLEM_for-loop-index__ARGS_TAG_BF__MUT_001,1137,for-loop-index,Tag-BitFlips,0.001,0,False,NONE,NONE,NONE,"NONE"
PROBLEM_for-loop-index__ARGS_TAG_BF__MUT_001,1138,for-loop-index,Tag-BitFlips,0.001,0,False,NONE,NONE,NONE,"NONE"
PROBLEM_for-loop-index__ARGS_TAG_BF__MUT_001,1139,for-loop-index,Tag-BitFlips,0.001,0,True,14,413,231,"[Close(1101111111001111,1110101010001010,1000000101001000),Add-Tag(0110010101010000,1011000010000000,0011001010100001),Sub-Tag(0001101010111010,0010100001101101,0110000100011101),Close(1001001110111101,0110110100100011,0110010111100100),Add-Tag(1001011011010111,0010100000100101,0111010001011010),Inc-Tag(0111111010011000,1110010001110011,0000011111101110),LoadStep-Tag(1000101010010011,0100011011001001,1110010011001001),While-Tag(1011100010110000,1111001000000001,0111001001100001),LoadEnd-Tag(0110001110101010,1100101011100011,0101010111111000),Div-Tag(1000100011011100,0110111011011101,0110011101100111),Sub-Tag(0000000100111011,0111001111011010,0011111100000010),SubmitNum-Tag(1100010110011101,0110010010001101,0111111001010110),Countdown-Tag(1100101011111100,1000010110101111,1011000100011000),TestNumLessTEqu-Tag(0100101100010010,0100110101110000,1011011111010000)]"
PROBLEM_for-loop-index__ARGS_TAG_BF__MUT_001,1140,for-loop-index,Tag-BitFlips,0.001,0,False,NONE,NONE,NONE,"NONE"
PROBLEM_for-loop-index__ARGS_TAG_BF__MUT_001,1141,for-loop-index,Tag-BitFlips,0.001,0,True,12,272,140,"[Sub-Tag(0011011000011111,0001010100001100,1110000111100011),Mult-Tag(1100000011110101,0101010011110111,0100011101011101),Add-Tag(0110010000000001,1101010011011110,0011000000100111),Set-8-Tag(1110110101111000,0000110100101100,1010011001111000),While-Tag(0100100001111001,0101101110100001,0111101101101101),Sub-Tag(0000010010101110,0100001111000111,1100110011110111),Add-Tag(1010101110110001,0101000010010110,0111110101001101),SubmitNum-Tag(0011010001011100,0111100000001010,1010100101111000),TestNumGreater-Tag(1100010011110010,0000010101010111,1001000011001001),LoadStep-Tag(1010011000010011,1110110101101110,1101010100110101),IfNot-Tag(1100100101011000,1000101001010000,1100110111011110),While-Tag(0000000100111001,1001100000101110,1011010001101010)]"
PROBLEM_for-loop-index__ARGS_TAG_BF__MUT_001,1142,for-loop-index,Tag-BitFlips,0.001,0,False,NONE,NONE,NONE,"NONE"
PROBLEM_for-loop-index__ARGS_TAG_BF__MUT_001,1143,for-loop-index,Tag-BitFlips,0.001,0,True,15,423,393,"[LoadStart-Tag(0110011011001100,1011001010111011,1110000100000000),SubmitNum-Tag(0010111010110000,1000100110000011,0101111000000001),Add-Tag(0001001000011000,1110111110001001,1110011001100000),LoadStep-Tag(0010101011011000,0100110101100100,1101111110000000),LoadEnd-Tag(0101110111100111,0000011110000000,1100011010111110),TestNumGreater-Tag(0101000101010101,1001001000111001,0110010111000110),SwapMem-Tag(0111010000111000,1111101111001101,1101000011100101),While-Tag(0111010000000101,1110110111110001,0010011100000000),Add-Tag(1011100100111111,0000101001011001,0011110101101011),SubmitNum-Tag(0110000111001100,0110111100111010,0110111111111001),Sub-Tag(0101111010010001,0111110101111000,1110100111001110),SwapMem-Tag(0101101010010100,1111101001110110,1001100011111111),TestNumLessTEqu-Tag(1011101010100001,1000110001000100,1111110011111011),Mod-Tag(0111011001011000,1100100111111101,0001011101100111),Add-Tag(0110111000100001,1110010111101111,1111111011101010)]"
PROBLEM_for-loop-index__ARGS_TAG_BF__MUT_001,1144,for-loop-index,Tag-BitFlips,0.001,0,True,15,480,462,"[Sub-Tag(0100111001010101,0000100000111111,1110101010010011),SubmitNum-Tag(1011101101100110,0101001101001100,1101101110111010),Sub-Tag(1100011011100111,1010000100111110,1101110000000000),TestNumGreaterTEqu-Tag(0101110001111000,1001011101111110,0010111000010111),LoadStep-Tag(0110101001000011,0011101011100010,0011111010011100),Div-Tag(1010111111001000,0000011000101100,1010111100100100),Inc-Tag(0010110000100101,0101100111010000,0111011010111011),TestNumGreaterTEqu-Tag(1110110101110011,1010100010100000,0000110001111010),Countdown-Tag(0101100000111110,0011111101010101,0101011000110110),Set-12-Tag(0000011111111010,1000110000011010,1110011010001000),Add-Tag(0111010111011011,1100001101101010,1111111101010010),SubmitNum-Tag(1111101111111100,0100010110110001,0010010100101001),TestNumGreater-Tag(1100111010110101,0011111000111111,0001011011000000),IfNot-Tag(1010110001000011,0101000000101011,1111111111010110),While-Tag(1011101100111000,1001111011010000,1100000000000001)]"
PROBLEM_for-loop-index__ARGS_TAG_BF__MUT_001,1145,for-loop-index,Tag-BitFlips,0.001,0,False,NONE,NONE,NONE,"NONE"
PROBLEM_for-loop-index__ARGS_TAG_BF__MUT_001,1146,for-loop-index,Tag-BitFlips,0.001,0,False,NONE,NONE,NONE,"NONE"
PROBLEM_for-loop-index__ARGS_TAG_BF__MUT_001,1147,for-loop-index,Tag-BitFlips,0.001,0,True,9,249,100,"[LoadStart-Tag(0001100001110010,0011110011110100,0111010010101001),LoadStep-Tag(1100000101101001,0010100010000100,1010110011110110),Dec-Tag(0001000100011100,1001100011011111,1100100011110110),SubmitNum-Tag(0100001100100111,0100100011111100,0001110011001101),While-Tag(1100110001001000,1011001100011010,0101010101111100),Add-Tag(0111001111100001,0111101101101000,0000001100100011),TestNumGreaterTEqu-Tag(1100000100011100,0011011000110000,1110000110010011),If-Tag(1110101011001001,1101111000111100,1101101011110110),SubmitNum-Tag(0100001100100111,0100001011011100,1001110011000100)]"
PROBLEM_for-loop-index__ARGS_TAG_BF__MUT_001,1148,for-loop-index,Tag-BitFlips,0.001,0,False,NONE,NONE,NONE,"NONE"
PROBLEM_for-loop-index__ARGS_TAG_BF__MUT_001,1149,for-loop-index,Tag-BitFlips,0.001,0,True,8,415,392,"[Set-7-Tag(0100010010111000,0010011111001110,1110110010000100),CopyMem-Tag(0001000101111001,0001110100011110,1101111110000101),While-Tag(0110010111011001,0010011000100100,0010000011001011),TestNumGreater-Tag(0000111110100110,1001111111111001,0101111100110011),LoadStep-Tag(0010101000111101,1010001011000001,0111100001010110),If-Tag(0010001000100100,0110111111010000,0001100011001000),SubmitNum-Tag(1100101010111110,1001001111101111,1000101100101100),Add-Tag(1011011101111100,1011110001011100,0101111101101111)]"
PROBLEM_for-loop-index__ARGS_TAG_BF__MUT_001,1150,for-loop-index,Tag-BitFlips,0.001,0,False,NONE,NONE,NONE,"NONE"
PROBLEM_for-loop-index__ARGS_TAG_BF__MUT_0025,1451,for-loop-index,Tag-BitFlips,0.0025,0,False,NONE,NONE,NONE,"NONE"
PROBLEM_for-loop-index__ARGS_TAG_BF__MUT_0025,1452,for-loop-index,Tag-BitFlips,0.0025,0,True,44,500,495,"[Dec-Tag(1100000101110001,0000110110000010,0111010101001010),SwapMem-Tag(0010100101111100,0010010111111111,0000010100011100),Close(0101111001100001,1101010101101110,1101001000001001),SubmitNum-Tag(1001011101011110,1011011010000100,1011001011110010),TestNumLess-Tag(1101011110110100,1000011000010010,1110110110101101),Countdown-Tag(1001111100100011,0100110011010000,1010110000111010),Dec-Tag(1000110010110110,1001010110011100,0011101111111011),Close(1101001111100010,1011100011001000,0010100010111100),TestNumLess-Tag(1101101111110000,1100010000101000,0010100001000001),Close(0000011100010100,0001101011101110,0111100110111100),Set-15-Tag(0110100100100110,1000110010110101,0000001010100110),CopyMem-Tag(1000001010100100,1011001111110011,1100100010101110),LoadStart-Tag(1100110000111100,1010000110110010,0000101100000000),TestNumLess-Tag(0101011110101101,0010001101011001,0010111000001010),Set-16-Tag(0100101010101011,1010110110000111,0110101010101111),Set-14-Tag(0000101100001101,1101011100010011,0010110111001110),Set-14-Tag(1110000000010111,1011010111101100,1001010110001010),IfNot-Tag(0110010010010100,1111111101010000,0001101111010111),Mult-Tag(0111101000011001,1100000110010101,1000110110110001),LoadEnd-Tag(0001101000101011,0001111110100101,1000100100000100),LoadStep-Tag(1001101001100110,1101110001010111,1111010110011101),Sub-Tag(1110010101000110,1100010000000010,0101101001111101),LoadEnd-Tag(1011000010011000,0100001110011111,0101010000111111),Set-3-Tag(0010000000010111,0011100001111111,1110110111011111),TestNumLessTEqu-Tag(1000001001011100,0101101010001100,1001100100100100),Set-11-Tag(1100100101011101,1011000000110000,1000011011101000),LoadStart-Tag(0011001111100000,0101000011111100,0110011000010110),SwapMem-Tag(0100111001100000,1110011000001001,0001111111111101),Set-14-Tag(0001100101010101,0101101101100110,1101000011111001),Mod-Tag(1111110100000011,1001101010100100,1110001010001011),Set-3-Tag(1101001011000111,1011001110111010,1101011001100101),Set-6-Tag(0100011110100001,1001010010010011,0100111110100101),Set-1-Tag(1101011011100101,0101101000100000,0001001100011001),Add-Tag(1001010011101100,0001001011101111,0001100111101110),LoadStep-Tag(0000001010011010,1111000010010011,1111100100100111),LoadStep-Tag(0010101101100110,1011000000110111,0101100000111010),LoadEnd-Tag(1101110011110001,0101100011100111,0110100100011011),Set-4-Tag(0111110010001111,1101110111011101,1111011001010011),Mult-Tag(0101101110010001,1100011010001101,0110110111101001),Set-10-Tag(1010000100001001,0101001100110001,1100001011111110),While-Tag(0100000000101101,1001110010011010,0011101100101000),Add-Tag(0010101011001101,1111011100110111,0011110110111110),IfNot-Tag(0101000000010100,1101110010010111,1100101011001000),Set-0-Tag(1101011100110000,1011010001010111,0001000011110110)]"
PROBLEM_for-loop-index__ARGS_TAG_BF__MUT_0025,1453,for-loop-index,Tag-BitFlips,0.0025,0,False,NONE,NONE,NONE,"NONE"
PROBLEM_for-loop-index__ARGS_TAG_BF__MUT_0025,1454,for-loop-index,Tag-BitFlips,0.0025,0,True,11,329,221,"[LoadStep-Tag(1110000000101010,0011000000101010,1101100000010111),LoadEnd-Tag(1000000001010011,1001011100000100,1011010111011111),Set-16-Tag(0001000101011110,1011110100110000,0011010110011000),Add-Tag(0111011110101101,1011010010000011,1100101110010101),SwapMem-Tag(1000101010100011,0011110001010000,1110010101110101),While-Tag(1001011100011101,0001111010010100,1101001101111011),CopyMem-Tag(0000111110010001,1110011101111101,0111110000010001),TestNumLessTEqu-Tag(0011110111100110,1001110110010000,1111000000110001),Add-Tag(1110101110101110,1011110000001110,1000111010111001),IfNot-Tag(1001011000110111,1010010000111010,0110001010110000),SubmitNum-Tag(0101100100111111,0111100000110011,0111111110100010)]"
PROBLEM_for-loop-index__ARGS_TAG_BF__MUT_0025,1455,for-loop-index,Tag-BitFlips,0.0025,0,True,10,466,344,"[SubmitNum-Tag(0111111011111011,0011110110110011,0110000010011010),LoadEnd-Tag(0110000000011100,0110011110001000,0011001110011111),While-Tag(0010000101110111,1001010100100101,0100111010100100),Sub-Tag(0111100010011111,0010111001111010,1010101101111111),Sub-Tag(0111101101100011,1011111101011110,0111100111110101),TestNumGreater-Tag(0101011101111110,0011011011011001,1100001001001001),TestNumEqu-Tag(0100011010101101,0111011101111110,0101010111110000),IfNot-Tag(0111011001010000,0001011000001001,1010100111001001),IfNot-Tag(0110001011000000,0100110011001100,0110110111101010),SubmitNum-Tag(0101111011001111,0111110111110111,1001100110110100)]"
PROBLEM_for-loop-index__ARGS_TAG_BF__MUT_0025,1456,for-loop-index,Tag-BitFlips,0.0025,0,True,17,489,363,"[LoadStart-Tag(0010000000011011,1001001100101111,0000000011000000),LoadStep-Tag(1001010011101000,1011100110010101,1011010000111111),LoadEnd-Tag(0110101100011110,1000100011111110,0000111011111101),Sub-Tag(1010011011011110,0100111100101100,1110001000101110),Sub-Tag(1001010111011010,0111011001100001,1010110011110011),Add-Tag(1110100000001111,0110001101000011,1000011010000011),Sub-Tag(1101001110011000,0100011111010010,1101100011110100),CopyMem-Tag(0101001011000001,1000001110100100,0111001000111000),Countdown-Tag(0011100010000100,0011111010111100,1010100101001000),LoadStep-Tag(1111001011011100,1100011101100000,1100011101101101),Mult-Tag(1110110111101001,1101011110110111,1101001001010010),Add-Tag(0001110110110111,1010011110001100,0000001100001110),SwapMem-Tag(0000111100101101,1110110010000100,0000011100001101),TestNumGreater-Tag(0100100000110011,1010111010001100,0101101011001111),Add-Tag(1000011011000011,0111010000110010,1001100001111011),Inc-Tag(1110111101101001,1000100110101110,1110101110010110),SubmitNum-Tag(1000000100001000,0000011011111101,0001010010010001)]"
PROBLEM_for-loop-index__ARGS_TAG_BF__MUT_0025,1457,for-loop-index,Tag-BitFlips,0.0025,0,False,NONE,NONE,NONE,"NONE"
PROBLEM_for-loop-index__ARGS_TAG_BF__MUT_0025,1458,for-loop-index,Tag-BitFlips,0.0025,0,True,10,248,197,"[Sub-Tag(0000000001000101,1001001101100010,1101110000000101),Dec-Tag(0100010101101111,1110011100111110,0000111100010110),CopyMem-Tag(0001011100011100,0100100011000100,0100001011010001),SwapMem-Tag(0100001100011010,1011011111011011,1101001010101010),Set-8-Tag(1011010101010101,0000110001110111,1101101000111010),Countdown-Tag(0100000110010111,0001001010011011,1011000010001111),Add-Tag(0111000100010011,0111011010000010,0100000001000101),SubmitNum-Tag(0000010100010010,1110110000011111,1111111010101010),TestNumGreaterTEqu-Tag(0100100000100100,1001110101110100,0100010101111010),Add-Tag(0001001010110011,0111100110111100,1011001001100111)]"
PROBLEM_for-loop-index__ARGS_TAG_BF__MUT_0025,1459,for-loop-index,Tag-BitFlips,0.0025,0,False,NONE,NONE,NONE,"NONE"
PROBLEM_for-loop-index__ARGS_TAG_BF__MUT_0025,1460,for-loop-index,Tag-BitFlips,0.0025,0,False,NONE,NONE,NONE,"NONE"
PROBLEM_for-loop-index__ARGS_TAG_BF__MUT_0025,1461,for-loop-index,Tag-BitFlips,0.0025,0,True,11,376,288,"[LoadStep-Tag(0000111101011010,1010000111110001,1000000010000100),Sub-Tag(0011011101100101,0000110000111101,1111001101001100),Add-Tag(0011111111111101,0000011111000011,1010101001100010),While-Tag(0001001100101001,1101100011100001,1011011010111011),SubmitNum-Tag(1010000001001100,0111001110000110,1101110010011110),While-Tag(1110000100001111,1000001000111001,0110000010001011),TestNumLess-Tag(1010000000010101,0111100000011100,0011101101010000),Add-Tag(1010101101010111,0000011111101110,0110000010100100),Break(1100010011010100,0110111011011010,1110001011010000),Close(1100000011000111,0011110010100010,1101110101110010),CopyMem-Tag(0010110000110101,0010101001010111,0010111100101000)]"
PROBLEM_for-loop-index__ARGS_TAG_BF__MUT_0025,1462,for-loop-index,Tag-BitFlips,0.0025,0,True,17,482,370,"[Set-14-Tag(1011001111010010,1001111011110100,1001111101101101),Close(0000000111100010,0010111010111101,1110100000101001),TestNumLess-Tag(1100000001110100,1111000101101101,1011101001011011),Close(0000001001111110,0101111001011110,0111110011111100),Set-12-Tag(1101110111000110,1011110011000000,0110110011010000),LoadStart-Tag(1001000010110000,1000011111101100,0110000011001010),Add-Tag(1000100100011000,0010010101100101,0000000011000011),LoadEnd-Tag(0111000101101101,0011001101011101,0011011100111001),SwapMem-Tag(1111001111010000,1101101101010000,1101011010101000),Div-Tag(0101111001101110,0011101101110111,0010011010100110),Countdown-Tag(0010010010100110,1011000010010100,1100111110011101),While-Tag(1000101111110100,1100011101110001,0100001011111110),LoadStep-Tag(1100100101011001,0000000111000111,0010111001010100),SubmitNum-Tag(0111010011110001,0111001110011001,1000011000011011),TestNumLessTEqu-Tag(1011100110011111,1010011110011100,0011101101000101),Add-Tag(0001000111101000,0001010001110010,1100101100010010),SwapMem-Tag(1010000011000010,0101011011000101,0110010011110010)]"
PROBLEM_for-loop-index__ARGS_TAG_BF__MUT_0025,1463,for-loop-index,Tag-BitFlips,0.0025,0,False,NONE,NONE,NONE,"NONE"
PROBLEM_for-loop-index__ARGS_TAG_BF__MUT_0025,1464,for-loop-index,Tag-BitFlips,0.0025,0,True,12,493,175,"[LoadStart-Tag(1000100110100010,0010001010001101,0110000100110100),Sub-Tag(1111011101010101,0000001100100101,0110100100101010),Div-Tag(0000000100101011,1111001101010011,1111110000100000),Countdown-Tag(0010111001101001,1100011100101100,1001011110111101),While-Tag(0100101000010011,0110100000000100,0000010101010111),CopyMem-Tag(1001101100111000,0010001100100000,0011110100000100),TestNumGreaterTEqu-Tag(0010100001110001,1010101100110001,0011110001000000),LoadStep-Tag(0010111101101011,0100110000110100,0001111011110101),SubmitNum-Tag(0011011110100000,1110110011001100,0100101000101110),Add-Tag(1010110000001001,0010101010001111,0001100111100000),IfNot-Tag(0001010010100010,1000110110001000,1101100001001011),Countdown-Tag(1100110000011010,1001000110101011,1000111101011000)]"
PROBLEM_for-loop-index__ARGS_TAG_BF__MUT_0025,1465,for-loop-index,Tag-BitFlips,0.0025,0,False,NONE,NONE,NONE,"NONE"
PROBLEM_for-loop-index__ARGS_TAG_BF__MUT_0025,1466,for-loop-index,Tag-BitFlips,0.0025,0,False,NONE,NONE,NONE,"NONE"
PROBLEM_for-loop-index__ARGS_TAG_BF__MUT_0025,1467,for-loop-index,Tag-BitFlips,0.0025,0,False,NONE,NONE,NONE,"NONE"
PROBLEM_for-loop-index__ARGS_TAG_BF__MUT_0025,1468,for-loop-index,Tag-BitFlips,0.0025,0,False,NONE,NONE,NONE,"NONE"
PROBLEM_for-loop-index__ARGS_TAG_BF__MUT_0025,1469,for-loop-index,Tag-BitFlips,0.0025,0,False,NONE,NONE,NONE,"NONE"
PROBLEM_for-loop-index__ARGS_TAG_BF__MUT_0025,1470,for-loop-index,Tag-BitFlips,0.0025,0,False,NONE,NONE,NONE,"NONE"
PROBLEM_for-loop-index__ARGS_TAG_BF__MUT_0025,1471,for-loop-index,Tag-BitFlips,0.0025,0,False,NONE,NONE,NONE,"NONE"
PROBLEM_for-loop-index__ARGS_TAG_BF__MUT_0025,1472,for-loop-index,Tag-BitFlips,0.0025,0,True,9,498,481,"[LoadStart-Tag(1010011000100001,0111101101000100,0011010000001011),SubmitNum-Tag(1010000001100110,1001111110100001,0101101110101001),LoadEnd-Tag(1000101100011010,0110110101010010,0100001110000101),Countdown-Tag(0001101100000010,0000011100000001,1011010000110100),LoadStep-Tag(0100111001001101,1010111011101000,1001100000100110),Add-Tag(0000100101000110,0111101110011010,1101110110111010),TestNumLess-Tag(1111110011111010,0001001111011000,0011011010110110),If-Tag(0001101110100011,1011100101101101,0011110111001010),SubmitNum-Tag(1101111110101110,0000000001001110,1010100000100100)]"
PROBLEM_for-loop-index__ARGS_TAG_BF__MUT_0025,1473,for-loop-index,Tag-BitFlips,0.0025,0,False,NONE,NONE,NONE,"NONE"
PROBLEM_for-loop-index__ARGS_TAG_BF__MUT_0025,1474,for-loop-index,Tag-BitFlips,0.0025,0,True,12,261,145,"[Sub-Tag(0010100110001111,0001101100111011,0110000011101110),Dec-Tag(1101110101000000,0001000101101101,0110011110010111),Set-8-Tag(0000101010011111,0101011011000110,1101011000111111),Add-Tag(1101010100001001,0100000010101101,0101011001110010),Add-Tag(1011110101001011,0111101101100111,0001001000110111),While-Tag(0100111000001001,0010101110101001,1110010100111000),SubmitNum-Tag(0011001101100100,1010101000010110,0000111110000010),LoadStep-Tag(0111111111111100,1111111100101000,1101101101110011),TestNumGreaterTEqu-Tag(0110110111010000,0011001001010010,1011100000001001),Add-Tag(1010001110100011,1111100010111101,1011010000110110),IfNot-Tag(1011110000111001,0001101000011101,1110101101000110),While-Tag(0111111011010111,0001011011100000,0000100101101001)]"
PROBLEM_for-loop-index__ARGS_TAG_BF__MUT_0025,1475,for-loop-index,Tag-BitFlips,0.0025,0,True,10,194,137,"[Sub-Tag(1110110001100000,0111110110011010,0010101111001010),SubmitNum-Tag(1101011011010111,1101101111111000,1101100110001010),CopyMem-Tag(0000010111011001,1101111110101011,0111111010000101),While-Tag(1010010100011011,1010110010100000,0011110010101000),TestNumGreater-Tag(0101011001010011,1011001111101101,0111110011010110),Sub-Tag(0010011101111010,0000011110100110,0111101110111011),If-Tag(0011010111011010,0001100001000111,1110000110010111),Sub-Tag(1100110010110110,1111010111011100,0101101101001011),SubmitNum-Tag(1011011110011111,0110111011111000,1100100011001010),Sub-Tag(0010011101111000,0100011110000110,0101101111111010)]"
PROBLEM_for-loop-index__ARGS_TAG_BF__MUT_0025,1476,for-loop-index,Tag-BitFlips,0.0025,0,False,NONE,NONE,NONE,"NONE"
PROBLEM_for-loop-index__ARGS_TAG_BF__MUT_0025,1477,for-loop-index,Tag-BitFlips,0.0025,0,True,6,288,129,"[Close(0010000010100001,0100001001011111,1110110011010001),SubmitNum-Tag(1110001111111101,0000000000111000,1100010000100111),Add-Tag(0001001010111001,0111110011101100,1011111010111101),TestNumGreaterTEqu-Tag(1110101110001101,0001010100110110,1001100010101001),Countdown-Tag(1010000100011100,1000011111000000,1111100000111001),Set-15-Tag(1011101100011100,1010100111110101,0101111001100101)]"
PROBLEM_for-loop-index__ARGS_TAG_BF__MUT_0025,1478,for-loop-index,Tag-BitFlips,0.0025,0,True,6,416,97,"[LoadStep-Tag(1100000111000111,1111011100011000,1010011101000100),While-Tag(0001001000100111,0110111101101000,0010111011111110),CopyMem-Tag(0111010111111110,1001100110011011,1100011111101011),Add-Tag(1100110110111100,1000001111000010,1001011111001111),TestNumLess-Tag(0110011111111101,0001010000010101,0011100110010011),SubmitNum-Tag(1000001011011001,1110011111111000,0110000111101101)]"
PROBLEM_for-loop-index__ARGS_TAG_BF__MUT_0025,1479,for-loop-index,Tag-BitFlips,0.0025,0,True,14,446,206,"[SubmitNum-Tag(1111101100011100,0001101111110101,1100010111000100),Sub-Tag(1101110000010101,1001101100110001,1010100100000111),LoadStep-Tag(1100000000000111,0010110100101000,0110001011100100),LoadStart-Tag(0011010010100100,1100101000100001,0011010110111001),TestNumLess-Tag(1011100001111110,0000111000111000,1110101011101000),While-Tag(0111100111001001,1001111110010110,0011000010011110),Sub-Tag(1110111000110010,1111000110001010,0101110001000110),Sub-Tag(1010100110000110,0101010000100111,1110010000001011),SubmitNum-Tag(1111000001000111,0110010011111011,0100100111111110),TestNumGreater-Tag(0000011111011011,0011010000001100,1100001111010011),IfNot-Tag(0101101111000010,1100011001111001,0110110100011011),Return(0101101100010110,1011100011010100,0010100100100101),Close(1101011110101000,0111100011101001,0101100101111110),LoadStep-Tag(0110110011100101,0000001110000000,0010001110101110)]"
PROBLEM_for-loop-index__ARGS_TAG_BF__MUT_0025,1480,for-loop-index,Tag-BitFlips,0.0025,0,True,11,447,247,"[Add-Tag(0001111100011101,0101010101110100,1111000110000101),Dec-Tag(1110010111000101,0101010000101111,0111000100011111),Countdown-Tag(1011111100000000,0101000001001111,0010101010110000),Add-Tag(0010111111110111,0110011010000001,1101001100111101),SwapMem-Tag(1010111110101111,0010001010111001,0010001101110110),SubmitNum-Tag(0100011010001000,0100001111100010,0010011000001000),LoadStep-Tag(0110110101111111,1010000101000110,0011000101010011),Add-Tag(1101101111111110,0110111110010001,1111101110011100),SwapMem-Tag(1111011001111011,0110000000011000,0011011010010011),TestNumLessTEqu-Tag(1100011110111000,1110010011100010,1011000101110111),Mult-Tag(0000000000010011,0001101110101001,1111001011111101)]"
PROBLEM_for-loop-index__ARGS_TAG_BF__MUT_0025,1481,for-loop-index,Tag-BitFlips,0.0025,0,True,12,487,221,"[SubmitNum-Tag(1101011110001100,1011111001000000,1111011110100110),Inc-Tag(0001101100000000,0001100000100111,1010101010001110),SwapMem-Tag(0110100110100001,0001010101011111,1101011001011000),Sub-Tag(0110001001001100,1111001111111100,1101000010001100),TestNumLessTEqu-Tag(1011001100100101,1111100010101111,0001011111110011),While-Tag(0011101001111000,1000001010111011,0101001100000001),LoadStep-Tag(0101111101011000,0011001001000001,0001101110100010),Add-Tag(0001011111111111,1001010100010011,1110111111010011),SubmitNum-Tag(0101011110011111,0110000100000101,1000001110001001),Add-Tag(1110111010110111,0101001101010100,1001110010010100),TestNumGreaterTEqu-Tag(0001100110001010,1110100101001110,0101111100000101),While-Tag(0101101101000110,0101111001101101,1100000011001100)]"
PROBLEM_for-loop-index__ARGS_TAG_BF__MUT_0025,1482,for-loop-index,Tag-BitFlips,0.0025,0,True,7,351,135,"[LoadStart-Tag(1000110110000010,1010010101011001,1111110000110010),Close(1000110111101111,1000001101100010,1001100100100001),SubmitNum-Tag(1011101010111000,1100010100101010,0110110100101010),Add-Tag(1001100111111000,0001011000111011,1111110110001000),TestNumGreater-Tag(0111000100010100,1000110111010001,0111100000011100),IfNot-Tag(1101000100001111,0110110010011111,0001111110110100),LoadStep-Tag(0100010111011011,1011000011101001,0011000000111100)]"
PROBLEM_for-loop-index__ARGS_TAG_BF__MUT_0025,1483,for-loop-index,Tag-BitFlips,0.0025,0,False,NONE,NONE,NONE,"NONE"
PROBLEM_for-loop-index__ARGS_TAG_BF__MUT_0025,1484,for-loop-index,Tag-BitFlips,0.0025,0,True,10,333,218,"[Add-Tag(1110011111111001,0011010110000110,0100101011011101),Close(0100110010001111,1001010100010100,1101101101100000),CopyMem-Tag(0000010000111100,1010110101111110,0100010010111111),Add-Tag(0011111011110110,0010011101100110,1101110000111110),SubmitNum-Tag(1100111101101110,1110000000110111,1010110111001001),Add-Tag(0110111000110111,0111011010000101,1100000000111111),TestNumLess-Tag(1010110100110010,0101110011011000,1011000110100000),While-Tag(1010111100100001,0011000100011111,1110100010001110),While-Tag(0101000000000111,1110101000010011,0101000000111001),LoadStep-Tag(1111010110100111,0111011111011100,1111001011110101)]"
PROBLEM_for-loop-index__ARGS_TAG_BF__MUT_0025,1485,for-loop-index,Tag-BitFlips,0.0025,0,False,NONE,NONE,NONE,"NONE"
PROBLEM_for-loop-index__ARGS_TAG_BF__MUT_0025,1486,for-loop-index,Tag-BitFlips,0.0025,0,True,10,206,141,"[Sub-Tag(0001000100001011,1011100001011110,0000100010110110),SubmitNum-Tag(0001111001111110,0000000100010010,1101100001110011),Countdown-Tag(0011101001110110,1000111000011000,1000110001101110),CopyMem-Tag(0000010011101011,0000100110001001,1011000001100100),Add-Tag(1001010100011010,0011010111111000,1110101011101101),TestNumGreaterTEqu-Tag(1100101101000011,0001110000010011,0011111000010010),Add-Tag(1010011101011110,0010011000110011,0010110110110101),TestNumLess-Tag(1100011001010000,0010010110000011,1011000101100101),IfNot-Tag(1100011010100100,1110011101001011,0101010101000010),SubmitNum-Tag(1010101010111111,0001011001100100,1000000001010011)]"
PROBLEM_for-loop-index__ARGS_TAG_BF__MUT_0025,1487,for-loop-index,Tag-BitFlips,0.0025,0,True,8,72,57,"[Sub-Tag(1011010101110000,0010011100011010,0011011100001111),Dec-Tag(0110100100011110,0001010001010001,1010110010101110),While-Tag(0010100101010010,0110101110111011,0010101111110001),LoadStep-Tag(0110001101011100,0001011001010110,0011101111110001),SwapMem-Tag(1001100101000111,0101111010010011,1101010100011010),Add-Tag(0001000001110100,1011100111011111,1011110011110100),TestNumGreaterTEqu-Tag(0000111100000010,0010111101111011,1011000110100011),SubmitNum-Tag(1110111100111110,1001100100011001,0100100001000010)]"
PROBLEM_for-loop-index__ARGS_TAG_BF__MUT_0025,1488,for-loop-index,Tag-BitFlips,0.0025,0,True,6,313,133,"[Add-Tag(0000000001100100,0101110111101111,1001000100011000),Close(1001010101111110,0000111101000111,0111000101000100),TestNumGreater-Tag(0011011101000111,1011000011001001,1011111110110011),Countdown-Tag(1100101111111011,1000011000101011,0010110100010101),SubmitNum-Tag(1110101100011000,1010011100110100,0011011100011000),Add-Tag(0001110111011011,0010001010111010,1001001110001100)]"
PROBLEM_for-loop-index__ARGS_TAG_BF__MUT_0025,1489,for-loop-index,Tag-BitFlips,0.0025,0,False,NONE,NONE,NONE,"NONE"
PROBLEM_for-loop-index__ARGS_TAG_BF__MUT_0025,1490,for-loop-index,Tag-BitFlips,0.0025,0,False,NONE,NONE,NONE,"NONE"
PROBLEM_for-loop-index__ARGS_TAG_BF__MUT_0025,1491,for-loop-index,Tag-BitFlips,0.0025,0,True,11,324,294,"[While-Tag(0011001000011110,1101100111110111,1101001000011100),TestNumGreater-Tag(1001100001111001,1100001011111010,0011111000000100),IfNot-Tag(0111011000000000,1000111011000100,1100111000001000),SwapMem-Tag(1111010111000000,0001100100101001,0001001101100110),TestNumLessTEqu-Tag(1110000011101101,1011010100000011,0010010000011010),LoadStart-Tag(0100001011000110,1011111111010111,1110011111010000),Close(1111000101100101,1101100010011110,1100110110111111),Countdown-Tag(0001001100001111,0001001100010001,0011100110000011),SubmitNum-Tag(1100001011100100,1100110100100101,0101100111001110),Add-Tag(0000011000110000,1100110101010001,0111110101011001),Add-Tag(1001111110011111,0111000001010010,1100001100010011)]"
PROBLEM_for-loop-index__ARGS_TAG_BF__MUT_0025,1492,for-loop-index,Tag-BitFlips,0.0025,0,True,5,356,115,"[While-Tag(0011011101000011,1000001111101101,0110101011000010),SubmitNum-Tag(1100110110111110,1101110010011101,1011001111101100),Add-Tag(1011011000010001,1110011111101010,0101101100111111),TestNumLessTEqu-Tag(1001010101000010,0111011101100111,1100001011111011),While-Tag(0100101111001010,1000011011010111,1010110100010000)]"
PROBLEM_for-loop-index__ARGS_TAG_BF__MUT_0025,1493,for-loop-index,Tag-BitFlips,0.0025,0,True,11,440,262,"[SubmitNum-Tag(1111111001110110,1011000111011011,0000110100110000),Dec-Tag(0110000001000101,0011111100010010,0010010101110011),Add-Tag(0111001010011110,0011000010110000,1100001001011001),Sub-Tag(0100101001100010,0001011000010111,0110100001010110),Sub-Tag(1011100110001101,1010011001010000,0100011101010000),While-Tag(1100100101000011,0001010110100000,1111100111100001),TestNumGreaterTEqu-Tag(1101000100011101,1110011011011110,1011111001000101),While-Tag(0010101001110001,1010000110110000,1001011010101110),Add-Tag(0001111111110110,0000001111011011,0111011011100110),SubmitNum-Tag(1111111110000001,0010001110110010,0000011100010101),Break(0000010110110001,0001100110011000,1001010001110101)]"
PROBLEM_for-loop-index__ARGS_TAG_BF__MUT_0025,1494,for-loop-index,Tag-BitFlips,0.0025,0,False,NONE,NONE,NONE,"NONE"
PROBLEM_for-loop-index__ARGS_TAG_BF__MUT_0025,1495,for-loop-index,Tag-BitFlips,0.0025,0,True,13,452,375,"[SubmitNum-Tag(0011111110111111,0000010001001100,0110100100010001),TestNumLessTEqu-Tag(0010101110010011,1110001010101100,1011111101110111),LoadStart-Tag(0011000110000000,0110010011000111,1101110010010110),Dec-Tag(1101111101101101,0101110000011101,0100010001100010),SwapMem-Tag(0010001011011000,0100010111110001,0000001010010001),Countdown-Tag(1110010111101011,1001010000111101,0101100110100011),LoadStep-Tag(0110100011101111,1100111101011011,0111011001010101),Sub-Tag(0010011000010111,0110011010101010,1011011001011101),Div-Tag(0011100100101101,0010001001010101,0001011101000100),Mod-Tag(1101110001100101,0001010000010110,0101111111101101),If-Tag(0010111110111110,0100011100010001,0001011110011000),Add-Tag(0010011100010111,0010100001101101,0101001100110110),SubmitNum-Tag(0111011000110010,1101001111110001,1000010100001010)]"
PROBLEM_for-loop-index__ARGS_TAG_BF__MUT_0025,1496,for-loop-index,Tag-BitFlips,0.0025,0,True,12,414,223,"[LoadStep-Tag(0010000111100100,1100101001110000,1111110110001000),LoadEnd-Tag(0110101101101001,0000110101000010,0111011011101100),SubmitNum-Tag(0111011111001100,1001110010111100,1010101000001100),Add-Tag(1100110000100100,0111110111101110,0100000110100010),Dec-Tag(0010110001111000,1100000101111111,0110110011010100),While-Tag(1001000111100111,0110110011101000,1001111000101011),Add-Tag(1010010011000111,1110100110000010,1000001110010110),TestNumLessTEqu-Tag(1001011101000011,0110100101101111,1100110111101111),IfNot-Tag(1101011100101111,1010011111001010,0000011000011100),Return(0100100010100001,0111010101000101,0101000000111110),Close(0001111000010100,0100011100011100,0101101001011000),SubmitNum-Tag(1100101101101011,1011110110001000,0000010010100001)]"
PROBLEM_for-loop-index__ARGS_TAG_BF__MUT_0025,1497,for-loop-index,Tag-BitFlips,0.0025,0,True,8,348,125,"[SwapMem-Tag(0111111000000111,0110100111110111,1111011111101010),Set-8-Tag(0011010001101111,0111000000010011,0001100100111101),Sub-Tag(1000000010010010,0111000110000010,1110000001000101),While-Tag(0000010001011110,1001111111010011,1011001000111101),SwapMem-Tag(0010111101001110,1111011101001100,0001011001001010),SubmitNum-Tag(1111001111011110,1011000110011011,0111100100110000),Sub-Tag(1101110100101110,0000101101010100,0100101000001001),TestNumLess-Tag(0000111110100001,0101101001010001,0101010011101011)]"
PROBLEM_for-loop-index__ARGS_TAG_BF__MUT_0025,1498,for-loop-index,Tag-BitFlips,0.0025,0,True,11,370,171,"[SubmitNum-Tag(1110001011101100,0011000110111010,0110010000100101),Add-Tag(1100000101101101,0010000100110000,1101111011111001),SwapMem-Tag(1111000001101100,0100010001001111,0001101011101001),LoadStart-Tag(1001000100000100,1110110010010101,0111101000011110),While-Tag(1111110101111111,0010111000011010,0101011111000001),Sub-Tag(1100001000001101,1011100100100110,1000101111001111),TestNumGreaterTEqu-Tag(0101010001110001,0000100000010110,1000011011011101),Mod-Tag(0100010100010100,1000110011010110,0111110111001111),If-Tag(1101101111101111,0001011110011011,1001111001110111),Add-Tag(0001101111011110,1001011100010000,1101011101000001),SubmitNum-Tag(0101110001000001,1100110001101111,0111010000100101)]"
PROBLEM_for-loop-index__ARGS_TAG_BF__MUT_0025,1499,for-loop-index,Tag-BitFlips,0.0025,0,False,NONE,NONE,NONE,"NONE"
PROBLEM_for-loop-index__ARGS_TAG_BF__MUT_0025,1500,for-loop-index,Tag-BitFlips,0.0025,0,True,12,271,133,"[TestNumEqu-Tag(1100101100001011,0100000011110010,1011111110101010),Mult-Tag(0011110000011100,0110001110101111,1010100100110001),Add-Tag(0101110111000000,1101101101111011,0010001011001011),Dec-Tag(1001000001110010,0100010111001001,0000111001010011),LoadStart-Tag(1000001111011001,0110000101011000,1101001100111101),LoadStep-Tag(1101111010000110,0010011110000110,0110011010000011),SwapMem-Tag(0001110010011101,0101111100011011,1111001100101100),Countdown-Tag(1100001111100001,1011100000010101,1110111011000001),Add-Tag(0000110100011111,0100101000000100,1001011111010001),SubmitNum-Tag(0010110111001110,0111010100100100,1000100011100111),TestNumLessTEqu-Tag(1101010010010100,1011001101110110,0100001100000010),SwapMem-Tag(0101000111011111,0001011110000111,0011000010011011)]"
PROBLEM_for-loop-index__ARGS_TAG_BF__MUT_005,1401,for-loop-index,Tag-BitFlips,0.005,0,False,NONE,NONE,NONE,"NONE"
PROBLEM_for-loop-index__ARGS_TAG_BF__MUT_005,1402,for-loop-index,Tag-BitFlips,0.005,0,True,9,461,402,"[LoadEnd-Tag(1011000001100111,1000101100000100,0001100100000011),Set-11-Tag(0010011000011100,0011101011100100,0100011101111000),Add-Tag(0010000111011000,1010011011111110,0110100100111000),Countdown-Tag(0110111011010000,0010001001001001,1000100011100010),SubmitNum-Tag(0110000001111001,0111100100000010,0011001101111100),Sub-Tag(1111100010000101,0001001010110000,0001100010100111),Dec-Tag(0100100000100100,0101010110000101,1100000000101110),TestNumGreaterTEqu-Tag(0101101010101111,0100100101111001,0010011110111000),Add-Tag(0110100000000100,0111001000010001,0111100110100000)]"
PROBLEM_for-loop-index__ARGS_TAG_BF__MUT_005,1403,for-loop-index,Tag-BitFlips,0.005,0,True,12,138,138,"[SubmitNum-Tag(0111001111111100,1001001000001100,0111111110110110),Dec-Tag(1100010111011000,0100011001110010,0101100011100110),Set-13-Tag(1001011000101101,1110000010111000,1011101001100110),Inc-Tag(0011010101001101,1000010111110011,1101111111000101),Sub-Tag(0001100100010111,0100000100110010,0100100010111110),TestNumEqu-Tag(0001110001100111,0010000110101110,0001101101110100),Countdown-Tag(0111010101011000,1111110010000100,0011101011010101),TestNumGreater-Tag(1100100011110101,1011101011100110,1110001100001010),Countdown-Tag(1100001011110101,0001101011000110,1010111001100100),Inc-Tag(0000010111010101,0010011101001010,0001011001100100),Add-Tag(1111110101100111,0010011100110111,1010100111111110),SubmitNum-Tag(1111110010101100,1001001001101111,0000110110101101)]"
PROBLEM_for-loop-index__ARGS_TAG_BF__MUT_005,1404,for-loop-index,Tag-BitFlips,0.005,0,True,11,192,160,"[LoadEnd-Tag(0000000100110000,0100101100101011,0101100110000011),Sub-Tag(1011110100010001,1011111110010010,0001101001100000),Set-12-Tag(1111000001011000,0111100010011110,1110100001110111),Dec-Tag(1110001000110111,0101000001000111,1010000100000101),Countdown-Tag(1111100001101111,1001111011010111,0101100001000010),Sub-Tag(0111001011001010,1101111010010100,0001010100100001),LoadStep-Tag(1010111011010011,1110001001100111,1100101010010111),Add-Tag(1010111101000100,0000011000010100,1010001101001000),TestNumLess-Tag(0010000110100111,0000101001110111,0101001110101001),TestNumLessTEqu-Tag(1101001011001111,0011010110011010,1001000001001100),SubmitNum-Tag(0011011111010101,0001000000001010,0110010111101001)]"
PROBLEM_for-loop-index__ARGS_TAG_BF__MUT_005,1405,for-loop-index,Tag-BitFlips,0.005,0,True,18,450,367,"[SubmitNum-Tag(1110110111010101,0100010001110011,1011101001000001),LoadStep-Tag(0010010110010100,0111111111110001,0000100001101000),Sub-Tag(0110011101010100,1010111010101101,1000101000111110),TestNumGreater-Tag(0001111111001111,1111111110101000,0110100001000001),Add-Tag(1010010001000011,0000100111001110,1000011001001101),Set-8-Tag(0100111110001111,0101001111001100,0000010000001101),Countdown-Tag(0000110110000110,0111001110000110,1011010011110101),Add-Tag(1101101101101011,1100110001110011,0011000100100110),If-Tag(1111000000111110,0000010010011010,1110101100000110),SubmitNum-Tag(0001001100100010,1001000011111111,1010100100011111),TestNumLess-Tag(1100110000000000,1001011101111001,0000101011001110),Close(0101100110000011,0001111011011011,0111111001111010),Set-5-Tag(0011000010001101,0100100000011101,0000010001111000),Set-7-Tag(1101110010011110,1011110110101110,0111010101100111),Not-Tag(1110000111111011,1010110011000100,0001000100010011),Add-Tag(1000011011100100,0011000000110101,0001110000100001),IfNot-Tag(1110000000111001,0000111011001011,1100011100010110),Return(1111111100001100,0100000000010010,0000111110011100)]"
PROBLEM_for-loop-index__ARGS_TAG_BF__MUT_005,1406,for-loop-index,Tag-BitFlips,0.005,0,True,9,349,250,"[Add-Tag(0111011011101111,1011010011101010,0010000110111110),LoadStep-Tag(0111001111110110,1100000110110100,0000110010101110),While-Tag(1000111111111101,0100101010010111,0000111110001111),SwapMem-Tag(0111101100111000,0000000111110110,1010101111000011),TestNumGreaterTEqu-Tag(1011000000110000,0011010110010101,1100111000010011),While-Tag(0100110001100111,1101000011000110,1010111010110101),Close(0110011001111110,1010110011000100,1111001000000100),SubmitNum-Tag(0010111010110011,0011111011101100,1101010110001100),Add-Tag(1110111111011111,0011001001001011,0000000111011011)]"
PROBLEM_for-loop-index__ARGS_TAG_BF__MUT_005,1407,for-loop-index,Tag-BitFlips,0.005,0,True,8,313,228,"[Close(0111100011110001,1111101011111111,0010010111000110),Add-Tag(1001000000110011,0101111101101110,0111111010101000),SubmitNum-Tag(1111010001111011,1110101010111110,1001111010000001),Set-2-Tag(1001001010000011,0111101000100001,0010101010010010),Add-Tag(1001001101011000,0010000010011000,0100101000101101),While-Tag(1100011111001011,1011000000011000,1011000011001001),TestNumLessTEqu-Tag(0100001000010110,0101101011110100,1100001011001001),SwapMem-Tag(0110011011010111,1011111010110101,0010110010010101)]"
PROBLEM_for-loop-index__ARGS_TAG_BF__MUT_005,1408,for-loop-index,Tag-BitFlips,0.005,0,True,7,202,190,"[Close(0011011000010111,0100001010010011,1100011100100011),SubmitNum-Tag(0101110111011111,1100011111011101,1011100110101000),Add-Tag(1011011111011111,0011101111110000,0010110101001010),TestNumLessTEqu-Tag(0101010110101101,0100111100000010,1010010010110100),SwapMem-Tag(0001111100001101,1111110010110101,0110000111001111),If-Tag(1000000101100101,0011100100100000,1101111010111001),Dec-Tag(1001011000000000,0001000101111101,1001000011000111)]"
PROBLEM_for-loop-index__ARGS_TAG_BF__MUT_005,1409,for-loop-index,Tag-BitFlips,0.005,0,True,8,316,185,"[Dec-Tag(1101000001111010,0001010000111011,0101101000001110),Sub-Tag(0100011101010110,0011011111011100,1111010101000110),Add-Tag(1111111110110010,1001100011101001,1010100001000011),Countdown-Tag(0000000000010111,1010001010100000,0000000010000011),SubmitNum-Tag(0010101001000100,1101100011011100,1010100001110111),Sub-Tag(0101010110110000,0011011100111010,0001000000010000),TestNumGreater-Tag(0101010100110111,1000011100000110,0001010111101010),Add-Tag(0110001100100010,1010101000000000,1010100100010100)]"
PROBLEM_for-loop-index__ARGS_TAG_BF__MUT_005,1410,for-loop-index,Tag-BitFlips,0.005,0,True,11,284,284,"[Add-Tag(0010001001010101,1100101010111110,0111100011111001),TestNumEqu-Tag(1001001001110011,1110111110000011,1001001010101110),Sub-Tag(0111010101010001,0010001010110001,0101110111100111),SubmitNum-Tag(0110001001111101,0000111011100111,0010000011100001),Countdown-Tag(0100110110111111,1100011110110001,0011110100110000),TestNumGreater-Tag(1110100101101100,1001110011110110,0011101111011000),Inc-Tag(1101110001111110,1010011001010010,0111111101110101),IfNot-Tag(0000100111010001,0101110011110000,1010010001100000),LoadStep-Tag(1010001110000100,0101100000010000,0101110011101001),Add-Tag(0010001001101000,1010100110100110,0110100101000011),SubmitNum-Tag(0110000100011001,0011011111010100,0101111001110101)]"
PROBLEM_for-loop-index__ARGS_TAG_BF__MUT_005,1411,for-loop-index,Tag-BitFlips,0.005,0,True,16,424,286,"[SubmitNum-Tag(1011111001001111,1000010001110101,0011100110111111),Close(0111011011001000,1110001000110010,0010011111101111),LoadStart-Tag(1101110001101100,1111111001000000,0000101110111101),LoadStep-Tag(1000001100111101,1101111111000000,1010000101111011),Add-Tag(1101101010100110,0111011100110111,0000100100110111),Add-Tag(0011111100101000,1000010001011001,1100010111010101),SwapMem-Tag(1100010001011111,0001100010111101,1011101000100101),LoadEnd-Tag(0110110100010110,0111100100010010,1000010111101001),TestNumGreaterTEqu-Tag(0001100110010101,0101100001011101,1111111101011110),While-Tag(1111011110000110,0101011110100111,1011010100001010),Close(1010001111101011,1010000011111111,1011101001010100),While-Tag(0010011001110011,0011100101110000,0110000010101000),SubmitNum-Tag(1001100000010011,0100111011110110,0101010100000011),Set-1-Tag(0000000101111000,1001000110000001,0111010110011001),Mult-Tag(0111100101100000,0111001000010110,0101111100100101),Break(1110011010000110,1101000111100010,1001111111010000)]"
PROBLEM_for-loop-index__ARGS_TAG_BF__MUT_005,1412,for-loop-index,Tag-BitFlips,0.005,0,True,9,490,110,"[LoadStart-Tag(1110101111001000,1110111011000110,1001100000100000),Close(1110101110001011,0000110110101010,1110001101101001),SubmitNum-Tag(1100000011000110,1100010000010100,0010111100111111),Add-Tag(1100100111100000,0011100010110010,1100111001100011),Set-1-Tag(1111111101011111,0100100110010001,1000110011101011),Mult-Tag(1011100111111111,0100010010010010,1000001111000010),TestNumGreaterTEqu-Tag(0101110000101011,0111100101010100,0011010110100101),While-Tag(0010010010110001,1010110011110101,1111110100101000),TestNumGreater-Tag(1101010101011001,1001000011111111,1111101111100001)]"
PROBLEM_for-loop-index__ARGS_TAG_BF__MUT_005,1413,for-loop-index,Tag-BitFlips,0.005,0,False,NONE,NONE,NONE,"NONE"
PROBLEM_for-loop-index__ARGS_TAG_BF__MUT_005,1414,for-loop-index,Tag-BitFlips,0.005,0,True,9,239,140,"[Set-1-Tag(0010010101100100,1111000000010101,1101110011010000),Add-Tag(1000110100100001,0000000000010010,1001001101000110),SubmitNum-Tag(1111101111011011,0010101010000101,1111001111101100),Sub-Tag(0100011101001101,1000001010101011,1000000100001100),While-Tag(0011001110101001,1000111110000100,0101011111101101),TestNumGreaterTEqu-Tag(1001110000011111,0111011111101100,0000010110010101),Countdown-Tag(1101000100000001,1101000101101010,1010010110010101),Add-Tag(1110010111101011,1001000100111011,1011110101110101),SubmitNum-Tag(0111111111111000,1100011111011100,1001111100000010)]"
PROBLEM_for-loop-index__ARGS_TAG_BF__MUT_005,1415,for-loop-index,Tag-BitFlips,0.005,0,True,13,353,280,"[Inc-Tag(1000011011000000,1011111110001001,0000010000101101),Close(1101101010001111,1011110000001110,0001110111010100),SubmitNum-Tag(1101111011011111,0011110011010110,1101101001000101),SwapMem-Tag(1000101010101111,0011111101110111,0011000010100001),Set-2-Tag(1000010101011001,0101111011011011,1001011001111110),Add-Tag(0101111000101011,0010100000011010,1010000110001100),Sub-Tag(1010000111000010,0001010111110101,0001000110111111),Sub-Tag(0010111011100100,1100010010011111,1110010010010011),LoadEnd-Tag(1011011110111011,1010001000010111,0010001011001100),TestNumGreater-Tag(1101110000100110,1011111010011011,1001011000110100),Add-Tag(0011100010111011,0010101001101110,1111110101111101),Countdown-Tag(1011111011101001,0100000001011001,0001101000000011),Return(1100111111011010,0101100111100100,0011010001011111)]"
PROBLEM_for-loop-index__ARGS_TAG_BF__MUT_005,1416,for-loop-index,Tag-BitFlips,0.005,0,True,10,495,475,"[SubmitNum-Tag(1101011001111111,0010000110011100,1100000101100010),SwapMem-Tag(1010001100100001,1000111001110100,0111011100001110),Close(1101101001110110,1000011110100100,1000001100011001),LoadEnd-Tag(0010011011010111,1011101111111011,1111000101011100),Dec-Tag(1001001001101011,0111001011111011,1010110011101101),Mult-Tag(1010001001010010,1011010001101011,0000101110110111),Sub-Tag(1001111111011100,0010001110011110,0100011001010010),TestNumGreater-Tag(0000000001101010,0011010010010101,1000100010000100),Countdown-Tag(1000111110101000,1110100111100100,0000010100010101),SubmitNum-Tag(1111100101010001,1101100000011010,0110000111110001)]"
PROBLEM_for-loop-index__ARGS_TAG_BF__MUT_005,1417,for-loop-index,Tag-BitFlips,0.005,0,False,NONE,NONE,NONE,"NONE"
PROBLEM_for-loop-index__ARGS_TAG_BF__MUT_005,1418,for-loop-index,Tag-BitFlips,0.005,0,False,NONE,NONE,NONE,"NONE"
PROBLEM_for-loop-index__ARGS_TAG_BF__MUT_005,1419,for-loop-index,Tag-BitFlips,0.005,0,True,14,495,461,"[Dec-Tag(0100101101010110,0110100110000100,1011000101110001),Sub-Tag(0101110110000111,1111011110110000,0110000000111000),SubmitNum-Tag(1111101001110111,0110101001110011,1011010111100111),TestNumLessTEqu-Tag(0011100100000000,0110000001101011,0000010101101001),LoadStep-Tag(1111101000111111,0100110100110000,1010100010011100),Sub-Tag(0100010111110101,1101111011001110,1011111001100001),LoadStart-Tag(1001001111010101,1011111000010111,0001001000011110),Countdown-Tag(0110111101101010,1110101011101110,1001101100010000),Set-11-Tag(0110100111101010,0010001001010010,1101010001011111),Add-Tag(0011101100110110,0001000101001110,0000011111011100),SubmitNum-Tag(0101000100000111,1101110000011011,0101110100000101),TestNumLessTEqu-Tag(0111100111010001,0010011001101101,1000001001100110),IfNot-Tag(0110000011000010,0111110110101010,1001010110011010),Countdown-Tag(0110111101100100,1100011010001101,1111011111110101)]"
PROBLEM_for-loop-index__ARGS_TAG_BF__MUT_005,1420,for-loop-index,Tag-BitFlips,0.005,0,False,NONE,NONE,NONE,"NONE"
PROBLEM_for-loop-index__ARGS_TAG_BF__MUT_005,1421,for-loop-index,Tag-BitFlips,0.005,0,True,10,293,230,"[LoadEnd-Tag(1000010010010100,1010110011101111,0101100000010111),Dec-Tag(1110010111101100,1111011110011010,1011011011100001),Add-Tag(0110100111001101,1111010010111010,0011000100010101),Close(0110110101101001,0100101100100110,1111101111100001),SwapMem-Tag(1010111101011010,1001010111010101,1011101010100101),Add-Tag(0010011110010110,1101101111101101,0101001000010101),SubmitNum-Tag(0101111110011100,1000111001001100,1110011010111100),TestNumGreater-Tag(0001110101000101,1010000011000000,1100010101110010),Countdown-Tag(1111100010110010,0001111010010000,0001111101001001),Set-10-Tag(1100100000110100,0111011110100101,1000001100111110)]"
PROBLEM_for-loop-index__ARGS_TAG_BF__MUT_005,1422,for-loop-index,Tag-BitFlips,0.005,0,True,14,474,392,"[SubmitNum-Tag(1011111100100110,0000000010000110,1100100011110010),Set-8-Tag(1010010110100101,0011010001101101,0101000100000100),LoadStep-Tag(0001110110010101,1001100001100011,0111101100010001),LoadEnd-Tag(0011000011001011,0011100111110011,0000110010101111),LoadStart-Tag(0000111110110100,0110111110001011,0100011110101100),Countdown-Tag(0011001111110101,1001011011110011,0001101011111111),Dec-Tag(1010110011001110,1011011011011100,0001111101101100),Close(0101011011100010,1000101001000111,1100101011111111),TestNumLess-Tag(1010110000000110,0011010001100111,0100000001011111),Countdown-Tag(1010000011011010,1010111000110000,0010000110110101),While-Tag(1000100010100111,0010101010011011,1011101000110110),Add-Tag(0101101100101110,0001111100010100,1000110111001110),TestNumLess-Tag(0100101100111100,0011100011101010,1010011001100100),SubmitNum-Tag(0000101001101100,1011001010101101,0101101000000111)]"
PROBLEM_for-loop-index__ARGS_TAG_BF__MUT_005,1423,for-loop-index,Tag-BitFlips,0.005,0,True,9,386,248,"[Countdown-Tag(0001011100101011,1101111010101011,0101010110000110),Dec-Tag(0100010100110000,1100011001100010,1000000100000110),Close(0000000010001110,1010000001001111,1000010000000111),Set-15-Tag(1001000100100001,1100100011111101,1111001100011000),LoadStep-Tag(1001110011100011,1110001011010110,1110101011101100),Countdown-Tag(0011111000111000,0000001110101111,0110111011110011),TestNumGreater-Tag(0100010111011011,1011011011111010,0001100000101011),SubmitNum-Tag(0111111111100011,0100111011000100,0001011000011111),Add-Tag(1111110011010011,1011101111001111,1101111111001110)]"
PROBLEM_for-loop-index__ARGS_TAG_BF__MUT_005,1424,for-loop-index,Tag-BitFlips,0.005,0,False,NONE,NONE,NONE,"NONE"
PROBLEM_for-loop-index__ARGS_TAG_BF__MUT_005,1425,for-loop-index,Tag-BitFlips,0.005,0,True,10,404,225,"[SubmitNum-Tag(1001110011101111,1101000000111001,0110111101111011),Sub-Tag(0001010111110011,1110101111111101,1010010100011100),TestNumLess-Tag(0011111101100011,0011010110100100,0101111101000110),LoadStart-Tag(0101100011011000,1100011101011000,1111000011011001),While-Tag(0110011001000100,1001011111001100,0101111101000101),Add-Tag(1100000111111000,0000000100011011,1101000100011010),LoadEnd-Tag(0101010011110111,0011110010111101,0010111100000001),Sub-Tag(0010010001010101,0010000101010010,0011010001101000),SubmitNum-Tag(1010000110001000,0011110100110110,1011000010111010),TestNumGreater-Tag(0001011000001001,1101100010111101,0100010000101101)]"
PROBLEM_for-loop-index__ARGS_TAG_BF__MUT_005,1426,for-loop-index,Tag-BitFlips,0.005,0,False,NONE,NONE,NONE,"NONE"
PROBLEM_for-loop-index__ARGS_TAG_BF__MUT_005,1427,for-loop-index,Tag-BitFlips,0.005,0,True,6,249,237,"[TestNumNEqu-Tag(0011101000110001,1010010011111111,0000001101000100),Countdown-Tag(1001000101100100,1110000101110011,0100101001101111),SubmitNum-Tag(1010101111111001,0110010011000111,0011111100101111),Add-Tag(1101111111110001,0011011000111010,1010011111111000),LoadEnd-Tag(0110100011100011,1101000110100110,0001001100011100),TestNumGreater-Tag(0101100001111010,1100101110111110,0100000101010001)]"
PROBLEM_for-loop-index__ARGS_TAG_BF__MUT_005,1428,for-loop-index,Tag-BitFlips,0.005,0,False,NONE,NONE,NONE,"NONE"
PROBLEM_for-loop-index__ARGS_TAG_BF__MUT_005,1429,for-loop-index,Tag-BitFlips,0.005,0,False,NONE,NONE,NONE,"NONE"
PROBLEM_for-loop-index__ARGS_TAG_BF__MUT_005,1430,for-loop-index,Tag-BitFlips,0.005,0,True,14,494,430,"[LoadEnd-Tag(1111111011110110,0010101110010110,0001100111001010),LoadStep-Tag(0111010001010100,0001011010101111,1100110001000100),While-Tag(1011000101100001,1010111101000010,1101000111000001),Sub-Tag(0110000111010001,1111110000001101,1011100010110010),Countdown-Tag(0000101011011110,0101100010101100,1001000010000100),TestNumLess-Tag(0000001100000000,0000011110001100,0100001001110110),SubmitNum-Tag(0110000110010010,0011001010011010,1111110000111100),Add-Tag(0110010100101010,1001000110110110,0011101101010010),Close(1111100111111101,1101001010010000,0011110111110001),IfNot-Tag(0110110001101101,1010100000110110,0111000101101001),Set-16-Tag(0000111011111001,0101011001101001,0101100101010000),Sub-Tag(1011001101011111,0101101100101010,1010111100001110),LoadStart-Tag(0010110100010100,1000110001000001,0000001001111111),LoadStep-Tag(0100100010101011,1101011111111000,0100111100011110)]"
PROBLEM_for-loop-index__ARGS_TAG_BF__MUT_005,1431,for-loop-index,Tag-BitFlips,0.005,0,True,13,495,377,"[SubmitNum-Tag(1111011101111010,0001011110100000,1100100111111111),LoadStart-Tag(1011101100000111,0101011110000011,0100000101010101),LoadStep-Tag(0111011111001000,1011011100011001,0001100110000011),Add-Tag(0101011000011001,0011001010100111,1111011110011111),TestNumGreater-Tag(0000000101011101,1010011110011111,1000100111010000),While-Tag(1001100110101011,1001101001100010,1100100010110101),Add-Tag(0110011011111000,1011001010000010,1101011110011111),Sub-Tag(0011000101011001,1111101110000111,1001000010010001),SwapMem-Tag(1010111110111111,0010101100110111,1011101010011001),TestNumGreaterTEqu-Tag(0110011100111100,1011100111001100,1011111010101111),SubmitNum-Tag(0001001000100111,0011011100000010,0001000011110011),If-Tag(1101101111011110,1011110110000101,1101001001000010),Return(1010110101010010,1101000110001100,0101101111111101)]"
PROBLEM_for-loop-index__ARGS_TAG_BF__MUT_005,1432,for-loop-index,Tag-BitFlips,0.005,0,True,9,376,213,"[SubmitNum-Tag(1011011010110110,0110101101000000,1011101010000101),Close(1101101101011110,1001000011110001,1010101000111101),LoadEnd-Tag(1011110101010100,0101100111111001,0111110011110011),Add-Tag(1110001000110001,1111010110101110,1110011000001111),Add-Tag(0111100001001111,1000101100101100,0111011010110111),TestNumLessTEqu-Tag(0111010000110100,1111100000101110,1110010101010100),IfNot-Tag(0101110001101100,0101100110010111,1111111001110000),SubmitNum-Tag(1111011100000110,0101000110001011,1001011000100100),Break(0001011001001000,1101010111110000,1000101111000110)]"
PROBLEM_for-loop-index__ARGS_TAG_BF__MUT_005,1433,for-loop-index,Tag-BitFlips,0.005,0,False,NONE,NONE,NONE,"NONE"
PROBLEM_for-loop-index__ARGS_TAG_BF__MUT_005,1434,for-loop-index,Tag-BitFlips,0.005,0,True,9,160,150,"[Close(1010100010001101,0001111101101101,0100110010100100),Add-Tag(1110101111111011,0001011000111110,1110011010011111),LoadEnd-Tag(1100101111010011,0101101100001110,0110000110011011),SubmitNum-Tag(0111101110011010,1111000010111100,1011010100101011),Dec-Tag(1100001101010111,1101100011000110,1110111011000111),TestNumLess-Tag(0110001111000100,0100110011011001,0101101000000010),Add-Tag(0000001100000000,0101011111011111,1011010011011110),Countdown-Tag(0100101010100001,0101100011010110,1101011101011111),Return(0000001010011010,1001100000011010,1100001000001110)]"
PROBLEM_for-loop-index__ARGS_TAG_BF__MUT_005,1435,for-loop-index,Tag-BitFlips,0.005,0,True,9,436,345,"[SubmitNum-Tag(1111110110101001,1000010110111111,0110001001011000),Dec-Tag(1011110011010010,0011100110100111,1011100111100011),Sub-Tag(0001100011100011,0010011110110111,1001110111001001),Add-Tag(1000100110111100,1101010100001000,1100001011100001),TestNumGreaterTEqu-Tag(1110001011001011,1101011110110100,1001111010000011),Countdown-Tag(0111100011110011,0001101000100101,0011010011001101),Add-Tag(1010110110111110,1010000100101010,0111111001011111),TestNumGreaterTEqu-Tag(1100111111000000,1110000111011100,0011111011000110),SubmitNum-Tag(1011011010101111,0100111001111111,1010101100000101)]"
PROBLEM_for-loop-index__ARGS_TAG_BF__MUT_005,1436,for-loop-index,Tag-BitFlips,0.005,0,True,8,191,167,"[Set-10-Tag(0101111011010100,0111000010110011,1110001001110011),LoadEnd-Tag(1100110011000000,1011100011010000,1000001000111000),Add-Tag(0011010000110010,1100111111001100,1011101000011101),Countdown-Tag(1001011111010000,1111011111110101,0100010000110001),SubmitNum-Tag(1101111101100011,1100111001101110,0010110001101101),TestNumGreater-Tag(0101000011001011,1111101001011000,1101000110010110),Add-Tag(1100011110011111,0010101101110010,1101111101110100),Add-Tag(0011111000011010,1010011111111110,1011110000010111)]"
PROBLEM_for-loop-index__ARGS_TAG_BF__MUT_005,1437,for-loop-index,Tag-BitFlips,0.005,0,True,10,380,241,"[LoadStart-Tag(0001001100111100,0101110111111010,0101000101111110),Set-2-Tag(1010011100011001,0111101101000110,1010101111111101),TestNumNEqu-Tag(0000001000111010,0011011110011000,1101111001111110),Countdown-Tag(1101111011110010,1010100111110100,1100001110100001),LoadStep-Tag(1001100001000000,1100110010111101,0101001110100001),SubmitNum-Tag(0111101101110011,0110011001000100,0111010000100110),Add-Tag(1001000110010101,0111100010110011,1101001100110000),TestNumGreater-Tag(0110011010111011,0011100111000000,1000000000011000),Sub-Tag(0110110100000101,1011100010011000,0111110101111111),TestNumLessTEqu-Tag(0011011010110001,1101110100011110,1011111110110110)]"
PROBLEM_for-loop-index__ARGS_TAG_BF__MUT_005,1438,for-loop-index,Tag-BitFlips,0.005,0,True,5,422,71,"[While-Tag(0011111100010000,1000000111110011,0011110011000010),SubmitNum-Tag(0011001111011111,1001100111111111,1101011001011000),Add-Tag(1111111111010110,0100001100110001,1011001110011111),TestNumLessTEqu-Tag(1101000101000110,1111011110110111,0010101011110100),While-Tag(1010001001100111,0101011010110010,0101010110101100)]"
PROBLEM_for-loop-index__ARGS_TAG_BF__MUT_005,1439,for-loop-index,Tag-BitFlips,0.005,0,False,NONE,NONE,NONE,"NONE"
PROBLEM_for-loop-index__ARGS_TAG_BF__MUT_005,1440,for-loop-index,Tag-BitFlips,0.005,0,True,9,489,400,"[SubmitNum-Tag(1101001101111111,1110010000100010,0011111011111111),Add-Tag(1011001100111010,0111101110001110,1010010000100010),Set-3-Tag(0001010100111000,1000010000011101,0000010000101100),LoadEnd-Tag(1101011001011000,0100010010101001,1110010000000001),While-Tag(0101010101011001,0001011111011000,1000000100111101),TestNumGreater-Tag(0001011101101011,1010010011111000,1011111000011010),If-Tag(1101101101110000,1000011001011100,0011100001101011),SubmitNum-Tag(1010010111111001,0101010100100000,0110101100001000),Add-Tag(1000001100100101,0111011000101010,1011010011100000)]"
PROBLEM_for-loop-index__ARGS_TAG_BF__MUT_005,1441,for-loop-index,Tag-BitFlips,0.005,0,True,9,243,69,"[LoadStep-Tag(1111010100100001,0010000110000010,1111101011110100),SwapMem-Tag(0111101110011110,1110010000110110,0001110101000011),SubmitNum-Tag(0100011000110011,0101100001110011,0111101101011001),Close(1001000010101100,1101010010000110,0000000011101000),Add-Tag(1110111000101010,1010010010110100,0011000110111111),TestNumLess-Tag(0000001000010010,1101110001011001,1100110001100011),SwapMem-Tag(0011101001110111,1100101000100110,1000111010101000),Countdown-Tag(1001000100100010,1011010100001010,1001011111000100),SubmitNum-Tag(0010110000111011,1000111011011001,1110011101001111)]"
PROBLEM_for-loop-index__ARGS_TAG_BF__MUT_005,1442,for-loop-index,Tag-BitFlips,0.005,0,True,7,387,348,"[Close(1100010010100110,1001011110000100,0111111001001001),SubmitNum-Tag(1111010111111000,0111000100110010,0100011010000100),Add-Tag(1001001110100111,1110111110010111,1111111101100110),LoadEnd-Tag(0111000110011001,1010010010000111,0101100011110100),TestNumLessTEqu-Tag(0001110010101001,0011011111111010,1001011011010101),Countdown-Tag(0100010101000100,1110100000011001,1011001010110100),Dec-Tag(1111010001010101,1001111000010001,1110101011100110)]"
PROBLEM_for-loop-index__ARGS_TAG_BF__MUT_005,1443,for-loop-index,Tag-BitFlips,0.005,0,True,9,442,390,"[SubmitNum-Tag(1111110011101100,0110110000100000,0000011001100010),LoadEnd-Tag(0111001010010111,0101100000010001,1101010010011010),LoadStep-Tag(0010110001011101,0101011010001101,0001000001010100),LoadStart-Tag(1000101100100101,0110110000101111,0001110000101011),While-Tag(1011101011011101,1100110000101000,0011000101000001),Add-Tag(0000111001100100,0011100001000100,0001111100101001),TestNumLessTEqu-Tag(0110100110110010,0100111011001011,1000111111011000),IfNot-Tag(1001101100101101,0000001001101001,0010000011111101),SubmitNum-Tag(0010111000011011,1000101100111011,0001101111101110)]"
PROBLEM_for-loop-index__ARGS_TAG_BF__MUT_005,1444,for-loop-index,Tag-BitFlips,0.005,0,True,10,306,280,"[LoadEnd-Tag(1000101100011111,0011011101100111,1000111100011001),LoadStep-Tag(1110110000100001,1100100101001000,0111110011010011),LoadStart-Tag(1011001100111001,0000100000011000,0000010110110100),Close(0110000011011110,1010110010011100,1001001010110101),Add-Tag(1101110000010001,0101001110110010,0100000101001101),SubmitNum-Tag(0101101100110110,0101100011111101,0100110000001111),TestNumLessTEqu-Tag(1000111101101010,1001011100010111,0001100110011110),SwapMem-Tag(0100010001001101,1010100100111010,1111110110000010),Countdown-Tag(1101111110000001,0011100011011110,0011011110101110),Set-4-Tag(1101000110101000,1101110110101011,0001110101101101)]"
PROBLEM_for-loop-index__ARGS_TAG_BF__MUT_005,1445,for-loop-index,Tag-BitFlips,0.005,0,True,7,397,358,"[LoadStart-Tag(1110001010101110,1110001111011100,0011011101101111),SubmitNum-Tag(0011011111111011,1110000001000000,1110111110101011),Close(1111100110011101,1000010101111101,1101011010010100),Add-Tag(0111100010001100,0011001000000011,1101001010001110),TestNumLess-Tag(1101100001001110,0111110001010101,0011111011111111),Countdown-Tag(1111110110110000,1010100110110111,1110100000010101),SubmitNum-Tag(0111101000001100,1011010110110110,0100001111100001)]"
PROBLEM_for-loop-index__ARGS_TAG_BF__MUT_005,1446,for-loop-index,Tag-BitFlips,0.005,0,True,14,467,424,"[SubmitNum-Tag(0001011111100111,0010100100111000,0000001010100010),LoadEnd-Tag(0110000001101000,1001111101111011,1110011000101111),Dec-Tag(0110101001001011,1111110111011100,0010101000011110),LoadStart-Tag(1100011100000100,0111110001011101,1010000110101001),Sub-Tag(0110101001001000,1001000000010101,0100111100111000),LoadStep-Tag(1010111111100110,0011111110010100,0111001111011110),TestNumLessTEqu-Tag(1011101100011111,0011111100011101,0011001001011111),While-Tag(1010111101000111,0001111111110101,1011100100100111),Add-Tag(1011110111101100,0101011011010001,0001100001001000),If-Tag(0111100101110010,0000110111001000,0000001000011001),Sub-Tag(0110101101111010,1000110100011100,0001111010010110),Add-Tag(0111001111001101,1111011100010001,0000110110010101),TestNumGreaterTEqu-Tag(0010110101011010,1010011011111110,1001101100000110),SubmitNum-Tag(1111010100010001,0010110001100001,0110100111110101)]"
PROBLEM_for-loop-index__ARGS_TAG_BF__MUT_005,1447,for-loop-index,Tag-BitFlips,0.005,0,False,NONE,NONE,NONE,"NONE"
PROBLEM_for-loop-index__ARGS_TAG_BF__MUT_005,1448,for-loop-index,Tag-BitFlips,0.005,0,True,10,461,304,"[Add-Tag(0000000001110110,0111011101101101,0000100100000001),SubmitNum-Tag(1111101000111100,1110000101011000,1000010010010110),Close(0010110010010101,0001000100000111,1101101110101000),LoadStep-Tag(1011011101011100,0010000110101100,0111000000100111),Add-Tag(1010110111101010,0000111001101011,1010111100001000),Add-Tag(1101100010010001,0000100100100101,1011000000001110),TestNumLessTEqu-Tag(0110010100010010,1101000000000010,1011000100110101),IfNot-Tag(0011010100100110,0010010011011111,0001000110111110),SubmitNum-Tag(1110000000000100,1111100111110001,0111011011001111),Break(0110111011011011,0000001000001101,0101111011100011)]"
PROBLEM_for-loop-index__ARGS_TAG_BF__MUT_005,1449,for-loop-index,Tag-BitFlips,0.005,0,True,11,483,465,"[SubmitNum-Tag(0111111100011010,1011110011110010,0001011001010110),Countdown-Tag(0010010111110010,0001111101100100,0111011110001001),CopyMem-Tag(1101101101111100,1111010000100000,0111011011010100),Inc-Tag(0011001111001001,1001110101101111,1110110001110001),Add-Tag(0111100100100011,0000111001010110,1001010110111010),Add-Tag(1001100010010010,1000011110101000,1101111011100100),TestNumLess-Tag(0101111010000001,0001010011010111,0001100100110011),If-Tag(0010101100111101,0011100110000101,1001111100100010),SubmitNum-Tag(0110101011100111,0011010001001110,0111100010111110),LoadStep-Tag(0001001011110001,0101100000100101,1100101111010001),SwapMem-Tag(1111010101111101,0001111000100000,0011001010011101)]"
PROBLEM_for-loop-index__ARGS_TAG_BF__MUT_005,1450,for-loop-index,Tag-BitFlips,0.005,0,False,NONE,NONE,NONE,"NONE"
PROBLEM_for-loop-index__ARGS_TAG_BF__MUT_0075,1351,for-loop-index,Tag-BitFlips,0.0075,0,False,NONE,NONE,NONE,"NONE"
PROBLEM_for-loop-index__ARGS_TAG_BF__MUT_0075,1352,for-loop-index,Tag-BitFlips,0.0075,0,True,7,161,118,"[Sub-Tag(0010010001000101,0110001100000011,0101010010110001),Set-15-Tag(1001011010011110,1011001001011001,0100001010100000),LoadStart-Tag(0010010010001111,1101001101110101,1111100100010010),Countdown-Tag(1101111111010111,1010010110000111,0000011100110110),SubmitNum-Tag(1010111100101101,0010011000111000,1110000010101110),TestNumLess-Tag(0001110100001111,0100100101010101,0100011111111110),Add-Tag(0000110100011011,0010001010110000,0000110000001110)]"
PROBLEM_for-loop-index__ARGS_TAG_BF__MUT_0075,1353,for-loop-index,Tag-BitFlips,0.0075,0,True,7,124,71,"[LoadEnd-Tag(1011111001110101,0100100010000001,1011001010011100),Set-2-Tag(1111010100100101,1011110110101101,1110101111001000),Countdown-Tag(1010010111111100,0111000100001100,0000111000000001),Add-Tag(0110111100100011,1100101001111110,0101010111010111),SubmitNum-Tag(1111110111011001,1000100000000111,1011000010001011),TestNumLess-Tag(0110000000010101,1000100000110100,1000000010000101),SwapMem-Tag(1101011101001101,1010101010111011,0011011101010001)]"
PROBLEM_for-loop-index__ARGS_TAG_BF__MUT_0075,1354,for-loop-index,Tag-BitFlips,0.0075,0,True,7,185,170,"[While-Tag(1011011110110001,1011010000110001,1111100010000111),LoadStep-Tag(1000101000111000,0011001001101001,1110111110001101),LoadEnd-Tag(1000001001001100,0111110110100110,1100110110011001),Add-Tag(0111111001110110,1000011010110001,0001010100011111),Add-Tag(1001100000010100,0110011110110110,1101110011001100),SubmitNum-Tag(1101011000110100,0001001010100111,0111111100001100),TestNumGreater-Tag(0010100000010100,1110110011110100,0000101100010000)]"
PROBLEM_for-loop-index__ARGS_TAG_BF__MUT_0075,1355,for-loop-index,Tag-BitFlips,0.0075,0,False,NONE,NONE,NONE,"NONE"
PROBLEM_for-loop-index__ARGS_TAG_BF__MUT_0075,1356,for-loop-index,Tag-BitFlips,0.0075,0,False,NONE,NONE,NONE,"NONE"
PROBLEM_for-loop-index__ARGS_TAG_BF__MUT_0075,1357,for-loop-index,Tag-BitFlips,0.0075,0,False,NONE,NONE,NONE,"NONE"
PROBLEM_for-loop-index__ARGS_TAG_BF__MUT_0075,1358,for-loop-index,Tag-BitFlips,0.0075,0,True,8,428,174,"[Close(1001000100011001,1101110110001110,1010010110010100),TestNumGreaterTEqu-Tag(1010110011111111,0111010000010011,0101101011000110),While-Tag(0001101110100000,1001111111110010,0000111000001110),Close(1100010010111111,1100111010011110,0010101111110000),SubmitNum-Tag(0011101111111101,1000100100001000,0100100101101001),Add-Tag(1111101111110101,0011001000011110,1101101101111100),If-Tag(0111001110101100,1100001111111001,0110110100111101),SubmitNum-Tag(1010011101100100,0100101100011101,1101111111101001)]"
PROBLEM_for-loop-index__ARGS_TAG_BF__MUT_0075,1359,for-loop-index,Tag-BitFlips,0.0075,0,False,NONE,NONE,NONE,"NONE"
PROBLEM_for-loop-index__ARGS_TAG_BF__MUT_0075,1360,for-loop-index,Tag-BitFlips,0.0075,0,False,NONE,NONE,NONE,"NONE"
PROBLEM_for-loop-index__ARGS_TAG_BF__MUT_0075,1361,for-loop-index,Tag-BitFlips,0.0075,0,True,15,444,397,"[SubmitNum-Tag(1110110111101010,0101001111001100,1000000000110010),LoadStep-Tag(1000000011000010,0011101001000011,1111001101111110),LoadEnd-Tag(0010000011110100,1001000001011100,1011111100010110),Countdown-Tag(0101011011000010,0110100001000001,0110010111100111),Dec-Tag(0100000010100111,1111100100101110,0100110011101101),TestNumLess-Tag(0110111100110100,0000001010111001,1110100001111100),LoadStart-Tag(0000010111011001,0011001110111001,1111001110001001),Close(0001001110011000,0011010011010000,0100001001010000),Set-11-Tag(1001001101100000,0111000110000000,1110010111001001),While-Tag(0100101001100001,0000010111100111,0001100001001111),While-Tag(1001010101101101,1110110001110010,0101010001110100),Add-Tag(1001101100110110,0100100101010010,0000011100010001),TestNumGreater-Tag(1000011011101110,0100111110010101,1101110111110101),SubmitNum-Tag(0111110100010101,0100111100010110,1011100101101100),CopyMem-Tag(0101111110111101,1010001001101010,0010001110001010)]"
PROBLEM_for-loop-index__ARGS_TAG_BF__MUT_0075,1362,for-loop-index,Tag-BitFlips,0.0075,0,True,9,357,233,"[LoadStart-Tag(1100111000001110,1011101100010010,1110111011100110),SubmitNum-Tag(0101111000111110,1010011110001100,0111100001111001),Sub-Tag(0100000001011001,0011010100110111,1110101111111101),Dec-Tag(0100110011101101,0110011000110100,0101001001001101),Countdown-Tag(0100001000101000,0011101101110011,1111110110110111),TestNumGreaterTEqu-Tag(1010111100011111,0101111111001100,1010010010110111),Add-Tag(0011111000010110,0000111100101101,0000011110111101),IfNot-Tag(0110010011100110,1001101100110000,0010111101101011),SubmitNum-Tag(0000001101101111,1011000111010000,1111101010111100)]"
PROBLEM_for-loop-index__ARGS_TAG_BF__MUT_0075,1363,for-loop-index,Tag-BitFlips,0.0075,0,True,6,194,82,"[SubmitNum-Tag(1001100111101110,1001100100011111,1011101010110110),Close(1000001001001110,0110111101101111,0110001100110001),Add-Tag(1011000111100010,0111010111110110,1101011111101100),TestNumLess-Tag(1011110110111010,0110011001000111,0100100011110000),Countdown-Tag(0110000101001000,0010101101001000,1000010011010111),SubmitNum-Tag(1011001111111111,0101011010111101,1000110111011101)]"
PROBLEM_for-loop-index__ARGS_TAG_BF__MUT_0075,1364,for-loop-index,Tag-BitFlips,0.0075,0,False,NONE,NONE,NONE,"NONE"
PROBLEM_for-loop-index__ARGS_TAG_BF__MUT_0075,1365,for-loop-index,Tag-BitFlips,0.0075,0,True,8,359,310,"[CopyMem-Tag(0110110011111110,0101000001000011,1100100001110101),Set-14-Tag(1000111011110111,1100101011101010,0000010010010100),While-Tag(1100111111010110,0100001110001000,1110100110111010),LoadEnd-Tag(0100011111110010,1110101000111111,1001111111000001),SubmitNum-Tag(0101110101111101,0100001100000100,1111100110010110),Add-Tag(0000001000111000,0011111101010100,0001010100010011),Dec-Tag(1100001110001011,1110001111100111,0100111010100011),TestNumGreaterTEqu-Tag(1101001001011011,1101010111100001,1010011111110011)]"
PROBLEM_for-loop-index__ARGS_TAG_BF__MUT_0075,1366,for-loop-index,Tag-BitFlips,0.0075,0,True,6,397,180,"[Close(1010001101101011,0100011001000011,0101011001111001),SubmitNum-Tag(1011101101011110,0011001111000000,0111100111011111),Add-Tag(0111111110001011,1011101101000010,0111110111111111),Set-7-Tag(1011000110000001,0100000010100011,0010001101101000),While-Tag(1000100110100000,1001001001000100,0000100110011111),TestNumLessTEqu-Tag(0111110101110001,1010111110011101,0001101110011001)]"
PROBLEM_for-loop-index__ARGS_TAG_BF__MUT_0075,1367,for-loop-index,Tag-BitFlips,0.0075,0,True,13,486,367,"[SubmitNum-Tag(1010111111111000,1100101011100100,0111010000110100),Add-Tag(0010001000000010,0111100111110011,1100001011011011),LoadStep-Tag(0011100100001001,0101000010000001,1110110100011010),Countdown-Tag(1001100100101111,0100011011101100,1110110010000100),Dec-Tag(0101010101010000,1001110100010000,1101000111011111),Close(0101101110111000,1101011010100111,0000111010100111),TestNumGreaterTEqu-Tag(1111101111001110,0110000011000101,0011010011100101),Dec-Tag(1010000110100110,1100011101011001,0110110001100101),While-Tag(1110110111100000,1111000011101000,1101011111011101),Add-Tag(0101111100101100,1000001101000111,0010001010001110),LoadStep-Tag(1100001110000000,1110001011101010,0010110010100001),SubmitNum-Tag(0000011101001010,0011010010110001,0100110111110111),TestNumLess-Tag(1000111010101100,1001010101010101,0011110110110100)]"
PROBLEM_for-loop-index__ARGS_TAG_BF__MUT_0075,1368,for-loop-index,Tag-BitFlips,0.0075,0,False,NONE,NONE,NONE,"NONE"
PROBLEM_for-loop-index__ARGS_TAG_BF__MUT_0075,1369,for-loop-index,Tag-BitFlips,0.0075,0,False,NONE,NONE,NONE,"NONE"
PROBLEM_for-loop-index__ARGS_TAG_BF__MUT_0075,1370,for-loop-index,Tag-BitFlips,0.0075,0,True,8,357,290,"[Add-Tag(1111011101111010,0011010010000110,0011010000011000),LoadStep-Tag(1010010011111011,1010100011010000,1110000111000000),Close(1110100101101101,1001101000101011,0111011101011000),SubmitNum-Tag(0010000010011001,0010001100111111,1100000101110010),Add-Tag(0110011110010001,0010000011110110,0111111010010010),TestNumLess-Tag(0110010011010011,0100000001001100,1011000010110010),IfNot-Tag(0011000000101010,0010001100011000,1000110001100001),Set-8-Tag(0100011100110000,1101110111000110,1011111010101110)]"
PROBLEM_for-loop-index__ARGS_TAG_BF__MUT_0075,1371,for-loop-index,Tag-BitFlips,0.0075,0,True,16,490,184,"[CopyMem-Tag(0101111101000110,1010010001101000,0001010110101010),LoadStep-Tag(0101011100010000,0010111101010000,1011101001010000),Close(1101010110110011,1111101000101001,0011010100111000),SubmitNum-Tag(1011111111110110,0011010110110110,1001001010100110),Add-Tag(0010011100111110,1111100011111011,0001110011011111),Close(1011101000001100,0000010001110110,0010101100011010),TestNumLessTEqu-Tag(1000011011101001,1000000111111100,0001001100010110),Add-Tag(0001010101010001,1011001111011111,0100101000001111),Countdown-Tag(0001000010010010,1101111111110011,1001011010110100),Set-1-Tag(0010001000110110,0100010000110010,1111010000110110),Close(1010100111100110,0110110111100001,0010110100000111),SubmitNum-Tag(0010111101101101,0111010110100000,1101011111001001),Add-Tag(0011010101000110,0100111000101010,0011101111111111),SwapMem-Tag(1000000000101010,1101111101011111,0011100110100010),Countdown-Tag(1001111001010011,0001110110011100,0110110010000000),IfNot-Tag(1110001001110001,1001010010001101,0000101011010110)]"
PROBLEM_for-loop-index__ARGS_TAG_BF__MUT_0075,1372,for-loop-index,Tag-BitFlips,0.0075,0,False,NONE,NONE,NONE,"NONE"
PROBLEM_for-loop-index__ARGS_TAG_BF__MUT_0075,1373,for-loop-index,Tag-BitFlips,0.0075,0,True,5,308,108,"[While-Tag(0110000100110011,0000100000110010,1111100000000001),TestNumGreater-Tag(0100011101000111,1001001101111110,1110011010111011),If-Tag(0110111010011101,0011111100001100,0011010110100111),SubmitNum-Tag(0111110101110111,0111010111010101,0000001101000010),Add-Tag(1111101011101101,0011000100111011,1101111110011110)]"
PROBLEM_for-loop-index__ARGS_TAG_BF__MUT_0075,1374,for-loop-index,Tag-BitFlips,0.0075,0,True,7,141,91,"[LoadStep-Tag(1111111110101001,0001110011010011,0101001101111111),LoadStart-Tag(0100011100101000,1100001101010001,0000000001011001),While-Tag(0011000100101011,1011110000111110,0101011001111001),Add-Tag(1110100111101110,0000010101001010,1101000011001110),TestNumGreater-Tag(0001110100110000,1111000000000101,0010001110110011),SubmitNum-Tag(0000011000111100,1000111100001011,1111000000111111),Sub-Tag(1011100000101010,0111100110010001,0001111000011101)]"
PROBLEM_for-loop-index__ARGS_TAG_BF__MUT_0075,1375,for-loop-index,Tag-BitFlips,0.0075,0,False,NONE,NONE,NONE,"NONE"
PROBLEM_for-loop-index__ARGS_TAG_BF__MUT_0075,1376,for-loop-index,Tag-BitFlips,0.0075,0,True,12,271,164,"[LoadStart-Tag(1101000110010001,1110011100001011,0100010010111101),LoadEnd-Tag(0110110011011110,0111000101100110,0111101111100001),Set-4-Tag(0000111110000101,1001011110000110,1100100111001101),Dec-Tag(0010110111011101,1110110000110110,1111110000010101),Add-Tag(0101001011001011,1000110100011001,0001011010010011),Countdown-Tag(0010111101001101,0011111111010100,0101101010111100),Set-14-Tag(1000011000011110,1010010010111100,0001011101101000),TestNumLessTEqu-Tag(0001000100100001,1111111101001000,0010011010001010),Countdown-Tag(0110110000011000,1111110100100101,1100000100000001),LoadStep-Tag(1011100010111001,1101001000001011,0010111011111010),SubmitNum-Tag(0001001010010010,1111111011110100,0111000010011100),Add-Tag(0001001100011110,1100111110011001,0011000100100111)]"
PROBLEM_for-loop-index__ARGS_TAG_BF__MUT_0075,1377,for-loop-index,Tag-BitFlips,0.0075,0,False,NONE,NONE,NONE,"NONE"
PROBLEM_for-loop-index__ARGS_TAG_BF__MUT_0075,1378,for-loop-index,Tag-BitFlips,0.0075,0,True,10,369,321,"[LoadEnd-Tag(0000000000000010,1110101111110010,0011000001110100),Sub-Tag(0101110010100010,1110010110111010,0010000111011011),LoadStep-Tag(1111101011001011,0100101100110111,0110011101000010),Sub-Tag(0010111000010101,0001000111111110,1000100001110001),TestNumGreater-Tag(0011011110010100,1010101000011000,0010100111111100),While-Tag(1010101101111001,0001001010000010,0100000111000000),Add-Tag(1101001001110110,1110101010110101,0100110111110101),SwapMem-Tag(0100010101010010,1011110001011101,0100000101001010),TestNumGreater-Tag(0011001010011110,1000001100010101,0100100101101100),SubmitNum-Tag(0101010011010000,1110010110000100,1011101110100011)]"
PROBLEM_for-loop-index__ARGS_TAG_BF__MUT_0075,1379,for-loop-index,Tag-BitFlips,0.0075,0,True,12,340,260,"[SubmitNum-Tag(1111111011110100,1100111010111100,0101010010001010),Close(0001110000101011,1000101000111000,1110011111111111),Add-Tag(0011011000011011,1111100011110000,1111110001111110),LoadEnd-Tag(0111110010001101,1000101001011011,1100011110111100),Dec-Tag(0110111010000101,0100101110101110,0111011111011001),TestNumGreater-Tag(1011110010111100,0010001010000000,0001110001110100),Countdown-Tag(1001110001110101,0101000110111100,1110100111111010),Sub-Tag(0111111011110101,0110011011001011,0001010101110100),Close(1100100001010100,0110010010000000,1111101011011100),SubmitNum-Tag(1101101011101011,1011001100010010,0010100110010000),While-Tag(0011110101011100,1000110111101101,1001101100001111),Set-13-Tag(0010101010001001,1011101101100011,1100100101110111)]"
PROBLEM_for-loop-index__ARGS_TAG_BF__MUT_0075,1380,for-loop-index,Tag-BitFlips,0.0075,0,True,10,443,391,"[Add-Tag(1011110100010111,1010100001111011,0100000001000101),Inc-Tag(1000101100011100,1101101101000010,1010101111101010),LoadEnd-Tag(1101001100000110,0011001011111101,1000011111010100),Sub-Tag(1100011100000010,0101100111111001,0111101000011100),While-Tag(0111001110100001,1101001010101110,0110101001101101),Add-Tag(0111110100011100,1001000011110011,1111010111010001),TestNumLessTEqu-Tag(1101011000011100,1000001001110100,0110111111000100),If-Tag(1111110110101110,1110100010111100,1011110001011110),LoadStep-Tag(0000100011111010,0011001000010001,1101011001010000),SubmitNum-Tag(0100011101011000,0000011111111111,1100000100010111)]"
PROBLEM_for-loop-index__ARGS_TAG_BF__MUT_0075,1381,for-loop-index,Tag-BitFlips,0.0075,0,True,10,325,281,"[Sub-Tag(0100000100010000,0110001000110110,1011010011001010),Set-7-Tag(0011100000001100,0101000101011111,1110001011000100),Sub-Tag(1011101000100111,1111101101111101,0100100010011000),Sub-Tag(0011110110100110,0000100010011011,0000101011110010),Countdown-Tag(0001110011000111,0001111010110100,1101110010100000),Sub-Tag(1101010111001011,1010100100110110,1000100110101010),Countdown-Tag(1111110010000110,1110011011011110,1011011111010000),Sub-Tag(0010101010111101,1000111110011010,1000000001111110),SubmitNum-Tag(0000100011110101,1100010101101101,1001000101010111),TestNumGreaterTEqu-Tag(0011111010000000,0011100001111111,1101001000111100)]"
PROBLEM_for-loop-index__ARGS_TAG_BF__MUT_0075,1382,for-loop-index,Tag-BitFlips,0.0075,0,True,7,423,287,"[Add-Tag(0001000010101011,0111000110111111,1101011000110010),LoadStep-Tag(1111111111011011,0001010001001011,0000100111100011),While-Tag(1010100111011111,0001100100001010,0110010101001101),Sub-Tag(1101010101010000,0000100100110000,1110001001011100),TestNumLess-Tag(1010010000111010,1000101010010101,1110111011101111),SubmitNum-Tag(1101110100100011,0010110000100011,0000111111000011),Add-Tag(0000100100111010,1100100001110010,1110110010101011)]"
PROBLEM_for-loop-index__ARGS_TAG_BF__MUT_0075,1383,for-loop-index,Tag-BitFlips,0.0075,0,False,NONE,NONE,NONE,"NONE"
PROBLEM_for-loop-index__ARGS_TAG_BF__MUT_0075,1384,for-loop-index,Tag-BitFlips,0.0075,0,True,10,264,250,"[Close(0001001011111110,0111000110101100,0101000101111001),Dec-Tag(0101010001111001,0001111111001110,0011110110011010),SwapMem-Tag(1000111001010100,1001001101010111,0011000000010110),Add-Tag(1000101100110001,0111111101110011,0101110111100001),TestNumLess-Tag(1010101011011101,1001000101110101,0101111000110011),SubmitNum-Tag(0111110101111011,0010011011011010,1111101100111010),LoadEnd-Tag(1111101101100110,0010110110111011,0001011011011001),SwapMem-Tag(0100010111010101,0111011111100110,0001111001010111),If-Tag(1100100100110110,0000101000111101,0111101000011111),Return(0101001011111100,1000000001110000,1100001111111011)]"
PROBLEM_for-loop-index__ARGS_TAG_BF__MUT_0075,1385,for-loop-index,Tag-BitFlips,0.0075,0,True,42,500,481,"[Sub-Tag(0000010101100110,0100111111010110,1101000011111000),Sub-Tag(1101100001100010,1111011000110110,0111001011101101),SwapMem-Tag(1110101111101100,0111100011111100,0011110111101100),Set-12-Tag(1110010010010100,1100011110010100,0010010110000000),TestNumGreaterTEqu-Tag(0010010101110101,0001111011101101,1110111001111011),Dec-Tag(1101100010101011,0010001111001111,0001010010111000),Inc-Tag(0011100011111001,1111100111011000,1010001011010101),Close(1110101101000010,1011111010110100,0110011100101101),Set-8-Tag(1001111100000110,0111101100111101,0011110101101001),LoadStart-Tag(0101011111101100,0101101100010110,0100111110100011),Sub-Tag(0111101110010000,1110101000111000,1000011010101010),Set-5-Tag(1000010010101101,1111100011010101,0101111001110001),TestNumGreaterTEqu-Tag(0010011101011011,0000100111001001,1110001001111101),TestNumGreaterTEqu-Tag(0010011000101000,0111001011100111,1110001010111011),LoadStep-Tag(0010110010010111,0001100110100000,0100100110001011),TestNumLess-Tag(1001110010100010,0001000010010100,0010100000100011),Set-6-Tag(0001010001011010,1000100001010110,1010100001011101),Add-Tag(0110100101001000,1110000011011111,1101110100000001),CopyMem-Tag(0011111110111110,0101010000010110,1001010011101111),Close(1101100110101000,1001001010000010,1010000001000111),TestNumLess-Tag(1000010101101010,1010110011011000,0011000000011010),SubmitNum-Tag(0000011101010011,0011100101001000,1000111000001011),Countdown-Tag(1001111100110000,0001011000111110,0001010101111000),Add-Tag(0001010110010101,1011100111000010,1101000000110101),TestNumGreater-Tag(1001100110101010,0100100110010110,1100010000101110),LoadEnd-Tag(0011111100101011,1001110010001010,0001100010000101),Floor-Tag(1111001010100010,1011011100101111,1000100111011010),Sub-Tag(0001000110000010,0101010011001010,0011001101110100),SubmitNum-Tag(0000110101110000,1101100110001000,0000111110000101),Sub-Tag(1101010000011100,0101001010001110,0111101000111100),Set-12-Tag(0111001111001100,1010110111010011,1001000001100101),TestNumGreater-Tag(0011001110111111,0001011000110101,1011000001100011),IfNot-Tag(1011101011010111,1010100101001001,1011000101110001),If-Tag(1101110111000010,1110011001001111,0110011110000001),Set-0-Tag(1001001001111000,1100111101001110,1111001110100011),Countdown-Tag(1101011001111100,1110000011001001,0101001110111010),Not-Tag(0100100001001010,1100000001101000,1111100000101010),Break(1101111010010010,0000011000111000,1010100111100100),Set-13-Tag(0000011101010011,0001100000001110,0000111100101101),Div-Tag(0000100100000101,0101010101100010,1111111101011110),IfNot-Tag(0101110010101001,1010111011001000,0011100101100100),Div-Tag(1001110111101110,0010000100010111,1111000001111100)]"
PROBLEM_for-loop-index__ARGS_TAG_BF__MUT_0075,1386,for-loop-index,Tag-BitFlips,0.0075,0,True,8,159,150,"[Dec-Tag(0101010010010011,0111101000110100,0101110101000110),Countdown-Tag(0000101000111001,0000010001000001,0000110101100100),Add-Tag(1111100000111010,1001111110010111,1101110010000010),LoadStep-Tag(1110111011001111,1011010011010100,1101111011000111),SubmitNum-Tag(1100010001110111,0100100011111010,1011011001100100),Add-Tag(1110100010010010,1111111001111111,1100110001000010),Not-Tag(1110101111111010,1000110001010001,0111101101001110),TestNumGreaterTEqu-Tag(1101000111110000,1100110010100000,0011100101110001)]"
PROBLEM_for-loop-index__ARGS_TAG_BF__MUT_0075,1387,for-loop-index,Tag-BitFlips,0.0075,0,True,6,199,97,"[TestNumLessTEqu-Tag(1011001000001000,1110000001000111,0110100111110001),Add-Tag(0101110011101110,0100100011000011,1010000001100100),Countdown-Tag(0110110001011010,1001101101111000,1001001111001100),SubmitNum-Tag(1100000110100101,0110000111010001,1101000001010110),Add-Tag(1010010011010100,0011100100110010,1010111111000000),TestNumLess-Tag(1000010110100100,0111110100001100,0110100011111001)]"
PROBLEM_for-loop-index__ARGS_TAG_BF__MUT_0075,1388,for-loop-index,Tag-BitFlips,0.0075,0,False,NONE,NONE,NONE,"NONE"
PROBLEM_for-loop-index__ARGS_TAG_BF__MUT_0075,1389,for-loop-index,Tag-BitFlips,0.0075,0,True,7,473,111,"[Add-Tag(1111101000111010,1110100001101010,0111010110000101),Close(0011000010101101,1100011000011001,0101100010100010),LoadEnd-Tag(0101001011100100,0011011100001010,1101001011100111),TestNumGreater-Tag(0100101010000101,0110000111010101,1110011011101010),Countdown-Tag(0111111011101001,0011101001001110,0101101011011111),SubmitNum-Tag(0101100100110001,1011010101111000,1001011010011011),Add-Tag(0000001100111111,0101110100011110,1101111100010001)]"
PROBLEM_for-loop-index__ARGS_TAG_BF__MUT_0075,1390,for-loop-index,Tag-BitFlips,0.0075,0,True,11,429,186,"[LoadEnd-Tag(0100011010101100,0101100101011110,1100000100011110),Add-Tag(0110110101011111,1000011100001011,1111010100001011),SubmitNum-Tag(1111010001001111,1011000011011111,1010101000111001),Dec-Tag(0110011000111000,1101001100100110,0000010100000111),While-Tag(0110101100010011,0010111010100001,1101010101111010),Sub-Tag(0110110010000001,0011011000011010,1001010110010000),Countdown-Tag(0111000011111010,1000100011010001,0110000010101111),Add-Tag(0111101100110001,1100000001001101,0111000110011111),SubmitNum-Tag(1101010000001001,1101101010011010,1001110000101110),Close(1001101011001100,1110001010101100,0111101000000101),TestNumGreaterTEqu-Tag(1001110011111001,1111100101000111,0000100101111110)]"
PROBLEM_for-loop-index__ARGS_TAG_BF__MUT_0075,1391,for-loop-index,Tag-BitFlips,0.0075,0,True,6,283,191,"[TestNumLessTEqu-Tag(0010100100110111,0011000110000010,1011100111011100),Add-Tag(1010011011100010,1011111110111010,0100011001011001),Countdown-Tag(1001101110111001,1010000011101111,1100110101010000),SubmitNum-Tag(0110001000010001,0000111011001011,0011110100000001),Add-Tag(0110011010001000,0010111010110011,1100011010111001),TestNumGreater-Tag(1001110101010111,1110111010011010,1000101110000100)]"
PROBLEM_for-loop-index__ARGS_TAG_BF__MUT_0075,1392,for-loop-index,Tag-BitFlips,0.0075,0,False,NONE,NONE,NONE,"NONE"
PROBLEM_for-loop-index__ARGS_TAG_BF__MUT_0075,1393,for-loop-index,Tag-BitFlips,0.0075,0,True,12,413,243,"[LoadStart-Tag(0000100101010000,1100111000011111,0110101111011101),SubmitNum-Tag(0010010101010001,1101100011011101,0111111000110111),Close(1011100110001001,1100001101011101,0010010011100100),LoadEnd-Tag(1011111011111100,1010101101100110,1001110010011001),Dec-Tag(1101011111111011,1100110010110001,1100100101110110),Add-Tag(0110001001110110,0111011100000110,0110010100110000),TestNumGreater-Tag(0001111001011101,1111101111110011,0100101000101000),While-Tag(0010111011101000,0100101000101011,0001000011101111),Close(1111101110111101,1000100101100100,0100000101110001),SubmitNum-Tag(0101111011010100,1010010101000110,0110101111011100),Countdown-Tag(0001101010110110,0000000110110101,1010100101000000),Mult-Tag(1010111111101011,0001010111100111,0101101101110000)]"
PROBLEM_for-loop-index__ARGS_TAG_BF__MUT_0075,1394,for-loop-index,Tag-BitFlips,0.0075,0,True,11,485,380,"[SubmitNum-Tag(1110111101111100,1110000010110011,0010110101011110),Add-Tag(0011100000100110,1101000111111110,0110101011100101),SwapMem-Tag(0010010100010110,1010110101000001,0011100010010100),Dec-Tag(1010000111101111,0000110011101101,1111100010011000),TestNumLessTEqu-Tag(0101011110100000,1010111010110000,1000100110000001),LoadStep-Tag(1101000101011000,1110011101111111,0101010100010011),Countdown-Tag(1101100110000001,0010111000000110,0001101000010101),Add-Tag(0101110100010100,0010011101101010,1011000100100001),SubmitNum-Tag(0001101110100001,1110110101100101,0001101011000001),Add-Tag(1010001110101010,1100101100111101,0101101000010101),TestNumLessTEqu-Tag(1111101010100000,1010000111000111,1101101000111000)]"
PROBLEM_for-loop-index__ARGS_TAG_BF__MUT_0075,1395,for-loop-index,Tag-BitFlips,0.0075,0,True,7,305,55,"[Dec-Tag(1010111010100101,1001111010111000,1000000011000110),Countdown-Tag(0000010111100011,1110000001000001,0000001111101101),Add-Tag(1110101011111001,0110001010100011,0001100110111100),TestNumGreaterTEqu-Tag(0001100010001101,0101100101000010,0010011010110000),TestNumLessTEqu-Tag(0010011000011101,1011010001100000,1010001010101110),SubmitNum-Tag(0110101000111111,0010010111000100,0010010101100111),Add-Tag(1000100010101000,1110000000010011,1100011100111101)]"
PROBLEM_for-loop-index__ARGS_TAG_BF__MUT_0075,1396,for-loop-index,Tag-BitFlips,0.0075,0,True,9,273,174,"[LoadStart-Tag(0010000101111000,1101011110110100,1011110011001110),Close(0100010000110110,0011000000110101,1011001111011111),SubmitNum-Tag(1111100011111100,0101111101001001,1011101110101011),Close(1010101101101110,0010101000011100,1100010001101001),Add-Tag(0110101001101011,1000001100100111,1110100101101001),TestNumLess-Tag(0010100100111100,0000011100110101,0111110111110100),While-Tag(0001111001111111,0011000011000011,0010110110111011),SubmitNum-Tag(0110100111001101,1100010101100000,0111101011111101),Countdown-Tag(1010001110111111,1010000000001011,1010000111110011)]"
PROBLEM_for-loop-index__ARGS_TAG_BF__MUT_0075,1397,for-loop-index,Tag-BitFlips,0.0075,0,True,6,137,69,"[Close(1100111011000100,0011111101011100,1000101001110011),SubmitNum-Tag(1111011010111111,1101000001110001,1001010101101110),Add-Tag(0110111110110110,0011011111010011,0111111110111110),TestNumLessTEqu-Tag(0011010101010011,1011011111110111,1110100001001000),Countdown-Tag(0110100101011100,0111011110100111,0111100001000000),Return(1000000000010011,1010010011011101,0111001000100101)]"
PROBLEM_for-loop-index__ARGS_TAG_BF__MUT_0075,1398,for-loop-index,Tag-BitFlips,0.0075,0,False,NONE,NONE,NONE,"NONE"
PROBLEM_for-loop-index__ARGS_TAG_BF__MUT_0075,1399,for-loop-index,Tag-BitFlips,0.0075,0,True,10,323,298,"[LoadEnd-Tag(0010011001001011,1100110111100101,0110110000100001),Dec-Tag(0000101101001110,1101000100001111,0101000110110000),Sub-Tag(1000101100001111,1011000100000000,0100110111001111),Set-16-Tag(1101110001010101,1010011100011100,0101110110010110),While-Tag(0001000001010100,1001101010001111,0101001001001111),LoadStep-Tag(0111100110110100,1001011111000101,1100101110001110),Add-Tag(1000011110111110,1010000101101010,1110010001001001),SwapMem-Tag(0111110101111111,0011111011100100,0000011011110011),SubmitNum-Tag(0110100101011111,0011010000011111,0101111100111100),TestNumLessTEqu-Tag(0110100010001011,0000011111001110,0100110111100100)]"
PROBLEM_for-loop-index__ARGS_TAG_BF__MUT_0075,1400,for-loop-index,Tag-BitFlips,0.0075,0,True,12,175,131,"[While-Tag(0011100101110011,1111001000100110,1010101011110110),LoadStep-Tag(0000010100011110,1000000111000111,0100110100100100),Set-3-Tag(0101101111010100,1110101100100001,1000100010110101),LoadEnd-Tag(0111110111000011,0011000000111100,0011000110011111),TestNumGreater-Tag(0011111111010010,1101011111011000,0011011000110011),IfNot-Tag(0001010010110010,1110101010101010,0110110011001000),Countdown-Tag(0101111100010010,0010010110110110,0101100111111100),Add-Tag(1000110101000011,1010001111011000,0101000101001011),Close(0101101001101110,1010000010010111,1000110110111100),Close(1110111101000000,1011100001001011,0100001110111011),SubmitNum-Tag(0110110111011111,0100001010011011,1110000111111010),Add-Tag(1111011011001100,1101111000001011,0110011111101101)]"
PROBLEM_for-loop-index__ARGS_TAG_BF__MUT_01,1051,for-loop-index,Tag-BitFlips,0.01,0,True,8,283,235,"[SubmitNum-Tag(0110111111101011,0000000001110110,0000001111110001),While-Tag(0011011110111011,1110101011011001,1111110110001110),Add-Tag(0011011101111111,1011001000110100,1100011101011111),LoadEnd-Tag(0001011011010001,0110010000000000,1001110010100100),Dec-Tag(0010110100010101,0110111011101110,0011101011100110),TestNumLessTEqu-Tag(1101111001000111,0101110000010111,1001000101011110),Countdown-Tag(0100011101010001,0001110100110001,0011110011000011),SubmitNum-Tag(1011111101111010,1011000100010010,0111011010000001)]"
PROBLEM_for-loop-index__ARGS_TAG_BF__MUT_01,1052,for-loop-index,Tag-BitFlips,0.01,0,True,7,183,144,"[SwapMem-Tag(0011101100000010,1111011011100111,1111011010000100),Close(1110010011110000,1111111010111000,0000001000000011),SubmitNum-Tag(0011011110000011,0100011110101101,1100100101010000),Add-Tag(1011101000110110,1010111111000111,0011001110101010),TestNumLessTEqu-Tag(0001011101110001,1101001100100000,1011100010001011),Countdown-Tag(1000100110010010,0011010001010100,0001000001101000),Set-9-Tag(0001110110011101,0010011001001100,1110110001011111)]"
PROBLEM_for-loop-index__ARGS_TAG_BF__MUT_01,1053,for-loop-index,Tag-BitFlips,0.01,0,False,NONE,NONE,NONE,"NONE"
PROBLEM_for-loop-index__ARGS_TAG_BF__MUT_01,1054,for-loop-index,Tag-BitFlips,0.01,0,True,8,171,136,"[Add-Tag(1101111110011011,0101101000101001,0111101110001000),Dec-Tag(1000010001110100,1011101111011010,0001110000100011),LoadStep-Tag(1101101000000100,1111100110001111,1001100011001010),Sub-Tag(0001110001010100,0101101001100100,1001001101001001),While-Tag(0011101110001010,1001111100111111,1111100101000001),SubmitNum-Tag(0100101110111000,1100111000011000,1000111101000011),TestNumGreaterTEqu-Tag(1001011101101001,1101100011011000,0110001000100111),Add-Tag(1011100110110000,0101001010101001,1110000110011000)]"
PROBLEM_for-loop-index__ARGS_TAG_BF__MUT_01,1055,for-loop-index,Tag-BitFlips,0.01,0,True,8,219,117,"[Close(0110111100000000,1001110010101001,1000101110100000),LoadStep-Tag(1110101100100001,1001110101111001,1110011111010111),SubmitNum-Tag(1111001111011110,1101100011101010,1101111111111101),Sub-Tag(0101011100010000,0100100000111001,0000111000011110),TestNumGreaterTEqu-Tag(1011011111010000,0010111100001011,0011111100010001),Add-Tag(1111101000111110,0110001001001001,1111101101111101),Countdown-Tag(0111001110011010,1000101001110100,0100010011001101),Set-9-Tag(1001001010110011,0100011011000001,0011011000010110)]"
PROBLEM_for-loop-index__ARGS_TAG_BF__MUT_01,1056,for-loop-index,Tag-BitFlips,0.01,0,True,8,403,280,"[Add-Tag(1110111110100011,0011111110110011,0010000000111101),SwapMem-Tag(0100010001010111,0000111110101011,0100000111110101),Set-12-Tag(1010101111001000,1000100101011111,0011000000111000),While-Tag(1100100110011111,1000000101101001,1011101111011111),Sub-Tag(0100000010001100,1000001100111101,0011000101011100),SubmitNum-Tag(0111010101010110,1010010101110100,0000000110111010),TestNumGreater-Tag(0010111111001100,0001001011011110,0100100110111010),Add-Tag(0100001011101100,0110001100110011,0101000011111011)]"
PROBLEM_for-loop-index__ARGS_TAG_BF__MUT_01,1057,for-loop-index,Tag-BitFlips,0.01,0,True,9,388,333,"[Not-Tag(0100000110100110,1010001001000010,0100011011110001),Sub-Tag(0100110111010100,1010110111001101,1100110001011110),LoadStart-Tag(1010000111110001,1010010001010101,1100110101011000),SubmitNum-Tag(1111100011100111,0110000111010011,0001000100110000),While-Tag(0010001100010010,0001111010111101,1011010100011100),Add-Tag(1000000010100001,0000111110110010,0010000110101001),TestNumLess-Tag(1010100010110010,1110000010110101,0010101100001011),IfNot-Tag(0000010001001010,0001011111111110,0101101000010101),SubmitNum-Tag(1010100000100100,0001100000101101,0101010100110001)]"
PROBLEM_for-loop-index__ARGS_TAG_BF__MUT_01,1058,for-loop-index,Tag-BitFlips,0.01,0,True,9,388,124,"[CopyMem-Tag(0100010000010110,1010111011010100,0010101110110011),LoadStep-Tag(1010110111100100,1000101011111101,0100010000110110),SubmitNum-Tag(1111011110110110,0101000100011101,1011010010011010),Close(1010001111110011,0011011000110101,1111100100001010),Add-Tag(1111101011011010,1010010111101101,0011010100001010),TestNumGreater-Tag(1010111001011101,0010100000100010,0111110101001100),CopyMem-Tag(0011100000111011,0111111011110000,1110000111001011),Countdown-Tag(0110011101010010,1011101101111111,1100001010010111),SubmitNum-Tag(0010111111111101,0011011001111000,1001111001001100)]"
PROBLEM_for-loop-index__ARGS_TAG_BF__MUT_01,1059,for-loop-index,Tag-BitFlips,0.01,0,True,9,186,134,"[LoadEnd-Tag(1011001001101010,1000110000000010,1110101111101010),Add-Tag(0101001000000110,1010111111001111,0111010111000110),Dec-Tag(1001010001110001,0111010011111000,0000110010010001),SubmitNum-Tag(1101011101010011,0011000010101101,0101110101000010),While-Tag(0010011101100111,1100010111111101,1101000101100011),Add-Tag(0000001000100110,0000011101011000,0010110101010001),TestNumLessTEqu-Tag(1001000101010001,1001001001101111,0000000011011100),If-Tag(1000000111111110,1011001111010100,0011011000101100),SubmitNum-Tag(0101001101101100,1010110000110101,0100001111111100)]"
PROBLEM_for-loop-index__ARGS_TAG_BF__MUT_01,1060,for-loop-index,Tag-BitFlips,0.01,0,True,15,421,174,"[Set-12-Tag(0100011101001000,1110011001000011,1100000110101010),LoadEnd-Tag(1001110001101001,0100111010011000,1001011001011011),Dec-Tag(1101000111110110,0011101110011011,1000111100100111),Set-5-Tag(0000100111011100,1110011000101011,1010000100001111),Sub-Tag(1011001000100110,0101100011011010,1011110010110001),While-Tag(0000110110010101,0101011010010111,0110100100010111),Inc-Tag(1110110111010010,1111010011000110,0111011001000110),SubmitNum-Tag(1111001101111101,0001101000010100,0101100101001100),Inc-Tag(1101010111111000,1111110000100010,1010100111010100),Add-Tag(0111011101011110,0010000000010111,1110111100000010),Inc-Tag(0110001111111101,0010100010011100,0001001100111000),Inc-Tag(0101111101101101,0111001100000100,0100001000011001),TestNumGreaterTEqu-Tag(0011010001101101,0010111000011010,0011110111010101),Inc-Tag(1101011111011111,0111101001010101,1110111000010101),Add-Tag(1111001101100101,1000100000010001,0011101111110111)]"
PROBLEM_for-loop-index__ARGS_TAG_BF__MUT_01,1061,for-loop-index,Tag-BitFlips,0.01,0,True,10,373,340,"[Sub-Tag(0011000000111111,0011010100001101,1001110101011010),Close(0101001101010011,1100010010101000,1001000001101000),Add-Tag(1110101111001100,0010111001000011,0111110111000010),SubmitNum-Tag(1011011010000010,1111011110001001,0101100101100010),Add-Tag(1011110101010011,0001101110101001,1110110110110110),TestNumLess-Tag(1101101111101100,1110100000111011,1111100111111111),LoadStep-Tag(0001010101101100,1101000100011010,0010011101110010),SwapMem-Tag(0111111111011001,0101000001110011,1000000101001001),IfNot-Tag(0101110001100100,0110100010101011,0001011001001101),Set-5-Tag(1111100101111110,0000000110100100,0001000010100000)]"
PROBLEM_for-loop-index__ARGS_TAG_BF__MUT_01,1062,for-loop-index,Tag-BitFlips,0.01,0,False,NONE,NONE,NONE,"NONE"
PROBLEM_for-loop-index__ARGS_TAG_BF__MUT_01,1063,for-loop-index,Tag-BitFlips,0.01,0,False,NONE,NONE,NONE,"NONE"
PROBLEM_for-loop-index__ARGS_TAG_BF__MUT_01,1064,for-loop-index,Tag-BitFlips,0.01,0,True,7,165,133,"[Sub-Tag(0001001101101001,0001101100011010,1010011000110001),Add-Tag(0101100001110101,1101000001000111,1100101100110000),Set-14-Tag(0101110110000000,1101001010100101,1111011000111011),Countdown-Tag(0111010101111001,1110101001110000,1110001110100011),SubmitNum-Tag(1101001110011111,0101011101101101,0000100101100101),Sub-Tag(1111010011111001,0011101100000001,1001110011011110),TestNumLess-Tag(1100001101111101,1000110010110001,0001010000110110)]"
PROBLEM_for-loop-index__ARGS_TAG_BF__MUT_01,1065,for-loop-index,Tag-BitFlips,0.01,0,True,12,267,229,"[Set-10-Tag(0010000111010101,0011011011010110,1101010111010111),Set-10-Tag(0111000100111010,1001101100001000,0111011001010011),Countdown-Tag(0110000101110111,1010111101010011,1101001101101101),LoadEnd-Tag(1011010011100010,1010010100011011,1011011111100101),TestNumLess-Tag(1110010101010111,1010000100111000,0011001000010000),If-Tag(1011001101100010,0111000100101101,1111001110011111),Sub-Tag(1010110011001011,1110110010111111,1111001000110011),LoadStep-Tag(0101011111100000,0111110010010110,0110110101001010),SubmitNum-Tag(1111101101100110,0000001111010111,0001001110101101),Countdown-Tag(0011100101011011,1110000010100100,1111100100000110),Add-Tag(0100010100011110,0101011011001111,1110110101001111),Break(0110101101011010,1111101110000011,0100000110000000)]"
PROBLEM_for-loop-index__ARGS_TAG_BF__MUT_01,1066,for-loop-index,Tag-BitFlips,0.01,0,False,NONE,NONE,NONE,"NONE"
PROBLEM_for-loop-index__ARGS_TAG_BF__MUT_01,1067,for-loop-index,Tag-BitFlips,0.01,0,True,11,342,307,"[LoadStart-Tag(1111000011011100,0011000011011101,1001101010110010),LoadEnd-Tag(1010010110010110,0001010010010001,0101100101100111),While-Tag(0010101101000010,1000110001110101,0111110011100100),Sub-Tag(1010000111100101,0001001010110001,1001111111101111),Inc-Tag(1010001111001011,1111000011100000,1011101100011010),Add-Tag(1101001000101101,1100101011011100,0101111101000001),SubmitNum-Tag(0100110001111100,1110111101100111,1010010000000111),TestNumGreaterTEqu-Tag(0011010101110110,1111110101010011,1000100111111111),Mult-Tag(0010010000110010,1000001111000011,1010000001000001),Countdown-Tag(0100000000101110,0101011000010101,0001000001100101),Return(1011010110000011,1111011000111111,1000100011011010)]"
PROBLEM_for-loop-index__ARGS_TAG_BF__MUT_01,1068,for-loop-index,Tag-BitFlips,0.01,0,True,11,500,472,"[LoadStart-Tag(1000100011011011,1100101001010010,1111111100110110),LoadStep-Tag(0110111101010100,0001001101010011,0110011101000011),LoadEnd-Tag(1110010001111101,0110011100001010,0001111101110001),While-Tag(0011001011110110,1110010101111000,1001001101111011),TestNumGreater-Tag(0011111111111101,0100100110000000,0101101100111011),If-Tag(1010001000110001,0101000010010001,1011111001000011),Add-Tag(1011000011010000,0000111100000000,1000100100001101),SubmitNum-Tag(1001100101000011,0000011100011111,1001010100000001),LoadStep-Tag(0100110110100110,0110011010101100,0100101010101001),Countdown-Tag(1111110101000001,0111110100001001,0101011111001100),Dec-Tag(0010101111100111,1011011111101010,0111110000001111)]"
PROBLEM_for-loop-index__ARGS_TAG_BF__MUT_01,1069,for-loop-index,Tag-BitFlips,0.01,0,False,NONE,NONE,NONE,"NONE"
PROBLEM_for-loop-index__ARGS_TAG_BF__MUT_01,1070,for-loop-index,Tag-BitFlips,0.01,0,False,NONE,NONE,NONE,"NONE"
PROBLEM_for-loop-index__ARGS_TAG_BF__MUT_01,1071,for-loop-index,Tag-BitFlips,0.01,0,True,9,203,136,"[LoadStart-Tag(1110001000110100,0111100001100100,0111110101010000),Sub-Tag(0000010001000100,1011001100111101,1001101110011000),SubmitNum-Tag(1000100000010100,0010011110011101,1010101110100101),While-Tag(1000000100101000,1101001111000101,1110011000100001),LoadStep-Tag(0001111001110101,0010110001010010,0110011100011010),TestNumLess-Tag(1110100000000101,1000000110011001,0011101110100000),Countdown-Tag(0111100000010010,0001010000101000,1011001100010001),Add-Tag(0101010110011001,1011001011000101,1010110001010000),SubmitNum-Tag(1110101001111101,1010000100100110,1110101000011101)]"
PROBLEM_for-loop-index__ARGS_TAG_BF__MUT_01,1072,for-loop-index,Tag-BitFlips,0.01,0,True,9,116,90,"[SubmitNum-Tag(1011111011111110,0110111100010010,1001011000000101),Countdown-Tag(1011001101100011,0110000101100011,0110101101101110),Add-Tag(1101111001111010,0010101100011000,0110110011101111),Inc-Tag(0111111101101011,1001000001010001,1010010000101010),Inc-Tag(0101100100110011,0010000011100101,1011101010001101),TestNumGreaterTEqu-Tag(1100111111100111,1101010101000011,1000101000000100),While-Tag(0010001001010101,1101101100000010,1010000001101011),Close(1010010110010110,1100111110000011,1101011111110111),SubmitNum-Tag(1101010011111110,0111110010101100,0100101010100010)]"
PROBLEM_for-loop-index__ARGS_TAG_BF__MUT_01,1073,for-loop-index,Tag-BitFlips,0.01,0,False,NONE,NONE,NONE,"NONE"
PROBLEM_for-loop-index__ARGS_TAG_BF__MUT_01,1074,for-loop-index,Tag-BitFlips,0.01,0,False,NONE,NONE,NONE,"NONE"
PROBLEM_for-loop-index__ARGS_TAG_BF__MUT_01,1075,for-loop-index,Tag-BitFlips,0.01,0,True,7,478,283,"[Set-12-Tag(1001110010001011,1000110001001110,1000000000010111),Dec-Tag(0100100111000101,1111111000001001,0100100011101001),While-Tag(1000101100000001,1101010001010100,1111001011000001),Add-Tag(1111011100111101,0011011001110011,0000110001011010),SwapMem-Tag(0011111111010110,0000010100011111,0011000111110001),SubmitNum-Tag(0100011100101100,0101010111111001,1001000010011010),TestNumGreaterTEqu-Tag(0001011100000101,0011101110111110,0101000110001000)]"
PROBLEM_for-loop-index__ARGS_TAG_BF__MUT_01,1076,for-loop-index,Tag-BitFlips,0.01,0,True,9,189,137,"[LoadStart-Tag(1011010111110001,0100111010111010,1101101111001101),Set-13-Tag(0101100111111001,0111010011010011,0111110110110010),While-Tag(1111101100011000,0011101010001000,0001111110000111),Add-Tag(1110100110000111,1111000000011111,1101010011011001),LoadEnd-Tag(1001000100011010,1001001000001101,1001110011110100),Add-Tag(0010000100100110,1010110110010100,1010111110100110),SubmitNum-Tag(1001000100110101,1000101110111111,0101111100101011),Dec-Tag(1101100000000001,0001001000011110,0011110110100011),TestNumLessTEqu-Tag(1011010101101100,0000110010111001,1011100010001000)]"
PROBLEM_for-loop-index__ARGS_TAG_BF__MUT_01,1077,for-loop-index,Tag-BitFlips,0.01,0,True,11,377,377,"[SwapMem-Tag(1111100010101011,0111011110100110,0100011101001111),LoadStep-Tag(0010100101110100,0001001100110010,1011000011000000),Dec-Tag(1001000101000101,0010000001110000,1000101010001110),SwapMem-Tag(0010010100011100,0110100001010110,1100010001011110),Close(0010001011000101,1111111010011000,0000010010001000),While-Tag(1011100100110010,0001101001101000,1000100110110011),Add-Tag(0111011011010011,1111000000001011,0110111010101011),SubmitNum-Tag(0011010010001000,0110001101000110,1010000101000000),Sub-Tag(1010101100010110,0110011100000001,0101100010001001),LoadStep-Tag(1101010000101110,1101111111010000,1111011000001001),TestNumLessTEqu-Tag(0111101101000000,0000000110011101,0101001000011010)]"
PROBLEM_for-loop-index__ARGS_TAG_BF__MUT_01,1078,for-loop-index,Tag-BitFlips,0.01,0,True,9,233,215,"[LoadStart-Tag(0001001010101110,0101111010000111,0100110001010111),SubmitNum-Tag(0000111111110101,0110111010000111,0010111111101011),Close(0001111100010111,1011010100100000,0010000100111111),LoadStep-Tag(0011111111101111,1101001010000011,1101001001011101),Add-Tag(0000001010010101,0111101111010010,1010000010011100),TestNumLess-Tag(1100000111111001,0000011111011101,0001001101101111),Countdown-Tag(0011101000111111,1011010100101000,1110110010100000),SubmitNum-Tag(0100100110010010,1110010011010101,1110111100001001),CopyMem-Tag(1001000011010001,0101000011011110,1111111101111001)]"
PROBLEM_for-loop-index__ARGS_TAG_BF__MUT_01,1079,for-loop-index,Tag-BitFlips,0.01,0,True,15,491,458,"[Add-Tag(1110011101111111,1010100001100010,1001011110010100),SubmitNum-Tag(1011011111010101,1010010001011101,1101001111001000),LoadStep-Tag(0001101110001111,1101011101000100,0100011011011011),LoadEnd-Tag(0110100000001111,0100000101110100,1111001011001010),Sub-Tag(1011100101001111,1100101000000110,1110000111101101),Dec-Tag(1010010110110000,1101101100010110,1011111101000100),Close(0100110111100011,0111101011010101,0100100010001111),TestNumLess-Tag(0001010110101100,0101101101010011,1010000101011011),Countdown-Tag(1011001011100011,1011110101101100,1010100110111101),Set-12-Tag(1010001010010011,1101100111000101,1111110010011111),Close(1000111110011110,1100000101001100,1111111101010011),Add-Tag(0101001101011111,0110101110000111,0101110110010100),SubmitNum-Tag(1001001111010101,1001001000001001,1011111101100010),Countdown-Tag(0011100011101011,1001000000100100,0101110111111010),Set-7-Tag(1110010110011100,1110110111111001,1011100010100111)]"
PROBLEM_for-loop-index__ARGS_TAG_BF__MUT_01,1080,for-loop-index,Tag-BitFlips,0.01,0,False,NONE,NONE,NONE,"NONE"
PROBLEM_for-loop-index__ARGS_TAG_BF__MUT_01,1081,for-loop-index,Tag-BitFlips,0.01,0,True,10,459,143,"[Close(0011010001001100,1001100111110110,0010010100001110),SubmitNum-Tag(1101110101001010,0110001001110110,1111111111011100),Add-Tag(0010001000111000,1011001111011111,1010000111100111),TestNumLess-Tag(0010010010100111,0000110001000100,1101101100010001),IfNot-Tag(1100110011011000,1101110000001110,0000110001001011),Return(1011010100100110,0001111011110001,0110010111110110),Close(1101100011110100,0101100001110001,0100010011010010),Add-Tag(1111010101110010,0011101000111001,0001111011111111),Countdown-Tag(1111001111001011,0011000011110111,1111101110110000),Set-0-Tag(1011000110000001,0011001011110100,1001001110000110)]"
PROBLEM_for-loop-index__ARGS_TAG_BF__MUT_01,1082,for-loop-index,Tag-BitFlips,0.01,0,True,9,183,138,"[SubmitNum-Tag(1111110100111101,1000011101100010,0100111010001111),While-Tag(0010000100111101,0001110010101010,1111111101100010),Add-Tag(0000011110100010,0111011011100110,1101100010100010),Dec-Tag(1101010111110001,1101101100010111,0010110110000011),TestNumLess-Tag(0001000101111100,1111010000111000,1000111100111101),IfNot-Tag(0000111101101000,0111001111111101,1001011101111111),SubmitNum-Tag(0000110000110011,1111101001000101,1100111011110011),SwapMem-Tag(1101110100110011,1110001110111010,0001111111101000),Inc-Tag(1101011001110100,0100001111111011,1011011011000000)]"
PROBLEM_for-loop-index__ARGS_TAG_BF__MUT_01,1083,for-loop-index,Tag-BitFlips,0.01,0,True,7,476,414,"[Set-3-Tag(1110100111000010,1111011101000100,0010000001001100),Countdown-Tag(1110001111110010,0100011110111110,1010010000101010),TestNumGreater-Tag(0101000001100111,1011111111111001,0110010000101011),Countdown-Tag(1010101101001000,0100101001101111,0110110010011000),SubmitNum-Tag(0110001111101111,0100101001001000,1100111100100010),Set-3-Tag(1100001011100001,1101101010010110,0100100000010111),Add-Tag(0011000011110001,0011101011111011,1011100100111110)]"
PROBLEM_for-loop-index__ARGS_TAG_BF__MUT_01,1084,for-loop-index,Tag-BitFlips,0.01,0,False,NONE,NONE,NONE,"NONE"
PROBLEM_for-loop-index__ARGS_TAG_BF__MUT_01,1085,for-loop-index,Tag-BitFlips,0.01,0,True,8,268,209,"[SwapMem-Tag(1110011110111101,1101100000111101,1111010001000111),Close(0110100101000100,1101111000110110,1111101000010110),Add-Tag(0101000111101110,1001001011010000,1010110100011101),LoadStep-Tag(0001001011100110,0011111110000001,0101000110010001),TestNumGreater-Tag(1100010101011000,1000010100011010,0000000000100010),While-Tag(0111101100000010,0111010000101011,1010001100000001),SubmitNum-Tag(0000101111011000,0110100001010110,1010011100100001),Break(1000111010010011,0111000001100110,1110110010010010)]"
PROBLEM_for-loop-index__ARGS_TAG_BF__MUT_01,1086,for-loop-index,Tag-BitFlips,0.01,0,True,6,188,177,"[SubmitNum-Tag(1011100111011110,0010011101001011,0110110010001100),Close(1111010101110000,1100000000010000,0100111010110000),Add-Tag(1111010001111100,1111001100101010,0110111110010111),TestNumGreater-Tag(0100011101000100,0011101010111110,0010100000110101),Countdown-Tag(1001101101010100,0100101011110001,1101111000100111),SubmitNum-Tag(1111101111000101,1010110011110001,1011110000001101)]"
PROBLEM_for-loop-index__ARGS_TAG_BF__MUT_01,1087,for-loop-index,Tag-BitFlips,0.01,0,True,7,237,149,"[SubmitNum-Tag(0110110110111111,0000001111100111,0011000011101111),Close(1110011010110000,0011110111011000,0110011000100110),Add-Tag(1101001100110010,0000111111111100,0111001010011111),TestNumLess-Tag(0110001010001100,0111000100011101,1111001000001101),Countdown-Tag(1111000000011111,1110011101110011,0001000100001100),SwapMem-Tag(1010110101011111,1110001010010001,1000000100010101),SubmitNum-Tag(1101010111001110,1010011010000100,0011000000111110)]"
PROBLEM_for-loop-index__ARGS_TAG_BF__MUT_01,1088,for-loop-index,Tag-BitFlips,0.01,0,True,10,364,166,"[SubmitNum-Tag(1011111010110010,0110000001111011,0110001000010111),LoadStart-Tag(1111010101010000,0000110100010101,1110010000001011),LoadEnd-Tag(1001110111111000,0001010110111000,0011010110010111),LoadStep-Tag(1111101110111111,0111001110110001,0001011101010101),Sub-Tag(0011100110111101,0111110000111101,1011001000001010),TestNumGreater-Tag(0111100001011110,0101010110010001,0100000000110001),While-Tag(1100110110110010,0111100100111001,1110000100101110),Add-Tag(0101110100001101,1111101011000110,1001100101010101),TestNumGreater-Tag(1011000000100111,1001010101011100,1100110001111000),SubmitNum-Tag(0100001101111101,1000100111001001,1100000100001111)]"
PROBLEM_for-loop-index__ARGS_TAG_BF__MUT_01,1089,for-loop-index,Tag-BitFlips,0.01,0,True,9,311,263,"[LoadStart-Tag(0100000001011101,0011100000100101,1111101111001111),SubmitNum-Tag(1111101101101100,1110011110110110,0101101110010100),Close(1100100001001011,1110100000010110,1001010111010000),Add-Tag(0111100001010110,0110101000111010,0100001111010101),LoadEnd-Tag(1000101110000011,0010011000001010,0101010000111010),Dec-Tag(1100001101000001,0100100011010000,1011000010011111),TestNumGreaterTEqu-Tag(0100010111100011,0101010110101100,0100110101111000),Countdown-Tag(0100110111101010,0011001100011111,1010010110000010),SubmitNum-Tag(1101000001010101,0001001111010110,0100111101110001)]"
PROBLEM_for-loop-index__ARGS_TAG_BF__MUT_01,1090,for-loop-index,Tag-BitFlips,0.01,0,False,NONE,NONE,NONE,"NONE"
PROBLEM_for-loop-index__ARGS_TAG_BF__MUT_01,1091,for-loop-index,Tag-BitFlips,0.01,0,True,12,367,289,"[LoadStep-Tag(0000001111100010,0111000110101111,1010011001000010),LoadEnd-Tag(1000010111000101,1001101101110110,1011111100111100),Sub-Tag(0010100110100100,0011011111101100,0111010110101011),LoadStart-Tag(1010111101001101,1000010111110010,0001110101110000),Countdown-Tag(0010011100100111,1011110001111110,0101100011001111),Sub-Tag(1100011111111001,0001011111000011,1101111111001111),SubmitNum-Tag(0010110101011111,0110101011010011,1110100000000010),Set-13-Tag(0010110001000010,0110010100000001,0011010100001011),Sub-Tag(1010010101101110,0111111110101110,0000001111001111),Countdown-Tag(0010110011100110,1000010100001111,0001110000010001),TestNumLess-Tag(0101100101001010,1101110111110111,0001000100110110),Break(0011110000011001,0010001100010111,0000010010000001)]"
PROBLEM_for-loop-index__ARGS_TAG_BF__MUT_01,1092,for-loop-index,Tag-BitFlips,0.01,0,True,8,224,177,"[SubmitNum-Tag(1011010111011110,0011001001010011,0100101111110011),TestNumGreaterTEqu-Tag(1000101100111000,1101010010101011,1011000110100101),Close(0000011110000110,1011100011100110,1010011000010101),Add-Tag(1010000101110010,1111111100000100,1111011101011010),Sub-Tag(0001010001011100,1010011010010101,1001010000011011),TestNumGreaterTEqu-Tag(0000100100111000,1000111111110110,1010110111010000),Countdown-Tag(1001100111010101,0011110001011110,0011100111010010),SubmitNum-Tag(0001110101111010,1101101100111000,1001111000011111)]"
PROBLEM_for-loop-index__ARGS_TAG_BF__MUT_01,1093,for-loop-index,Tag-BitFlips,0.01,0,True,11,451,431,"[LoadStep-Tag(1010001111000100,1001111101011101,0110011111010011),SubmitNum-Tag(1001101101111011,1101001110011100,0100001011000101),Countdown-Tag(0100001100010011,0111100011111011,1011111011000101),Dec-Tag(0111011111010101,0011011011000011,1110101100101111),Close(0100100000100010,0001000011101001,0000010110100010),Dec-Tag(1000101001000001,1111000000011101,0101000000111011),Countdown-Tag(1010001100011101,0010111100010110,1001100100001001),TestNumLess-Tag(0110001111011111,0001000101101100,0110100011001001),Add-Tag(0111111011101111,0011110010110101,1110110011011101),If-Tag(0010010101101001,1010010010110000,1100000000111011),SubmitNum-Tag(1110101011111011,1011100010000000,0101110000111010)]"
PROBLEM_for-loop-index__ARGS_TAG_BF__MUT_01,1094,for-loop-index,Tag-BitFlips,0.01,0,True,6,181,154,"[Close(1100011101000011,0100100000110000,1110111001101111),SubmitNum-Tag(1100011101011110,0011000111110101,0000011101101100),Add-Tag(0010000000100000,1011110100111010,1111111110101011),TestNumLessTEqu-Tag(1101110000010101,0111111011101100,0100000010101011),If-Tag(0000001111101110,0110000110011000,0010011001001011),TestNumLess-Tag(1011011111001111,0111101110101101,0001011000100010)]"
PROBLEM_for-loop-index__ARGS_TAG_BF__MUT_01,1095,for-loop-index,Tag-BitFlips,0.01,0,True,5,169,69,"[Not-Tag(1100110000110101,1111111110000010,0111011110001001),Countdown-Tag(1100100010111010,1100010001010110,0000101110011101),SubmitNum-Tag(1111111111000001,0101101000011101,1001001111000001),Add-Tag(1110111110001010,0000101110111010,0011111011111101),TestNumLess-Tag(0111110100100110,1011011101010001,0100110000110100)]"
PROBLEM_for-loop-index__ARGS_TAG_BF__MUT_01,1096,for-loop-index,Tag-BitFlips,0.01,0,True,9,196,144,"[Set-7-Tag(0001010100011011,0101101100101111,0000101100100111),Not-Tag(0000000100101010,1111010000011010,1010101111111011),LoadEnd-Tag(1110111000000101,0011000111100001,1000101001001011),Countdown-Tag(0111001100011100,0001111001000001,0100011010001111),Add-Tag(0010001111011010,0101111100111111,1011100000110000),Sub-Tag(1011100001000100,0011101110101001,0101110010001110),LoadStep-Tag(1110110011011100,0101011011111001,0101000110101001),SubmitNum-Tag(0001001001110011,0001011111101001,1001110100001101),TestNumLess-Tag(1110010111011110,0101111101001010,0010010011010101)]"
PROBLEM_for-loop-index__ARGS_TAG_BF__MUT_01,1097,for-loop-index,Tag-BitFlips,0.01,0,True,9,398,223,"[Sub-Tag(0010001001001110,0011010100100111,0001111011111110),LoadStart-Tag(0111010011110001,0011101110010001,1110100110010100),LoadEnd-Tag(1110110110100001,1101010010100101,0000000000111010),Div-Tag(0001001101100010,1111000011110101,0010000101110011),Countdown-Tag(0011001101000001,1110011010100010,1101111111011011),TestNumGreaterTEqu-Tag(0010000101011101,1010000010100101,1101101101100000),IfNot-Tag(1000111111010010,0101110100110010,1011010101101110),SubmitNum-Tag(0101001101110110,0011111011001001,1101100001111101),Sub-Tag(0101000110000100,1111011101001100,0101010100100111)]"
PROBLEM_for-loop-index__ARGS_TAG_BF__MUT_01,1098,for-loop-index,Tag-BitFlips,0.01,0,False,NONE,NONE,NONE,"NONE"
PROBLEM_for-loop-index__ARGS_TAG_BF__MUT_01,1099,for-loop-index,Tag-BitFlips,0.01,0,True,7,453,362,"[CopyMem-Tag(1101111110000110,0110100110011001,0100001101110001),Sub-Tag(1100011010001001,0111101100000010,1100011111001100),Countdown-Tag(0101011110000010,0111000011101110,1000001111010000),SubmitNum-Tag(1001000100001001,1110000010011010,0110111000001001),Add-Tag(0011000000110101,1100000111111001,1010100010001001),TestNumLessTEqu-Tag(0101000100001100,1100000100011010,1111110100011010),While-Tag(1111100101010110,1001000000010010,0111101111111001)]"
PROBLEM_for-loop-index__ARGS_TAG_BF__MUT_01,1100,for-loop-index,Tag-BitFlips,0.01,0,True,9,482,338,"[SubmitNum-Tag(0010111011011111,1100110111010001,1000001101110101),While-Tag(0010101100111011,1110001010001100,1010110111011100),TestNumGreater-Tag(0011101000101100,0101001111011011,1011011110000101),CopyMem-Tag(1101010001000100,0100101010101101,0000100001011101),If-Tag(1010100110000100,0110001110010011,1100110101000000),SubmitNum-Tag(1010101101000010,0101110010111001,1111110110100001),SwapMem-Tag(1010001011000011,1111111010001011,1010011111101100),Close(1101100110101110,1101010000001000,0101010110011010),Add-Tag(0011011111001111,1001101101110000,1000000001000010)]"
PROBLEM_for-loop-index__ARGS_TAG_BF__MUT_025,1301,for-loop-index,Tag-BitFlips,0.025,0,True,7,248,230,"[Add-Tag(0001111000001111,1111111110111010,0110100000000110),Set-6-Tag(0001100101010111,1110001010011101,0011011111010101),LoadEnd-Tag(1100011000110001,0101011010001010,0100100011111001),Countdown-Tag(0001010001010100,1101010010000100,0111100010110100),SubmitNum-Tag(1010001000001010,1111001110100011,0001111111110101),Add-Tag(1111101100001101,0001111100111001,1011010100001110),TestNumLess-Tag(1111010001001111,1100100010110010,1001000101001101)]"
PROBLEM_for-loop-index__ARGS_TAG_BF__MUT_025,1302,for-loop-index,Tag-BitFlips,0.025,0,False,NONE,NONE,NONE,"NONE"
PROBLEM_for-loop-index__ARGS_TAG_BF__MUT_025,1303,for-loop-index,Tag-BitFlips,0.025,0,False,NONE,NONE,NONE,"NONE"
PROBLEM_for-loop-index__ARGS_TAG_BF__MUT_025,1304,for-loop-index,Tag-BitFlips,0.025,0,True,12,495,486,"[Sub-Tag(0000001110101010,1110101100111001,1000010111111010),Add-Tag(0001111100000001,1000111111110111,0111001001010010),Sub-Tag(1001010101111101,0001101001111111,1001100000011000),Close(1110101001110110,1001110110011000,1101000010011111),SubmitNum-Tag(0000011000110011,0000111011000010,1011010101100011),TestNumLess-Tag(0011101101010011,0000001111011001,0111111111010101),Countdown-Tag(0011011110011111,1011110111100000,1001010110000110),If-Tag(0010111011001111,0000010001100100,0001110111100010),Close(0001010100001010,0001111111110111,0101110001010101),Add-Tag(0000101011101111,1010101101100011,0011000000000001),If-Tag(0010000010100001,1011000000101111,0000101100011111),Set-7-Tag(1000001111101000,1111010100011010,0001011011110010)]"
PROBLEM_for-loop-index__ARGS_TAG_BF__MUT_025,1305,for-loop-index,Tag-BitFlips,0.025,0,False,NONE,NONE,NONE,"NONE"
PROBLEM_for-loop-index__ARGS_TAG_BF__MUT_025,1306,for-loop-index,Tag-BitFlips,0.025,0,True,10,264,102,"[SwapMem-Tag(1110000111010000,0101001100111010,0010110011000111),Set-2-Tag(1100111111101110,0011100101111000,1010010101110001),LoadStart-Tag(1110100111001001,1101101101110011,0010010111011001),Countdown-Tag(1011110011011111,0100100110001100,0010101100001010),CopyMem-Tag(1101001001011010,0110110010100010,1010101000101010),SubmitNum-Tag(0010110101100010,1000011110100110,0110000101000100),Inc-Tag(1100000000010011,1101001011000010,0011110111100100),Sub-Tag(0110011101010101,1100100000101011,0011001000010011),TestNumLessTEqu-Tag(0110000101101101,1001001100100010,0111001111110101),Add-Tag(0110110001101110,1110101011001000,0111100111100100)]"
PROBLEM_for-loop-index__ARGS_TAG_BF__MUT_025,1307,for-loop-index,Tag-BitFlips,0.025,0,False,NONE,NONE,NONE,"NONE"
PROBLEM_for-loop-index__ARGS_TAG_BF__MUT_025,1308,for-loop-index,Tag-BitFlips,0.025,0,False,NONE,NONE,NONE,"NONE"
PROBLEM_for-loop-index__ARGS_TAG_BF__MUT_025,1309,for-loop-index,Tag-BitFlips,0.025,0,False,NONE,NONE,NONE,"NONE"
PROBLEM_for-loop-index__ARGS_TAG_BF__MUT_025,1310,for-loop-index,Tag-BitFlips,0.025,0,True,7,372,317,"[LoadStep-Tag(1110110001111011,1000101000001000,0110001000111100),Dec-Tag(0100000100011110,1101110010111011,0000110101010101),Countdown-Tag(0001001100011011,0110001010010011,1010010001110001),Add-Tag(1111111000111000,1101110101110011,0110110011101000),SubmitNum-Tag(0111011111110110,0001100001111110,0100011001110110),TestNumLessTEqu-Tag(1100100100100001,0100010101100011,0001001010010001),Sub-Tag(1110100011101101,0111001011010001,0100111110111100)]"
PROBLEM_for-loop-index__ARGS_TAG_BF__MUT_025,1311,for-loop-index,Tag-BitFlips,0.025,0,False,NONE,NONE,NONE,"NONE"
PROBLEM_for-loop-index__ARGS_TAG_BF__MUT_025,1312,for-loop-index,Tag-BitFlips,0.025,0,False,NONE,NONE,NONE,"NONE"
PROBLEM_for-loop-index__ARGS_TAG_BF__MUT_025,1313,for-loop-index,Tag-BitFlips,0.025,0,False,NONE,NONE,NONE,"NONE"
PROBLEM_for-loop-index__ARGS_TAG_BF__MUT_025,1314,for-loop-index,Tag-BitFlips,0.025,0,True,6,384,335,"[Close(0000110110101000,1010000110110101,1000101010001101),SubmitNum-Tag(1110101101110010,1011110001101101,0001100110111110),Add-Tag(0001011000000010,1011110101001111,0111011101001011),TestNumLessTEqu-Tag(0001110100010001,1011011101011101,1000010000100011),Countdown-Tag(1010111000110010,0011111101110111,1011100000111010),Return(0101101110001000,0111001000101001,1000111000101000)]"
PROBLEM_for-loop-index__ARGS_TAG_BF__MUT_025,1315,for-loop-index,Tag-BitFlips,0.025,0,True,6,190,145,"[Close(0011111000110010,0011101001001110,1101010100001000),SubmitNum-Tag(0111010111111010,0010010010011000,1101001000101100),Add-Tag(1011001100010100,0001110111101110,0111111100011101),TestNumLess-Tag(1111111101011010,0110010101010110,1001101001101001),IfNot-Tag(1001111001101010,1001001010110101,1010001010011101),Return(1110010001010000,0111100110100110,0110101101011110)]"
PROBLEM_for-loop-index__ARGS_TAG_BF__MUT_025,1316,for-loop-index,Tag-BitFlips,0.025,0,False,NONE,NONE,NONE,"NONE"
PROBLEM_for-loop-index__ARGS_TAG_BF__MUT_025,1317,for-loop-index,Tag-BitFlips,0.025,0,True,7,383,275,"[SwapMem-Tag(1100111101110111,1011001101110000,0011010000001111),While-Tag(1101010011110110,0111110100100100,1011111111001111),SwapMem-Tag(0011010000011011,0111110110111111,0101000111011110),SubmitNum-Tag(1010111110111111,1111110000100100,1000010100011110),LoadStep-Tag(0110001100110011,1100000111011001,0000011111111111),Add-Tag(0111111001111111,0011010010110111,0011001111000000),TestNumLess-Tag(0101001110111011,1101010101011011,0010111111111011)]"
PROBLEM_for-loop-index__ARGS_TAG_BF__MUT_025,1318,for-loop-index,Tag-BitFlips,0.025,0,True,10,355,259,"[SubmitNum-Tag(1101110110011111,0001110100011100,1011000010010001),Dec-Tag(0001010111111001,0000101110101000,1011111010100011),Close(0000101010010010,1111000110101010,0100010010110101),Add-Tag(0011011110110111,0111001111101110,1111010101101100),TestNumGreater-Tag(0110111001100111,0111001001110100,1000111110011000),While-Tag(1001000011010001,1000011100011011,1000111111111110),Close(0001000110010101,1110000101010110,0111101000101010),SubmitNum-Tag(1011111001111100,1100100000100110,1110110110101111),While-Tag(1001011000000000,0100001011000111,0101011001011010),Set-8-Tag(0000011110000111,0010101011101011,0000011100000111)]"
PROBLEM_for-loop-index__ARGS_TAG_BF__MUT_025,1319,for-loop-index,Tag-BitFlips,0.025,0,False,NONE,NONE,NONE,"NONE"
PROBLEM_for-loop-index__ARGS_TAG_BF__MUT_025,1320,for-loop-index,Tag-BitFlips,0.025,0,False,NONE,NONE,NONE,"NONE"
PROBLEM_for-loop-index__ARGS_TAG_BF__MUT_025,1321,for-loop-index,Tag-BitFlips,0.025,0,False,NONE,NONE,NONE,"NONE"
PROBLEM_for-loop-index__ARGS_TAG_BF__MUT_025,1322,for-loop-index,Tag-BitFlips,0.025,0,True,6,152,100,"[LoadStart-Tag(0010000101101001,1111100100110011,0011010100110010),While-Tag(0011000110001010,0101111110000100,1101111001000011),LoadStep-Tag(1001011011110111,1011110101110111,0100110110100000),SubmitNum-Tag(1100110101101000,1111000110110011,0010010001001110),Add-Tag(1011011111011011,0110110001011000,1100010101101001),TestNumGreater-Tag(0110010101111100,1110110101101010,1001001100100011)]"
PROBLEM_for-loop-index__ARGS_TAG_BF__MUT_025,1323,for-loop-index,Tag-BitFlips,0.025,0,False,NONE,NONE,NONE,"NONE"
PROBLEM_for-loop-index__ARGS_TAG_BF__MUT_025,1324,for-loop-index,Tag-BitFlips,0.025,0,True,7,293,240,"[Set-15-Tag(0111011101110101,1110111111000111,1100011100100010),Countdown-Tag(1001000111010110,1010000110010010,0010101100100001),SubmitNum-Tag(1011101111111101,0000110010111101,0110000010000000),Add-Tag(1111010111010111,1001101110110010,0000101101001110),LoadEnd-Tag(0100110011011100,0101000111011101,1010110101010100),TestNumGreater-Tag(1101000010010100,1001111101001110,0101000100000110),Add-Tag(0010010000110110,1011101011111110,1011110110110111)]"
PROBLEM_for-loop-index__ARGS_TAG_BF__MUT_025,1325,for-loop-index,Tag-BitFlips,0.025,0,False,NONE,NONE,NONE,"NONE"
PROBLEM_for-loop-index__ARGS_TAG_BF__MUT_025,1326,for-loop-index,Tag-BitFlips,0.025,0,True,6,196,187,"[Set-11-Tag(0110110111011110,1101111000011101,0101011111110110),LoadStart-Tag(1001110010011000,1011100100011000,0100000100111111),Countdown-Tag(1111111110001110,1110100111100011,0110110000000001),SubmitNum-Tag(1011100111010100,1000011010111110,0101011101011011),Add-Tag(1010100100011100,0011101100111101,1001100110111101),TestNumLess-Tag(1101100000010000,1100010111000101,1001111100111011)]"
PROBLEM_for-loop-index__ARGS_TAG_BF__MUT_025,1327,for-loop-index,Tag-BitFlips,0.025,0,False,NONE,NONE,NONE,"NONE"
PROBLEM_for-loop-index__ARGS_TAG_BF__MUT_025,1328,for-loop-index,Tag-BitFlips,0.025,0,True,7,415,313,"[Set-2-Tag(0110010101011000,1001111001010010,1110000110100010),LoadEnd-Tag(1001011011111001,0100000101101100,1010101110110111),Countdown-Tag(1111010001011100,1100011101110100,1110100011011101),Add-Tag(0101001001110010,1111011100111101,0101000111110101),SubmitNum-Tag(0111101011111110,0100110000101100,1111000111100110),TestNumLess-Tag(1001010101111101,1000001000101001,1101111001111101),SwapMem-Tag(1100010101011010,1111111110111101,1011001100110111)]"
PROBLEM_for-loop-index__ARGS_TAG_BF__MUT_025,1329,for-loop-index,Tag-BitFlips,0.025,0,True,7,356,291,"[LoadStart-Tag(1000010010101101,1110011001111001,1001100000110001),Close(0100110110100111,0100101110001011,0010111000101100),SubmitNum-Tag(0010110001100100,0101001100111001,0001001111101101),Add-Tag(0110010011100001,0010001101100000,1010010001100110),TestNumGreater-Tag(1100110111010100,1000111010100000,1000101000000011),IfNot-Tag(0100110100001111,1011101101111101,1100011011001101),TestNumNEqu-Tag(1111000110011010,0010001110010111,1111000010010011)]"
PROBLEM_for-loop-index__ARGS_TAG_BF__MUT_025,1330,for-loop-index,Tag-BitFlips,0.025,0,True,5,131,110,"[Countdown-Tag(0110100110010010,0101000000101100,1101000100001101),SubmitNum-Tag(1111001111001111,1100101001001011,0011100010000110),LoadStep-Tag(1111101001010101,1111101110000110,1011100101110000),Add-Tag(0111111010011110,1010101001101111,1011101011111110),TestNumGreater-Tag(0110010100110100,0110111001101111,0101101100011010)]"
PROBLEM_for-loop-index__ARGS_TAG_BF__MUT_025,1331,for-loop-index,Tag-BitFlips,0.025,0,False,NONE,NONE,NONE,"NONE"
PROBLEM_for-loop-index__ARGS_TAG_BF__MUT_025,1332,for-loop-index,Tag-BitFlips,0.025,0,False,NONE,NONE,NONE,"NONE"
PROBLEM_for-loop-index__ARGS_TAG_BF__MUT_025,1333,for-loop-index,Tag-BitFlips,0.025,0,False,NONE,NONE,NONE,"NONE"
PROBLEM_for-loop-index__ARGS_TAG_BF__MUT_025,1334,for-loop-index,Tag-BitFlips,0.025,0,True,9,392,342,"[SubmitNum-Tag(1001111101111011,1010110001011100,1110101101000011),Close(1110000000111000,1011001001100010,1000100101110010),Add-Tag(0001111100110110,1110110110111111,1111011110011111),TestNumGreaterTEqu-Tag(1111011110101010,1001011100110101,1001100100011011),While-Tag(1001010111011001,0101101110001101,0001111010101001),Close(0001101100110100,0111110111000111,1001101011000000),SubmitNum-Tag(1111111011010000,1101001101100011,0001001111000011),Countdown-Tag(1000110000100101,0101010011101100,1100101101011011),TestNumGreater-Tag(1011011101001100,1000101001100101,1111000100011111)]"
PROBLEM_for-loop-index__ARGS_TAG_BF__MUT_025,1335,for-loop-index,Tag-BitFlips,0.025,0,True,9,483,220,"[SubmitNum-Tag(1011011011110010,1011001000101101,0001110101010000),Dec-Tag(0101000001011001,1011101010110110,0110011100000011),Sub-Tag(1100000101011101,0000100100110000,1110011000001111),LoadStart-Tag(1001110111010100,1101001101000111,0100100101100101),While-Tag(1000000100010011,1110011001101110,0100011011000001),TestNumGreaterTEqu-Tag(1011001010101110,0011111100010100,1111110011111111),If-Tag(0101001110111110,0001111010011010,0011100010000000),Add-Tag(0010111100110011,0011100100010100,0111010100010100),SubmitNum-Tag(1101110011010100,0111000111111100,0001000111110111)]"
PROBLEM_for-loop-index__ARGS_TAG_BF__MUT_025,1336,for-loop-index,Tag-BitFlips,0.025,0,True,9,498,441,"[Add-Tag(1000111111110011,1001001001010100,0001011000101000),LoadEnd-Tag(0100110000010111,1010111111001000,0000100001111110),Close(0111110101011111,0011001110110010,1101110100010011),TestNumLess-Tag(1001011001010000,1100100000100111,0101101011011011),While-Tag(1111111000111110,1100101001101100,0011010100101001),SubmitNum-Tag(1101111001100000,1111110011001100,0010001001110110),Add-Tag(1011011000010000,1001011001101000,1010111011101001),IfNot-Tag(0111011011001110,0010100000001001,1001101100110001),Set-1-Tag(0110001100101011,0101000001110101,0110110011001101)]"
PROBLEM_for-loop-index__ARGS_TAG_BF__MUT_025,1337,for-loop-index,Tag-BitFlips,0.025,0,False,NONE,NONE,NONE,"NONE"
PROBLEM_for-loop-index__ARGS_TAG_BF__MUT_025,1338,for-loop-index,Tag-BitFlips,0.025,0,False,NONE,NONE,NONE,"NONE"
PROBLEM_for-loop-index__ARGS_TAG_BF__MUT_025,1339,for-loop-index,Tag-BitFlips,0.025,0,False,NONE,NONE,NONE,"NONE"
PROBLEM_for-loop-index__ARGS_TAG_BF__MUT_025,1340,for-loop-index,Tag-BitFlips,0.025,0,False,NONE,NONE,NONE,"NONE"
PROBLEM_for-loop-index__ARGS_TAG_BF__MUT_025,1341,for-loop-index,Tag-BitFlips,0.025,0,True,7,268,218,"[Set-7-Tag(1010011010101101,0011011101001111,0001001101111010),While-Tag(1011110000000101,0110111000110101,0001011100001110),SubmitNum-Tag(1111111110011101,1101000011110010,0011101110110001),Add-Tag(1110101111011011,1001000100110010,1110011011100111),LoadEnd-Tag(0100001010011111,0111000110001100,0101011101001010),Dec-Tag(0001000011101000,1000011110101010,0000101001111001),TestNumGreaterTEqu-Tag(0100001011011111,1010111101011111,1110000100101100)]"
PROBLEM_for-loop-index__ARGS_TAG_BF__MUT_025,1342,for-loop-index,Tag-BitFlips,0.025,0,False,NONE,NONE,NONE,"NONE"
PROBLEM_for-loop-index__ARGS_TAG_BF__MUT_025,1343,for-loop-index,Tag-BitFlips,0.025,0,True,21,500,435,"[LoadStep-Tag(1110111001001100,1011001100011110,1000000001011100),LoadEnd-Tag(1011001100010001,0101100001110001,1111010101011011),LoadStart-Tag(0110110001100011,1110010111100000,0001111110011010),Set-7-Tag(0000100110111101,1111001100101110,1011111001011111),Countdown-Tag(1111101100011000,0011000100011100,1101100000001100),Add-Tag(1110001000010100,0011110101101001,0010000100000100),SubmitNum-Tag(0111111100101000,1110011010011011,1001101001101010),Set-12-Tag(0001000010101000,1010110011010000,1111100001111010),While-Tag(1000101001100011,0000111010101101,1000010001000110),Close(0100000000110010,1100100010000001,0110110100011011),TestNumLessTEqu-Tag(0000111101110010,0010010010100011,0111011001011111),TestNumEqu-Tag(1000000100010111,1011001010101001,0101101111101100),Add-Tag(0010010011111011,1010110100110001,0010110011101000),Countdown-Tag(1111011011100100,1000000001011110,0101111100011000),Set-8-Tag(1110000110010011,1111110010001100,0101111110001101),Not-Tag(1001110100001010,1011001001111110,0000010001111000),TestNumNEqu-Tag(1100101110000111,1000101100101100,0000100111101001),Set-16-Tag(1100011011110011,0110001011010110,1011001111100001),LoadStart-Tag(0101011010101101,1001111110111101,1011001101001111),Break(0100111110011010,1000001110110100,1010100100100110),SubmitNum-Tag(1111001100000010,1000001001000100,1110101111001110)]"
PROBLEM_for-loop-index__ARGS_TAG_BF__MUT_025,1344,for-loop-index,Tag-BitFlips,0.025,0,False,NONE,NONE,NONE,"NONE"
PROBLEM_for-loop-index__ARGS_TAG_BF__MUT_025,1345,for-loop-index,Tag-BitFlips,0.025,0,False,NONE,NONE,NONE,"NONE"
PROBLEM_for-loop-index__ARGS_TAG_BF__MUT_025,1346,for-loop-index,Tag-BitFlips,0.025,0,True,6,167,119,"[Close(0010001100100101,1010110111111110,0010010111000011),SubmitNum-Tag(1110001011101110,0010011001000001,0010110001111010),Add-Tag(1111111001011110,0010001101000110,1011111011101110),TestNumLessTEqu-Tag(0011010101110001,1011101010111110,1000101001100000),While-Tag(1011111000010101,0110000111111011,1100001010011011),Return(1001110010101111,0101100011110111,1001100000000011)]"
PROBLEM_for-loop-index__ARGS_TAG_BF__MUT_025,1347,for-loop-index,Tag-BitFlips,0.025,0,False,NONE,NONE,NONE,"NONE"
PROBLEM_for-loop-index__ARGS_TAG_BF__MUT_025,1348,for-loop-index,Tag-BitFlips,0.025,0,True,7,157,145,"[SubmitNum-Tag(1010111011110010,0000110111001101,1110011110101010),Close(0110001110000100,1110110100100111,1111110111001110),Add-Tag(0110001110111110,0110101101110010,1001101101100110),TestNumLess-Tag(1111101100110110,0011000111000101,0101010000110011),While-Tag(1101110101100011,0111011110111100,0111010101100000),SubmitNum-Tag(0111111101101111,0100100101100001,0100000101110001),Break(1000000000100101,0110111111011001,0001110101001010)]"
PROBLEM_for-loop-index__ARGS_TAG_BF__MUT_025,1349,for-loop-index,Tag-BitFlips,0.025,0,True,11,266,256,"[LoadStart-Tag(0100001011011010,0000001100111011,0110001110011001),SubmitNum-Tag(1110001011100001,0010100110100011,0001111101001111),Close(1010010100100001,0011100101101001,1010001000101111),Inc-Tag(0000111000000100,0111011011110110,0010001001111000),Countdown-Tag(0000010000101011,1010101110110011,0101111101101100),Add-Tag(0010001000100111,1110001111100001,0100101111001011),TestNumLessTEqu-Tag(1000011100010001,1111100111000011,0001111000000111),Close(1011000100110111,0011111111100010,1111000001000110),SubmitNum-Tag(1101101001001010,1100101010111000,0101100111100000),While-Tag(1011110010100010,1001110110111001,1010001100011101),TestNumLess-Tag(0111000001011010,1101011000110101,0010101001100010)]"
PROBLEM_for-loop-index__ARGS_TAG_BF__MUT_025,1350,for-loop-index,Tag-BitFlips,0.025,0,False,NONE,NONE,NONE,"NONE"
PROBLEM_for-loop-index__ARGS_TAG_BF__MUT_05,1251,for-loop-index,Tag-BitFlips,0.05,0,False,NONE,NONE,NONE,"NONE"
PROBLEM_for-loop-index__ARGS_TAG_BF__MUT_05,1252,for-loop-index,Tag-BitFlips,0.05,0,False,NONE,NONE,NONE,"NONE"
PROBLEM_for-loop-index__ARGS_TAG_BF__MUT_05,1253,for-loop-index,Tag-BitFlips,0.05,0,False,NONE,NONE,NONE,"NONE"
PROBLEM_for-loop-index__ARGS_TAG_BF__MUT_05,1254,for-loop-index,Tag-BitFlips,0.05,0,False,NONE,NONE,NONE,"NONE"
PROBLEM_for-loop-index__ARGS_TAG_BF__MUT_05,1255,for-loop-index,Tag-BitFlips,0.05,0,False,NONE,NONE,NONE,"NONE"
PROBLEM_for-loop-index__ARGS_TAG_BF__MUT_05,1256,for-loop-index,Tag-BitFlips,0.05,0,False,NONE,NONE,NONE,"NONE"
PROBLEM_for-loop-index__ARGS_TAG_BF__MUT_05,1257,for-loop-index,Tag-BitFlips,0.05,0,False,NONE,NONE,NONE,"NONE"
PROBLEM_for-loop-index__ARGS_TAG_BF__MUT_05,1258,for-loop-index,Tag-BitFlips,0.05,0,True,7,422,358,"[Set-16-Tag(0110010010100110,1101011110111110,0010100111100001),Dec-Tag(0101010001010101,0010010010111110,0111100100010101),While-Tag(0000000110101100,0111010111010001,1000111110101001),SubmitNum-Tag(0011100111111101,0101110110100000,0110111101100000),Sub-Tag(0111011101100100,1010011101110011,1101011110001000),TestNumLessTEqu-Tag(1110010111111010,1101100110010001,1011110001100101),Add-Tag(1101111111010111,0010011110010110,1011011110111010)]"
PROBLEM_for-loop-index__ARGS_TAG_BF__MUT_05,1259,for-loop-index,Tag-BitFlips,0.05,0,False,NONE,NONE,NONE,"NONE"
PROBLEM_for-loop-index__ARGS_TAG_BF__MUT_05,1260,for-loop-index,Tag-BitFlips,0.05,0,False,NONE,NONE,NONE,"NONE"
PROBLEM_for-loop-index__ARGS_TAG_BF__MUT_05,1261,for-loop-index,Tag-BitFlips,0.05,0,False,NONE,NONE,NONE,"NONE"
PROBLEM_for-loop-index__ARGS_TAG_BF__MUT_05,1262,for-loop-index,Tag-BitFlips,0.05,0,False,NONE,NONE,NONE,"NONE"
PROBLEM_for-loop-index__ARGS_TAG_BF__MUT_05,1263,for-loop-index,Tag-BitFlips,0.05,0,False,NONE,NONE,NONE,"NONE"
PROBLEM_for-loop-index__ARGS_TAG_BF__MUT_05,1264,for-loop-index,Tag-BitFlips,0.05,0,False,NONE,NONE,NONE,"NONE"
PROBLEM_for-loop-index__ARGS_TAG_BF__MUT_05,1265,for-loop-index,Tag-BitFlips,0.05,0,False,NONE,NONE,NONE,"NONE"
PROBLEM_for-loop-index__ARGS_TAG_BF__MUT_05,1266,for-loop-index,Tag-BitFlips,0.05,0,False,NONE,NONE,NONE,"NONE"
PROBLEM_for-loop-index__ARGS_TAG_BF__MUT_05,1267,for-loop-index,Tag-BitFlips,0.05,0,False,NONE,NONE,NONE,"NONE"
PROBLEM_for-loop-index__ARGS_TAG_BF__MUT_05,1268,for-loop-index,Tag-BitFlips,0.05,0,False,NONE,NONE,NONE,"NONE"
PROBLEM_for-loop-index__ARGS_TAG_BF__MUT_05,1269,for-loop-index,Tag-BitFlips,0.05,0,False,NONE,NONE,NONE,"NONE"
PROBLEM_for-loop-index__ARGS_TAG_BF__MUT_05,1270,for-loop-index,Tag-BitFlips,0.05,0,False,NONE,NONE,NONE,"NONE"
PROBLEM_for-loop-index__ARGS_TAG_BF__MUT_05,1271,for-loop-index,Tag-BitFlips,0.05,0,False,NONE,NONE,NONE,"NONE"
PROBLEM_for-loop-index__ARGS_TAG_BF__MUT_05,1272,for-loop-index,Tag-BitFlips,0.05,0,False,NONE,NONE,NONE,"NONE"
PROBLEM_for-loop-index__ARGS_TAG_BF__MUT_05,1273,for-loop-index,Tag-BitFlips,0.05,0,False,NONE,NONE,NONE,"NONE"
PROBLEM_for-loop-index__ARGS_TAG_BF__MUT_05,1274,for-loop-index,Tag-BitFlips,0.05,0,False,NONE,NONE,NONE,"NONE"
PROBLEM_for-loop-index__ARGS_TAG_BF__MUT_05,1275,for-loop-index,Tag-BitFlips,0.05,0,False,NONE,NONE,NONE,"NONE"
PROBLEM_for-loop-index__ARGS_TAG_BF__MUT_05,1276,for-loop-index,Tag-BitFlips,0.05,0,False,NONE,NONE,NONE,"NONE"
PROBLEM_for-loop-index__ARGS_TAG_BF__MUT_05,1277,for-loop-index,Tag-BitFlips,0.05,0,False,NONE,NONE,NONE,"NONE"
PROBLEM_for-loop-index__ARGS_TAG_BF__MUT_05,1278,for-loop-index,Tag-BitFlips,0.05,0,False,NONE,NONE,NONE,"NONE"
PROBLEM_for-loop-index__ARGS_TAG_BF__MUT_05,1279,for-loop-index,Tag-BitFlips,0.05,0,False,NONE,NONE,NONE,"NONE"
PROBLEM_for-loop-index__ARGS_TAG_BF__MUT_05,1280,for-loop-index,Tag-BitFlips,0.05,0,True,6,385,223,"[LoadStart-Tag(0111100110111000,1110001110000000,1000100011011010),While-Tag(1011001101101011,1000100101001110,1011001100110101),SubmitNum-Tag(1011000010010001,0100110111110000,0010101010001110),Add-Tag(0001101100111111,1000101100001001,1011000011011000),TestNumLessTEqu-Tag(1100110001001100,0101100010011010,1110110000001011),While-Tag(1100100100111111,1000101001110101,1111111011000010)]"
PROBLEM_for-loop-index__ARGS_TAG_BF__MUT_05,1281,for-loop-index,Tag-BitFlips,0.05,0,True,6,175,122,"[While-Tag(0001101110010111,1110010010001111,1011110000001111),Set-2-Tag(0000101010101010,1111010000010010,1110000010101011),SubmitNum-Tag(1101100011011111,0100110000100111,1010010010101111),Add-Tag(0111011111111111,1111001110100011,0111111110111101),Countdown-Tag(0000111110001111,0011000110111111,0011101101111111),TestNumGreaterTEqu-Tag(1101110101111111,0101110100011101,0100101110010110)]"
PROBLEM_for-loop-index__ARGS_TAG_BF__MUT_05,1282,for-loop-index,Tag-BitFlips,0.05,0,False,NONE,NONE,NONE,"NONE"
PROBLEM_for-loop-index__ARGS_TAG_BF__MUT_05,1283,for-loop-index,Tag-BitFlips,0.05,0,False,NONE,NONE,NONE,"NONE"
PROBLEM_for-loop-index__ARGS_TAG_BF__MUT_05,1284,for-loop-index,Tag-BitFlips,0.05,0,False,NONE,NONE,NONE,"NONE"
PROBLEM_for-loop-index__ARGS_TAG_BF__MUT_05,1285,for-loop-index,Tag-BitFlips,0.05,0,True,5,457,421,"[While-Tag(0011010100111011,1011100100100100,1101100111110010),SubmitNum-Tag(0101011111110010,0110001000111001,0000011110111100),Add-Tag(0110111111101010,0011001101011010,1111011011011111),TestNumGreaterTEqu-Tag(0111101111110110,0110011101000101,1110011010100010),While-Tag(1011010110001101,0100000010101101,1010011101111110)]"
PROBLEM_for-loop-index__ARGS_TAG_BF__MUT_05,1286,for-loop-index,Tag-BitFlips,0.05,0,False,NONE,NONE,NONE,"NONE"
PROBLEM_for-loop-index__ARGS_TAG_BF__MUT_05,1287,for-loop-index,Tag-BitFlips,0.05,0,False,NONE,NONE,NONE,"NONE"
PROBLEM_for-loop-index__ARGS_TAG_BF__MUT_05,1288,for-loop-index,Tag-BitFlips,0.05,0,False,NONE,NONE,NONE,"NONE"
PROBLEM_for-loop-index__ARGS_TAG_BF__MUT_05,1289,for-loop-index,Tag-BitFlips,0.05,0,False,NONE,NONE,NONE,"NONE"
PROBLEM_for-loop-index__ARGS_TAG_BF__MUT_05,1290,for-loop-index,Tag-BitFlips,0.05,0,False,NONE,NONE,NONE,"NONE"
PROBLEM_for-loop-index__ARGS_TAG_BF__MUT_05,1291,for-loop-index,Tag-BitFlips,0.05,0,False,NONE,NONE,NONE,"NONE"
PROBLEM_for-loop-index__ARGS_TAG_BF__MUT_05,1292,for-loop-index,Tag-BitFlips,0.05,0,True,29,500,491,"[Set-15-Tag(0111001101000101,0000001010111011,1000110101110010),Countdown-Tag(0000011111010001,1110000111111010,1111110110110110),Add-Tag(0111111101111100,1110001001101000,0110100001011001),Set-0-Tag(1001111111101100,0111001100000010,1101010000101111),Set-5-Tag(1001010001010000,0101010001110001,1100100111010111),LoadEnd-Tag(1000100100011010,1100111100010111,0000110100000011),LoadStep-Tag(0110101110111111,1100011000110110,0010100010100000),TestNumLess-Tag(0010000101001011,1001110010011000,0101100111000010),LoadStep-Tag(1111100110001110,1110101100011110,0101011001001110),Countdown-Tag(0110101011000010,1001010101101101,0101100001001011),SubmitNum-Tag(0010100011101000,1111011010010010,0111110111000110),IfNot-Tag(1001111101101110,0001101110000101,0100110001101010),TestNumGreater-Tag(0010111101001001,1111100100010111,1001111111100111),Return(0110001100011011,0101000111011101,0110000010011001),Set-16-Tag(0011110110011111,0001101001011111,1100000110000001),While-Tag(0100100111000001,0111111100110001,0010110111001100),Set-11-Tag(0110001000111110,0011001111111101,0111011100011110),If-Tag(0010001001111110,1100000101001101,0101011001111110),Set-7-Tag(0110101110100111,1100101011000001,0101100100000100),TestNumGreaterTEqu-Tag(1011001010111011,0111011100101001,1111000111100110),Mult-Tag(1011001001111011,0100001001100110,0011101101110010),Mod-Tag(0100100111001000,1101010001101011,1000011001001101),CopyMem-Tag(1011111011111111,0111110001000110,1101001010011111),Set-1-Tag(1100010111100010,0111110101101100,0101001110110010),TestNumGreaterTEqu-Tag(1111010100011100,0110100110011001,0010111001100010),Set-8-Tag(0011111100001010,1101110011001110,1101000111001010),Dec-Tag(0010111011110110,1111000011110110,1111000111000010),Close(0001110011110001,1111111111011000,0011001100110110),Set-10-Tag(1011100111100010,0011010001011100,1111110011111101)]"
PROBLEM_for-loop-index__ARGS_TAG_BF__MUT_05,1293,for-loop-index,Tag-BitFlips,0.05,0,True,12,499,498,"[Countdown-Tag(0111011110010010,1011111010110101,0110100000101000),SubmitNum-Tag(0111111110011100,1111000100110010,0110100000011010),Set-7-Tag(0001000010101110,1100010001001000,1110010010001100),LoadStep-Tag(0010000111100101,0110011001010011,0110011111010101),TestNumGreaterTEqu-Tag(1010010010011110,0010001000111101,1010111000011010),Add-Tag(1111110010000100,0111010001111111,1001101101111011),LoadEnd-Tag(0011001010111000,1100100001001001,0101111110110011),LoadStep-Tag(1011000011001111,1100010111101111,0011001100000010),TestNumGreater-Tag(1101110101001000,1011111101110111,0000001000000010),Mod-Tag(1010100000010000,0101101000011011,1010000101110100),Set-1-Tag(1110000101000000,0111111010011101,1010110001100001),LoadEnd-Tag(1011011000101001,0010010101011010,0011011110010010)]"
PROBLEM_for-loop-index__ARGS_TAG_BF__MUT_05,1294,for-loop-index,Tag-BitFlips,0.05,0,False,NONE,NONE,NONE,"NONE"
PROBLEM_for-loop-index__ARGS_TAG_BF__MUT_05,1295,for-loop-index,Tag-BitFlips,0.05,0,False,NONE,NONE,NONE,"NONE"
PROBLEM_for-loop-index__ARGS_TAG_BF__MUT_05,1296,for-loop-index,Tag-BitFlips,0.05,0,True,29,499,493,"[SubmitNum-Tag(1101001011110110,0100001011010100,0111001001100100),TestNumGreaterTEqu-Tag(0111111110100111,1001110011100001,0101011100010000),Set-7-Tag(1100100110011101,0001100011011110,1010010110111101),Set-0-Tag(0100000110000001,1001110110011101,1101111011000011),Close(0011001110010001,0001001010010100,1001011110010111),LoadStep-Tag(0001111000011001,0100111100110100,1111011000011111),Floor-Tag(0001010000000010,1110100001011010,0000001001111000),Add-Tag(1100110111100110,0011101110101001,0111011101011010),Set-9-Tag(1000101011110000,0110101010110110,1111111011111000),LoadEnd-Tag(0101100001100101,0110010001001010,0111110010100000),IfNot-Tag(0101110101010100,1010001111111111,0011010101010110),Close(1011011010110111,1000110101101111,1101000100110001),LoadEnd-Tag(1110000110011011,1001111111000100,1100010000111101),TestNumLess-Tag(1010101111110110,1111100110000000,0001101100011111),Set-16-Tag(0001000010010001,1110001010111111,1000010000101011),IfNot-Tag(1000010000001111,1111100011011001,0111111100001000),Set-8-Tag(1101101000010011,1011011111011000,0100000011111000),Set-15-Tag(0111101100000110,1011111101100111,1001001111011111),TestNumGreaterTEqu-Tag(1111111011010101,0100011110111010,0011000110110011),Dec-Tag(1010100010110110,1111001010111011,0001010111101100),Return(1010010011001000,1100101100111010,0000000011000000),Close(1010101001101000,0000100100001001,1110101101100100),SubmitNum-Tag(1101111110101010,0111010100010011,0101110010001011),Set-16-Tag(1001010000110100,1011011001000101,1100110110011011),IfNot-Tag(0010101111011001,0111010011110100,1101101010011010),Not-Tag(1100000110111100,0111010111000101,1010011101011001),Set-15-Tag(1100010001000000,1111011101011100,1100100110001100),TestNumGreaterTEqu-Tag(0011011110101111,1100011101000110,1111100000110111),Set-3-Tag(0101101011000000,0111000100011000,0100010000100011)]"
PROBLEM_for-loop-index__ARGS_TAG_BF__MUT_05,1297,for-loop-index,Tag-BitFlips,0.05,0,False,NONE,NONE,NONE,"NONE"
PROBLEM_for-loop-index__ARGS_TAG_BF__MUT_05,1298,for-loop-index,Tag-BitFlips,0.05,0,False,NONE,NONE,NONE,"NONE"
PROBLEM_for-loop-index__ARGS_TAG_BF__MUT_05,1299,for-loop-index,Tag-BitFlips,0.05,0,False,NONE,NONE,NONE,"NONE"
PROBLEM_for-loop-index__ARGS_TAG_BF__MUT_05,1300,for-loop-index,Tag-BitFlips,0.05,0,False,NONE,NONE,NONE,"NONE"
PROBLEM_for-loop-index__ARGS_TAG_BF__MUT_075,1201,for-loop-index,Tag-BitFlips,0.075,0,False,NONE,NONE,NONE,"NONE"
PROBLEM_for-loop-index__ARGS_TAG_BF__MUT_075,1202,for-loop-index,Tag-BitFlips,0.075,0,False,NONE,NONE,NONE,"NONE"
PROBLEM_for-loop-index__ARGS_TAG_BF__MUT_075,1203,for-loop-index,Tag-BitFlips,0.075,0,False,NONE,NONE,NONE,"NONE"
PROBLEM_for-loop-index__ARGS_TAG_BF__MUT_075,1204,for-loop-index,Tag-BitFlips,0.075,0,False,NONE,NONE,NONE,"NONE"
PROBLEM_for-loop-index__ARGS_TAG_BF__MUT_075,1205,for-loop-index,Tag-BitFlips,0.075,0,False,NONE,NONE,NONE,"NONE"
PROBLEM_for-loop-index__ARGS_TAG_BF__MUT_075,1206,for-loop-index,Tag-BitFlips,0.075,0,False,NONE,NONE,NONE,"NONE"
PROBLEM_for-loop-index__ARGS_TAG_BF__MUT_075,1207,for-loop-index,Tag-BitFlips,0.075,0,False,NONE,NONE,NONE,"NONE"
PROBLEM_for-loop-index__ARGS_TAG_BF__MUT_075,1208,for-loop-index,Tag-BitFlips,0.075,0,False,NONE,NONE,NONE,"NONE"
PROBLEM_for-loop-index__ARGS_TAG_BF__MUT_075,1209,for-loop-index,Tag-BitFlips,0.075,0,False,NONE,NONE,NONE,"NONE"
PROBLEM_for-loop-index__ARGS_TAG_BF__MUT_075,1210,for-loop-index,Tag-BitFlips,0.075,0,False,NONE,NONE,NONE,"NONE"
PROBLEM_for-loop-index__ARGS_TAG_BF__MUT_075,1211,for-loop-index,Tag-BitFlips,0.075,0,False,NONE,NONE,NONE,"NONE"
PROBLEM_for-loop-index__ARGS_TAG_BF__MUT_075,1212,for-loop-index,Tag-BitFlips,0.075,0,False,NONE,NONE,NONE,"NONE"
PROBLEM_for-loop-index__ARGS_TAG_BF__MUT_075,1213,for-loop-index,Tag-BitFlips,0.075,0,False,NONE,NONE,NONE,"NONE"
PROBLEM_for-loop-index__ARGS_TAG_BF__MUT_075,1214,for-loop-index,Tag-BitFlips,0.075,0,False,NONE,NONE,NONE,"NONE"
PROBLEM_for-loop-index__ARGS_TAG_BF__MUT_075,1215,for-loop-index,Tag-BitFlips,0.075,0,False,NONE,NONE,NONE,"NONE"
PROBLEM_for-loop-index__ARGS_TAG_BF__MUT_075,1216,for-loop-index,Tag-BitFlips,0.075,0,False,NONE,NONE,NONE,"NONE"
PROBLEM_for-loop-index__ARGS_TAG_BF__MUT_075,1217,for-loop-index,Tag-BitFlips,0.075,0,False,NONE,NONE,NONE,"NONE"
PROBLEM_for-loop-index__ARGS_TAG_BF__MUT_075,1218,for-loop-index,Tag-BitFlips,0.075,0,False,NONE,NONE,NONE,"NONE"
PROBLEM_for-loop-index__ARGS_TAG_BF__MUT_075,1219,for-loop-index,Tag-BitFlips,0.075,0,False,NONE,NONE,NONE,"NONE"
PROBLEM_for-loop-index__ARGS_TAG_BF__MUT_075,1220,for-loop-index,Tag-BitFlips,0.075,0,False,NONE,NONE,NONE,"NONE"
PROBLEM_for-loop-index__ARGS_TAG_BF__MUT_075,1221,for-loop-index,Tag-BitFlips,0.075,0,False,NONE,NONE,NONE,"NONE"
PROBLEM_for-loop-index__ARGS_TAG_BF__MUT_075,1222,for-loop-index,Tag-BitFlips,0.075,0,False,NONE,NONE,NONE,"NONE"
PROBLEM_for-loop-index__ARGS_TAG_BF__MUT_075,1223,for-loop-index,Tag-BitFlips,0.075,0,False,NONE,NONE,NONE,"NONE"
PROBLEM_for-loop-index__ARGS_TAG_BF__MUT_075,1224,for-loop-index,Tag-BitFlips,0.075,0,False,NONE,NONE,NONE,"NONE"
PROBLEM_for-loop-index__ARGS_TAG_BF__MUT_075,1225,for-loop-index,Tag-BitFlips,0.075,0,False,NONE,NONE,NONE,"NONE"
PROBLEM_for-loop-index__ARGS_TAG_BF__MUT_075,1226,for-loop-index,Tag-BitFlips,0.075,0,False,NONE,NONE,NONE,"NONE"
PROBLEM_for-loop-index__ARGS_TAG_BF__MUT_075,1227,for-loop-index,Tag-BitFlips,0.075,0,False,NONE,NONE,NONE,"NONE"
PROBLEM_for-loop-index__ARGS_TAG_BF__MUT_075,1228,for-loop-index,Tag-BitFlips,0.075,0,False,NONE,NONE,NONE,"NONE"
PROBLEM_for-loop-index__ARGS_TAG_BF__MUT_075,1229,for-loop-index,Tag-BitFlips,0.075,0,False,NONE,NONE,NONE,"NONE"
PROBLEM_for-loop-index__ARGS_TAG_BF__MUT_075,1230,for-loop-index,Tag-BitFlips,0.075,0,False,NONE,NONE,NONE,"NONE"
PROBLEM_for-loop-index__ARGS_TAG_BF__MUT_075,1231,for-loop-index,Tag-BitFlips,0.075,0,False,NONE,NONE,NONE,"NONE"
PROBLEM_for-loop-index__ARGS_TAG_BF__MUT_075,1232,for-loop-index,Tag-BitFlips,0.075,0,False,NONE,NONE,NONE,"NONE"
PROBLEM_for-loop-index__ARGS_TAG_BF__MUT_075,1233,for-loop-index,Tag-BitFlips,0.075,0,False,NONE,NONE,NONE,"NONE"
PROBLEM_for-loop-index__ARGS_TAG_BF__MUT_075,1234,for-loop-index,Tag-BitFlips,0.075,0,False,NONE,NONE,NONE,"NONE"
PROBLEM_for-loop-index__ARGS_TAG_BF__MUT_075,1235,for-loop-index,Tag-BitFlips,0.075,0,False,NONE,NONE,NONE,"NONE"
PROBLEM_for-loop-index__ARGS_TAG_BF__MUT_075,1236,for-loop-index,Tag-BitFlips,0.075,0,False,NONE,NONE,NONE,"NONE"
PROBLEM_for-loop-index__ARGS_TAG_BF__MUT_075,1237,for-loop-index,Tag-BitFlips,0.075,0,False,NONE,NONE,NONE,"NONE"
PROBLEM_for-loop-index__ARGS_TAG_BF__MUT_075,1238,for-loop-index,Tag-BitFlips,0.075,0,True,8,246,159,"[Close(0011000011010101,0111101010001110,0111000101011010),Dec-Tag(0101010110000101,1011101101010011,0001011110010101),Close(0110110110000111,1010101110011011,0000000101011100),SubmitNum-Tag(1111111110011110,1010111111000111,0110000000011110),Add-Tag(1010011011101110,0011001100110000,1101100110111111),TestNumLess-Tag(0000011111000101,0101011011001110,0011100000001010),If-Tag(0111100011001111,1100101101110001,0000001110011111),If-Tag(1111100110111001,1101111011111110,1000110101110001)]"
PROBLEM_for-loop-index__ARGS_TAG_BF__MUT_075,1239,for-loop-index,Tag-BitFlips,0.075,0,False,NONE,NONE,NONE,"NONE"
PROBLEM_for-loop-index__ARGS_TAG_BF__MUT_075,1240,for-loop-index,Tag-BitFlips,0.075,0,False,NONE,NONE,NONE,"NONE"
PROBLEM_for-loop-index__ARGS_TAG_BF__MUT_075,1241,for-loop-index,Tag-BitFlips,0.075,0,False,NONE,NONE,NONE,"NONE"
PROBLEM_for-loop-index__ARGS_TAG_BF__MUT_075,1242,for-loop-index,Tag-BitFlips,0.075,0,False,NONE,NONE,NONE,"NONE"
PROBLEM_for-loop-index__ARGS_TAG_BF__MUT_075,1243,for-loop-index,Tag-BitFlips,0.075,0,False,NONE,NONE,NONE,"NONE"
PROBLEM_for-loop-index__ARGS_TAG_BF__MUT_075,1244,for-loop-index,Tag-BitFlips,0.075,0,False,NONE,NONE,NONE,"NONE"
PROBLEM_for-loop-index__ARGS_TAG_BF__MUT_075,1245,for-loop-index,Tag-BitFlips,0.075,0,False,NONE,NONE,NONE,"NONE"
PROBLEM_for-loop-index__ARGS_TAG_BF__MUT_075,1246,for-loop-index,Tag-BitFlips,0.075,0,False,NONE,NONE,NONE,"NONE"
PROBLEM_for-loop-index__ARGS_TAG_BF__MUT_075,1247,for-loop-index,Tag-BitFlips,0.075,0,False,NONE,NONE,NONE,"NONE"
PROBLEM_for-loop-index__ARGS_TAG_BF__MUT_075,1248,for-loop-index,Tag-BitFlips,0.075,0,False,NONE,NONE,NONE,"NONE"
PROBLEM_for-loop-index__ARGS_TAG_BF__MUT_075,1249,for-loop-index,Tag-BitFlips,0.075,0,False,NONE,NONE,NONE,"NONE"
PROBLEM_for-loop-index__ARGS_TAG_BF__MUT_075,1250,for-loop-index,Tag-BitFlips,0.075,0,False,NONE,NONE,NONE,"NONE"
PROBLEM_for-loop-index__ARGS_TAG_BF__MUT_1,1001,for-loop-index,Tag-BitFlips,0.1,0,False,NONE,NONE,NONE,"NONE"
PROBLEM_for-loop-index__ARGS_TAG_BF__MUT_1,1002,for-loop-index,Tag-BitFlips,0.1,0,False,NONE,NONE,NONE,"NONE"
PROBLEM_for-loop-index__ARGS_TAG_BF__MUT_1,1003,for-loop-index,Tag-BitFlips,0.1,0,False,NONE,NONE,NONE,"NONE"
PROBLEM_for-loop-index__ARGS_TAG_BF__MUT_1,1004,for-loop-index,Tag-BitFlips,0.1,0,False,NONE,NONE,NONE,"NONE"
PROBLEM_for-loop-index__ARGS_TAG_BF__MUT_1,1005,for-loop-index,Tag-BitFlips,0.1,0,False,NONE,NONE,NONE,"NONE"
PROBLEM_for-loop-index__ARGS_TAG_BF__MUT_1,1006,for-loop-index,Tag-BitFlips,0.1,0,False,NONE,NONE,NONE,"NONE"
PROBLEM_for-loop-index__ARGS_TAG_BF__MUT_1,1007,for-loop-index,Tag-BitFlips,0.1,0,False,NONE,NONE,NONE,"NONE"
PROBLEM_for-loop-index__ARGS_TAG_BF__MUT_1,1008,for-loop-index,Tag-BitFlips,0.1,0,False,NONE,NONE,NONE,"NONE"
PROBLEM_for-loop-index__ARGS_TAG_BF__MUT_1,1009,for-loop-index,Tag-BitFlips,0.1,0,False,NONE,NONE,NONE,"NONE"
PROBLEM_for-loop-index__ARGS_TAG_BF__MUT_1,1010,for-loop-index,Tag-BitFlips,0.1,0,False,NONE,NONE,NONE,"NONE"
PROBLEM_for-loop-index__ARGS_TAG_BF__MUT_1,1011,for-loop-index,Tag-BitFlips,0.1,0,False,NONE,NONE,NONE,"NONE"
PROBLEM_for-loop-index__ARGS_TAG_BF__MUT_1,1012,for-loop-index,Tag-BitFlips,0.1,0,False,NONE,NONE,NONE,"NONE"
PROBLEM_for-loop-index__ARGS_TAG_BF__MUT_1,1013,for-loop-index,Tag-BitFlips,0.1,0,False,NONE,NONE,NONE,"NONE"
PROBLEM_for-loop-index__ARGS_TAG_BF__MUT_1,1014,for-loop-index,Tag-BitFlips,0.1,0,False,NONE,NONE,NONE,"NONE"
PROBLEM_for-loop-index__ARGS_TAG_BF__MUT_1,1015,for-loop-index,Tag-BitFlips,0.1,0,False,NONE,NONE,NONE,"NONE"
PROBLEM_for-loop-index__ARGS_TAG_BF__MUT_1,1016,for-loop-index,Tag-BitFlips,0.1,0,False,NONE,NONE,NONE,"NONE"
PROBLEM_for-loop-index__ARGS_TAG_BF__MUT_1,1017,for-loop-index,Tag-BitFlips,0.1,0,False,NONE,NONE,NONE,"NONE"
PROBLEM_for-loop-index__ARGS_TAG_BF__MUT_1,1018,for-loop-index,Tag-BitFlips,0.1,0,False,NONE,NONE,NONE,"NONE"
PROBLEM_for-loop-index__ARGS_TAG_BF__MUT_1,1019,for-loop-index,Tag-BitFlips,0.1,0,False,NONE,NONE,NONE,"NONE"
PROBLEM_for-loop-index__ARGS_TAG_BF__MUT_1,1020,for-loop-index,Tag-BitFlips,0.1,0,False,NONE,NONE,NONE,"NONE"
PROBLEM_for-loop-index__ARGS_TAG_BF__MUT_1,1021,for-loop-index,Tag-BitFlips,0.1,0,False,NONE,NONE,NONE,"NONE"
PROBLEM_for-loop-index__ARGS_TAG_BF__MUT_1,1022,for-loop-index,Tag-BitFlips,0.1,0,False,NONE,NONE,NONE,"NONE"
PROBLEM_for-loop-index__ARGS_TAG_BF__MUT_1,1023,for-loop-index,Tag-BitFlips,0.1,0,False,NONE,NONE,NONE,"NONE"
PROBLEM_for-loop-index__ARGS_TAG_BF__MUT_1,1024,for-loop-index,Tag-BitFlips,0.1,0,False,NONE,NONE,NONE,"NONE"
PROBLEM_for-loop-index__ARGS_TAG_BF__MUT_1,1025,for-loop-index,Tag-BitFlips,0.1,0,False,NONE,NONE,NONE,"NONE"
PROBLEM_for-loop-index__ARGS_TAG_BF__MUT_1,1026,for-loop-index,Tag-BitFlips,0.1,0,False,NONE,NONE,NONE,"NONE"
PROBLEM_for-loop-index__ARGS_TAG_BF__MUT_1,1027,for-loop-index,Tag-BitFlips,0.1,0,False,NONE,NONE,NONE,"NONE"
PROBLEM_for-loop-index__ARGS_TAG_BF__MUT_1,1028,for-loop-index,Tag-BitFlips,0.1,0,False,NONE,NONE,NONE,"NONE"
PROBLEM_for-loop-index__ARGS_TAG_BF__MUT_1,1029,for-loop-index,Tag-BitFlips,0.1,0,False,NONE,NONE,NONE,"NONE"
PROBLEM_for-loop-index__ARGS_TAG_BF__MUT_1,1030,for-loop-index,Tag-BitFlips,0.1,0,False,NONE,NONE,NONE,"NONE"
PROBLEM_for-loop-index__ARGS_TAG_BF__MUT_1,1031,for-loop-index,Tag-BitFlips,0.1,0,False,NONE,NONE,NONE,"NONE"
PROBLEM_for-loop-index__ARGS_TAG_BF__MUT_1,1032,for-loop-index,Tag-BitFlips,0.1,0,False,NONE,NONE,NONE,"NONE"
PROBLEM_for-loop-index__ARGS_TAG_BF__MUT_1,1033,for-loop-index,Tag-BitFlips,0.1,0,False,NONE,NONE,NONE,"NONE"
PROBLEM_for-loop-index__ARGS_TAG_BF__MUT_1,1034,for-loop-index,Tag-BitFlips,0.1,0,False,NONE,NONE,NONE,"NONE"
PROBLEM_for-loop-index__ARGS_TAG_BF__MUT_1,1035,for-loop-index,Tag-BitFlips,0.1,0,False,NONE,NONE,NONE,"NONE"
PROBLEM_for-loop-index__ARGS_TAG_BF__MUT_1,1036,for-loop-index,Tag-BitFlips,0.1,0,False,NONE,NONE,NONE,"NONE"
PROBLEM_for-loop-index__ARGS_TAG_BF__MUT_1,1037,for-loop-index,Tag-BitFlips,0.1,0,False,NONE,NONE,NONE,"NONE"
PROBLEM_for-loop-index__ARGS_TAG_BF__MUT_1,1038,for-loop-index,Tag-BitFlips,0.1,0,False,NONE,NONE,NONE,"NONE"
PROBLEM_for-loop-index__ARGS_TAG_BF__MUT_1,1039,for-loop-index,Tag-BitFlips,0.1,0,False,NONE,NONE,NONE,"NONE"
PROBLEM_for-loop-index__ARGS_TAG_BF__MUT_1,1040,for-loop-index,Tag-BitFlips,0.1,0,False,NONE,NONE,NONE,"NONE"
PROBLEM_for-loop-index__ARGS_TAG_BF__MUT_1,1041,for-loop-index,Tag-BitFlips,0.1,0,False,NONE,NONE,NONE,"NONE"
PROBLEM_for-loop-index__ARGS_TAG_BF__MUT_1,1042,for-loop-index,Tag-BitFlips,0.1,0,False,NONE,NONE,NONE,"NONE"
PROBLEM_for-loop-index__ARGS_TAG_BF__MUT_1,1043,for-loop-index,Tag-BitFlips,0.1,0,False,NONE,NONE,NONE,"NONE"
PROBLEM_for-loop-index__ARGS_TAG_BF__MUT_1,1044,for-loop-index,Tag-BitFlips,0.1,0,False,NONE,NONE,NONE,"NONE"
PROBLEM_for-loop-index__ARGS_TAG_BF__MUT_1,1045,for-loop-index,Tag-BitFlips,0.1,0,False,NONE,NONE,NONE,"NONE"
PROBLEM_for-loop-index__ARGS_TAG_BF__MUT_1,1046,for-loop-index,Tag-BitFlips,0.1,0,False,NONE,NONE,NONE,"NONE"
PROBLEM_for-loop-index__ARGS_TAG_BF__MUT_1,1047,for-loop-index,Tag-BitFlips,0.1,0,False,NONE,NONE,NONE,"NONE"
PROBLEM_for-loop-index__ARGS_TAG_BF__MUT_1,1048,for-loop-index,Tag-BitFlips,0.1,0,True,19,498,498,"[Close(1001000101011000,0010111101110100,1111101000101001),Add-Tag(1011001100011010,0100000110011101,1111100100111001),SubmitNum-Tag(1101100011101010,1111010101000001,1011110011111101),Add-Tag(1111011101101110,0010000100011011,1100101010111110),TestNumLessTEqu-Tag(1111011001101101,1101100111011000,0100110110001101),TestNumLess-Tag(0000101000101111,1001011000001110,1100100000110011),TestNumLessTEqu-Tag(1000100001110100,0101010011001010,1100111100011100),IfNot-Tag(0000110000111010,0010011111000011,1001110100101101),Mult-Tag(0000111010100100,0110110110000001,1111101000011101),Set-3-Tag(1010000110001100,1101000011100100,0100011110001100),TestNumLessTEqu-Tag(1111010001110010,1011111010110100,0111111000000000),TestNumLess-Tag(0111100101011111,1101010101001110,0110100101000000),TestNumLessTEqu-Tag(0011000000111111,0001101110000101,0001010000000010),IfNot-Tag(0110000101111100,0110010100111100,0010111001100111),Set-3-Tag(1110010001011110,1111110001101100,1001101010010011),Return(1101111110010001,0110100011000001,0000011011110111),Set-13-Tag(0100001110010010,0101110111111111,0100110010000111),Set-10-Tag(1101011101001010,1111010100101110,1111000101100000),LoadStep-Tag(0010011110000000,1101110011010011,0110001101111011)]"
PROBLEM_for-loop-index__ARGS_TAG_BF__MUT_1,1049,for-loop-index,Tag-BitFlips,0.1,0,False,NONE,NONE,NONE,"NONE"
PROBLEM_for-loop-index__ARGS_TAG_BF__MUT_1,1050,for-loop-index,Tag-BitFlips,0.1,0,False,NONE,NONE,NONE,"NONE"
PROBLEM_grade__ARGS_NUM__MUT_0001,3151,grade,Numeric,0.0001,0,True,62,493,463,"[Close(13,0,5),IfNot-Num(10,11,4),SubmitF(9,6,4),Set-10-Num(3,8,4),Countdown-Num(2,0,8),Set-14-Num(7,8,5),TestNumGreater-Num(10,3,13),SubmitC(9,3,1),TestNumLessTEqu-Num(11,1,15),TestNumLessTEqu-Num(6,4,2),Sub-Num(10,9,14),SubmitB(3,10,1),Set-16-Num(5,0,10),Set-9-Num(7,9,4),Set-13-Num(11,0,8),Div-Num(2,1,0),CopyMem-Num(8,8,14),SwapMem-Num(14,6,10),SubmitA(6,3,5),Set-3-Num(0,10,12),Inc-Num(15,5,6),LoadGrade-Num(5,9,11),If-Num(3,13,3),LoadThreshB-Num(0,12,6),TestNumGreaterTEqu-Num(14,10,10),TestNumGreater-Num(2,0,14),Close(6,0,5),TestNumGreater-Num(9,4,5),IfNot-Num(13,3,5),LoadGrade-Num(13,4,15),LoadThreshB-Num(12,4,6),Set-4-Num(8,15,6),CopyMem-Num(4,4,13),SubmitA(14,2,7),Sub-Num(6,6,14),CopyMem-Num(1,0,9),Set-13-Num(7,6,5),SubmitC(6,1,3),SubmitD(7,10,6),Inc-Num(13,2,6),SubmitF(0,0,8),LoadThreshA-Num(1,8,7),TestNumNEqu-Num(2,0,14),LoadThreshC-Num(6,0,5),Set-12-Num(9,3,10),LoadThreshD-Num(9,7,14),TestNumLessTEqu-Num(9,4,5),Sub-Num(1,4,3),Countdown-Num(14,10,12),LoadThreshA-Num(5,3,14),Set-11-Num(0,12,8),Set-15-Num(8,6,14),Add-Num(6,2,1),Close(6,12,4),TestNumLessTEqu-Num(10,8,1),Inc-Num(1,10,0),Mod-Num(5,12,7),Set-9-Num(14,1,3),TestNumLess-Num(12,13,1),Inc-Num(14,3,15),If-Num(7,1,12),SubmitD(6,13,5)]"
PROBLEM_grade__ARGS_NUM__MUT_0001,3152,grade,Numeric,0.0001,0,True,30,476,291,"[LoadGrade-Num(2,14,9),Add-Num(3,7,8),Sub-Num(4,8,12),LoadThreshA-Num(5,6,7),Dec-Num(5,15,9),TestNumLessTEqu-Num(2,5,1),Set-13-Num(3,11,2),LoadThreshC-Num(6,5,9),SubmitA(4,14,5),LoadThreshB-Num(5,2,1),If-Num(1,10,5),LoadGrade-Num(11,0,14),SubmitB(12,11,8),Dec-Num(5,15,9),TestNumLessTEqu-Num(2,5,1),CopyMem-Num(6,2,13),If-Num(1,10,5),Set-13-Num(9,14,13),Div-Num(2,1,15),TestNumLessTEqu-Num(7,12,1),SubmitF(6,5,8),While-Num(1,10,5),Countdown-Num(3,7,8),SubmitD(11,0,14),Div-Num(11,15,11),Mod-Num(15,11,3),Add-Num(14,6,6),SubmitC(13,13,8),Countdown-Num(9,13,4),Set-7-Num(15,8,4)]"
PROBLEM_grade__ARGS_NUM__MUT_0001,3153,grade,Numeric,0.0001,0,True,36,496,456,"[LoadGrade-Num(3,12,0),Div-Num(3,1,7),TestNumGreaterTEqu-Num(12,9,6),LoadGrade-Num(9,12,12),TestNumLessTEqu-Num(4,1,1),Inc-Num(9,12,12),TestNumLess-Num(2,9,4),TestNumGreater-Num(9,0,2),Countdown-Num(4,15,12),Mod-Num(6,3,14),TestNumGreaterTEqu-Num(7,1,1),SubmitC(14,4,12),Close(14,8,4),Set-14-Num(7,1,3),Countdown-Num(2,6,9),If-Num(10,0,9),Close(12,9,6),Set-1-Num(2,9,4),SubmitA(8,7,0),Close(0,14,1),SwapMem-Num(10,1,2),Not-Num(15,10,7),Countdown-Num(10,15,9),Set-10-Num(4,12,8),SubmitD(12,9,6),If-Num(7,5,12),SubmitF(3,8,15),LoadThreshD-Num(10,11,13),Set-0-Num(7,6,3),Sub-Num(10,3,8),While-Num(4,7,4),TestNumGreaterTEqu-Num(8,15,4),SwapMem-Num(10,0,4),Countdown-Num(14,3,11),SubmitB(5,0,2),While-Num(9,15,0)]"
PROBLEM_grade__ARGS_NUM__MUT_0001,3154,grade,Numeric,0.0001,0,False,NONE,NONE,NONE,"NONE"
PROBLEM_grade__ARGS_NUM__MUT_0001,3155,grade,Numeric,0.0001,0,True,51,489,326,"[TestNumEqu-Num(14,14,10),Set-3-Num(8,11,2),Countdown-Num(2,6,6),Add-Num(4,10,1),LoadThreshA-Num(6,1,7),TestNumGreater-Num(1,3,12),LoadThreshC-Num(9,5,10),SubmitA(12,6,5),If-Num(8,10,14),Set-14-Num(2,15,7),Set-4-Num(14,9,12),TestNumLessTEqu-Num(12,9,1),TestNumNEqu-Num(12,1,12),Set-2-Num(7,8,10),TestNumGreaterTEqu-Num(4,1,0),Set-12-Num(14,6,9),TestNumGreaterTEqu-Num(3,9,14),LoadThreshA-Num(15,4,15),Set-12-Num(6,7,9),SubmitD(3,13,2),CopyMem-Num(12,1,13),SubmitF(1,7,9),Set-13-Num(11,2,15),While-Num(14,13,11),Set-6-Num(7,11,6),TestNumGreater-Num(15,4,6),TestNumLess-Num(0,13,7),TestNumGreater-Num(5,3,10),Set-10-Num(0,15,5),Not-Num(13,14,7),Not-Num(14,5,3),TestNumGreater-Num(2,0,5),Inc-Num(7,8,14),Set-1-Num(15,14,15),Sub-Num(7,8,11),SubmitC(3,3,3),Set-10-Num(7,11,6),If-Num(0,12,11),Set-14-Num(3,14,3),Close(9,12,6),SwapMem-Num(10,10,5),LoadThreshB-Num(4,11,14),Close(2,0,0),TestNumLess-Num(10,6,8),Set-16-Num(12,7,7),Set-3-Num(9,14,13),LoadGrade-Num(3,10,6),Countdown-Num(1,13,15),SubmitB(14,3,7),While-Num(11,8,7),SubmitF(13,13,14)]"
PROBLEM_grade__ARGS_NUM__MUT_0001,3156,grade,Numeric,0.0001,0,True,70,440,263,"[SubmitD(14,2,0),SubmitF(5,0,12),SubmitB(8,7,8),Set-1-Num(14,9,13),Break(2,11,5),SubmitD(8,1,0),SubmitC(7,3,4),Set-11-Num(14,15,14),LoadGrade-Num(10,10,3),LoadGrade-Num(2,2,6),Set-7-Num(3,13,3),Set-10-Num(9,0,11),Countdown-Num(0,5,7),SubmitB(8,15,12),Mod-Num(6,2,15),LoadThreshB-Num(4,8,2),TestNumGreaterTEqu-Num(15,0,7),LoadThreshA-Num(6,12,8),Set-4-Num(15,15,4),TestNumGreaterTEqu-Num(10,1,13),Inc-Num(2,8,8),Mod-Num(10,7,13),Set-16-Num(5,8,0),TestNumEqu-Num(3,15,11),If-Num(1,8,13),SubmitB(4,1,4),Set-11-Num(9,1,9),IfNot-Num(13,12,9),Inc-Num(3,6,8),Mod-Num(4,10,6),Set-13-Num(3,13,12),Set-5-Num(5,0,13),SubmitD(7,1,4),Mod-Num(10,14,13),SubmitF(12,12,8),SwapMem-Num(15,0,13),Mod-Num(13,3,11),TestNumGreaterTEqu-Num(10,1,13),LoadThreshA-Num(10,9,5),LoadThreshA-Num(10,7,13),SubmitA(9,7,10),Set-1-Num(3,15,11),Set-2-Num(5,12,2),LoadGrade-Num(8,1,9),IfNot-Num(13,12,6),SubmitD(4,10,13),LoadThreshC-Num(1,15,13),LoadThreshD-Num(4,11,4),Dec-Num(4,2,15),LoadGrade-Num(10,10,3),Countdown-Num(0,12,7),LoadGrade-Num(12,4,14),LoadThreshB-Num(15,2,14),If-Num(2,14,6),SubmitC(6,2,15),TestNumLess-Num(4,10,6),Set-11-Num(2,10,9),Set-8-Num(14,12,13),TestNumGreaterTEqu-Num(10,1,13),TestNumGreaterTEqu-Num(2,3,4),Div-Num(7,6,1),SubmitD(6,15,2),Set-1-Num(10,12,4),Set-5-Num(0,10,7),Set-13-Num(14,11,12),TestNumEqu-Num(4,5,6),Div-Num(5,1,2),IfNot-Num(13,12,9),SubmitF(3,0,9),TestNumLess-Num(3,3,5)]"
PROBLEM_grade__ARGS_NUM__MUT_0001,3157,grade,Numeric,0.0001,0,True,86,488,368,"[Set-0-Num(6,5,1),TestNumLessTEqu-Num(0,4,0),Inc-Num(11,15,10),Dec-Num(3,15,12),SubmitA(8,6,1),Set-16-Num(10,3,1),CopyMem-Num(3,12,14),LoadThreshB-Num(14,15,9),While-Num(11,5,8),TestNumLess-Num(14,3,5),Dec-Num(15,5,13),Set-3-Num(13,12,10),Add-Num(5,5,8),While-Num(5,0,14),SwapMem-Num(10,5,13),Break(15,10,0),Close(8,0,12),SwapMem-Num(1,8,10),If-Num(14,2,0),Set-13-Num(13,9,4),Dec-Num(14,15,4),Set-8-Num(6,10,7),SubmitB(3,6,8),Mod-Num(0,6,15),Countdown-Num(5,7,8),Close(1,10,14),SubmitA(2,8,9),Div-Num(15,5,7),TestNumNEqu-Num(4,8,0),SubmitB(5,13,14),Countdown-Num(13,0,6),SubmitA(13,2,10),TestNumGreater-Num(15,0,3),Not-Num(13,8,9),SubmitB(13,0,6),Sub-Num(15,0,3),Close(13,8,9),Mod-Num(3,3,6),TestNumLessTEqu-Num(4,12,3),Set-12-Num(0,15,15),TestNumLess-Num(15,2,4),Mult-Num(13,0,0),LoadThreshC-Num(10,1,5),TestNumGreater-Num(9,11,13),Set-16-Num(1,0,9),Set-10-Num(11,6,7),SubmitC(8,6,13),Countdown-Num(8,10,5),TestNumEqu-Num(13,15,8),Sub-Num(10,8,2),TestNumEqu-Num(15,9,11),While-Num(5,0,14),Set-16-Num(1,6,9),TestNumEqu-Num(9,3,13),SubmitF(9,11,2),Close(8,0,12),TestNumEqu-Num(4,2,10),LoadGrade-Num(5,7,8),Not-Num(0,8,1),TestNumGreaterTEqu-Num(2,5,2),TestNumLessTEqu-Num(9,10,13),Sub-Num(11,10,9),Set-16-Num(8,1,11),Set-4-Num(9,10,12),SubmitF(6,15,4),Add-Num(4,9,8),TestNumEqu-Num(12,12,8),SwapMem-Num(3,8,12),SubmitD(5,13,14),Set-6-Num(12,5,11),Not-Num(15,10,14),IfNot-Num(2,9,13),TestNumEqu-Num(10,8,3),TestNumGreaterTEqu-Num(9,9,3),Set-16-Num(3,3,9),Set-16-Num(10,3,10),SubmitF(12,10,0),Set-8-Num(9,9,3),SwapMem-Num(13,0,9),SubmitA(13,0,0),SubmitF(12,2,3),LoadGrade-Num(3,15,4),Close(7,5,0),If-Num(0,1,9),LoadThreshB-Num(15,13,2),SubmitA(12,15,4)]"
PROBLEM_grade__ARGS_NUM__MUT_0001,3158,grade,Numeric,0.0001,0,True,101,500,487,"[LoadThreshA-Num(1,14,2),SubmitB(9,1,0),Close(0,14,11),TestNumGreater-Num(10,14,15),LoadThreshB-Num(6,15,0),TestNumGreaterTEqu-Num(0,15,5),Mult-Num(14,3,15),LoadGrade-Num(13,8,9),Set-16-Num(8,6,6),Set-4-Num(5,3,10),Set-10-Num(7,8,0),While-Num(5,5,7),Set-7-Num(7,13,9),Add-Num(1,11,11),Set-11-Num(1,10,8),Set-12-Num(4,11,11),Set-4-Num(12,12,6),Set-15-Num(15,15,5),TestNumLessTEqu-Num(14,12,8),SubmitA(2,6,13),LoadGrade-Num(4,6,6),TestNumLessTEqu-Num(6,4,7),Dec-Num(15,3,9),TestNumGreater-Num(11,4,10),LoadThreshB-Num(0,11,2),SubmitB(12,9,9),TestNumLessTEqu-Num(3,13,11),IfNot-Num(14,5,12),Set-16-Num(9,9,6),LoadThreshD-Num(15,12,8),Set-16-Num(14,10,9),Add-Num(2,0,15),While-Num(10,3,12),Set-9-Num(15,3,1),Set-16-Num(9,9,11),TestNumEqu-Num(5,13,2),SubmitF(2,0,15),Set-7-Num(3,10,15),Set-12-Num(8,11,4),If-Num(11,8,7),Floor-Num(6,3,8),Countdown-Num(10,11,13),Set-14-Num(11,11,14),Floor-Num(9,12,15),Sub-Num(8,5,15),Not-Num(13,10,15),TestNumNEqu-Num(15,11,13),Add-Num(2,4,1),TestNumLess-Num(1,0,0),TestNumNEqu-Num(3,9,3),SubmitB(7,15,5),TestNumNEqu-Num(9,12,9),LoadGrade-Num(10,3,12),SubmitB(0,4,1),If-Num(0,7,8),LoadThreshC-Num(8,11,4),Set-0-Num(1,10,10),While-Num(9,7,15),SubmitA(8,4,7),Set-3-Num(0,4,1),Floor-Num(2,7,9),Set-14-Num(6,2,3),Set-14-Num(11,9,5),SubmitF(1,11,12),LoadThreshA-Num(2,8,2),SubmitD(3,15,13),SwapMem-Num(9,0,5),TestNumLessTEqu-Num(8,3,13),LoadGrade-Num(14,13,10),LoadThreshD-Num(15,4,14),TestNumLess-Num(8,14,15),Countdown-Num(13,2,14),Close(10,15,5),SubmitB(8,5,12),Div-Num(3,6,6),While-Num(6,2,3),If-Num(11,8,13),Mod-Num(15,11,12),SubmitC(3,9,0),Set-10-Num(3,9,3),Set-14-Num(7,14,9),LoadGrade-Num(3,11,1),TestNumEqu-Num(2,3,14),Set-8-Num(11,3,5),Set-1-Num(10,3,12),Set-7-Num(3,8,10),CopyMem-Num(4,3,15),Set-8-Num(1,15,1),CopyMem-Num(2,12,9),SubmitD(6,10,9),Set-6-Num(0,13,0),Not-Num(0,7,11),Floor-Num(6,5,5),TestNumNEqu-Num(2,13,1),Countdown-Num(13,2,14),Set-12-Num(8,4,4),Set-16-Num(0,6,9),LoadThreshD-Num(8,8,12),Set-5-Num(8,14,6),While-Num(2,3,2),LoadThreshD-Num(9,7,10)]"
PROBLEM_grade__ARGS_NUM__MUT_0001,3159,grade,Numeric,0.0001,0,False,NONE,NONE,NONE,"NONE"
PROBLEM_grade__ARGS_NUM__MUT_0001,3160,grade,Numeric,0.0001,0,False,NONE,NONE,NONE,"NONE"
PROBLEM_grade__ARGS_NUM__MUT_0001,3161,grade,Numeric,0.0001,0,False,NONE,NONE,NONE,"NONE"
PROBLEM_grade__ARGS_NUM__MUT_0001,3162,grade,Numeric,0.0001,0,True,42,469,224,"[LoadThreshC-Num(9,0,11),Inc-Num(4,0,9),SubmitF(6,1,10),LoadThreshB-Num(11,14,3),LoadGrade-Num(6,5,11),While-Num(3,15,9),TestNumGreater-Num(3,6,3),Close(7,10,5),TestNumEqu-Num(0,1,0),Add-Num(11,3,10),TestNumLessTEqu-Num(4,10,4),Add-Num(10,12,3),Countdown-Num(1,11,2),Set-13-Num(1,11,8),Set-6-Num(2,1,1),TestNumNEqu-Num(4,0,11),Set-11-Num(12,2,1),Mod-Num(14,14,14),SubmitA(5,14,5),TestNumLessTEqu-Num(9,6,1),LoadThreshA-Num(9,14,10),Close(0,10,5),Mod-Num(11,3,10),SubmitB(13,10,10),While-Num(10,13,4),While-Num(12,14,5),Set-4-Num(2,3,15),LoadThreshB-Num(13,9,1),SubmitC(14,2,10),Floor-Num(6,5,14),Set-0-Num(13,9,11),LoadGrade-Num(1,15,5),Set-0-Num(9,6,4),Set-15-Num(4,12,0),SubmitF(5,6,9),Break(7,5,3),Close(15,1,9),Set-9-Num(6,0,11),Set-5-Num(14,8,3),Set-3-Num(8,2,9),Set-15-Num(13,12,9),SubmitD(11,8,1)]"
PROBLEM_grade__ARGS_NUM__MUT_0001,3163,grade,Numeric,0.0001,0,True,27,457,330,"[Set-14-Num(15,5,8),LoadThreshD-Num(9,9,10),While-Num(15,14,14),LoadGrade-Num(2,4,13),TestNumLessTEqu-Num(9,2,7),SubmitF(14,7,12),LoadThreshB-Num(14,3,4),LoadGrade-Num(3,12,15),LoadThreshA-Num(15,7,15),Dec-Num(15,3,7),TestNumGreater-Num(2,15,2),SubmitB(13,9,6),While-Num(7,2,5),While-Num(2,13,10),SubmitA(1,9,5),Close(6,3,12),LoadThreshB-Num(11,5,3),TestNumGreater-Num(3,14,14),Add-Num(11,14,14),TestNumLess-Num(3,14,15),If-Num(15,2,11),LoadGrade-Num(0,9,11),Countdown-Num(14,10,0),SubmitD(11,8,0),LoadThreshC-Num(5,1,14),TestNumLess-Num(0,5,14),SubmitC(7,7,3)]"
PROBLEM_grade__ARGS_NUM__MUT_0001,3164,grade,Numeric,0.0001,0,False,NONE,NONE,NONE,"NONE"
PROBLEM_grade__ARGS_NUM__MUT_0001,3165,grade,Numeric,0.0001,0,False,NONE,NONE,NONE,"NONE"
PROBLEM_grade__ARGS_NUM__MUT_0001,3166,grade,Numeric,0.0001,0,False,NONE,NONE,NONE,"NONE"
PROBLEM_grade__ARGS_NUM__MUT_0001,3167,grade,Numeric,0.0001,0,True,84,469,273,"[LoadThreshA-Num(12,11,5),Sub-Num(3,6,11),SubmitD(15,10,0),LoadGrade-Num(8,8,8),SubmitD(2,5,3),Close(3,10,2),Div-Num(11,12,7),TestNumLessTEqu-Num(12,8,3),Set-1-Num(10,13,5),Set-1-Num(14,0,11),While-Num(1,4,11),SwapMem-Num(8,7,2),Countdown-Num(7,12,10),SubmitB(10,7,11),Mod-Num(3,3,14),SwapMem-Num(12,4,12),Floor-Num(3,2,14),Set-6-Num(6,10,7),Countdown-Num(4,7,13),Set-3-Num(14,9,5),Set-12-Num(7,9,1),Set-15-Num(14,8,7),LoadThreshD-Num(11,13,5),TestNumGreater-Num(12,11,13),CopyMem-Num(15,7,2),Set-6-Num(14,14,15),Set-0-Num(8,14,12),Set-3-Num(11,6,7),SwapMem-Num(5,10,14),Set-1-Num(14,11,11),While-Num(10,6,1),Set-1-Num(2,13,6),Mod-Num(14,1,2),Set-0-Num(13,10,0),IfNot-Num(3,14,8),Set-13-Num(9,11,5),Set-6-Num(6,5,10),Not-Num(7,7,11),SwapMem-Num(12,1,12),Dec-Num(9,11,5),Set-7-Num(3,4,6),Mod-Num(1,12,7),Mod-Num(5,2,8),Set-11-Num(5,9,8),Inc-Num(5,14,13),Div-Num(9,7,1),LoadThreshC-Num(15,10,6),LoadGrade-Num(8,8,8),Set-10-Num(14,5,12),CopyMem-Num(3,15,4),Mod-Num(2,3,0),LoadThreshC-Num(12,11,3),SubmitA(2,2,9),Close(13,10,2),TestNumLessTEqu-Num(12,8,3),LoadGrade-Num(12,10,0),TestNumNEqu-Num(5,12,10),SwapMem-Num(8,7,2),Set-13-Num(6,3,7),SubmitC(7,15,8),Countdown-Num(14,0,1),Set-3-Num(15,15,0),LoadThreshD-Num(9,10,9),LoadThreshA-Num(6,10,7),SwapMem-Num(7,5,3),Countdown-Num(4,7,13),LoadThreshA-Num(11,5,9),TestNumEqu-Num(9,6,4),IfNot-Num(3,14,8),Set-0-Num(6,8,9),SubmitD(3,5,1),Add-Num(5,1,2),IfNot-Num(6,4,11),Close(12,12,0),Set-10-Num(15,6,8),CopyMem-Num(14,13,12),Div-Num(7,9,7),SubmitF(3,12,5),Mod-Num(2,1,6),TestNumGreaterTEqu-Num(7,1,11),SwapMem-Num(11,12,4),Sub-Num(6,14,6),CopyMem-Num(11,4,13),LoadThreshA-Num(13,11,13)]"
PROBLEM_grade__ARGS_NUM__MUT_0001,3168,grade,Numeric,0.0001,0,False,NONE,NONE,NONE,"NONE"
PROBLEM_grade__ARGS_NUM__MUT_0001,3169,grade,Numeric,0.0001,0,True,64,483,447,"[Dec-Num(1,9,1),SubmitA(6,5,4),Mod-Num(12,8,13),Mult-Num(10,5,10),Break(4,3,1),Set-6-Num(6,12,14),LoadGrade-Num(9,2,13),TestNumEqu-Num(9,5,15),Break(5,6,1),Mult-Num(15,8,0),TestNumGreaterTEqu-Num(8,7,8),Mod-Num(2,7,7),TestNumGreater-Num(9,1,8),Mult-Num(0,1,12),Set-5-Num(15,3,15),Mult-Num(14,2,11),SubmitF(12,2,5),LoadThreshA-Num(7,5,4),Countdown-Num(6,9,3),TestNumGreater-Num(15,1,4),TestNumLessTEqu-Num(2,9,14),Floor-Num(0,6,4),SubmitF(3,9,13),Mod-Num(9,7,5),Set-14-Num(3,3,10),Set-12-Num(1,2,2),LoadThreshC-Num(9,8,6),LoadGrade-Num(9,2,13),SubmitD(11,13,15),SubmitA(8,7,8),Set-7-Num(3,14,14),LoadGrade-Num(5,1,11),Set-3-Num(13,6,6),TestNumGreater-Num(7,5,7),Add-Num(3,2,13),LoadThreshD-Num(2,0,4),Set-4-Num(13,15,2),While-Num(14,9,14),Set-1-Num(9,10,12),Countdown-Num(10,5,5),Set-6-Num(11,3,1),Set-7-Num(8,10,5),Mult-Num(8,6,4),SwapMem-Num(13,14,12),SubmitD(2,13,11),Close(9,10,13),Set-0-Num(0,12,5),Floor-Num(0,12,8),Set-7-Num(10,11,3),Set-3-Num(1,7,10),SubmitB(13,15,15),SubmitA(6,4,0),Inc-Num(0,1,6),Set-7-Num(13,14,3),SubmitC(4,12,14),Add-Num(14,10,10),LoadThreshD-Num(6,15,3),Div-Num(5,2,2),SubmitA(5,9,6),Countdown-Num(0,7,12),If-Num(1,0,2),While-Num(8,12,7),Countdown-Num(7,14,1),SubmitB(13,4,10)]"
PROBLEM_grade__ARGS_NUM__MUT_0001,3170,grade,Numeric,0.0001,0,True,60,500,443,"[SubmitA(10,7,3),TestNumNEqu-Num(4,0,12),LoadThreshA-Num(13,4,12),Countdown-Num(12,13,13),If-Num(3,10,7),Close(8,5,3),Set-16-Num(2,0,0),TestNumLessTEqu-Num(4,13,12),If-Num(12,4,4),LoadGrade-Num(13,9,10),Set-14-Num(9,3,8),Set-15-Num(8,14,5),TestNumEqu-Num(11,7,6),Set-15-Num(12,3,8),TestNumLessTEqu-Num(10,7,7),Set-16-Num(10,7,13),Set-8-Num(7,8,4),LoadThreshA-Num(5,8,10),Inc-Num(3,11,6),SwapMem-Num(1,10,0),Set-15-Num(12,10,8),Mod-Num(6,14,0),Set-1-Num(3,0,7),LoadThreshB-Num(6,10,6),LoadGrade-Num(4,11,2),TestNumLess-Num(4,6,6),SubmitB(13,0,0),LoadThreshC-Num(8,6,14),TestNumEqu-Num(7,5,5),While-Num(6,12,15),While-Num(1,15,2),LoadGrade-Num(2,12,3),SubmitC(7,15,13),Inc-Num(13,8,3),LoadThreshD-Num(8,6,14),Set-0-Num(12,12,0),Sub-Num(8,12,12),Set-14-Num(5,10,14),LoadThreshC-Num(8,6,4),Countdown-Num(3,0,7),SubmitD(4,11,2),TestNumLessTEqu-Num(13,8,3),If-Num(6,15,15),LoadThreshD-Num(8,6,14),SubmitF(2,9,2),LoadThreshA-Num(1,3,2),TestNumLess-Num(14,9,14),While-Num(14,7,0),Set-9-Num(9,11,7),If-Num(5,14,8),Set-2-Num(11,12,11),Set-16-Num(13,13,4),Mult-Num(7,10,14),CopyMem-Num(6,14,2),Dec-Num(12,12,0),Set-5-Num(13,1,4),Dec-Num(7,3,8),Set-5-Num(8,10,10),TestNumGreaterTEqu-Num(12,2,6),TestNumGreater-Num(5,9,5)]"
PROBLEM_grade__ARGS_NUM__MUT_0001,3171,grade,Numeric,0.0001,0,True,47,489,200,"[Dec-Num(9,8,1),Set-7-Num(14,15,6),SubmitA(12,5,13),TestNumLessTEqu-Num(0,4,15),LoadGrade-Num(5,9,2),Countdown-Num(14,1,4),SwapMem-Num(4,7,12),Close(6,6,10),LoadThreshB-Num(14,1,1),Div-Num(5,14,14),TestNumLessTEqu-Num(2,5,4),Set-15-Num(2,11,0),Mult-Num(2,9,10),Add-Num(10,14,2),Set-1-Num(14,13,4),Close(15,10,3),IfNot-Num(15,1,6),While-Num(10,6,8),Set-16-Num(15,6,2),Set-12-Num(9,3,1),Inc-Num(14,15,6),Mult-Num(11,13,5),SubmitF(3,13,8),Set-3-Num(7,5,13),Set-6-Num(12,0,7),Mult-Num(13,12,11),LoadThreshC-Num(10,13,14),Inc-Num(0,4,15),LoadThreshC-Num(9,12,5),Floor-Num(0,12,10),IfNot-Num(8,14,2),LoadGrade-Num(5,9,2),SubmitC(5,14,14),Set-9-Num(10,5,7),Add-Num(1,2,1),Floor-Num(2,13,4),Mod-Num(14,1,10),SubmitB(14,14,10),Set-10-Num(1,3,2),IfNot-Num(4,0,15),TestNumGreaterTEqu-Num(2,5,4),SubmitF(2,15,0),LoadThreshD-Num(2,11,0),Dec-Num(2,0,7),While-Num(11,12,14),Close(14,7,10),SubmitD(15,1,7)]"
PROBLEM_grade__ARGS_NUM__MUT_0001,3172,grade,Numeric,0.0001,0,True,64,493,374,"[Close(7,6,2),TestNumGreater-Num(7,10,10),Set-7-Num(8,6,4),TestNumLessTEqu-Num(2,1,5),SubmitD(3,15,0),Set-10-Num(14,0,3),LoadThreshA-Num(2,8,10),CopyMem-Num(8,5,9),LoadGrade-Num(0,1,4),Dec-Num(14,3,4),Set-0-Num(10,7,9),Mod-Num(15,3,12),LoadGrade-Num(8,6,8),Set-15-Num(10,9,4),Set-1-Num(10,3,4),Set-7-Num(1,3,13),TestNumLessTEqu-Num(13,8,2),LoadThreshC-Num(13,13,5),Set-6-Num(7,0,6),Countdown-Num(2,14,2),Add-Num(9,2,2),LoadThreshA-Num(5,12,8),Set-12-Num(2,11,12),Mod-Num(2,6,5),CopyMem-Num(7,9,15),Set-4-Num(2,4,1),Set-7-Num(10,1,1),SubmitA(1,14,14),Set-9-Num(8,10,8),TestNumLess-Num(0,12,0),Not-Num(6,11,5),LoadThreshC-Num(14,6,1),Set-2-Num(11,5,9),Set-6-Num(1,14,5),TestNumGreaterTEqu-Num(6,3,2),SubmitC(8,14,13),Set-1-Num(1,8,10),SubmitC(9,11,15),Div-Num(12,10,1),Set-4-Num(11,7,12),Set-3-Num(14,3,14),Set-13-Num(6,14,7),Set-13-Num(7,10,7),LoadThreshB-Num(2,0,10),Set-14-Num(6,4,9),SubmitB(3,13,4),Set-6-Num(3,6,0),LoadThreshB-Num(6,2,12),Set-14-Num(13,14,11),IfNot-Num(1,2,10),Set-1-Num(9,9,11),Inc-Num(4,5,5),TestNumLess-Num(0,15,13),LoadThreshD-Num(1,7,1),TestNumGreater-Num(4,5,2),TestNumLessTEqu-Num(4,1,8),Mult-Num(9,6,13),Div-Num(6,8,15),Inc-Num(3,7,8),SwapMem-Num(2,15,6),While-Num(3,6,11),Set-2-Num(1,12,5),While-Num(2,7,7),SubmitF(13,8,14)]"
PROBLEM_grade__ARGS_NUM__MUT_0001,3173,grade,Numeric,0.0001,0,True,62,455,202,"[While-Num(1,9,4),Set-11-Num(12,14,1),LoadThreshB-Num(8,2,0),SubmitB(7,6,2),Set-10-Num(6,13,10),Set-4-Num(8,14,3),Mult-Num(1,0,15),SwapMem-Num(8,12,6),Set-6-Num(9,8,5),TestNumGreaterTEqu-Num(11,3,11),Countdown-Num(15,12,2),LoadThreshB-Num(7,1,7),Floor-Num(11,4,8),Div-Num(15,7,9),LoadThreshA-Num(11,15,6),Sub-Num(1,10,0),LoadThreshD-Num(2,5,0),Set-13-Num(8,9,4),SubmitA(0,11,15),Set-2-Num(5,0,3),TestNumNEqu-Num(9,12,14),Set-9-Num(0,5,6),Set-5-Num(14,6,13),Set-2-Num(5,5,13),SwapMem-Num(0,5,1),While-Num(9,11,3),SubmitF(11,10,7),Div-Num(5,6,6),Sub-Num(15,1,8),Set-12-Num(3,7,3),Mod-Num(4,10,8),Set-1-Num(10,0,4),LoadThreshB-Num(6,14,15),SubmitA(11,13,0),Set-4-Num(0,14,7),Set-9-Num(8,5,12),LoadGrade-Num(7,9,13),CopyMem-Num(13,4,8),TestNumGreater-Num(11,7,9),Div-Num(11,12,13),Set-12-Num(3,5,11),Set-4-Num(12,4,1),Set-13-Num(10,13,6),Sub-Num(5,8,6),Set-12-Num(5,7,4),LoadThreshD-Num(12,3,1),LoadThreshB-Num(1,9,10),CopyMem-Num(15,14,0),Sub-Num(13,3,5),SubmitD(2,1,2),If-Num(15,3,11),LoadThreshD-Num(15,3,10),LoadGrade-Num(4,11,5),LoadThreshC-Num(11,15,1),Set-9-Num(10,13,10),Close(2,8,10),TestNumLess-Num(7,1,6),TestNumLessTEqu-Num(15,4,15),Close(10,2,3),If-Num(6,6,8),SubmitC(4,1,15),While-Num(13,5,5)]"
PROBLEM_grade__ARGS_NUM__MUT_0001,3174,grade,Numeric,0.0001,0,False,NONE,NONE,NONE,"NONE"
PROBLEM_grade__ARGS_NUM__MUT_0001,3175,grade,Numeric,0.0001,0,True,28,495,467,"[Set-8-Num(10,9,4),Countdown-Num(10,2,9),CopyMem-Num(13,5,6),If-Num(0,15,0),LoadGrade-Num(10,8,11),TestNumGreater-Num(3,10,0),Set-4-Num(12,12,4),Inc-Num(3,9,13),LoadThreshA-Num(10,9,8),SubmitF(10,3,13),Set-6-Num(1,13,11),LoadThreshA-Num(13,9,0),Mod-Num(5,7,8),SwapMem-Num(9,5,6),SubmitF(9,6,9),TestNumGreater-Num(2,4,5),Dec-Num(8,15,9),LoadThreshB-Num(15,1,14),SubmitD(9,13,0),IfNot-Num(5,7,3),TestNumGreater-Num(13,4,10),SubmitA(15,10,1),Countdown-Num(10,2,9),LoadThreshB-Num(2,1,11),SubmitC(2,7,7),TestNumGreater-Num(2,4,5),IfNot-Num(5,7,3),SubmitB(8,8,3)]"
PROBLEM_grade__ARGS_NUM__MUT_0001,3176,grade,Numeric,0.0001,0,True,76,478,395,"[Set-13-Num(8,15,12),Countdown-Num(0,13,15),SwapMem-Num(2,10,1),Set-5-Num(11,4,5),Set-1-Num(2,8,7),While-Num(8,7,0),TestNumLessTEqu-Num(2,4,11),Sub-Num(5,10,11),SubmitB(13,0,1),TestNumLessTEqu-Num(4,0,7),Set-8-Num(14,8,13),Mult-Num(7,10,10),Add-Num(3,8,14),SubmitF(13,5,12),TestNumLessTEqu-Num(8,8,14),Set-3-Num(7,10,13),LoadGrade-Num(14,7,15),Set-13-Num(6,13,2),SubmitA(10,0,4),LoadThreshB-Num(13,4,7),LoadThreshB-Num(1,9,11),Set-8-Num(6,13,0),Floor-Num(12,6,15),SubmitC(9,11,12),SubmitD(8,13,9),TestNumLessTEqu-Num(6,12,1),TestNumLessTEqu-Num(0,15,9),Sub-Num(3,2,1),SubmitF(1,3,14),If-Num(13,11,1),LoadGrade-Num(7,12,3),TestNumGreater-Num(14,1,4),If-Num(4,7,5),Set-7-Num(2,4,6),SubmitB(1,1,3),Set-4-Num(11,6,3),Countdown-Num(4,13,14),TestNumNEqu-Num(1,15,4),Set-16-Num(4,7,5),Mult-Num(2,4,6),TestNumEqu-Num(7,9,4),SubmitD(0,10,2),Mod-Num(12,10,14),SubmitA(15,14,15),Add-Num(13,6,14),While-Num(9,2,9),LoadGrade-Num(2,13,10),Set-3-Num(1,14,6),TestNumGreaterTEqu-Num(2,13,12),TestNumGreaterTEqu-Num(15,2,1),SubmitC(12,11,0),TestNumEqu-Num(12,4,9),IfNot-Num(1,5,13),Close(12,5,14),Close(11,10,7),Dec-Num(3,5,14),SubmitB(8,15,12),Set-5-Num(14,5,11),Dec-Num(1,14,6),Mult-Num(4,0,11),Sub-Num(5,1,15),Set-4-Num(2,12,6),Floor-Num(0,10,5),Dec-Num(14,14,14),SubmitA(14,8,11),Dec-Num(10,3,14),Set-9-Num(1,9,8),SubmitA(5,8,4),SubmitD(10,12,10),Set-3-Num(8,14,1),LoadGrade-Num(13,14,9),Div-Num(8,1,0),Floor-Num(11,3,5),Floor-Num(10,11,1),Sub-Num(13,10,15),SubmitF(3,2,14)]"
PROBLEM_grade__ARGS_NUM__MUT_0001,3177,grade,Numeric,0.0001,0,False,NONE,NONE,NONE,"NONE"
PROBLEM_grade__ARGS_NUM__MUT_0001,3178,grade,Numeric,0.0001,0,False,NONE,NONE,NONE,"NONE"
PROBLEM_grade__ARGS_NUM__MUT_0001,3179,grade,Numeric,0.0001,0,True,27,390,124,"[LoadGrade-Num(5,7,8),TestNumLess-Num(9,1,13),LoadThreshD-Num(1,4,11),LoadThreshA-Num(3,15,0),TestNumGreater-Num(3,5,15),Dec-Num(15,0,11),Add-Num(13,5,11),LoadGrade-Num(2,5,1),While-Num(15,6,3),SubmitA(4,1,14),Close(2,5,3),LoadThreshC-Num(14,7,9),While-Num(11,8,6),TestNumLess-Num(4,14,0),TestNumGreater-Num(1,12,8),LoadGrade-Num(12,4,4),Not-Num(8,14,2),SubmitF(13,13,12),While-Num(8,11,2),While-Num(0,13,5),SubmitD(5,7,15),Close(12,8,15),SubmitC(4,9,8),LoadThreshB-Num(5,12,6),TestNumLessTEqu-Num(5,2,13),Countdown-Num(13,14,5),SubmitB(12,10,8)]"
PROBLEM_grade__ARGS_NUM__MUT_0001,3180,grade,Numeric,0.0001,0,False,NONE,NONE,NONE,"NONE"
PROBLEM_grade__ARGS_NUM__MUT_0001,3181,grade,Numeric,0.0001,0,False,NONE,NONE,NONE,"NONE"
PROBLEM_grade__ARGS_NUM__MUT_0001,3182,grade,Numeric,0.0001,0,False,NONE,NONE,NONE,"NONE"
PROBLEM_grade__ARGS_NUM__MUT_0001,3183,grade,Numeric,0.0001,0,False,NONE,NONE,NONE,"NONE"
PROBLEM_grade__ARGS_NUM__MUT_0001,3184,grade,Numeric,0.0001,0,True,103,500,490,"[LoadGrade-Num(4,5,5),Dec-Num(6,7,7),Set-1-Num(12,5,14),LoadGrade-Num(1,4,13),Dec-Num(4,14,1),Set-0-Num(15,9,4),Countdown-Num(2,5,8),LoadThreshC-Num(12,7,13),TestNumEqu-Num(13,7,13),Dec-Num(0,6,6),Dec-Num(5,0,1),Set-13-Num(0,15,2),Set-4-Num(9,7,7),Set-5-Num(8,14,14),Set-7-Num(9,15,10),TestNumGreaterTEqu-Num(6,3,7),LoadThreshD-Num(14,3,3),Set-3-Num(4,12,1),Set-14-Num(4,3,3),SubmitD(1,12,13),Not-Num(6,14,12),SwapMem-Num(10,5,13),TestNumEqu-Num(8,13,6),TestNumGreaterTEqu-Num(4,7,4),Set-3-Num(4,2,10),Dec-Num(13,9,14),TestNumGreaterTEqu-Num(5,1,3),Set-5-Num(4,6,12),Set-0-Num(5,10,10),IfNot-Num(7,14,7),SwapMem-Num(14,5,0),SubmitF(0,0,12),SubmitD(8,4,14),Set-11-Num(7,2,3),TestNumGreater-Num(1,2,4),SubmitF(0,10,3),Set-15-Num(15,15,4),Set-16-Num(9,6,9),Countdown-Num(4,5,15),Set-0-Num(6,15,6),TestNumNEqu-Num(5,12,0),Mult-Num(7,14,3),LoadThreshD-Num(11,7,3),IfNot-Num(13,2,9),Set-9-Num(12,6,15),LoadThreshC-Num(4,11,13),LoadThreshA-Num(11,13,2),While-Num(1,4,13),SubmitC(6,15,9),Set-2-Num(13,6,0),TestNumLessTEqu-Num(9,13,5),Mod-Num(1,0,5),Set-1-Num(3,9,13),Div-Num(1,5,0),SwapMem-Num(3,9,11),LoadThreshB-Num(0,12,5),LoadThreshC-Num(12,12,7),Set-3-Num(8,6,7),SubmitA(3,1,3),IfNot-Num(5,9,15),LoadThreshA-Num(0,14,13),Close(11,15,2),Floor-Num(9,1,15),Set-4-Num(7,6,8),TestNumLessTEqu-Num(1,0,5),SubmitA(15,13,14),SubmitB(7,0,2),IfNot-Num(5,13,2),While-Num(3,14,0),Add-Num(10,5,0),TestNumGreaterTEqu-Num(0,8,2),Set-9-Num(12,3,0),Set-10-Num(10,12,14),LoadThreshD-Num(10,15,0),Set-15-Num(12,11,7),LoadThreshB-Num(9,12,10),SubmitD(11,3,0),Floor-Num(1,5,11),Inc-Num(11,2,13),Add-Num(5,0,9),Set-1-Num(6,13,7),SubmitA(12,10,4),Set-10-Num(3,7,11),Set-12-Num(4,11,3),Floor-Num(1,2,2),Add-Num(8,3,0),Mult-Num(5,15,1),TestNumGreater-Num(7,4,14),Floor-Num(5,13,9),Set-6-Num(11,4,1),Mod-Num(7,1,10),Set-9-Num(10,8,7),LoadThreshB-Num(7,5,15),Set-13-Num(0,2,9),SubmitD(12,15,0),Set-7-Num(2,0,5),SubmitC(7,0,2),SubmitB(8,14,4),SubmitA(3,6,11),Set-3-Num(10,15,1),Not-Num(9,12,4),SubmitB(8,11,9),Set-14-Num(6,4,12)]"
PROBLEM_grade__ARGS_NUM__MUT_0001,3185,grade,Numeric,0.0001,0,True,33,485,302,"[Set-10-Num(12,5,15),Set-5-Num(6,11,3),SwapMem-Num(9,1,1),LoadThreshB-Num(3,2,3),Set-7-Num(10,1,1),LoadThreshD-Num(10,7,8),LoadThreshD-Num(7,8,2),SwapMem-Num(15,0,7),Close(12,6,5),Sub-Num(4,11,11),SwapMem-Num(5,10,15),While-Num(3,2,5),Floor-Num(4,0,12),TestNumGreater-Num(5,11,1),TestNumLess-Num(4,3,6),SubmitA(9,13,10),SwapMem-Num(15,3,13),TestNumGreaterTEqu-Num(11,10,13),Countdown-Num(6,3,10),Set-0-Num(8,5,13),TestNumNEqu-Num(10,11,1),TestNumGreater-Num(8,12,1),SubmitF(12,9,0),Set-5-Num(9,12,13),SubmitB(4,10,3),TestNumGreater-Num(12,14,1),LoadGrade-Num(1,11,9),Not-Num(6,0,8),TestNumGreaterTEqu-Num(1,10,3),LoadThreshC-Num(10,8,2),SubmitD(13,12,3),Countdown-Num(3,15,5),SubmitC(7,10,9)]"
PROBLEM_grade__ARGS_NUM__MUT_0001,3186,grade,Numeric,0.0001,0,False,NONE,NONE,NONE,"NONE"
PROBLEM_grade__ARGS_NUM__MUT_0001,3187,grade,Numeric,0.0001,0,False,NONE,NONE,NONE,"NONE"
PROBLEM_grade__ARGS_NUM__MUT_0001,3188,grade,Numeric,0.0001,0,False,NONE,NONE,NONE,"NONE"
PROBLEM_grade__ARGS_NUM__MUT_0001,3189,grade,Numeric,0.0001,0,True,26,360,231,"[Add-Num(6,4,8),While-Num(1,5,6),TestNumGreater-Num(1,0,14),While-Num(14,11,3),SubmitF(11,13,7),Close(12,0,2),TestNumGreaterTEqu-Num(8,3,0),Set-9-Num(8,11,12),LoadThreshB-Num(11,3,12),While-Num(0,11,12),If-Num(8,14,12),SubmitD(12,15,7),Countdown-Num(11,4,13),LoadThreshB-Num(7,4,11),SubmitA(15,2,6),While-Num(8,13,4),SwapMem-Num(2,10,12),TestNumLessTEqu-Num(1,9,8),LoadGrade-Num(2,13,1),SubmitC(8,1,12),Close(4,1,5),TestNumLess-Num(10,7,8),TestNumNEqu-Num(9,13,6),TestNumLessTEqu-Num(10,2,11),SubmitB(7,10,1),LoadThreshA-Num(10,8,13)]"
PROBLEM_grade__ARGS_NUM__MUT_0001,3190,grade,Numeric,0.0001,0,True,20,370,227,"[Add-Num(5,4,0),TestNumGreaterTEqu-Num(4,1,10),SubmitF(8,7,2),LoadThreshD-Num(13,2,3),TestNumGreaterTEqu-Num(4,13,5),Inc-Num(0,0,11),If-Num(5,10,15),LoadThreshA-Num(12,1,5),SubmitD(10,9,5),LoadThreshC-Num(11,5,6),TestNumLess-Num(11,0,4),LoadGrade-Num(0,10,3),Countdown-Num(4,5,2),SubmitC(7,10,11),TestNumGreaterTEqu-Num(0,12,15),If-Num(10,8,7),TestNumLessTEqu-Num(15,7,3),SubmitA(7,5,14),If-Num(3,11,4),SubmitB(13,7,11)]"
PROBLEM_grade__ARGS_NUM__MUT_0001,3191,grade,Numeric,0.0001,0,False,NONE,NONE,NONE,"NONE"
PROBLEM_grade__ARGS_NUM__MUT_0001,3192,grade,Numeric,0.0001,0,True,115,205,205,"[LoadThreshC-Num(13,4,7),LoadThreshC-Num(4,1,7),Set-4-Num(4,3,0),SubmitA(13,3,6),Set-8-Num(3,14,9),LoadGrade-Num(3,12,9),Close(12,0,10),Set-0-Num(5,9,12),TestNumLess-Num(7,9,9),Mult-Num(5,0,5),SubmitA(13,15,8),LoadGrade-Num(13,2,7),SubmitA(4,4,13),Set-7-Num(0,6,0),TestNumGreater-Num(1,4,15),Dec-Num(5,4,0),If-Num(4,5,6),Mult-Num(4,12,9),CopyMem-Num(5,8,6),LoadThreshC-Num(11,0,2),SubmitA(0,10,0),SwapMem-Num(14,7,8),LoadThreshB-Num(4,3,7),Set-9-Num(12,14,5),Sub-Num(3,5,9),SubmitB(9,9,8),Sub-Num(9,4,0),Set-14-Num(15,7,1),Set-11-Num(5,10,2),SubmitC(0,3,6),Set-8-Num(3,2,5),IfNot-Num(14,2,5),LoadThreshD-Num(3,0,0),SubmitA(9,8,0),TestNumEqu-Num(1,14,8),Set-13-Num(10,6,9),Floor-Num(14,13,4),TestNumNEqu-Num(2,8,8),TestNumLess-Num(7,0,14),Mult-Num(15,4,6),Set-2-Num(0,7,5),Floor-Num(12,3,14),Not-Num(14,12,7),Set-8-Num(6,4,13),SubmitF(0,9,8),IfNot-Num(14,11,13),LoadGrade-Num(3,12,9),Set-9-Num(4,12,14),Set-15-Num(9,12,9),TestNumEqu-Num(3,8,2),Close(12,0,10),Set-11-Num(0,6,10),SubmitC(7,7,5),Set-8-Num(15,0,10),Set-0-Num(1,15,12),Dec-Num(13,10,2),Sub-Num(9,10,8),Set-16-Num(13,11,8),Mod-Num(13,2,3),Not-Num(7,2,8),Set-16-Num(11,6,4),Sub-Num(0,6,0),SubmitB(10,8,3),TestNumGreaterTEqu-Num(4,10,7),LoadThreshD-Num(5,4,0),Set-11-Num(5,6,7),Set-12-Num(4,12,9),LoadThreshC-Num(11,0,2),Div-Num(14,7,8),Set-13-Num(13,3,5),TestNumLess-Num(8,10,3),LoadThreshA-Num(13,9,11),SubmitC(4,3,7),Div-Num(15,9,10),LoadGrade-Num(12,14,5),Set-0-Num(3,11,7),SubmitD(14,2,5),Set-0-Num(11,4,9),TestNumGreater-Num(5,15,3),TestNumGreater-Num(13,12,7),LoadThreshD-Num(0,1,5),Div-Num(7,6,14),Add-Num(6,12,11),Set-16-Num(8,1,10),LoadThreshB-Num(7,5,0),While-Num(10,5,10),Set-4-Num(8,8,2),LoadGrade-Num(12,3,14),Mod-Num(15,0,5),Div-Num(14,4,1),Set-5-Num(4,13,1),Not-Num(14,12,7),SubmitD(0,9,8),IfNot-Num(14,11,13),LoadThreshD-Num(14,5,15),Set-3-Num(7,0,2),Set-10-Num(1,8,4),Mult-Num(10,15,13),SubmitF(3,13,1),While-Num(12,4,5),LoadThreshA-Num(10,0,7),TestNumEqu-Num(11,3,6),TestNumNEqu-Num(5,3,13),Set-3-Num(1,5,0),TestNumGreaterTEqu-Num(10,8,4),TestNumGreater-Num(2,12,3),If-Num(3,12,7),TestNumLess-Num(11,1,8),Floor-Num(10,8,0),Div-Num(7,2,10),Add-Num(4,0,7),TestNumEqu-Num(2,12,15),SubmitD(2,8,0),CopyMem-Num(12,10,10),TestNumGreaterTEqu-Num(9,7,12)]"
PROBLEM_grade__ARGS_NUM__MUT_0001,3193,grade,Numeric,0.0001,0,True,42,482,236,"[TestNumGreater-Num(2,14,14),Countdown-Num(2,15,8),While-Num(14,4,6),Set-12-Num(8,9,8),Set-7-Num(15,13,1),LoadGrade-Num(7,5,4),SubmitD(7,4,5),Mult-Num(2,3,0),TestNumLess-Num(13,12,9),LoadThreshC-Num(7,13,1),SubmitF(6,15,9),SubmitF(14,10,12),TestNumNEqu-Num(6,7,11),IfNot-Num(6,8,0),Close(0,15,4),TestNumGreaterTEqu-Num(2,4,6),LoadThreshB-Num(7,5,4),Floor-Num(2,13,9),TestNumGreaterTEqu-Num(7,4,5),IfNot-Num(6,8,0),LoadGrade-Num(4,5,14),Set-6-Num(0,3,8),Close(0,15,4),TestNumLessTEqu-Num(9,9,15),Set-9-Num(2,4,6),LoadThreshC-Num(7,5,4),LoadThreshA-Num(7,4,5),TestNumNEqu-Num(5,2,11),Set-7-Num(3,5,3),SubmitC(5,4,3),Set-16-Num(13,0,12),LoadThreshD-Num(2,11,8),Countdown-Num(8,8,15),While-Num(3,7,10),Countdown-Num(3,1,14),Inc-Num(4,5,14),TestNumGreaterTEqu-Num(15,1,3),IfNot-Num(5,2,11),TestNumGreaterTEqu-Num(7,4,5),SubmitB(4,5,14),IfNot-Num(5,2,11),SubmitA(5,9,14)]"
PROBLEM_grade__ARGS_NUM__MUT_0001,3194,grade,Numeric,0.0001,0,True,110,470,463,"[Set-3-Num(14,15,4),Add-Num(9,4,6),Set-12-Num(15,0,9),Set-12-Num(8,4,13),Not-Num(9,3,14),Countdown-Num(14,3,0),Sub-Num(2,7,4),LoadThreshB-Num(0,12,13),Set-8-Num(1,6,11),Set-4-Num(7,8,7),LoadGrade-Num(9,0,3),Mult-Num(13,11,0),Set-9-Num(10,1,3),Sub-Num(11,9,11),LoadThreshA-Num(2,3,0),Set-10-Num(0,7,7),TestNumEqu-Num(5,11,14),TestNumLess-Num(15,11,2),Set-12-Num(13,2,13),Set-13-Num(2,15,15),Floor-Num(11,5,1),SubmitF(15,1,3),Set-7-Num(11,11,5),LoadGrade-Num(11,4,5),Inc-Num(2,12,8),Set-11-Num(15,1,13),Not-Num(10,7,10),Inc-Num(9,13,6),Set-7-Num(3,14,1),TestNumNEqu-Num(8,14,13),TestNumNEqu-Num(14,5,8),TestNumGreater-Num(11,2,13),Floor-Num(8,4,2),SubmitF(8,15,8),Set-14-Num(13,2,12),TestNumLessTEqu-Num(9,4,14),Add-Num(3,2,4),Set-6-Num(4,14,7),TestNumGreaterTEqu-Num(4,3,7),Set-5-Num(1,12,12),SubmitD(9,7,11),LoadThreshA-Num(1,12,5),LoadGrade-Num(12,14,1),LoadThreshD-Num(2,1,7),Set-14-Num(12,15,15),Floor-Num(3,3,3),SwapMem-Num(8,6,6),Set-12-Num(11,11,11),Close(8,12,5),LoadThreshB-Num(10,8,0),Inc-Num(13,12,14),Dec-Num(9,14,12),SwapMem-Num(9,7,3),Set-10-Num(15,6,4),CopyMem-Num(1,12,9),Add-Num(1,12,3),Set-16-Num(11,7,12),Add-Num(7,11,1),Dec-Num(5,12,14),TestNumLess-Num(6,14,6),TestNumGreaterTEqu-Num(7,12,2),Set-16-Num(9,14,12),LoadGrade-Num(0,2,7),Not-Num(4,6,14),LoadThreshB-Num(3,13,11),TestNumGreater-Num(7,14,3),SwapMem-Num(1,13,7),Div-Num(4,6,4),TestNumGreater-Num(8,0,9),Div-Num(4,6,4),TestNumEqu-Num(10,8,12),Set-14-Num(5,8,5),LoadGrade-Num(6,12,11),TestNumEqu-Num(3,11,5),LoadThreshB-Num(9,1,7),TestNumGreaterTEqu-Num(8,9,15),Countdown-Num(3,2,5),Set-4-Num(1,15,0),IfNot-Num(2,11,8),SubmitB(8,9,10),SubmitD(13,4,4),Set-16-Num(5,10,8),TestNumEqu-Num(1,11,6),TestNumEqu-Num(15,12,15),TestNumEqu-Num(13,8,11),Close(8,7,13),If-Num(10,9,10),Not-Num(4,3,10),SubmitB(1,15,5),Set-13-Num(1,6,3),Set-0-Num(2,5,12),Set-1-Num(1,6,11),Set-3-Num(13,10,10),LoadThreshD-Num(14,8,8),Set-15-Num(7,12,9),Set-14-Num(14,7,8),Mod-Num(10,0,6),SubmitC(7,4,8),Div-Num(0,8,14),Set-15-Num(4,1,7),Set-3-Num(15,8,13),TestNumNEqu-Num(9,6,3),SubmitA(13,0,12),Set-7-Num(4,8,10),Sub-Num(9,0,6),Mult-Num(13,6,2),Set-12-Num(11,0,1),If-Num(5,2,12),SubmitB(3,7,13),Set-1-Num(14,5,7)]"
PROBLEM_grade__ARGS_NUM__MUT_0001,3195,grade,Numeric,0.0001,0,False,NONE,NONE,NONE,"NONE"
PROBLEM_grade__ARGS_NUM__MUT_0001,3196,grade,Numeric,0.0001,0,False,NONE,NONE,NONE,"NONE"
PROBLEM_grade__ARGS_NUM__MUT_0001,3197,grade,Numeric,0.0001,0,True,71,500,362,"[Sub-Num(9,2,8),LoadThreshA-Num(7,13,2),TestNumLessTEqu-Num(7,4,6),Div-Num(4,2,14),While-Num(8,1,1),Dec-Num(15,10,9),SubmitF(3,13,6),SubmitC(9,8,13),TestNumGreaterTEqu-Num(15,4,4),Mod-Num(6,14,1),Set-14-Num(2,14,6),Sub-Num(9,15,12),Set-12-Num(13,11,7),Set-5-Num(15,14,4),LoadGrade-Num(8,2,2),Inc-Num(8,13,9),Dec-Num(11,0,6),Sub-Num(0,9,2),Set-6-Num(0,6,2),TestNumEqu-Num(14,1,11),Set-12-Num(11,2,1),Dec-Num(6,5,11),TestNumGreater-Num(14,5,3),Set-0-Num(10,13,0),Set-16-Num(14,6,1),Countdown-Num(3,12,12),TestNumNEqu-Num(1,10,1),Close(12,4,6),TestNumLessTEqu-Num(0,13,3),Inc-Num(3,9,14),LoadThreshB-Num(10,6,0),LoadThreshA-Num(0,6,3),TestNumEqu-Num(13,8,12),Add-Num(13,3,13),Countdown-Num(1,14,5),SubmitA(11,13,7),Countdown-Num(3,12,12),Not-Num(5,8,3),Mult-Num(11,0,12),TestNumLess-Num(14,11,7),Close(12,4,6),Dec-Num(4,5,3),Set-1-Num(6,5,11),TestNumLess-Num(6,1,15),SubmitD(15,2,3),Set-5-Num(0,11,11),Set-11-Num(7,13,12),LoadGrade-Num(9,10,10),Set-3-Num(15,8,4),Inc-Num(9,2,7),LoadThreshD-Num(14,15,1),SubmitF(5,12,11),TestNumLess-Num(14,9,1),Countdown-Num(1,8,13),SubmitD(7,1,4),Close(6,1,6),Set-6-Num(14,5,6),Inc-Num(9,5,0),Close(3,13,3),Set-16-Num(1,12,6),Sub-Num(10,3,12),While-Num(15,13,12),TestNumLessTEqu-Num(8,10,15),IfNot-Num(15,12,1),CopyMem-Num(5,3,12),Set-6-Num(3,11,3),Floor-Num(8,3,0),LoadGrade-Num(9,5,12),Add-Num(3,14,1),TestNumEqu-Num(12,7,4),SubmitB(5,13,7)]"
PROBLEM_grade__ARGS_NUM__MUT_0001,3198,grade,Numeric,0.0001,0,True,79,500,473,"[Sub-Num(4,15,9),Set-13-Num(4,11,7),If-Num(1,0,4),SubmitD(11,14,2),Countdown-Num(4,1,12),SubmitF(3,8,14),Set-1-Num(15,1,12),Set-7-Num(7,4,2),Dec-Num(1,14,2),Set-7-Num(10,0,8),Set-1-Num(4,2,2),SwapMem-Num(13,2,6),Set-13-Num(12,5,11),SwapMem-Num(14,0,13),TestNumLess-Num(2,14,8),Set-1-Num(6,13,9),Mod-Num(11,5,7),LoadThreshA-Num(13,6,3),SubmitD(8,11,0),Set-9-Num(11,2,14),TestNumGreater-Num(9,1,3),Mod-Num(9,0,14),SubmitA(0,11,6),Set-0-Num(4,10,4),TestNumLess-Num(1,2,11),Set-14-Num(7,13,10),TestNumGreater-Num(3,5,12),Inc-Num(13,14,11),CopyMem-Num(11,13,10),Set-6-Num(8,12,13),TestNumGreaterTEqu-Num(7,4,2),Set-4-Num(1,9,11),LoadThreshD-Num(1,1,9),SwapMem-Num(4,4,15),Mult-Num(10,0,8),SwapMem-Num(14,0,13),Set-16-Num(2,14,8),TestNumGreater-Num(9,0,14),Inc-Num(10,7,14),Div-Num(3,3,1),Floor-Num(2,9,13),TestNumEqu-Num(0,14,5),SubmitB(7,1,9),Add-Num(0,0,6),Set-14-Num(4,8,0),SubmitD(12,5,8),Inc-Num(15,13,1),Set-6-Num(7,5,9),LoadThreshC-Num(0,11,3),Mult-Num(1,14,2),LoadThreshC-Num(13,4,8),Set-10-Num(4,4,15),Set-12-Num(10,0,8),LoadThreshA-Num(3,7,10),TestNumLess-Num(1,4,7),SwapMem-Num(14,0,13),Set-13-Num(11,12,9),Inc-Num(0,4,9),If-Num(2,14,8),SubmitC(0,9,10),Close(11,15,13),Set-13-Num(6,14,7),Countdown-Num(12,2,1),Set-12-Num(13,9,0),Sub-Num(3,9,11),LoadThreshD-Num(5,4,1),TestNumNEqu-Num(10,4,8),TestNumGreaterTEqu-Num(14,7,12),LoadThreshB-Num(10,7,4),While-Num(9,5,1),TestNumLessTEqu-Num(15,7,14),Mult-Num(5,10,1),TestNumEqu-Num(7,2,3),SubmitB(1,9,8),Mod-Num(10,8,15),TestNumGreater-Num(15,14,1),TestNumGreater-Num(1,12,10),TestNumGreaterTEqu-Num(10,11,7),Break(14,2,1)]"
PROBLEM_grade__ARGS_NUM__MUT_0001,3199,grade,Numeric,0.0001,0,True,46,465,271,"[Close(15,8,5),LoadThreshB-Num(15,0,9),SubmitF(7,1,12),Set-4-Num(4,6,7),Set-11-Num(3,2,9),Close(7,12,14),SubmitA(7,7,8),Set-7-Num(0,9,13),TestNumGreater-Num(6,7,4),TestNumGreater-Num(4,15,1),LoadThreshA-Num(8,13,13),LoadThreshA-Num(7,4,5),Countdown-Num(7,0,6),LoadThreshC-Num(1,9,5),CopyMem-Num(5,14,4),TestNumLess-Num(6,10,14),SubmitC(3,9,5),TestNumNEqu-Num(15,12,2),Add-Num(4,14,12),LoadGrade-Num(0,14,3),SubmitB(13,6,0),Countdown-Num(2,0,2),Add-Num(15,10,0),Not-Num(6,0,5),TestNumLessTEqu-Num(7,12,15),TestNumGreater-Num(2,10,6),If-Num(7,14,4),LoadGrade-Num(6,12,7),Mult-Num(14,14,5),CopyMem-Num(9,13,6),Set-3-Num(10,12,10),LoadThreshB-Num(10,13,12),Countdown-Num(14,0,9),Set-7-Num(10,9,13),LoadThreshD-Num(12,7,6),TestNumGreater-Num(14,4,11),Sub-Num(2,11,8),TestNumGreater-Num(12,6,14),Set-15-Num(15,12,2),SubmitD(7,14,14),LoadThreshB-Num(2,6,9),Set-8-Num(13,4,14),Set-3-Num(0,8,15),LoadThreshC-Num(10,11,14),IfNot-Num(13,10,6),Mult-Num(14,13,12)]"
PROBLEM_grade__ARGS_NUM__MUT_0001,3200,grade,Numeric,0.0001,0,False,NONE,NONE,NONE,"NONE"
PROBLEM_grade__ARGS_NUM__MUT_001,3101,grade,Numeric,0.001,0,True,37,481,250,"[LoadThreshD-Num(11,5,6),Sub-Num(11,4,6),TestNumLessTEqu-Num(6,8,10),SubmitF(9,11,0),LoadThreshC-Num(8,6,3),Countdown-Num(6,15,13),TestNumLessTEqu-Num(9,6,6),Close(3,11,15),Close(7,10,7),SubmitD(2,15,15),CopyMem-Num(4,13,12),While-Num(10,2,9),Set-14-Num(9,15,1),LoadGrade-Num(3,8,7),SubmitB(15,15,1),SubmitA(15,11,4),Mod-Num(8,0,3),LoadGrade-Num(1,3,13),Inc-Num(9,4,1),TestNumGreaterTEqu-Num(13,14,12),LoadGrade-Num(4,10,4),LoadThreshA-Num(14,13,11),SubmitB(4,9,1),TestNumGreater-Num(0,11,6),SubmitC(11,1,9),Set-9-Num(4,2,13),TestNumEqu-Num(2,8,7),LoadThreshA-Num(0,14,12),SubmitB(13,3,2),Set-13-Num(1,3,10),Set-1-Num(7,5,6),IfNot-Num(12,12,10),TestNumLess-Num(13,8,10),Set-0-Num(3,12,7),Dec-Num(10,0,0),LoadThreshB-Num(14,11,6),Close(14,13,1)]"
PROBLEM_grade__ARGS_NUM__MUT_001,3102,grade,Numeric,0.001,0,True,63,499,473,"[SubmitF(12,2,13),LoadGrade-Num(15,13,8),LoadThreshA-Num(4,3,1),TestNumLessTEqu-Num(4,14,0),LoadGrade-Num(5,11,2),TestNumGreaterTEqu-Num(4,8,13),Floor-Num(8,5,7),Floor-Num(14,4,8),Set-14-Num(11,1,5),IfNot-Num(0,4,11),Close(14,8,7),Set-6-Num(12,1,1),LoadThreshA-Num(14,0,11),TestNumGreaterTEqu-Num(15,13,12),Sub-Num(2,11,0),SubmitD(7,0,3),TestNumGreater-Num(4,15,3),SubmitA(10,11,8),LoadThreshD-Num(7,11,6),TestNumLessTEqu-Num(8,15,15),Set-15-Num(8,8,3),Set-7-Num(8,4,10),TestNumLessTEqu-Num(1,3,9),While-Num(3,1,12),Countdown-Num(15,9,15),Set-12-Num(8,15,2),Close(3,4,1),LoadGrade-Num(8,2,13),SubmitD(10,4,5),SubmitF(14,13,8),CopyMem-Num(8,8,4),Not-Num(14,3,1),Dec-Num(7,1,2),Add-Num(3,5,4),LoadGrade-Num(15,3,2),Sub-Num(9,1,4),TestNumGreater-Num(2,15,3),LoadThreshB-Num(13,5,0),Mod-Num(8,13,15),TestNumGreater-Num(8,7,5),While-Num(3,1,12),Floor-Num(5,15,15),LoadThreshD-Num(15,6,7),TestNumGreater-Num(1,7,1),Set-16-Num(15,2,8),Set-7-Num(0,5,7),Set-13-Num(9,8,14),SubmitF(8,9,13),Countdown-Num(10,9,15),Close(3,4,10),SubmitD(1,1,6),While-Num(5,12,7),Close(8,0,3),Set-2-Num(6,15,6),Close(0,15,1),TestNumNEqu-Num(8,7,4),Mult-Num(4,15,4),TestNumGreater-Num(8,4,4),SubmitC(2,1,4),Countdown-Num(4,15,9),Countdown-Num(4,5,3),Close(3,9,12),SubmitB(2,11,9)]"
PROBLEM_grade__ARGS_NUM__MUT_001,3103,grade,Numeric,0.001,0,True,20,499,357,"[Inc-Num(4,0,13),TestNumLess-Num(3,4,14),SubmitF(13,11,3),LoadGrade-Num(13,7,5),While-Num(14,15,7),TestNumLess-Num(13,0,14),SubmitA(13,4,6),While-Num(14,3,15),SubmitD(6,6,3),LoadThreshB-Num(6,8,7),LoadGrade-Num(3,9,13),Sub-Num(3,9,1),Inc-Num(1,15,2),CopyMem-Num(1,12,6),LoadThreshC-Num(11,3,8),TestNumLessTEqu-Num(12,6,14),SubmitB(5,6,3),If-Num(14,11,15),TestNumLessTEqu-Num(12,11,14),SubmitC(10,5,9)]"
PROBLEM_grade__ARGS_NUM__MUT_001,3104,grade,Numeric,0.001,0,False,NONE,NONE,NONE,"NONE"
PROBLEM_grade__ARGS_NUM__MUT_001,3105,grade,Numeric,0.001,0,True,22,465,167,"[While-Num(1,13,11),LoadThreshA-Num(1,8,6),TestNumLessTEqu-Num(1,4,7),SubmitA(8,12,11),IfNot-Num(7,9,4),SubmitF(5,6,11),LoadGrade-Num(5,4,7),LoadThreshC-Num(13,11,2),LoadGrade-Num(10,9,14),TestNumLessTEqu-Num(13,10,2),LoadThreshD-Num(6,15,12),SubmitD(3,1,3),LoadGrade-Num(8,10,5),TestNumGreater-Num(6,5,1),Countdown-Num(2,4,9),LoadThreshB-Num(13,13,6),Dec-Num(13,2,9),TestNumLess-Num(13,8,10),SubmitB(9,14,7),While-Num(10,11,0),Close(15,14,8),SubmitC(8,6,12)]"
PROBLEM_grade__ARGS_NUM__MUT_001,3106,grade,Numeric,0.001,0,True,21,395,362,"[LoadGrade-Num(8,11,0),LoadThreshA-Num(1,2,1),LoadGrade-Num(10,5,4),Inc-Num(4,7,12),TestNumLessTEqu-Num(1,8,13),LoadThreshD-Num(1,5,4),SwapMem-Num(6,1,8),LoadThreshB-Num(11,8,0),TestNumGreaterTEqu-Num(10,2,15),TestNumLess-Num(6,4,9),SubmitF(14,12,9),If-Num(9,15,6),SubmitD(0,6,10),Countdown-Num(15,14,5),TestNumLessTEqu-Num(11,8,11),SubmitC(13,8,8),While-Num(11,0,2),SubmitB(6,12,12),Countdown-Num(13,0,13),SubmitA(6,2,15),Return(3,13,12)]"
PROBLEM_grade__ARGS_NUM__MUT_001,3107,grade,Numeric,0.001,0,True,89,499,432,"[LoadThreshA-Num(15,8,9),Sub-Num(6,4,6),Set-10-Num(10,12,2),Sub-Num(12,13,12),Set-4-Num(13,15,7),Set-8-Num(1,1,7),Countdown-Num(0,13,0),Add-Num(11,12,12),TestNumEqu-Num(14,5,15),Countdown-Num(0,9,13),Set-8-Num(6,7,8),Mult-Num(0,0,3),TestNumNEqu-Num(13,2,14),Mod-Num(6,14,8),Div-Num(4,2,13),Set-5-Num(0,6,6),Dec-Num(15,3,15),Inc-Num(10,4,10),Set-5-Num(1,7,2),Set-16-Num(7,2,13),Set-5-Num(5,13,0),Set-0-Num(0,4,4),Set-15-Num(11,5,0),Add-Num(3,6,13),Set-9-Num(11,14,7),Set-13-Num(13,2,7),SubmitF(2,3,3),TestNumEqu-Num(0,2,15),Dec-Num(2,1,3),TestNumNEqu-Num(13,15,3),TestNumGreaterTEqu-Num(2,4,13),Set-0-Num(14,13,6),TestNumEqu-Num(5,8,5),Set-3-Num(14,15,1),If-Num(13,0,7),Mult-Num(6,7,9),Dec-Num(0,14,15),LoadThreshD-Num(2,10,10),Close(12,1,4),SubmitB(14,4,3),Set-8-Num(5,4,14),SubmitF(6,0,9),Set-8-Num(10,15,2),Close(5,9,15),Close(9,15,12),LoadThreshA-Num(15,11,14),Sub-Num(15,4,4),TestNumNEqu-Num(13,4,8),Add-Num(15,8,5),SubmitC(13,2,12),TestNumGreaterTEqu-Num(12,4,13),SubmitC(3,3,4),If-Num(13,1,1),Set-4-Num(4,12,14),Not-Num(4,15,5),Close(15,1,4),Set-12-Num(13,4,1),CopyMem-Num(3,7,1),Set-16-Num(9,10,7),Set-2-Num(10,9,5),SwapMem-Num(5,14,4),Set-5-Num(13,11,15),SubmitA(3,5,2),Mod-Num(4,14,0),LoadGrade-Num(11,5,14),Countdown-Num(0,9,6),Set-16-Num(15,9,10),Set-14-Num(4,2,1),TestNumLessTEqu-Num(12,0,14),Set-12-Num(7,11,14),SubmitD(5,9,13),LoadThreshB-Num(7,7,14),LoadGrade-Num(8,5,1),Set-13-Num(1,5,10),SubmitB(14,6,11),LoadThreshD-Num(9,0,6),TestNumGreater-Num(12,13,13),LoadThreshB-Num(10,5,2),Sub-Num(8,10,2),TestNumNEqu-Num(4,13,0),TestNumGreater-Num(11,10,12),If-Num(14,10,4),SubmitC(9,7,5),Inc-Num(11,9,8),Set-5-Num(9,1,3),Set-3-Num(0,0,4),CopyMem-Num(10,12,14),TestNumGreaterTEqu-Num(1,2,8),LoadGrade-Num(15,7,13)]"
PROBLEM_grade__ARGS_NUM__MUT_001,3108,grade,Numeric,0.001,0,True,52,412,234,"[SubmitD(15,12,14),If-Num(3,1,15),Close(15,13,14),Set-13-Num(12,12,0),CopyMem-Num(2,9,5),Close(15,10,14),Set-14-Num(4,1,5),Set-4-Num(10,4,6),TestNumLessTEqu-Num(0,7,8),Set-7-Num(5,0,5),CopyMem-Num(7,1,8),LoadGrade-Num(14,0,9),LoadThreshD-Num(1,6,7),Set-11-Num(0,0,14),Mult-Num(2,5,6),LoadGrade-Num(2,1,0),Set-15-Num(1,11,3),TestNumLessTEqu-Num(6,13,7),LoadThreshA-Num(1,3,13),Countdown-Num(12,15,10),LoadThreshB-Num(15,14,8),SubmitB(6,5,12),Set-2-Num(8,12,8),SwapMem-Num(3,9,6),SubmitF(9,7,2),TestNumEqu-Num(2,11,11),SubmitD(7,11,5),Set-16-Num(5,15,8),LoadThreshA-Num(1,5,5),TestNumNEqu-Num(2,6,10),Countdown-Num(10,13,5),Mod-Num(6,12,10),Mult-Num(11,4,10),SwapMem-Num(14,7,7),SubmitC(1,1,1),Set-15-Num(13,13,0),Set-13-Num(11,5,14),LoadThreshA-Num(1,10,12),Set-15-Num(10,6,7),TestNumLessTEqu-Num(15,14,10),Set-14-Num(8,12,0),Sub-Num(4,10,5),Mult-Num(2,10,4),Not-Num(0,7,10),SubmitB(2,6,1),Mod-Num(2,9,6),Inc-Num(15,14,7),Countdown-Num(4,4,10),TestNumGreater-Num(1,14,15),SubmitA(0,0,3),IfNot-Num(15,12,10),TestNumGreater-Num(14,7,0)]"
PROBLEM_grade__ARGS_NUM__MUT_001,3109,grade,Numeric,0.001,0,False,NONE,NONE,NONE,"NONE"
PROBLEM_grade__ARGS_NUM__MUT_001,3110,grade,Numeric,0.001,0,True,62,467,351,"[Set-2-Num(8,6,8),Close(14,9,4),Set-12-Num(13,5,10),Set-8-Num(11,3,7),Set-9-Num(3,11,1),Close(8,14,4),Inc-Num(7,0,14),LoadThreshC-Num(10,7,5),Set-13-Num(1,14,7),Close(15,7,0),LoadThreshC-Num(3,15,6),SubmitB(13,8,0),TestNumEqu-Num(4,15,11),Set-11-Num(4,9,13),SwapMem-Num(5,1,1),Close(14,9,4),Not-Num(2,3,3),TestNumEqu-Num(11,4,15),Floor-Num(5,1,2),LoadGrade-Num(7,10,7),Set-1-Num(12,13,10),LoadGrade-Num(5,5,8),LoadThreshA-Num(14,5,1),Sub-Num(12,2,13),Close(12,0,10),Add-Num(15,3,11),Set-0-Num(2,15,13),While-Num(8,14,7),SubmitC(7,12,4),SubmitC(7,0,8),CopyMem-Num(10,10,2),SubmitD(4,3,8),Div-Num(12,0,10),TestNumGreater-Num(0,6,4),TestNumGreater-Num(4,5,10),CopyMem-Num(2,9,15),SwapMem-Num(11,9,2),Set-1-Num(10,10,14),Inc-Num(6,5,10),SubmitF(4,2,7),Dec-Num(14,8,12),LoadThreshA-Num(11,13,4),TestNumLess-Num(7,9,8),LoadThreshA-Num(5,6,4),Sub-Num(12,9,12),SubmitD(12,14,15),Set-6-Num(9,10,15),Add-Num(0,8,13),LoadGrade-Num(5,0,11),LoadThreshD-Num(3,7,13),LoadThreshD-Num(11,10,2),SubmitC(14,6,10),Set-13-Num(12,2,10),LoadThreshB-Num(15,3,11),Add-Num(6,7,12),Close(11,3,3),Set-3-Num(9,5,13),TestNumLess-Num(14,7,11),SwapMem-Num(11,13,2),TestNumLessTEqu-Num(12,15,8),While-Num(13,15,4),SubmitA(10,11,15)]"
PROBLEM_grade__ARGS_NUM__MUT_001,3111,grade,Numeric,0.001,0,False,NONE,NONE,NONE,"NONE"
PROBLEM_grade__ARGS_NUM__MUT_001,3112,grade,Numeric,0.001,0,False,NONE,NONE,NONE,"NONE"
PROBLEM_grade__ARGS_NUM__MUT_001,3113,grade,Numeric,0.001,0,True,67,498,391,"[Set-14-Num(14,7,10),Countdown-Num(0,1,6),SubmitF(5,7,10),SubmitA(7,12,11),TestNumGreater-Num(1,4,6),LoadThreshA-Num(1,1,7),Countdown-Num(6,13,1),Set-8-Num(4,6,8),Set-5-Num(11,4,8),Set-5-Num(0,1,0),LoadGrade-Num(1,13,7),LoadThreshB-Num(5,10,11),Inc-Num(13,5,0),Mult-Num(0,3,14),While-Num(13,11,2),Set-6-Num(7,3,7),Set-2-Num(0,14,12),Not-Num(6,11,0),Countdown-Num(6,13,2),CopyMem-Num(7,11,0),Set-15-Num(5,9,5),Set-1-Num(6,13,8),LoadGrade-Num(9,2,2),SubmitA(1,6,5),Div-Num(13,6,14),SubmitF(9,12,14),Not-Num(5,3,11),While-Num(14,11,11),Inc-Num(7,7,11),Dec-Num(5,12,9),Set-8-Num(14,4,13),SubmitA(2,11,15),SubmitC(10,15,8),Set-2-Num(10,15,10),Set-13-Num(12,14,0),TestNumNEqu-Num(4,13,8),Countdown-Num(6,15,15),Close(1,7,10),Set-12-Num(6,2,7),Not-Num(13,15,10),SubmitB(11,3,8),Add-Num(4,8,15),Mult-Num(8,3,11),Set-8-Num(8,10,12),SwapMem-Num(6,3,12),Set-12-Num(2,2,9),TestNumGreater-Num(6,9,8),Set-4-Num(1,10,1),Set-16-Num(3,8,13),If-Num(8,6,15),SubmitF(14,11,7),IfNot-Num(14,14,4),Close(6,9,1),Set-1-Num(0,8,6),SubmitD(1,0,9),Close(13,4,8),Set-8-Num(6,1,7),Div-Num(8,12,6),Set-15-Num(2,11,10),LoadThreshD-Num(12,0,12),SubmitB(0,7,8),SubmitC(13,15,4),Floor-Num(1,9,6),Floor-Num(6,8,8),Set-10-Num(1,9,0),Set-1-Num(8,11,7),LoadThreshC-Num(3,15,9)]"
PROBLEM_grade__ARGS_NUM__MUT_001,3114,grade,Numeric,0.001,0,True,49,498,402,"[Set-15-Num(2,9,3),SubmitA(3,14,12),TestNumNEqu-Num(2,13,8),LoadGrade-Num(15,1,2),LoadThreshB-Num(12,2,6),SubmitF(5,15,12),CopyMem-Num(12,0,5),Set-4-Num(13,11,9),Set-3-Num(7,7,9),TestNumGreater-Num(12,4,10),LoadThreshC-Num(5,9,3),TestNumGreaterTEqu-Num(4,3,8),Mult-Num(8,2,6),LoadThreshB-Num(11,6,1),Not-Num(12,15,13),Mult-Num(9,1,3),Inc-Num(4,7,3),Set-2-Num(12,10,4),Mod-Num(15,5,2),LoadThreshA-Num(5,9,14),Countdown-Num(6,6,10),SubmitA(7,10,8),Set-4-Num(11,15,12),Set-12-Num(1,10,12),TestNumLessTEqu-Num(4,5,5),Sub-Num(14,13,12),Floor-Num(1,3,12),While-Num(0,12,9),SubmitD(9,5,1),Set-13-Num(11,13,6),Set-11-Num(9,6,3),TestNumEqu-Num(12,10,4),CopyMem-Num(4,12,11),TestNumGreater-Num(3,2,8),Set-0-Num(13,10,15),Set-2-Num(3,5,2),Set-12-Num(14,4,5),SubmitF(13,12,8),Set-16-Num(1,6,13),Set-0-Num(6,9,10),Div-Num(15,3,3),LoadGrade-Num(14,10,3),While-Num(8,12,4),SubmitA(5,11,4),SubmitB(1,2,2),Countdown-Num(5,4,9),IfNot-Num(4,7,0),SubmitC(8,2,1),While-Num(8,7,9)]"
PROBLEM_grade__ARGS_NUM__MUT_001,3115,grade,Numeric,0.001,0,True,40,500,291,"[LoadGrade-Num(7,4,14),Close(2,6,1),LoadThreshB-Num(8,3,3),Div-Num(7,8,12),Set-11-Num(5,5,7),Add-Num(6,15,1),SubmitD(7,10,6),Break(4,15,14),CopyMem-Num(5,13,12),Set-6-Num(6,1,8),SwapMem-Num(12,4,13),While-Num(13,2,7),LoadThreshA-Num(13,7,4),Mod-Num(4,8,9),Set-5-Num(4,11,14),LoadThreshD-Num(5,10,1),SubmitF(15,1,6),TestNumGreaterTEqu-Num(7,5,13),While-Num(9,1,15),SubmitA(1,5,1),LoadThreshC-Num(3,15,0),Add-Num(13,7,15),TestNumGreater-Num(15,3,13),TestNumLess-Num(13,13,4),While-Num(6,5,15),SubmitB(12,1,10),TestNumLess-Num(8,14,6),LoadThreshA-Num(5,9,2),TestNumLessTEqu-Num(1,6,6),TestNumNEqu-Num(4,14,9),Set-5-Num(2,9,12),TestNumGreaterTEqu-Num(7,5,1),Set-10-Num(12,15,0),Sub-Num(13,2,12),Set-15-Num(5,12,8),SubmitC(6,15,0),Set-0-Num(3,9,8),If-Num(13,11,8),Mult-Num(9,0,14),Div-Num(0,0,13)]"
PROBLEM_grade__ARGS_NUM__MUT_001,3116,grade,Numeric,0.001,0,False,NONE,NONE,NONE,"NONE"
PROBLEM_grade__ARGS_NUM__MUT_001,3117,grade,Numeric,0.001,0,True,29,468,409,"[Dec-Num(2,11,4),SwapMem-Num(1,2,3),LoadThreshD-Num(13,8,12),LoadGrade-Num(7,6,7),Dec-Num(11,13,7),Sub-Num(7,8,10),SwapMem-Num(2,3,7),TestNumLess-Num(1,7,6),Mod-Num(8,6,11),TestNumGreater-Num(3,10,7),Set-16-Num(6,1,14),While-Num(6,6,12),SubmitA(2,9,7),TestNumLessTEqu-Num(13,10,6),Set-6-Num(13,1,8),Not-Num(13,5,1),While-Num(3,4,11),TestNumNEqu-Num(13,7,15),Break(8,6,13),Close(14,13,3),SubmitB(7,4,6),LoadThreshA-Num(13,15,11),If-Num(15,3,3),SubmitC(1,11,14),If-Num(11,13,7),SubmitD(15,15,4),Countdown-Num(11,0,8),IfNot-Num(6,10,15),SubmitF(7,0,7)]"
PROBLEM_grade__ARGS_NUM__MUT_001,3118,grade,Numeric,0.001,0,True,32,467,192,"[Set-13-Num(8,3,11),Countdown-Num(0,6,11),LoadGrade-Num(11,12,12),SubmitA(3,4,4),Countdown-Num(8,1,13),LoadThreshA-Num(12,3,5),SubmitB(0,0,5),SwapMem-Num(4,1,13),TestNumLessTEqu-Num(7,2,13),Countdown-Num(8,1,7),Sub-Num(4,13,8),TestNumGreater-Num(12,11,4),TestNumLessTEqu-Num(11,8,13),While-Num(13,14,5),Countdown-Num(2,6,14),TestNumLessTEqu-Num(15,8,9),Countdown-Num(8,1,3),TestNumLessTEqu-Num(12,8,13),While-Num(13,14,9),SubmitF(8,0,6),LoadThreshD-Num(13,14,6),Close(2,6,14),Set-11-Num(13,5,10),SubmitD(1,10,1),Countdown-Num(9,1,11),LoadThreshD-Num(8,6,0),LoadGrade-Num(12,14,8),Countdown-Num(13,1,2),TestNumGreater-Num(1,2,13),SubmitC(9,6,12),IfNot-Num(8,2,2),Set-8-Num(8,5,14)]"
PROBLEM_grade__ARGS_NUM__MUT_001,3119,grade,Numeric,0.001,0,True,57,496,399,"[Set-5-Num(6,4,8),SubmitB(7,15,15),SubmitB(15,6,12),TestNumGreaterTEqu-Num(4,0,5),Set-3-Num(13,9,15),TestNumLess-Num(0,15,7),LoadThreshD-Num(4,8,8),SwapMem-Num(14,11,1),SubmitA(12,1,4),LoadGrade-Num(12,15,2),Sub-Num(1,15,2),TestNumEqu-Num(11,1,15),Mult-Num(3,4,13),IfNot-Num(5,7,2),SubmitC(6,15,8),Set-2-Num(3,6,0),Dec-Num(4,15,0),LoadThreshC-Num(3,4,5),Set-4-Num(11,13,7),Div-Num(12,10,2),Set-11-Num(9,13,10),Set-4-Num(10,11,3),SubmitF(4,9,13),Close(3,7,13),CopyMem-Num(12,13,6),TestNumLessTEqu-Num(12,4,2),Mod-Num(5,15,4),TestNumLessTEqu-Num(3,12,13),Set-7-Num(1,7,7),LoadThreshC-Num(4,5,10),Mod-Num(13,10,3),SwapMem-Num(8,10,10),Set-12-Num(13,13,12),LoadThreshA-Num(4,13,4),Break(12,2,7),TestNumNEqu-Num(13,4,4),IfNot-Num(7,14,9),Countdown-Num(3,12,9),Close(3,13,2),Set-0-Num(3,6,8),LoadThreshB-Num(7,12,11),TestNumGreaterTEqu-Num(12,7,10),Add-Num(14,7,3),Dec-Num(5,2,15),IfNot-Num(2,11,15),Set-8-Num(6,11,8),LoadThreshA-Num(9,4,11),Add-Num(15,8,5),Set-0-Num(4,3,1),Set-2-Num(6,11,3),Set-16-Num(1,2,3),While-Num(11,2,8),SubmitD(0,15,11),SubmitC(1,7,15),Countdown-Num(10,8,0),SubmitB(11,13,3),LoadThreshB-Num(10,4,7)]"
PROBLEM_grade__ARGS_NUM__MUT_001,3120,grade,Numeric,0.001,0,False,NONE,NONE,NONE,"NONE"
PROBLEM_grade__ARGS_NUM__MUT_001,3121,grade,Numeric,0.001,0,True,40,440,335,"[Set-2-Num(5,7,8),TestNumEqu-Num(10,9,3),LoadGrade-Num(13,2,5),Set-16-Num(5,1,4),LoadThreshD-Num(1,3,4),Dec-Num(1,6,6),Set-2-Num(7,5,5),Inc-Num(3,12,4),TestNumGreater-Num(13,1,11),LoadThreshC-Num(10,10,3),Mult-Num(9,10,5),SwapMem-Num(12,11,5),LoadThreshB-Num(14,5,9),SubmitF(1,13,13),Set-9-Num(15,6,0),LoadThreshC-Num(1,3,4),If-Num(12,15,13),Countdown-Num(7,6,1),SubmitD(15,10,9),TestNumLess-Num(11,5,9),SubmitB(13,3,7),Dec-Num(14,1,14),While-Num(10,15,8),LoadGrade-Num(12,9,1),SubmitA(1,12,6),TestNumLess-Num(13,1,5),TestNumEqu-Num(6,14,4),Sub-Num(3,0,7),Div-Num(4,5,12),TestNumGreaterTEqu-Num(12,1,11),Countdown-Num(15,11,14),TestNumGreaterTEqu-Num(7,10,2),Add-Num(7,13,0),SwapMem-Num(12,11,10),Mod-Num(2,7,10),Mod-Num(0,11,7),IfNot-Num(7,9,2),Not-Num(15,11,9),TestNumLess-Num(14,13,7),SubmitC(10,4,8)]"
PROBLEM_grade__ARGS_NUM__MUT_001,3122,grade,Numeric,0.001,0,False,NONE,NONE,NONE,"NONE"
PROBLEM_grade__ARGS_NUM__MUT_001,3123,grade,Numeric,0.001,0,False,NONE,NONE,NONE,"NONE"
PROBLEM_grade__ARGS_NUM__MUT_001,3124,grade,Numeric,0.001,0,True,77,471,351,"[Inc-Num(11,0,7),Set-3-Num(12,4,2),Set-10-Num(9,6,13),Mult-Num(0,11,3),LoadThreshA-Num(1,2,0),Div-Num(15,10,15),While-Num(9,14,2),Dec-Num(1,9,0),Set-3-Num(11,4,9),SubmitA(7,5,15),LoadThreshC-Num(10,9,2),SubmitD(14,0,15),CopyMem-Num(5,13,0),TestNumGreaterTEqu-Num(1,4,15),LoadThreshD-Num(1,1,11),While-Num(12,0,12),TestNumEqu-Num(5,9,3),SubmitF(5,1,8),LoadThreshD-Num(7,10,12),TestNumNEqu-Num(3,15,12),Sub-Num(4,1,8),While-Num(12,10,5),Set-0-Num(11,15,0),Set-9-Num(3,7,14),CopyMem-Num(1,15,12),Dec-Num(7,9,5),TestNumGreaterTEqu-Num(13,12,11),Inc-Num(15,13,3),TestNumNEqu-Num(7,10,0),Set-11-Num(12,15,13),Set-4-Num(13,7,15),Set-11-Num(13,2,5),Mod-Num(7,4,8),Set-8-Num(11,9,2),Dec-Num(13,10,10),Set-10-Num(13,8,8),Set-8-Num(5,14,10),Mult-Num(10,10,6),TestNumLess-Num(8,7,4),Set-6-Num(1,3,8),LoadGrade-Num(5,3,15),TestNumGreater-Num(1,14,6),Set-3-Num(2,11,4),LoadThreshB-Num(9,0,8),If-Num(10,2,2),LoadThreshC-Num(8,3,3),LoadThreshA-Num(8,8,2),Set-14-Num(14,12,11),TestNumGreaterTEqu-Num(8,4,11),Set-11-Num(14,13,1),LoadThreshD-Num(14,4,5),TestNumGreaterTEqu-Num(0,3,6),Set-4-Num(8,10,1),Set-11-Num(14,14,9),Add-Num(9,1,8),LoadThreshD-Num(15,8,14),Set-10-Num(14,7,13),While-Num(4,3,3),Close(12,4,7),TestNumGreaterTEqu-Num(8,1,2),Close(15,12,6),SubmitB(6,4,4),Set-11-Num(4,13,0),Set-9-Num(8,9,6),CopyMem-Num(2,1,9),Mod-Num(2,13,2),TestNumGreaterTEqu-Num(5,10,12),Not-Num(15,9,3),If-Num(8,7,11),Set-3-Num(10,13,12),Set-1-Num(6,0,1),Set-16-Num(8,12,1),Set-7-Num(6,1,13),Set-15-Num(4,8,7),SubmitC(10,12,15),Mult-Num(0,5,4),LoadThreshB-Num(7,7,11)]"
PROBLEM_grade__ARGS_NUM__MUT_001,3125,grade,Numeric,0.001,0,True,60,424,101,"[Sub-Num(4,9,11),Sub-Num(3,11,3),Sub-Num(0,11,7),While-Num(2,8,4),Set-0-Num(15,8,1),IfNot-Num(15,12,5),TestNumLess-Num(13,9,0),Set-8-Num(14,12,10),Close(14,0,2),LoadThreshB-Num(15,9,4),TestNumLess-Num(3,15,1),SwapMem-Num(1,0,6),Countdown-Num(8,12,14),SwapMem-Num(3,7,1),SubmitD(1,15,15),Close(11,3,8),Set-12-Num(13,8,13),SubmitB(3,12,9),Inc-Num(15,5,10),Set-8-Num(1,6,6),SubmitA(10,2,3),Set-16-Num(8,0,4),Set-13-Num(4,8,13),Set-10-Num(6,0,6),TestNumEqu-Num(15,9,4),TestNumEqu-Num(3,7,15),Set-13-Num(4,1,3),TestNumLess-Num(5,3,8),TestNumLess-Num(10,15,11),LoadGrade-Num(3,3,4),Set-13-Num(5,14,8),TestNumLess-Num(2,13,11),TestNumGreaterTEqu-Num(0,4,5),If-Num(1,15,13),Div-Num(10,13,14),SubmitC(2,1,0),Div-Num(7,15,14),TestNumGreater-Num(2,3,14),Countdown-Num(0,10,9),Set-0-Num(6,3,2),Sub-Num(15,4,4),Set-6-Num(9,13,15),If-Num(14,13,2),Set-0-Num(3,12,5),Sub-Num(2,9,12),Set-6-Num(3,10,13),Set-7-Num(6,13,15),Set-5-Num(10,9,7),Set-3-Num(14,4,5),Set-2-Num(3,2,8),Set-14-Num(11,10,15),Set-15-Num(6,11,14),Set-5-Num(15,0,11),LoadThreshA-Num(14,12,2),TestNumNEqu-Num(0,2,15),SubmitF(4,8,2),Set-12-Num(6,9,11),Set-12-Num(9,5,8),Inc-Num(15,5,11),Dec-Num(12,12,1)]"
PROBLEM_grade__ARGS_NUM__MUT_001,3126,grade,Numeric,0.001,0,False,NONE,NONE,NONE,"NONE"
PROBLEM_grade__ARGS_NUM__MUT_001,3127,grade,Numeric,0.001,0,True,18,492,375,"[LoadGrade-Num(1,7,7),Dec-Num(0,6,12),TestNumLessTEqu-Num(1,0,8),SubmitA(7,7,10),While-Num(8,5,6),SubmitC(11,1,0),LoadThreshD-Num(7,8,13),LoadThreshB-Num(0,12,6),Inc-Num(1,2,10),TestNumLessTEqu-Num(1,0,8),TestNumGreater-Num(1,7,7),SubmitB(15,14,3),TestNumLessTEqu-Num(1,2,10),Dec-Num(1,7,13),While-Num(10,13,12),SubmitF(10,0,13),While-Num(7,0,4),SubmitD(13,6,3)]"
PROBLEM_grade__ARGS_NUM__MUT_001,3128,grade,Numeric,0.001,0,True,39,461,351,"[While-Num(0,0,11),LoadThreshB-Num(3,3,1),TestNumLess-Num(10,0,11),Sub-Num(1,13,7),SwapMem-Num(12,8,14),CopyMem-Num(1,2,13),Div-Num(10,11,12),SubmitA(10,12,0),TestNumGreaterTEqu-Num(14,10,5),Mod-Num(4,2,1),Floor-Num(8,5,0),TestNumLessTEqu-Num(0,4,10),LoadThreshC-Num(13,1,15),Not-Num(12,0,7),IfNot-Num(10,10,7),LoadThreshD-Num(11,3,5),While-Num(2,2,10),SubmitB(7,4,11),Inc-Num(1,6,3),TestNumGreaterTEqu-Num(4,3,9),If-Num(3,13,3),TestNumGreaterTEqu-Num(5,3,6),Set-1-Num(12,6,14),IfNot-Num(15,0,5),Close(1,5,15),Not-Num(2,0,4),Dec-Num(14,13,4),TestNumLess-Num(9,8,8),Countdown-Num(14,11,0),Not-Num(3,9,10),If-Num(5,6,4),TestNumGreater-Num(5,7,5),TestNumGreaterTEqu-Num(4,11,14),TestNumNEqu-Num(10,9,10),SubmitC(9,15,2),While-Num(5,7,11),SubmitF(1,14,5),Set-12-Num(4,4,12),SubmitD(15,7,9)]"
PROBLEM_grade__ARGS_NUM__MUT_001,3129,grade,Numeric,0.001,0,False,NONE,NONE,NONE,"NONE"
PROBLEM_grade__ARGS_NUM__MUT_001,3130,grade,Numeric,0.001,0,False,NONE,NONE,NONE,"NONE"
PROBLEM_grade__ARGS_NUM__MUT_001,3131,grade,Numeric,0.001,0,True,41,471,210,"[LoadThreshA-Num(3,5,4),Set-7-Num(14,7,13),Set-16-Num(6,0,1),LoadThreshD-Num(11,11,5),TestNumLessTEqu-Num(15,6,13),TestNumNEqu-Num(0,7,15),Set-12-Num(12,4,10),Sub-Num(8,10,8),Countdown-Num(15,10,5),Set-16-Num(15,1,6),SubmitA(2,3,15),SubmitC(2,2,7),TestNumNEqu-Num(8,0,12),LoadGrade-Num(13,2,6),Set-13-Num(1,1,11),TestNumLess-Num(4,3,3),SubmitA(10,4,12),Set-16-Num(0,4,8),SwapMem-Num(4,4,2),Mult-Num(0,7,2),SubmitF(4,13,7),Dec-Num(6,2,2),TestNumLess-Num(13,11,5),TestNumNEqu-Num(8,15,7),SubmitD(0,11,1),Countdown-Num(3,14,11),LoadThreshB-Num(6,3,13),SwapMem-Num(4,6,15),TestNumGreater-Num(4,13,1),Sub-Num(11,1,10),LoadGrade-Num(3,8,13),LoadThreshC-Num(4,4,13),While-Num(12,7,2),TestNumLessTEqu-Num(4,3,3),TestNumLess-Num(10,13,7),LoadThreshA-Num(11,5,5),Mod-Num(7,11,12),Countdown-Num(3,14,13),SubmitB(12,1,6),Countdown-Num(1,1,7),SubmitC(0,4,12)]"
PROBLEM_grade__ARGS_NUM__MUT_001,3132,grade,Numeric,0.001,0,True,76,274,126,"[Close(5,8,5),If-Num(9,9,2),Close(5,0,2),Sub-Num(12,12,6),SubmitD(3,4,6),Not-Num(12,11,0),Set-12-Num(11,3,5),Set-5-Num(11,2,4),If-Num(9,9,2),Mod-Num(10,10,1),SwapMem-Num(15,3,10),Close(13,8,12),LoadGrade-Num(11,14,0),LoadGrade-Num(7,6,1),Set-12-Num(6,11,10),Set-15-Num(4,14,6),LoadThreshC-Num(14,10,5),LoadThreshB-Num(3,7,6),SubmitD(15,7,7),Add-Num(14,10,6),SubmitC(6,7,1),LoadThreshA-Num(1,7,7),Set-12-Num(14,4,14),Set-14-Num(4,11,14),Mult-Num(1,1,14),Break(6,10,11),Inc-Num(6,0,3),Set-7-Num(8,0,15),Set-9-Num(11,10,9),Not-Num(0,1,9),Add-Num(15,14,11),Not-Num(15,15,7),SubmitC(1,12,4),Set-4-Num(10,8,10),Close(0,0,5),TestNumGreaterTEqu-Num(14,2,12),Set-11-Num(11,7,9),Set-4-Num(11,1,7),SubmitF(12,10,5),Div-Num(10,13,10),SubmitD(0,7,3),Set-14-Num(8,8,14),Set-9-Num(15,1,6),Add-Num(7,13,1),LoadGrade-Num(8,8,1),Set-0-Num(4,0,8),LoadGrade-Num(5,8,1),TestNumGreaterTEqu-Num(3,9,11),Break(5,4,4),Break(4,0,11),Set-14-Num(11,4,3),Set-2-Num(5,15,15),Set-1-Num(9,11,11),Mod-Num(2,1,10),TestNumLessTEqu-Num(14,6,6),TestNumGreaterTEqu-Num(14,11,11),TestNumNEqu-Num(10,2,6),Mult-Num(11,8,11),CopyMem-Num(0,7,13),If-Num(6,11,3),TestNumEqu-Num(8,2,15),SubmitC(15,7,10),Mult-Num(0,0,3),LoadThreshA-Num(10,1,0),SubmitB(6,12,7),Close(9,1,5),If-Num(15,9,2),SubmitA(4,7,15),TestNumLess-Num(1,3,10),Close(13,8,12),Mult-Num(10,14,9),LoadThreshD-Num(11,7,5),TestNumLess-Num(8,11,6),LoadThreshA-Num(2,8,0),If-Num(6,11,3),SubmitF(13,12,1)]"
PROBLEM_grade__ARGS_NUM__MUT_001,3133,grade,Numeric,0.001,0,True,64,491,412,"[Set-2-Num(5,5,10),TestNumGreater-Num(7,11,13),LoadThreshA-Num(5,8,11),TestNumLessTEqu-Num(6,14,14),Dec-Num(5,13,15),TestNumLessTEqu-Num(13,15,15),Set-8-Num(15,12,9),LoadThreshC-Num(8,13,11),Set-0-Num(15,1,6),TestNumEqu-Num(7,10,8),Dec-Num(2,4,13),Set-7-Num(14,12,13),SubmitA(11,13,2),Set-1-Num(4,1,11),Close(8,9,0),Set-13-Num(7,15,5),Add-Num(11,5,7),SubmitD(13,5,9),Countdown-Num(7,9,9),Set-14-Num(0,6,13),LoadThreshC-Num(12,0,15),LoadGrade-Num(6,14,9),LoadGrade-Num(11,3,10),TestNumLessTEqu-Num(11,5,7),SubmitA(5,5,12),Countdown-Num(7,15,10),Set-16-Num(9,11,14),If-Num(12,14,13),Set-5-Num(9,10,4),LoadGrade-Num(13,4,11),Close(12,11,4),Mult-Num(4,2,14),TestNumLessTEqu-Num(0,14,0),Set-1-Num(8,1,15),SwapMem-Num(10,1,7),Countdown-Num(9,0,9),TestNumLessTEqu-Num(6,2,9),LoadThreshB-Num(11,3,9),Countdown-Num(11,3,13),Set-2-Num(2,4,1),Div-Num(1,3,1),CopyMem-Num(8,4,8),TestNumLess-Num(6,1,11),Mod-Num(3,5,2),SubmitB(12,2,15),TestNumLessTEqu-Num(11,2,7),Countdown-Num(7,15,10),Close(1,4,3),Add-Num(4,5,3),SubmitC(9,11,14),Sub-Num(1,11,8),Not-Num(3,4,3),If-Num(9,6,5),SubmitD(15,10,7),Set-0-Num(12,11,3),Sub-Num(15,13,5),Mult-Num(4,7,10),Not-Num(12,12,4),Sub-Num(5,4,7),Inc-Num(6,12,2),TestNumEqu-Num(8,7,9),TestNumGreater-Num(2,9,14),SubmitF(7,15,3),Set-11-Num(8,15,15)]"
PROBLEM_grade__ARGS_NUM__MUT_001,3134,grade,Numeric,0.001,0,False,NONE,NONE,NONE,"NONE"
PROBLEM_grade__ARGS_NUM__MUT_001,3135,grade,Numeric,0.001,0,False,NONE,NONE,NONE,"NONE"
PROBLEM_grade__ARGS_NUM__MUT_001,3136,grade,Numeric,0.001,0,True,39,447,206,"[SubmitB(3,1,7),LoadThreshA-Num(2,7,13),Sub-Num(4,11,5),TestNumLessTEqu-Num(1,5,9),While-Num(1,6,5),Set-16-Num(15,13,12),TestNumLessTEqu-Num(8,13,13),Set-16-Num(14,9,14),TestNumGreaterTEqu-Num(4,2,11),SwapMem-Num(8,8,0),Set-3-Num(10,7,13),LoadThreshC-Num(15,11,15),Set-3-Num(10,13,12),TestNumLessTEqu-Num(14,7,4),Set-11-Num(12,7,9),IfNot-Num(9,6,12),LoadGrade-Num(4,14,12),SubmitC(14,7,3),Set-11-Num(7,1,10),LoadThreshD-Num(3,14,11),SubmitF(1,13,12),Mod-Num(10,5,3),Close(9,11,6),LoadThreshC-Num(5,6,1),LoadThreshD-Num(2,15,14),Mult-Num(0,12,6),LoadThreshB-Num(3,3,15),Div-Num(7,12,1),Mod-Num(0,2,8),If-Num(11,5,1),SubmitD(7,1,15),Set-4-Num(11,8,6),Set-8-Num(11,6,6),SwapMem-Num(2,5,9),Countdown-Num(14,2,0),Mult-Num(14,11,5),Set-13-Num(0,8,12),TestNumLess-Num(4,5,14),SubmitA(3,5,15)]"
PROBLEM_grade__ARGS_NUM__MUT_001,3137,grade,Numeric,0.001,0,True,34,496,333,"[Sub-Num(4,8,12),While-Num(0,6,12),TestNumEqu-Num(14,4,10),LoadThreshB-Num(5,6,10),LoadThreshC-Num(10,2,13),TestNumLess-Num(5,12,0),Set-12-Num(8,8,4),LoadThreshA-Num(11,10,13),CopyMem-Num(1,9,1),SwapMem-Num(10,12,12),TestNumNEqu-Num(4,9,9),LoadGrade-Num(7,4,13),LoadGrade-Num(2,5,6),Inc-Num(7,2,14),TestNumGreaterTEqu-Num(12,7,4),Set-10-Num(5,3,4),LoadGrade-Num(6,2,10),SubmitB(3,8,6),Set-1-Num(7,15,5),TestNumGreater-Num(3,2,2),While-Num(9,4,10),SubmitA(4,9,15),IfNot-Num(4,6,1),TestNumLessTEqu-Num(11,6,9),Close(0,4,9),SwapMem-Num(2,1,13),SubmitC(5,2,10),Countdown-Num(4,0,14),Mult-Num(15,6,6),Set-7-Num(2,4,7),SubmitD(9,1,12),Set-6-Num(4,13,8),SubmitF(15,8,14),While-Num(1,15,7)]"
PROBLEM_grade__ARGS_NUM__MUT_001,3138,grade,Numeric,0.001,0,True,17,476,79,"[LoadGrade-Num(5,13,0),LoadThreshA-Num(10,14,10),TestNumLess-Num(5,2,8),Inc-Num(4,7,15),SubmitA(13,10,13),TestNumLessTEqu-Num(4,10,4),Countdown-Num(4,12,0),SubmitC(14,12,13),TestNumGreaterTEqu-Num(5,3,9),LoadThreshB-Num(13,3,10),SwapMem-Num(13,12,14),SubmitB(15,2,0),TestNumLess-Num(5,12,4),While-Num(8,7,6),SubmitF(5,5,9),While-Num(9,12,2),SubmitD(6,11,1)]"
PROBLEM_grade__ARGS_NUM__MUT_001,3139,grade,Numeric,0.001,0,True,65,463,289,"[Inc-Num(4,15,5),LoadGrade-Num(10,9,5),TestNumLessTEqu-Num(4,2,2),TestNumLess-Num(1,4,6),IfNot-Num(6,1,3),Dec-Num(3,3,0),Close(8,4,12),TestNumLess-Num(3,10,4),Dec-Num(5,9,7),If-Num(2,9,13),CopyMem-Num(12,5,3),Close(13,0,11),Set-5-Num(7,13,12),SubmitF(15,13,8),While-Num(4,7,1),LoadThreshA-Num(10,14,13),SubmitD(6,2,15),While-Num(5,1,14),LoadGrade-Num(14,1,3),SubmitA(4,10,7),While-Num(10,15,13),Not-Num(2,15,6),Add-Num(4,3,5),Div-Num(2,8,13),TestNumGreater-Num(0,6,5),Dec-Num(10,7,9),Set-15-Num(4,10,1),Set-3-Num(6,15,4),Floor-Num(12,13,1),Set-1-Num(1,1,3),Mult-Num(10,6,5),TestNumEqu-Num(4,13,2),Set-3-Num(8,9,7),LoadThreshC-Num(1,3,8),TestNumLessTEqu-Num(11,5,2),SwapMem-Num(4,1,3),CopyMem-Num(4,6,7),Set-7-Num(11,11,10),SubmitB(1,14,6),Set-0-Num(6,1,15),TestNumLess-Num(10,12,4),Set-5-Num(12,5,11),Mod-Num(7,8,4),TestNumLess-Num(13,7,2),Div-Num(10,4,6),Dec-Num(9,12,13),Mod-Num(10,14,1),Div-Num(14,9,10),Set-6-Num(4,2,11),Set-4-Num(10,4,2),Add-Num(10,6,5),SubmitA(8,4,5),Add-Num(8,1,3),SubmitF(0,3,0),Mod-Num(9,14,10),Set-7-Num(13,8,7),Mod-Num(11,5,8),SubmitC(0,1,8),Countdown-Num(2,1,10),Set-0-Num(12,14,2),Add-Num(11,15,12),Set-5-Num(1,14,14),SubmitC(13,11,1),Set-9-Num(15,5,9),TestNumGreater-Num(3,5,9)]"
PROBLEM_grade__ARGS_NUM__MUT_001,3140,grade,Numeric,0.001,0,True,63,487,272,"[Div-Num(1,1,9),LoadGrade-Num(10,3,11),TestNumGreater-Num(1,10,13),Mult-Num(9,1,12),While-Num(12,8,3),LoadGrade-Num(12,1,12),TestNumGreater-Num(2,12,7),Set-15-Num(6,11,3),TestNumLessTEqu-Num(15,8,6),Set-0-Num(1,8,11),IfNot-Num(12,14,8),SubmitF(9,2,2),Set-15-Num(12,0,7),Sub-Num(4,4,8),Close(0,0,7),Mod-Num(3,6,11),Mod-Num(10,2,11),CopyMem-Num(11,14,8),Sub-Num(12,13,2),Mod-Num(1,11,2),SubmitD(14,3,14),SubmitD(13,3,6),Not-Num(5,0,11),LoadThreshC-Num(4,3,5),LoadThreshA-Num(1,9,5),TestNumGreater-Num(10,14,5),SubmitA(15,7,2),Sub-Num(1,11,10),Set-2-Num(7,4,15),Dec-Num(10,6,10),Countdown-Num(5,2,5),SubmitB(8,6,9),TestNumNEqu-Num(5,3,1),Set-3-Num(11,8,14),Countdown-Num(13,5,2),TestNumGreaterTEqu-Num(10,12,0),SubmitD(0,11,3),Inc-Num(10,1,4),LoadThreshA-Num(2,6,10),While-Num(9,15,15),Div-Num(9,1,13),Countdown-Num(0,8,1),Set-0-Num(6,13,2),Set-2-Num(4,6,11),Set-10-Num(9,13,8),Set-0-Num(13,5,5),TestNumLess-Num(0,15,14),Set-12-Num(7,5,6),Set-12-Num(8,10,2),SubmitC(13,7,0),Mult-Num(2,11,11),Floor-Num(1,6,2),SwapMem-Num(15,3,15),TestNumLessTEqu-Num(1,0,12),Set-2-Num(7,2,13),SubmitD(2,5,5),LoadGrade-Num(2,14,2),Close(14,13,10),TestNumLessTEqu-Num(15,2,4),Add-Num(6,0,8),SubmitF(15,3,1),Countdown-Num(4,0,0),Set-5-Num(0,11,12)]"
PROBLEM_grade__ARGS_NUM__MUT_001,3141,grade,Numeric,0.001,0,False,NONE,NONE,NONE,"NONE"
PROBLEM_grade__ARGS_NUM__MUT_001,3142,grade,Numeric,0.001,0,False,NONE,NONE,NONE,"NONE"
PROBLEM_grade__ARGS_NUM__MUT_001,3143,grade,Numeric,0.001,0,False,NONE,NONE,NONE,"NONE"
PROBLEM_grade__ARGS_NUM__MUT_001,3144,grade,Numeric,0.001,0,True,40,410,104,"[If-Num(2,3,7),LoadGrade-Num(3,5,10),TestNumGreater-Num(2,3,6),LoadGrade-Num(3,11,10),Add-Num(11,0,10),LoadGrade-Num(15,3,5),LoadThreshB-Num(12,15,13),LoadThreshD-Num(7,7,8),While-Num(0,5,4),TestNumGreaterTEqu-Num(2,13,1),Set-2-Num(9,12,7),Set-5-Num(13,3,10),CopyMem-Num(3,14,1),SubmitC(9,0,15),IfNot-Num(5,11,6),Set-6-Num(8,12,0),Close(13,1,2),TestNumGreater-Num(7,15,4),TestNumLess-Num(14,12,7),Set-10-Num(13,2,9),SubmitB(11,15,2),CopyMem-Num(2,0,0),Set-7-Num(1,1,7),TestNumNEqu-Num(2,7,12),Set-16-Num(8,7,4),CopyMem-Num(2,9,5),Inc-Num(7,0,2),Set-9-Num(8,13,14),SubmitA(7,14,8),Countdown-Num(7,11,15),Set-11-Num(1,6,10),Dec-Num(9,4,12),LoadThreshC-Num(8,2,7),CopyMem-Num(10,12,15),LoadGrade-Num(0,11,11),While-Num(6,9,1),SubmitD(5,5,9),Set-9-Num(11,15,5),SubmitF(0,1,6),While-Num(4,5,11)]"
PROBLEM_grade__ARGS_NUM__MUT_001,3145,grade,Numeric,0.001,0,True,33,435,175,"[Dec-Num(14,5,10),TestNumLess-Num(4,1,7),LoadThreshC-Num(14,7,7),SubmitF(8,12,3),LoadThreshD-Num(13,11,3),Countdown-Num(14,13,2),LoadGrade-Num(10,14,9),TestNumLess-Num(4,13,12),LoadThreshA-Num(6,13,9),TestNumGreaterTEqu-Num(14,10,4),SubmitA(15,3,7),Set-13-Num(11,1,0),Set-10-Num(2,9,11),Not-Num(9,4,0),TestNumGreater-Num(11,2,13),IfNot-Num(12,4,5),SubmitB(0,13,5),Set-4-Num(12,8,6),Mult-Num(9,13,6),LoadThreshA-Num(14,10,15),Set-1-Num(1,3,15),Set-12-Num(12,2,1),Set-8-Num(6,13,1),CopyMem-Num(4,3,10),LoadThreshA-Num(6,4,3),Close(0,2,6),If-Num(7,6,3),Set-0-Num(14,15,4),Not-Num(8,13,12),SubmitC(8,11,5),While-Num(3,14,7),SubmitD(6,5,8),SubmitF(13,9,12)]"
PROBLEM_grade__ARGS_NUM__MUT_001,3146,grade,Numeric,0.001,0,False,NONE,NONE,NONE,"NONE"
PROBLEM_grade__ARGS_NUM__MUT_001,3147,grade,Numeric,0.001,0,True,21,451,359,"[TestNumLessTEqu-Num(1,4,13),TestNumLess-Num(4,0,14),TestNumLess-Num(4,2,4),LoadGrade-Num(0,6,7),Dec-Num(13,1,4),Dec-Num(3,2,5),TestNumLess-Num(3,0,10),Set-13-Num(3,11,5),SubmitF(0,15,6),Countdown-Num(10,12,8),SubmitA(7,13,13),TestNumNEqu-Num(5,14,9),Mod-Num(0,4,3),If-Num(9,2,11),SubmitB(0,8,10),While-Num(13,14,10),Sub-Num(7,3,3),Countdown-Num(3,11,14),SubmitC(6,3,2),Close(13,0,6),SubmitD(4,15,15)]"
PROBLEM_grade__ARGS_NUM__MUT_001,3148,grade,Numeric,0.001,0,False,NONE,NONE,NONE,"NONE"
PROBLEM_grade__ARGS_NUM__MUT_001,3149,grade,Numeric,0.001,0,False,NONE,NONE,NONE,"NONE"
PROBLEM_grade__ARGS_NUM__MUT_001,3150,grade,Numeric,0.001,0,True,85,465,225,"[LoadThreshC-Num(13,9,14),LoadThreshA-Num(11,14,13),SwapMem-Num(5,0,8),TestNumGreater-Num(11,4,7),Set-4-Num(8,14,3),Close(9,13,6),SubmitA(2,4,11),Set-11-Num(0,3,13),Sub-Num(2,12,5),LoadGrade-Num(5,4,7),Not-Num(8,15,15),LoadThreshB-Num(6,12,11),If-Num(7,6,15),Set-11-Num(7,6,12),SubmitC(8,9,15),While-Num(13,10,1),SubmitA(0,14,6),TestNumGreaterTEqu-Num(13,10,4),TestNumLessTEqu-Num(8,14,15),Not-Num(14,12,10),SubmitA(3,12,2),Add-Num(11,6,11),Set-4-Num(8,3,4),Add-Num(1,0,1),Set-15-Num(8,0,5),Set-16-Num(8,12,6),Set-10-Num(12,11,6),LoadThreshD-Num(11,5,9),Inc-Num(13,5,15),Inc-Num(13,4,3),If-Num(7,4,15),Set-9-Num(0,6,4),SwapMem-Num(14,9,8),Set-1-Num(14,15,13),Not-Num(3,11,15),Set-1-Num(8,0,15),TestNumGreater-Num(2,5,7),SubmitC(14,7,2),Set-15-Num(1,2,4),Set-0-Num(10,11,12),Set-6-Num(0,13,5),SwapMem-Num(5,8,10),If-Num(7,2,0),Countdown-Num(7,10,10),Close(9,14,5),Set-5-Num(8,9,13),Set-13-Num(2,10,9),SubmitF(1,13,7),Set-13-Num(7,9,15),LoadThreshD-Num(6,14,15),Close(2,0,6),Close(3,1,0),Set-1-Num(14,14,14),Set-10-Num(1,10,15),LoadGrade-Num(11,7,11),Dec-Num(3,7,0),TestNumNEqu-Num(12,13,8),SwapMem-Num(6,7,2),Set-3-Num(9,0,6),Add-Num(1,5,5),Set-1-Num(3,5,5),TestNumGreater-Num(7,11,7),CopyMem-Num(11,11,15),Set-15-Num(1,8,4),Set-4-Num(8,0,14),Set-6-Num(11,15,0),SubmitB(7,6,7),SubmitF(4,12,10),Sub-Num(9,11,12),Floor-Num(2,14,9),Set-11-Num(8,11,8),Set-1-Num(12,12,3),Countdown-Num(12,13,15),SubmitD(2,14,0),CopyMem-Num(3,5,4),Add-Num(15,9,15),Set-15-Num(5,2,1),TestNumNEqu-Num(15,9,3),SubmitD(15,9,7),SubmitB(15,15,10),TestNumLess-Num(15,7,8),Set-5-Num(5,8,2),IfNot-Num(6,8,12),IfNot-Num(5,2,8),Set-13-Num(8,13,6)]"
PROBLEM_grade__ARGS_NUM__MUT_0025,3451,grade,Numeric,0.0025,0,True,29,465,306,"[Set-15-Num(7,5,3),Countdown-Num(1,2,4),Not-Num(0,0,2),TestNumGreater-Num(7,0,7),IfNot-Num(13,12,9),Close(2,11,8),SubmitD(13,2,12),TestNumLess-Num(1,4,0),LoadThreshA-Num(5,0,15),SubmitF(2,2,0),Set-13-Num(14,15,14),TestNumLess-Num(4,3,13),If-Num(5,11,7),Close(7,5,0),LoadThreshC-Num(1,6,8),If-Num(0,15,12),IfNot-Num(11,5,10),SubmitC(4,4,7),Countdown-Num(7,13,3),Set-2-Num(3,8,3),Countdown-Num(5,2,14),SubmitA(3,1,13),SwapMem-Num(5,15,5),TestNumLessTEqu-Num(11,3,5),SubmitB(10,14,7),Countdown-Num(4,2,8),TestNumLessTEqu-Num(6,15,4),LoadGrade-Num(14,11,1),LoadGrade-Num(6,7,6)]"
PROBLEM_grade__ARGS_NUM__MUT_0025,3452,grade,Numeric,0.0025,0,True,51,497,365,"[Close(11,8,13),TestNumLessTEqu-Num(11,12,11),Div-Num(9,8,12),While-Num(11,4,3),SubmitA(1,9,5),TestNumGreaterTEqu-Num(4,1,11),SwapMem-Num(0,1,2),Close(12,7,2),Close(8,5,5),Set-9-Num(0,14,13),Sub-Num(8,13,7),TestNumGreaterTEqu-Num(9,11,11),SubmitD(11,9,15),Set-4-Num(11,5,11),LoadThreshA-Num(2,15,6),Set-1-Num(1,10,7),Set-2-Num(5,12,0),Not-Num(2,12,6),LoadThreshC-Num(10,11,1),LoadGrade-Num(14,14,8),Close(0,11,6),LoadGrade-Num(6,15,11),Set-8-Num(2,1,0),Mult-Num(7,2,14),Close(2,11,1),TestNumLess-Num(6,10,13),Add-Num(5,1,11),Set-15-Num(7,1,0),Set-5-Num(10,2,7),Mult-Num(13,0,2),While-Num(11,11,14),Set-3-Num(7,10,14),Div-Num(2,14,8),TestNumGreaterTEqu-Num(13,9,7),Countdown-Num(2,5,9),LoadThreshD-Num(11,10,11),LoadThreshC-Num(14,11,14),SubmitB(1,14,14),LoadGrade-Num(11,6,2),SubmitB(10,11,4),If-Num(5,7,9),SubmitC(12,8,12),Set-10-Num(9,11,4),Set-10-Num(6,3,1),SubmitD(10,13,14),TestNumGreater-Num(3,11,6),LoadThreshA-Num(9,8,15),While-Num(6,2,14),SubmitF(13,11,15),Close(0,12,0),IfNot-Num(8,4,4)]"
PROBLEM_grade__ARGS_NUM__MUT_0025,3453,grade,Numeric,0.0025,0,True,25,456,253,"[Inc-Num(3,5,6),LoadThreshA-Num(14,11,10),Countdown-Num(3,0,1),Add-Num(3,5,5),LoadThreshB-Num(2,5,14),TestNumLessTEqu-Num(14,4,3),SubmitB(1,4,2),LoadGrade-Num(0,7,0),LoadThreshC-Num(14,7,13),Mod-Num(4,2,7),TestNumLessTEqu-Num(5,7,15),TestNumGreater-Num(2,4,4),SwapMem-Num(9,7,10),Dec-Num(14,12,14),TestNumLess-Num(14,0,9),Countdown-Num(4,10,12),SubmitA(1,6,15),While-Num(7,6,6),Close(10,8,5),SwapMem-Num(15,13,11),SubmitF(2,6,2),If-Num(13,8,12),SubmitD(8,7,12),While-Num(9,5,5),SubmitC(14,4,12)]"
PROBLEM_grade__ARGS_NUM__MUT_0025,3454,grade,Numeric,0.0025,0,False,NONE,NONE,NONE,"NONE"
PROBLEM_grade__ARGS_NUM__MUT_0025,3455,grade,Numeric,0.0025,0,True,60,411,341,"[Set-8-Num(5,15,1),SubmitA(9,5,3),Countdown-Num(5,3,9),Mod-Num(9,9,1),TestNumLess-Num(4,0,2),Set-12-Num(15,12,0),Div-Num(2,5,15),Dec-Num(5,13,9),Set-0-Num(14,13,5),Set-9-Num(12,3,4),LoadThreshD-Num(14,9,2),Mult-Num(11,4,8),Set-4-Num(10,2,2),Set-13-Num(6,0,11),TestNumGreaterTEqu-Num(3,2,8),Set-0-Num(9,6,7),Set-15-Num(13,5,7),Sub-Num(12,13,0),TestNumLess-Num(3,2,11),If-Num(15,15,14),Set-12-Num(14,4,0),Set-12-Num(1,13,11),SubmitF(8,12,11),Dec-Num(2,0,12),Mult-Num(14,14,6),SubmitD(1,2,5),If-Num(11,1,8),SubmitC(8,15,11),Close(1,5,8),TestNumLessTEqu-Num(2,5,15),Set-11-Num(10,12,15),Mod-Num(10,11,2),Set-2-Num(10,15,10),Set-10-Num(11,15,7),SubmitF(13,4,0),LoadThreshC-Num(12,9,9),LoadGrade-Num(2,9,14),Countdown-Num(11,9,12),Dec-Num(13,8,1),Set-10-Num(6,5,14),Set-11-Num(1,14,8),Add-Num(5,9,6),SwapMem-Num(2,2,5),TestNumNEqu-Num(1,15,13),LoadThreshB-Num(0,9,13),Set-11-Num(5,5,3),TestNumGreaterTEqu-Num(13,1,8),Inc-Num(8,13,2),SwapMem-Num(8,6,8),Set-12-Num(14,10,1),SubmitB(12,13,15),TestNumEqu-Num(14,14,10),TestNumNEqu-Num(14,4,8),TestNumLess-Num(12,6,1),TestNumGreater-Num(3,2,6),Countdown-Num(15,11,15),Set-2-Num(11,11,4),If-Num(14,10,0),IfNot-Num(6,4,8),TestNumLess-Num(2,12,3)]"
PROBLEM_grade__ARGS_NUM__MUT_0025,3456,grade,Numeric,0.0025,0,True,21,429,297,"[Set-12-Num(9,2,15),SubmitF(11,5,1),TestNumLessTEqu-Num(3,4,4),While-Num(4,13,3),LoadGrade-Num(3,1,1),Add-Num(1,3,6),LoadGrade-Num(4,8,8),LoadThreshC-Num(8,6,13),Mod-Num(6,1,15),TestNumLess-Num(3,8,10),While-Num(10,9,5),SubmitD(8,0,12),Close(14,14,13),SubmitA(7,13,0),LoadGrade-Num(8,2,12),Countdown-Num(9,15,12),TestNumLessTEqu-Num(8,15,10),TestNumLess-Num(4,0,9),SubmitB(3,8,2),Countdown-Num(10,4,0),SubmitC(7,12,5)]"
PROBLEM_grade__ARGS_NUM__MUT_0025,3457,grade,Numeric,0.0025,0,True,70,496,496,"[TestNumLessTEqu-Num(7,8,14),Sub-Num(6,0,9),Set-1-Num(13,7,10),Break(5,11,14),Set-1-Num(0,5,11),LoadThreshC-Num(7,7,0),Set-1-Num(14,4,8),Mod-Num(4,0,15),Set-16-Num(10,5,5),LoadThreshC-Num(9,15,5),Dec-Num(14,6,11),Close(12,9,6),LoadThreshD-Num(5,12,10),Add-Num(6,4,10),SubmitA(7,6,6),TestNumNEqu-Num(4,4,6),TestNumGreater-Num(13,12,0),TestNumEqu-Num(1,15,8),LoadGrade-Num(3,3,15),Mod-Num(9,0,5),TestNumGreater-Num(14,12,7),SubmitA(7,2,2),Set-10-Num(9,5,2),SubmitF(5,15,13),TestNumGreater-Num(12,1,11),LoadThreshA-Num(11,2,8),TestNumEqu-Num(12,9,15),TestNumLessTEqu-Num(2,10,3),SubmitD(6,3,5),Set-11-Num(7,0,15),Set-6-Num(5,12,13),Div-Num(2,14,7),SwapMem-Num(11,14,2),LoadThreshA-Num(15,1,9),LoadThreshC-Num(2,10,11),Set-5-Num(2,1,5),SwapMem-Num(2,10,1),Mod-Num(9,9,5),Mod-Num(5,5,14),Set-11-Num(8,0,10),If-Num(12,9,9),Floor-Num(5,15,5),Close(14,6,2),SubmitB(0,5,11),TestNumNEqu-Num(13,3,13),TestNumGreaterTEqu-Num(6,8,4),SubmitA(5,2,6),Div-Num(4,7,0),Mod-Num(3,7,12),Set-14-Num(0,12,11),Add-Num(4,11,10),Mod-Num(5,8,5),LoadThreshB-Num(4,6,12),If-Num(13,5,5),Set-15-Num(2,0,8),While-Num(3,12,6),LoadGrade-Num(11,2,9),SubmitB(10,12,10),Mod-Num(11,1,4),While-Num(4,10,13),SubmitC(14,6,14),Close(8,6,3),Close(5,10,11),TestNumGreaterTEqu-Num(3,10,10),LoadThreshD-Num(2,7,0),TestNumEqu-Num(5,13,4),LoadThreshA-Num(12,11,9),Mod-Num(0,8,9),LoadGrade-Num(6,12,1),Break(0,5,6)]"
PROBLEM_grade__ARGS_NUM__MUT_0025,3458,grade,Numeric,0.0025,0,False,NONE,NONE,NONE,"NONE"
PROBLEM_grade__ARGS_NUM__MUT_0025,3459,grade,Numeric,0.0025,0,True,21,323,160,"[SubmitF(4,11,13),Set-2-Num(7,12,8),TestNumGreaterTEqu-Num(4,3,8),Countdown-Num(8,14,0),While-Num(4,1,13),TestNumGreater-Num(0,14,15),LoadThreshB-Num(11,6,5),Mod-Num(1,15,14),TestNumGreater-Num(11,4,1),SubmitB(2,12,4),If-Num(14,15,2),SubmitA(12,10,5),Close(2,11,1),Set-9-Num(8,9,5),LoadGrade-Num(14,9,12),Mod-Num(14,1,4),Close(7,3,14),SubmitC(4,13,7),While-Num(7,5,5),TestNumGreater-Num(2,14,7),SubmitD(3,10,3)]"
PROBLEM_grade__ARGS_NUM__MUT_0025,3460,grade,Numeric,0.0025,0,False,NONE,NONE,NONE,"NONE"
PROBLEM_grade__ARGS_NUM__MUT_0025,3461,grade,Numeric,0.0025,0,False,NONE,NONE,NONE,"NONE"
PROBLEM_grade__ARGS_NUM__MUT_0025,3462,grade,Numeric,0.0025,0,True,54,494,177,"[Close(3,7,1),Set-5-Num(3,3,9),Set-15-Num(15,11,9),SubmitC(9,3,13),Set-13-Num(12,11,4),Set-2-Num(9,12,12),SubmitD(11,14,13),Sub-Num(8,11,6),Floor-Num(3,6,14),TestNumNEqu-Num(0,9,5),Add-Num(13,12,13),Set-14-Num(8,7,14),Inc-Num(4,4,10),TestNumLessTEqu-Num(2,11,10),Set-8-Num(2,5,10),Set-13-Num(3,5,2),LoadGrade-Num(2,3,15),TestNumLess-Num(4,1,14),Set-8-Num(15,2,0),LoadThreshB-Num(9,0,2),SubmitA(4,11,3),TestNumGreaterTEqu-Num(0,4,4),Set-6-Num(3,4,7),Floor-Num(6,12,13),If-Num(4,7,7),Countdown-Num(15,4,3),Mod-Num(3,15,12),Countdown-Num(12,1,5),SubmitC(10,13,5),Add-Num(4,10,0),Div-Num(2,3,15),SwapMem-Num(0,10,7),Set-15-Num(5,1,11),Dec-Num(4,8,13),SwapMem-Num(13,2,4),LoadThreshC-Num(0,8,14),SwapMem-Num(6,1,10),LoadGrade-Num(4,14,3),TestNumGreater-Num(1,2,3),SubmitB(15,11,14),TestNumGreaterTEqu-Num(0,4,4),While-Num(4,3,7),Div-Num(5,12,7),SubmitD(4,8,6),While-Num(0,15,11),Inc-Num(1,10,1),Set-7-Num(7,13,9),While-Num(14,9,0),While-Num(14,5,2),TestNumGreater-Num(2,4,14),LoadThreshD-Num(2,11,14),SubmitF(11,10,2),LoadGrade-Num(4,5,3),Close(3,13,2)]"
PROBLEM_grade__ARGS_NUM__MUT_0025,3463,grade,Numeric,0.0025,0,True,28,492,410,"[Sub-Num(0,4,15),LoadGrade-Num(8,1,7),SubmitA(13,13,13),Set-14-Num(3,13,12),Set-16-Num(12,12,3),Inc-Num(8,9,12),Mod-Num(15,8,3),If-Num(15,1,10),LoadThreshC-Num(6,8,8),TestNumLessTEqu-Num(8,1,13),Set-7-Num(5,1,12),Countdown-Num(5,14,11),Countdown-Num(13,7,11),TestNumGreater-Num(8,6,13),SubmitC(7,1,12),Close(3,15,5),Countdown-Num(3,5,15),Close(0,11,13),SubmitD(6,10,3),Countdown-Num(12,7,2),TestNumGreater-Num(8,6,12),SubmitB(4,13,15),Close(6,15,5),LoadGrade-Num(14,5,13),LoadThreshD-Num(4,10,11),TestNumGreaterTEqu-Num(14,4,5),Close(3,15,7),SubmitF(8,3,13)]"
PROBLEM_grade__ARGS_NUM__MUT_0025,3464,grade,Numeric,0.0025,0,False,NONE,NONE,NONE,"NONE"
PROBLEM_grade__ARGS_NUM__MUT_0025,3465,grade,Numeric,0.0025,0,True,54,484,359,"[Inc-Num(0,3,5),Mult-Num(1,1,1),Inc-Num(4,10,14),SwapMem-Num(1,4,9),Add-Num(11,1,14),While-Num(14,6,9),TestNumGreaterTEqu-Num(3,1,7),Add-Num(7,4,10),TestNumGreater-Num(0,14,13),SubmitC(5,12,1),While-Num(1,0,10),Div-Num(12,7,10),SubmitA(1,8,5),Set-11-Num(12,15,2),If-Num(13,6,11),TestNumNEqu-Num(8,4,5),LoadGrade-Num(4,11,8),Mult-Num(4,1,3),Countdown-Num(10,8,6),SwapMem-Num(5,10,8),Set-16-Num(12,5,5),SubmitD(10,6,4),Inc-Num(4,12,7),TestNumGreaterTEqu-Num(11,11,0),Div-Num(5,6,9),TestNumLess-Num(5,3,1),Set-7-Num(9,9,11),Dec-Num(4,14,13),SubmitB(9,2,15),TestNumLessTEqu-Num(14,7,4),LoadThreshA-Num(13,12,0),LoadThreshC-Num(7,0,8),If-Num(4,10,4),SubmitF(9,15,5),Set-13-Num(4,8,1),Set-14-Num(10,2,15),Add-Num(4,13,11),SwapMem-Num(1,14,8),Set-16-Num(0,3,12),Set-16-Num(0,11,12),Close(8,12,13),Set-15-Num(15,0,2),Set-12-Num(13,11,1),Set-11-Num(12,13,7),Inc-Num(2,4,11),Add-Num(0,13,0),Set-10-Num(8,6,12),Div-Num(13,15,15),Inc-Num(12,5,15),Set-2-Num(2,7,14),Set-15-Num(11,8,11),Set-14-Num(15,4,6),If-Num(7,7,0),Dec-Num(0,12,11)]"
PROBLEM_grade__ARGS_NUM__MUT_0025,3466,grade,Numeric,0.0025,0,True,26,442,407,"[LoadGrade-Num(15,14,14),TestNumGreater-Num(0,4,4),TestNumGreater-Num(1,15,13),LoadGrade-Num(2,0,6),SubmitA(9,6,3),Set-15-Num(9,5,12),If-Num(4,0,14),LoadThreshD-Num(15,14,8),TestNumGreaterTEqu-Num(4,1,1),While-Num(9,0,14),Set-15-Num(10,12,4),IfNot-Num(13,4,9),LoadGrade-Num(1,14,1),Close(8,9,8),SubmitC(10,5,7),LoadThreshC-Num(13,7,11),If-Num(9,1,10),TestNumLessTEqu-Num(13,2,9),Close(6,15,7),Inc-Num(5,3,3),TestNumLessTEqu-Num(15,2,4),SubmitF(3,4,4),If-Num(4,6,14),SubmitD(5,2,9),While-Num(1,13,7),SubmitB(1,14,0)]"
PROBLEM_grade__ARGS_NUM__MUT_0025,3467,grade,Numeric,0.0025,0,False,NONE,NONE,NONE,"NONE"
PROBLEM_grade__ARGS_NUM__MUT_0025,3468,grade,Numeric,0.0025,0,False,NONE,NONE,NONE,"NONE"
PROBLEM_grade__ARGS_NUM__MUT_0025,3469,grade,Numeric,0.0025,0,False,NONE,NONE,NONE,"NONE"
PROBLEM_grade__ARGS_NUM__MUT_0025,3470,grade,Numeric,0.0025,0,True,48,451,297,"[Add-Num(9,3,4),TestNumGreaterTEqu-Num(7,13,3),Set-5-Num(14,15,1),Set-6-Num(9,15,8),LoadGrade-Num(2,5,11),TestNumLessTEqu-Num(4,2,6),Countdown-Num(1,0,2),Set-6-Num(8,7,7),Mod-Num(3,11,8),TestNumGreater-Num(8,6,0),LoadThreshC-Num(9,4,6),LoadThreshD-Num(14,2,11),SubmitF(4,4,15),Set-14-Num(11,14,8),SubmitA(0,12,6),Set-1-Num(1,7,7),Countdown-Num(0,5,15),SubmitB(10,1,14),Close(6,0,14),Mult-Num(1,6,5),Set-0-Num(7,7,5),Set-3-Num(2,8,15),Set-1-Num(15,8,1),TestNumGreater-Num(8,0,14),LoadThreshC-Num(12,11,7),Mod-Num(7,8,13),Set-11-Num(0,1,4),While-Num(5,6,10),LoadGrade-Num(6,8,12),Sub-Num(12,6,8),LoadThreshA-Num(2,0,14),TestNumGreater-Num(2,6,0),While-Num(9,11,11),TestNumLessTEqu-Num(15,13,6),SubmitC(13,11,9),LoadGrade-Num(1,7,10),Inc-Num(1,0,3),Mult-Num(0,14,15),LoadThreshB-Num(9,8,14),Countdown-Num(5,15,10),TestNumLessTEqu-Num(1,9,9),TestNumNEqu-Num(0,2,14),CopyMem-Num(15,3,11),TestNumGreaterTEqu-Num(9,7,2),SubmitD(11,4,4),SwapMem-Num(5,2,15),While-Num(5,7,4),TestNumGreater-Num(8,6,5)]"
PROBLEM_grade__ARGS_NUM__MUT_0025,3471,grade,Numeric,0.0025,0,True,62,491,420,"[Set-4-Num(3,2,12),LoadGrade-Num(14,3,4),Set-6-Num(11,7,3),Sub-Num(14,1,13),Countdown-Num(0,6,5),Set-2-Num(10,2,0),SubmitB(14,5,3),Set-11-Num(11,4,1),Set-1-Num(1,13,11),Countdown-Num(10,5,8),Set-16-Num(4,14,12),Set-6-Num(4,1,11),Set-14-Num(3,12,6),Set-7-Num(5,15,11),Mult-Num(1,13,4),SwapMem-Num(1,9,14),LoadThreshA-Num(15,12,7),Set-10-Num(1,8,4),Set-16-Num(14,4,3),TestNumGreater-Num(5,15,6),LoadThreshA-Num(0,10,14),TestNumLessTEqu-Num(3,5,8),LoadGrade-Num(0,7,12),Sub-Num(4,7,9),CopyMem-Num(1,9,2),SubmitA(10,2,12),Sub-Num(11,0,7),LoadThreshB-Num(15,2,9),Inc-Num(10,1,4),Sub-Num(2,0,5),Set-1-Num(4,7,0),TestNumNEqu-Num(15,0,8),Set-5-Num(1,9,1),Set-3-Num(14,12,12),Set-15-Num(6,13,12),SubmitD(6,13,8),Mult-Num(10,12,10),TestNumGreater-Num(8,5,3),Dec-Num(15,11,4),Set-15-Num(2,13,0),Set-10-Num(11,14,8),Close(7,12,8),TestNumLessTEqu-Num(6,13,1),LoadThreshA-Num(2,6,1),Floor-Num(3,6,9),Set-6-Num(9,9,15),LoadThreshA-Num(11,15,7),TestNumLessTEqu-Num(6,3,5),Set-16-Num(8,0,1),SubmitD(12,13,13),Dec-Num(5,2,5),TestNumLessTEqu-Num(13,5,11),IfNot-Num(3,8,10),LoadThreshD-Num(1,1,10),Set-7-Num(7,7,13),TestNumGreater-Num(1,0,4),While-Num(11,3,12),CopyMem-Num(9,0,7),Countdown-Num(7,8,1),SubmitC(4,10,14),CopyMem-Num(4,11,6),SubmitF(10,1,7)]"
PROBLEM_grade__ARGS_NUM__MUT_0025,3472,grade,Numeric,0.0025,0,False,NONE,NONE,NONE,"NONE"
PROBLEM_grade__ARGS_NUM__MUT_0025,3473,grade,Numeric,0.0025,0,True,64,442,245,"[Close(13,1,14),Mult-Num(11,2,11),TestNumGreaterTEqu-Num(3,4,3),Close(11,1,10),Set-1-Num(11,15,7),Div-Num(9,7,4),SubmitC(10,5,6),SubmitD(6,2,1),Inc-Num(15,15,10),TestNumLessTEqu-Num(14,11,8),TestNumGreaterTEqu-Num(8,10,9),Mult-Num(8,13,3),TestNumGreaterTEqu-Num(8,3,3),Set-8-Num(2,7,14),Close(7,8,10),LoadThreshD-Num(4,13,10),Set-1-Num(14,12,14),TestNumLessTEqu-Num(12,0,2),CopyMem-Num(5,9,0),Set-8-Num(1,4,6),SwapMem-Num(6,4,3),SubmitA(2,12,13),LoadThreshB-Num(9,1,13),SubmitF(8,7,8),Set-1-Num(15,4,7),Countdown-Num(0,14,3),TestNumGreaterTEqu-Num(12,5,3),SubmitC(14,5,9),Set-6-Num(15,15,8),SubmitF(0,7,1),Countdown-Num(3,4,9),Set-15-Num(10,4,10),Set-11-Num(2,2,4),Not-Num(14,4,7),LoadThreshC-Num(8,8,9),Set-16-Num(4,14,5),Set-4-Num(14,15,14),Mult-Num(4,8,12),Close(7,7,4),SwapMem-Num(12,6,12),Set-0-Num(14,11,13),TestNumLess-Num(3,1,9),Countdown-Num(15,4,4),Inc-Num(4,14,7),TestNumGreaterTEqu-Num(2,4,1),LoadGrade-Num(10,14,2),TestNumGreaterTEqu-Num(0,10,9),TestNumGreater-Num(9,6,3),TestNumGreater-Num(12,10,15),Close(2,4,14),TestNumEqu-Num(0,1,10),LoadThreshC-Num(5,3,6),SubmitB(8,5,15),If-Num(9,10,14),TestNumEqu-Num(1,6,4),Dec-Num(10,11,13),LoadGrade-Num(12,14,0),If-Num(8,0,3),TestNumGreaterTEqu-Num(5,4,4),TestNumGreater-Num(12,5,3),SubmitC(0,15,8),Mod-Num(12,13,15),Countdown-Num(3,6,0),LoadThreshB-Num(5,13,14)]"
PROBLEM_grade__ARGS_NUM__MUT_0025,3474,grade,Numeric,0.0025,0,True,49,415,377,"[LoadThreshB-Num(10,10,9),LoadThreshC-Num(9,8,2),While-Num(4,11,9),Inc-Num(7,11,4),Set-2-Num(0,15,15),Set-8-Num(7,13,3),Set-8-Num(13,12,8),SubmitC(9,6,11),Set-2-Num(13,1,14),LoadGrade-Num(3,2,13),TestNumGreaterTEqu-Num(4,14,14),Sub-Num(13,2,7),LoadGrade-Num(6,14,14),Inc-Num(3,13,15),Set-11-Num(5,6,9),Set-11-Num(13,2,0),Add-Num(3,6,3),SubmitD(12,8,11),Set-13-Num(13,14,6),Div-Num(3,9,1),Set-9-Num(7,6,2),Mod-Num(14,1,12),TestNumNEqu-Num(11,12,4),LoadThreshB-Num(3,8,4),SubmitB(11,13,15),Set-15-Num(2,1,0),Countdown-Num(12,13,5),Mod-Num(2,12,4),SwapMem-Num(10,9,6),If-Num(13,3,3),Close(12,1,11),LoadThreshB-Num(11,4,3),SubmitA(10,7,1),Close(15,2,11),Set-1-Num(10,1,11),Set-2-Num(10,2,12),LoadThreshA-Num(10,6,10),Set-12-Num(15,13,0),Set-1-Num(7,4,15),LoadThreshD-Num(15,6,6),Set-1-Num(1,13,4),Mult-Num(13,13,13),Set-9-Num(7,4,6),Close(5,8,4),SubmitF(12,13,1),LoadThreshD-Num(2,11,3),TestNumGreaterTEqu-Num(6,2,3),Countdown-Num(3,5,9),SubmitD(9,15,7)]"
PROBLEM_grade__ARGS_NUM__MUT_0025,3475,grade,Numeric,0.0025,0,False,NONE,NONE,NONE,"NONE"
PROBLEM_grade__ARGS_NUM__MUT_0025,3476,grade,Numeric,0.0025,0,True,26,473,402,"[TestNumNEqu-Num(1,4,6),LoadGrade-Num(2,9,0),LoadThreshC-Num(1,14,8),TestNumLessTEqu-Num(1,2,12),Div-Num(2,3,0),Floor-Num(0,14,6),SubmitF(2,0,7),While-Num(0,14,1),LoadThreshA-Num(7,14,13),Set-7-Num(15,0,7),SubmitD(10,13,4),While-Num(12,9,15),Div-Num(4,7,14),LoadThreshB-Num(1,7,1),Mod-Num(14,15,9),SubmitC(15,6,6),While-Num(0,2,1),TestNumEqu-Num(3,1,15),TestNumLessTEqu-Num(14,11,7),SubmitB(0,13,12),CopyMem-Num(14,15,3),If-Num(6,10,4),SwapMem-Num(6,9,2),SubmitA(1,10,15),TestNumLessTEqu-Num(0,12,0),TestNumLess-Num(1,2,0)]"
PROBLEM_grade__ARGS_NUM__MUT_0025,3477,grade,Numeric,0.0025,0,True,78,496,147,"[Set-10-Num(11,7,12),SubmitF(2,13,2),Set-11-Num(0,3,15),Set-1-Num(4,15,14),Close(8,0,9),SubmitD(10,0,14),Set-16-Num(6,2,3),Countdown-Num(4,2,2),Set-6-Num(4,2,11),Set-6-Num(9,1,0),Set-3-Num(1,7,15),SubmitC(5,11,11),TestNumNEqu-Num(9,15,1),If-Num(6,9,3),Sub-Num(8,14,13),SwapMem-Num(1,15,15),LoadThreshC-Num(13,8,3),LoadThreshB-Num(8,4,14),TestNumLessTEqu-Num(14,15,5),LoadGrade-Num(7,10,2),SwapMem-Num(3,2,5),Set-9-Num(14,2,9),TestNumGreaterTEqu-Num(7,8,6),Sub-Num(14,11,4),Add-Num(13,3,9),LoadGrade-Num(15,4,9),SubmitB(7,15,12),Set-14-Num(3,10,3),Set-1-Num(14,1,8),Floor-Num(14,14,0),LoadThreshB-Num(10,2,11),Set-1-Num(11,14,10),LoadThreshB-Num(4,11,13),Mod-Num(12,2,3),LoadGrade-Num(14,12,0),LoadThreshA-Num(5,10,9),Set-1-Num(1,11,14),LoadThreshC-Num(10,11,5),TestNumGreaterTEqu-Num(10,14,8),TestNumLessTEqu-Num(5,7,9),TestNumGreaterTEqu-Num(2,10,0),Set-12-Num(0,10,7),Set-10-Num(5,7,15),Mod-Num(7,9,4),Set-15-Num(0,12,9),TestNumEqu-Num(9,4,0),SubmitA(7,0,0),While-Num(8,4,1),Set-8-Num(1,11,2),TestNumLess-Num(7,2,4),SubmitF(10,7,9),IfNot-Num(3,13,2),Set-11-Num(0,5,9),SwapMem-Num(5,5,3),Sub-Num(5,14,9),Not-Num(6,15,8),LoadThreshB-Num(9,8,4),Not-Num(0,1,8),Set-14-Num(8,12,11),LoadGrade-Num(12,10,15),Set-16-Num(6,6,2),TestNumGreater-Num(15,4,3),TestNumGreater-Num(14,14,0),Countdown-Num(3,1,11),Mod-Num(12,13,3),Mod-Num(14,4,12),SubmitD(11,11,7),Set-11-Num(10,1,7),Set-0-Num(1,13,13),Set-9-Num(7,1,6),Not-Num(15,12,1),Close(8,7,2),LoadThreshD-Num(7,8,1),Div-Num(4,15,7),Set-8-Num(4,3,0),LoadThreshC-Num(6,1,3),SubmitC(4,12,2),Set-14-Num(9,5,2)]"
PROBLEM_grade__ARGS_NUM__MUT_0025,3478,grade,Numeric,0.0025,0,False,NONE,NONE,NONE,"NONE"
PROBLEM_grade__ARGS_NUM__MUT_0025,3479,grade,Numeric,0.0025,0,True,62,413,319,"[LoadThreshC-Num(8,11,2),LoadGrade-Num(0,3,14),Countdown-Num(1,11,14),LoadThreshD-Num(7,1,3),TestNumLess-Num(1,0,1),Add-Num(1,13,10),Set-7-Num(9,8,0),While-Num(2,5,2),TestNumLessTEqu-Num(2,14,15),Mult-Num(4,13,12),SubmitC(0,5,9),Set-1-Num(13,0,9),SubmitD(6,6,6),LoadGrade-Num(5,3,15),Set-6-Num(9,5,1),LoadThreshA-Num(14,6,0),TestNumGreater-Num(14,0,6),LoadGrade-Num(9,15,15),CopyMem-Num(8,14,15),CopyMem-Num(9,13,3),SubmitC(12,8,2),While-Num(9,4,12),SwapMem-Num(9,10,12),TestNumLessTEqu-Num(0,2,4),TestNumGreaterTEqu-Num(5,0,1),Div-Num(5,11,11),Set-9-Num(2,7,9),Set-15-Num(1,1,7),Set-10-Num(5,6,9),SwapMem-Num(7,0,2),Set-7-Num(2,14,2),SubmitB(14,2,15),SubmitB(15,5,14),Set-10-Num(15,3,9),TestNumGreater-Num(14,10,4),Not-Num(5,3,7),Set-14-Num(7,0,3),Set-11-Num(5,4,5),TestNumGreaterTEqu-Num(3,8,0),Set-10-Num(7,10,3),SubmitF(8,1,14),SubmitA(9,13,3),Inc-Num(11,13,9),Dec-Num(3,14,15),Set-9-Num(1,12,6),Set-3-Num(11,11,2),Set-9-Num(2,1,14),If-Num(4,13,5),LoadThreshB-Num(4,0,11),Mult-Num(2,12,15),Add-Num(15,12,1),Close(15,9,6),Mod-Num(1,6,10),Mult-Num(14,5,12),Sub-Num(2,13,1),TestNumLessTEqu-Num(11,10,12),Set-5-Num(11,6,6),TestNumGreaterTEqu-Num(3,13,7),Close(11,12,13),If-Num(7,8,1),SubmitF(15,0,0),Mult-Num(5,0,2)]"
PROBLEM_grade__ARGS_NUM__MUT_0025,3480,grade,Numeric,0.0025,0,True,33,498,174,"[Dec-Num(13,5,14),Close(0,14,11),SubmitC(7,7,1),Set-9-Num(3,11,4),Set-12-Num(10,10,15),IfNot-Num(14,10,2),LoadThreshB-Num(10,12,14),LoadGrade-Num(6,4,4),Add-Num(13,10,3),SubmitA(1,13,15),TestNumLess-Num(3,6,12),LoadThreshA-Num(9,2,4),TestNumGreater-Num(9,4,8),Countdown-Num(8,5,9),SubmitB(15,2,5),IfNot-Num(12,15,9),LoadThreshD-Num(4,9,12),SubmitC(12,15,13),TestNumGreater-Num(4,6,15),Sub-Num(8,15,3),CopyMem-Num(2,14,10),TestNumGreaterTEqu-Num(2,6,15),While-Num(15,4,9),LoadGrade-Num(11,8,11),SubmitD(5,11,13),Set-6-Num(10,10,15),TestNumNEqu-Num(11,14,12),Div-Num(7,3,15),Set-15-Num(5,9,13),SubmitF(7,3,13),IfNot-Num(12,0,5),IfNot-Num(4,3,4),Set-12-Num(3,0,2)]"
PROBLEM_grade__ARGS_NUM__MUT_0025,3481,grade,Numeric,0.0025,0,False,NONE,NONE,NONE,"NONE"
PROBLEM_grade__ARGS_NUM__MUT_0025,3482,grade,Numeric,0.0025,0,True,50,490,411,"[Add-Num(11,3,12),Break(0,7,13),Set-8-Num(1,6,0),LoadGrade-Num(5,12,1),Set-13-Num(1,11,4),Set-14-Num(3,9,11),SwapMem-Num(3,6,3),IfNot-Num(8,13,5),Set-12-Num(9,11,14),Inc-Num(11,3,13),LoadThreshA-Num(15,4,4),LoadThreshB-Num(0,6,3),While-Num(15,4,11),Set-6-Num(0,15,6),SubmitB(7,14,13),TestNumEqu-Num(0,3,10),TestNumLessTEqu-Num(2,2,10),Inc-Num(10,10,13),Sub-Num(11,12,0),While-Num(11,0,4),Floor-Num(6,2,9),Set-12-Num(10,2,6),SubmitC(12,11,4),Set-15-Num(10,10,7),Inc-Num(2,0,12),TestNumGreater-Num(15,4,11),Add-Num(4,11,13),Set-1-Num(9,12,15),SubmitF(7,14,13),Set-7-Num(0,2,13),Set-8-Num(3,12,6),SubmitA(6,14,5),Set-0-Num(15,11,13),While-Num(11,0,4),LoadThreshA-Num(8,12,6),Floor-Num(6,2,12),LoadThreshB-Num(15,2,7),Set-4-Num(1,2,4),TestNumGreater-Num(15,4,11),SwapMem-Num(2,7,13),If-Num(8,12,14),TestNumGreaterTEqu-Num(13,7,0),SwapMem-Num(7,0,14),Mult-Num(11,7,8),SubmitC(7,8,8),Countdown-Num(2,15,7),TestNumLess-Num(5,12,1),SubmitD(15,6,2),While-Num(1,8,12),SubmitF(8,15,13)]"
PROBLEM_grade__ARGS_NUM__MUT_0025,3483,grade,Numeric,0.0025,0,True,28,377,212,"[Sub-Num(4,8,5),TestNumGreater-Num(0,5,0),Dec-Num(5,7,2),Set-3-Num(8,12,11),Set-2-Num(14,14,6),Add-Num(1,8,1),Set-8-Num(15,15,2),Sub-Num(1,15,4),LoadGrade-Num(11,10,2),SubmitA(10,9,4),CopyMem-Num(5,15,14),Countdown-Num(0,15,3),SubmitD(4,4,1),Countdown-Num(2,7,7),Inc-Num(4,10,9),LoadThreshC-Num(13,15,14),Add-Num(14,4,0),TestNumGreaterTEqu-Num(11,13,2),TestNumLess-Num(11,3,5),Mod-Num(0,5,0),TestNumLess-Num(0,15,14),SubmitF(1,2,1),While-Num(2,12,6),Mult-Num(14,11,12),SubmitC(8,0,11),Mult-Num(0,12,15),Countdown-Num(15,2,5),SubmitB(10,8,14)]"
PROBLEM_grade__ARGS_NUM__MUT_0025,3484,grade,Numeric,0.0025,0,False,NONE,NONE,NONE,"NONE"
PROBLEM_grade__ARGS_NUM__MUT_0025,3485,grade,Numeric,0.0025,0,True,52,497,297,"[TestNumGreaterTEqu-Num(4,2,2),If-Num(2,13,3),CopyMem-Num(6,2,1),TestNumGreater-Num(1,4,13),Close(11,13,6),Inc-Num(4,12,6),Sub-Num(6,15,9),Set-10-Num(10,2,3),TestNumLessTEqu-Num(4,0,7),Countdown-Num(7,1,3),LoadThreshB-Num(11,7,6),LoadGrade-Num(1,9,5),SubmitC(4,5,11),TestNumLessTEqu-Num(5,4,2),SwapMem-Num(1,9,3),TestNumEqu-Num(13,2,7),Close(14,10,8),LoadThreshD-Num(12,11,5),Countdown-Num(0,12,8),Set-11-Num(6,13,2),Set-9-Num(15,0,5),Sub-Num(11,3,3),LoadThreshA-Num(14,11,14),SubmitF(11,1,10),If-Num(14,5,14),LoadThreshA-Num(15,10,14),SubmitB(0,14,13),Dec-Num(13,3,6),TestNumGreater-Num(4,7,8),Set-3-Num(0,8,14),TestNumLess-Num(9,12,9),Add-Num(5,2,2),SubmitD(6,14,7),LoadThreshA-Num(7,12,6),LoadThreshB-Num(12,10,4),LoadThreshA-Num(13,6,6),Set-15-Num(4,13,15),Set-0-Num(5,15,7),Set-9-Num(8,3,4),TestNumGreater-Num(10,5,12),SubmitA(15,10,2),Set-16-Num(5,10,15),Set-0-Num(10,14,5),If-Num(2,9,6),Countdown-Num(9,11,10),TestNumLessTEqu-Num(1,12,13),Mult-Num(0,3,10),SubmitF(15,13,7),Close(5,9,5),Set-8-Num(6,6,11),Close(10,2,6),Break(3,9,7)]"
PROBLEM_grade__ARGS_NUM__MUT_0025,3486,grade,Numeric,0.0025,0,True,30,305,188,"[LoadGrade-Num(14,3,15),TestNumGreater-Num(3,14,15),Mod-Num(12,15,2),Set-11-Num(8,14,6),TestNumGreater-Num(1,4,10),LoadGrade-Num(13,2,15),While-Num(8,12,5),Mult-Num(0,10,9),TestNumLessTEqu-Num(0,4,0),TestNumNEqu-Num(3,4,10),LoadGrade-Num(6,8,12),SwapMem-Num(5,13,7),SubmitA(15,0,13),Countdown-Num(9,10,6),Not-Num(8,7,10),IfNot-Num(13,5,10),LoadThreshC-Num(14,4,11),Set-3-Num(10,6,15),SubmitB(10,6,7),While-Num(10,4,14),TestNumLess-Num(6,14,11),TestNumEqu-Num(1,2,1),TestNumNEqu-Num(11,1,14),Set-12-Num(3,12,0),IfNot-Num(0,2,2),SubmitC(8,7,9),While-Num(14,2,3),SubmitF(1,5,5),SubmitD(7,4,13),While-Num(2,6,13)]"
PROBLEM_grade__ARGS_NUM__MUT_0025,3487,grade,Numeric,0.0025,0,True,58,315,249,"[Dec-Num(2,8,6),LoadThreshD-Num(7,10,1),SubmitF(8,13,10),SubmitA(10,2,6),TestNumLessTEqu-Num(4,2,0),Div-Num(15,6,10),Set-14-Num(2,7,0),CopyMem-Num(6,14,5),Add-Num(8,5,6),CopyMem-Num(7,6,3),Inc-Num(4,9,3),Break(4,5,2),SubmitC(0,0,7),Break(12,5,8),Set-0-Num(14,4,2),LoadThreshB-Num(13,2,0),TestNumLess-Num(11,7,14),TestNumGreater-Num(4,13,7),Set-11-Num(13,7,6),TestNumEqu-Num(7,12,14),TestNumNEqu-Num(11,14,4),Dec-Num(10,6,12),Close(2,1,5),IfNot-Num(12,7,8),Close(14,13,6),SubmitC(15,6,1),Sub-Num(7,4,10),Mod-Num(9,5,15),Close(15,12,8),Set-4-Num(1,11,15),SubmitA(1,6,15),Set-11-Num(12,10,10),SwapMem-Num(10,15,4),Set-8-Num(5,12,5),LoadGrade-Num(12,1,12),LoadGrade-Num(5,15,9),Set-9-Num(12,11,1),Set-4-Num(1,11,2),IfNot-Num(8,14,4),While-Num(13,0,8),Dec-Num(7,6,12),TestNumNEqu-Num(5,3,8),TestNumGreater-Num(6,5,14),Set-4-Num(12,11,1),Set-9-Num(5,15,13),Sub-Num(5,13,1),Set-7-Num(5,4,5),SubmitF(3,6,0),Set-11-Num(6,11,15),If-Num(14,4,7),SubmitD(2,10,11),IfNot-Num(0,4,14),SubmitB(1,4,8),TestNumNEqu-Num(1,0,7),LoadThreshA-Num(6,11,9),Countdown-Num(7,5,12),SubmitC(8,9,2),Countdown-Num(15,10,13)]"
PROBLEM_grade__ARGS_NUM__MUT_0025,3488,grade,Numeric,0.0025,0,True,48,467,336,"[Set-9-Num(14,6,12),TestNumLess-Num(4,1,12),Set-1-Num(7,11,9),SwapMem-Num(12,9,7),While-Num(7,11,10),Set-8-Num(15,11,8),Set-6-Num(15,4,7),IfNot-Num(14,7,4),IfNot-Num(12,2,15),Close(5,6,15),SubmitC(10,12,2),Return(2,8,8),Close(5,5,14),TestNumGreater-Num(15,11,0),IfNot-Num(9,1,15),TestNumGreaterTEqu-Num(4,4,1),SubmitB(13,15,11),Sub-Num(6,3,5),TestNumEqu-Num(0,13,5),Dec-Num(6,4,13),LoadGrade-Num(13,15,1),Set-9-Num(2,2,8),SwapMem-Num(9,4,14),TestNumLess-Num(1,8,0),Set-2-Num(6,6,12),SubmitD(4,13,0),Countdown-Num(6,13,8),LoadGrade-Num(8,8,14),Set-1-Num(10,9,6),TestNumGreater-Num(14,5,2),Close(15,15,13),Set-11-Num(2,6,13),LoadThreshA-Num(0,13,13),Div-Num(0,1,13),SubmitA(14,8,3),Dec-Num(0,10,6),TestNumGreater-Num(9,0,9),Close(0,15,10),IfNot-Num(13,13,3),Set-15-Num(8,3,13),Sub-Num(3,0,0),SubmitF(11,7,4),TestNumLess-Num(4,2,14),TestNumGreater-Num(12,2,9),Countdown-Num(8,5,8),TestNumLess-Num(0,4,5),IfNot-Num(5,9,15),While-Num(1,6,12)]"
PROBLEM_grade__ARGS_NUM__MUT_0025,3489,grade,Numeric,0.0025,0,True,19,437,258,"[LoadGrade-Num(14,4,15),LoadGrade-Num(7,2,5),Inc-Num(14,13,12),TestNumLessTEqu-Num(2,7,11),Countdown-Num(2,12,8),SubmitD(4,5,2),IfNot-Num(13,6,10),SubmitF(8,1,7),TestNumGreater-Num(14,3,13),If-Num(11,6,15),LoadThreshB-Num(3,11,14),While-Num(3,12,7),SubmitC(9,8,13),Countdown-Num(14,6,9),TestNumLessTEqu-Num(0,7,11),TestNumLessTEqu-Num(3,7,14),SubmitB(14,5,8),While-Num(11,6,12),SubmitA(14,10,1)]"
PROBLEM_grade__ARGS_NUM__MUT_0025,3490,grade,Numeric,0.0025,0,False,NONE,NONE,NONE,"NONE"
PROBLEM_grade__ARGS_NUM__MUT_0025,3491,grade,Numeric,0.0025,0,True,76,495,455,"[LoadGrade-Num(10,13,14),SubmitF(2,14,4),Close(9,0,9),Set-12-Num(15,0,11),SubmitC(7,15,2),CopyMem-Num(8,1,5),TestNumGreaterTEqu-Num(3,9,0),Close(13,11,11),IfNot-Num(1,0,0),Close(13,12,3),TestNumGreaterTEqu-Num(9,9,14),TestNumGreater-Num(2,4,14),LoadThreshB-Num(7,4,5),SubmitF(0,0,9),SubmitD(0,1,3),If-Num(14,13,14),Set-4-Num(14,11,5),Close(13,6,9),TestNumEqu-Num(8,15,2),Mod-Num(14,1,0),Mult-Num(1,14,0),Set-15-Num(1,8,1),CopyMem-Num(13,14,9),TestNumLess-Num(9,6,9),TestNumGreaterTEqu-Num(12,6,0),Div-Num(8,3,7),TestNumGreaterTEqu-Num(12,15,14),Set-13-Num(15,4,6),Set-5-Num(7,7,13),LoadThreshB-Num(6,1,6),Set-9-Num(14,6,13),Break(0,4,3),TestNumGreater-Num(3,10,7),Set-5-Num(9,3,6),Inc-Num(10,3,8),Break(0,3,4),Inc-Num(14,12,14),Close(15,11,7),Set-1-Num(15,14,3),Set-0-Num(14,11,13),TestNumEqu-Num(13,10,12),SubmitC(2,14,4),Set-15-Num(12,11,13),SubmitB(15,10,2),Set-9-Num(14,8,0),LoadThreshA-Num(9,7,13),SwapMem-Num(4,3,3),IfNot-Num(2,1,2),LoadGrade-Num(15,0,1),TestNumLessTEqu-Num(7,8,15),SubmitB(5,15,3),SubmitB(4,13,14),SubmitC(1,8,2),SubmitA(11,12,8),Set-3-Num(12,15,9),SubmitD(1,9,8),TestNumLess-Num(6,10,5),Add-Num(7,9,6),Countdown-Num(7,2,3),SubmitF(15,10,8),Return(8,9,5),Close(15,15,4),LoadThreshC-Num(13,9,2),Set-10-Num(15,11,3),Set-0-Num(0,9,11),TestNumGreaterTEqu-Num(13,11,4),Set-10-Num(10,13,10),TestNumGreater-Num(11,0,10),Div-Num(3,6,9),If-Num(5,4,6),Mod-Num(9,1,6),Set-10-Num(8,13,3),SubmitA(3,15,15),Countdown-Num(6,13,7),Return(14,4,13),IfNot-Num(9,8,11)]"
PROBLEM_grade__ARGS_NUM__MUT_0025,3492,grade,Numeric,0.0025,0,True,47,418,210,"[TestNumGreaterTEqu-Num(4,1,9),LoadThreshC-Num(0,8,3),Countdown-Num(2,9,4),Set-1-Num(5,10,8),Set-14-Num(13,12,14),SubmitB(11,7,0),Not-Num(10,13,5),SubmitB(2,5,8),Set-4-Num(2,5,7),LoadThreshD-Num(8,10,5),Set-15-Num(5,8,0),Div-Num(4,6,1),LoadThreshA-Num(6,7,8),SubmitA(3,13,8),Mod-Num(1,9,0),CopyMem-Num(1,10,15),Set-1-Num(3,1,6),Not-Num(5,14,14),IfNot-Num(0,14,11),LoadThreshB-Num(14,15,14),Close(15,1,0),Inc-Num(9,6,6),TestNumGreaterTEqu-Num(5,14,7),Add-Num(10,8,14),While-Num(7,7,13),Dec-Num(0,1,7),Inc-Num(4,14,15),Div-Num(9,13,11),SubmitB(10,5,7),SubmitA(5,15,2),SubmitC(9,3,6),LoadThreshA-Num(14,5,4),Mult-Num(11,3,11),LoadThreshB-Num(5,9,9),LoadGrade-Num(1,6,2),TestNumNEqu-Num(14,10,14),SubmitD(6,13,10),Set-10-Num(2,5,6),Set-7-Num(15,9,9),LoadGrade-Num(15,4,1),TestNumGreater-Num(15,0,9),Countdown-Num(11,8,3),SubmitF(10,4,0),TestNumGreaterTEqu-Num(8,4,11),Close(7,8,10),SubmitA(4,13,6),LoadThreshD-Num(0,1,5)]"
PROBLEM_grade__ARGS_NUM__MUT_0025,3493,grade,Numeric,0.0025,0,True,40,369,173,"[LoadThreshB-Num(14,10,13),Set-15-Num(5,4,1),LoadGrade-Num(1,4,15),Set-16-Num(5,2,7),Inc-Num(4,15,3),Sub-Num(5,3,7),LoadGrade-Num(2,1,4),Add-Num(1,7,9),LoadThreshB-Num(8,2,4),Set-16-Num(7,11,12),TestNumLessTEqu-Num(7,9,6),SubmitF(7,7,3),TestNumLessTEqu-Num(14,2,11),While-Num(6,4,13),SubmitA(11,6,4),Set-12-Num(9,11,12),Set-16-Num(0,0,4),LoadGrade-Num(13,9,8),Set-10-Num(5,13,11),LoadThreshA-Num(2,1,2),SubmitD(5,12,0),Set-8-Num(7,2,14),TestNumLess-Num(2,6,1),Set-10-Num(15,10,10),Countdown-Num(7,3,3),If-Num(8,6,10),LoadGrade-Num(14,0,7),Set-16-Num(12,7,5),SubmitC(1,5,14),If-Num(15,8,3),LoadGrade-Num(13,12,11),SubmitB(8,15,2),Set-5-Num(5,6,4),TestNumGreaterTEqu-Num(13,1,6),LoadThreshA-Num(1,11,15),IfNot-Num(11,15,12),LoadThreshC-Num(5,10,14),TestNumLess-Num(5,4,15),Div-Num(13,4,4),CopyMem-Num(9,7,11)]"
PROBLEM_grade__ARGS_NUM__MUT_0025,3494,grade,Numeric,0.0025,0,True,20,490,337,"[LoadThreshA-Num(1,13,1),TestNumGreater-Num(1,4,4),SubmitA(12,12,3),TestNumLessTEqu-Num(7,7,10),While-Num(4,5,4),LoadThreshB-Num(14,2,15),LoadGrade-Num(5,7,8),Div-Num(14,10,13),SubmitF(1,14,3),TestNumLessTEqu-Num(3,5,11),TestNumLessTEqu-Num(2,5,1),LoadThreshB-Num(8,4,2),If-Num(11,6,15),SubmitD(1,7,2),While-Num(1,7,14),Countdown-Num(13,15,4),TestNumLessTEqu-Num(8,5,13),SubmitB(9,4,5),Close(5,11,10),SubmitC(14,4,8)]"
PROBLEM_grade__ARGS_NUM__MUT_0025,3495,grade,Numeric,0.0025,0,True,48,478,176,"[LoadGrade-Num(11,9,12),Countdown-Num(1,12,4),SubmitD(8,2,12),LoadThreshC-Num(14,6,8),Set-2-Num(2,13,0),While-Num(14,8,1),Set-4-Num(13,14,10),Set-15-Num(5,9,13),SubmitD(11,14,3),Set-9-Num(15,15,0),Set-8-Num(15,3,2),Set-6-Num(5,6,6),SwapMem-Num(6,5,0),TestNumNEqu-Num(15,15,7),CopyMem-Num(1,8,10),TestNumEqu-Num(8,4,10),Set-8-Num(8,1,9),While-Num(6,10,6),Set-11-Num(10,10,2),Set-7-Num(7,4,6),Set-4-Num(10,7,8),SubmitB(3,4,13),TestNumGreaterTEqu-Num(1,11,8),TestNumNEqu-Num(13,7,2),TestNumNEqu-Num(2,15,2),SubmitF(15,7,9),Countdown-Num(2,4,8),While-Num(6,4,13),Countdown-Num(6,12,9),Dec-Num(8,4,5),Sub-Num(14,0,1),Set-11-Num(5,0,12),SubmitA(10,4,6),Mod-Num(5,8,5),SubmitA(12,10,10),Inc-Num(11,11,8),Set-14-Num(10,14,14),CopyMem-Num(5,6,13),CopyMem-Num(0,1,13),TestNumLess-Num(14,11,10),If-Num(5,7,1),CopyMem-Num(14,11,2),Sub-Num(4,9,7),Mod-Num(14,10,14),Mult-Num(15,7,1),Mult-Num(3,15,11),SubmitC(14,4,4),Countdown-Num(6,8,15)]"
PROBLEM_grade__ARGS_NUM__MUT_0025,3496,grade,Numeric,0.0025,0,True,65,387,264,"[LoadThreshA-Num(13,1,12),Close(15,8,3),Set-3-Num(11,3,15),Dec-Num(15,6,0),Set-13-Num(0,10,12),LoadThreshC-Num(8,9,7),Close(15,8,2),TestNumLessTEqu-Num(4,6,1),LoadGrade-Num(14,11,5),Set-0-Num(7,2,6),SubmitA(9,0,15),Countdown-Num(8,9,3),Set-12-Num(4,1,4),Set-10-Num(5,8,11),Set-14-Num(0,13,3),Sub-Num(2,7,7),Set-12-Num(7,14,8),Not-Num(6,7,1),SubmitD(2,3,10),Dec-Num(6,0,12),LoadGrade-Num(10,10,5),Set-5-Num(5,13,9),Set-8-Num(6,9,12),Set-10-Num(7,10,14),SwapMem-Num(3,13,5),Set-13-Num(11,3,13),Not-Num(8,9,6),TestNumGreater-Num(6,7,13),SubmitA(14,4,9),Set-10-Num(7,10,1),SubmitF(4,13,12),TestNumGreater-Num(4,0,6),Mod-Num(6,11,9),LoadGrade-Num(14,11,5),Set-11-Num(14,12,14),Add-Num(5,2,0),Set-8-Num(8,0,10),Dec-Num(14,11,12),Add-Num(7,0,6),LoadThreshC-Num(11,7,7),TestNumEqu-Num(7,5,6),TestNumLessTEqu-Num(2,10,15),TestNumGreater-Num(5,3,14),Set-3-Num(4,10,6),LoadThreshC-Num(12,7,6),SubmitD(10,9,7),Set-9-Num(5,2,15),Set-10-Num(13,9,9),Set-2-Num(8,13,15),Sub-Num(10,6,13),SubmitC(7,12,6),CopyMem-Num(1,6,7),CopyMem-Num(9,6,2),Set-11-Num(5,1,1),LoadThreshD-Num(2,2,1),Set-10-Num(7,12,7),TestNumNEqu-Num(5,5,6),Countdown-Num(15,4,12),Set-14-Num(4,0,5),TestNumGreater-Num(3,13,10),SubmitB(6,2,6),If-Num(10,12,15),If-Num(5,14,13),LoadThreshB-Num(2,8,7),Break(8,9,6)]"
PROBLEM_grade__ARGS_NUM__MUT_0025,3497,grade,Numeric,0.0025,0,True,51,491,430,"[Set-4-Num(9,1,1),Set-4-Num(1,7,12),LoadThreshA-Num(1,6,14),LoadThreshC-Num(15,9,14),LoadThreshB-Num(6,2,11),Add-Num(15,7,7),Countdown-Num(7,7,14),SwapMem-Num(2,6,4),Set-12-Num(14,14,12),SubmitB(3,12,13),LoadThreshB-Num(8,10,0),Inc-Num(10,6,10),Set-7-Num(10,4,13),Set-3-Num(14,15,10),LoadThreshC-Num(15,15,10),Set-0-Num(3,6,15),LoadThreshD-Num(15,11,14),Mod-Num(11,15,0),LoadThreshC-Num(0,4,4),SubmitA(6,15,8),TestNumGreater-Num(6,4,7),Div-Num(9,12,3),If-Num(14,3,4),SubmitC(10,9,8),Set-9-Num(10,4,6),TestNumGreaterTEqu-Num(4,1,0),TestNumGreaterTEqu-Num(4,15,1),Not-Num(4,1,12),Not-Num(7,13,7),Countdown-Num(9,7,9),Mod-Num(6,1,8),Not-Num(8,5,13),Countdown-Num(9,2,11),Set-10-Num(6,14,6),LoadThreshD-Num(3,15,11),Set-8-Num(13,6,9),Set-12-Num(4,1,1),Set-14-Num(14,12,2),TestNumNEqu-Num(11,1,10),TestNumLessTEqu-Num(6,0,13),TestNumEqu-Num(13,10,5),SubmitD(1,12,14),LoadGrade-Num(4,7,4),Mod-Num(0,14,6),SubmitF(13,6,8),Floor-Num(14,2,4),Div-Num(14,1,0),IfNot-Num(6,0,15),If-Num(8,6,14),SubmitD(5,12,9),Sub-Num(14,10,11)]"
PROBLEM_grade__ARGS_NUM__MUT_0025,3498,grade,Numeric,0.0025,0,True,38,490,369,"[Set-6-Num(9,10,15),Set-6-Num(14,10,0),Set-12-Num(15,9,8),Set-14-Num(6,5,3),TestNumNEqu-Num(11,9,5),Inc-Num(4,3,15),Set-6-Num(15,10,7),LoadThreshA-Num(11,3,4),CopyMem-Num(0,15,13),LoadThreshA-Num(7,15,0),TestNumLessTEqu-Num(4,7,7),Mod-Num(7,9,12),SubmitA(11,14,7),Close(6,3,14),While-Num(12,5,4),LoadThreshC-Num(3,14,0),While-Num(0,8,12),TestNumGreater-Num(11,4,5),Set-10-Num(7,1,6),Countdown-Num(5,4,5),Close(3,10,1),TestNumLessTEqu-Num(0,9,8),Dec-Num(12,11,7),SubmitC(13,14,13),Add-Num(15,6,11),TestNumLess-Num(8,6,15),If-Num(14,3,7),Close(15,8,3),SubmitB(1,0,4),While-Num(3,4,8),LoadThreshB-Num(6,3,14),LoadThreshA-Num(15,9,11),LoadThreshD-Num(7,13,13),SubmitD(10,12,4),While-Num(2,8,1),TestNumLessTEqu-Num(4,7,2),TestNumGreaterTEqu-Num(3,4,3),SubmitF(12,6,12)]"
PROBLEM_grade__ARGS_NUM__MUT_0025,3499,grade,Numeric,0.0025,0,False,NONE,NONE,NONE,"NONE"
PROBLEM_grade__ARGS_NUM__MUT_0025,3500,grade,Numeric,0.0025,0,True,33,476,426,"[TestNumLess-Num(12,14,11),SubmitD(13,3,13),Set-12-Num(13,1,0),TestNumLess-Num(4,0,1),Set-15-Num(13,6,14),SwapMem-Num(6,6,10),TestNumLessTEqu-Num(2,4,10),Dec-Num(11,9,0),Dec-Num(3,1,4),Dec-Num(1,10,5),While-Num(1,3,6),SubmitA(6,14,11),Close(8,11,14),Countdown-Num(0,7,9),SubmitD(8,7,14),Add-Num(3,7,8),TestNumLess-Num(8,4,0),Set-5-Num(14,0,12),Floor-Num(4,1,3),Set-0-Num(12,3,8),SubmitF(0,1,2),Set-6-Num(9,0,6),If-Num(10,0,1),LoadThreshB-Num(3,10,11),Inc-Num(1,12,12),TestNumGreaterTEqu-Num(4,3,13),LoadThreshB-Num(0,3,3),Mult-Num(13,1,1),SubmitC(5,1,0),Mult-Num(9,1,5),Div-Num(5,0,7),SubmitB(6,13,15),While-Num(7,11,7)]"
PROBLEM_grade__ARGS_NUM__MUT_005,3401,grade,Numeric,0.005,0,True,26,393,179,"[TestNumLess-Num(4,0,5),LoadGrade-Num(13,8,8),LoadThreshB-Num(4,5,11),LoadThreshD-Num(14,7,10),Dec-Num(14,6,10),TestNumLessTEqu-Num(13,14,11),SubmitF(9,8,0),Close(1,11,8),Set-8-Num(15,0,11),Set-13-Num(1,3,4),IfNot-Num(11,9,6),LoadGrade-Num(6,15,12),SubmitD(14,5,2),LoadThreshC-Num(9,7,6),TestNumGreaterTEqu-Num(6,9,3),SwapMem-Num(11,0,4),Countdown-Num(3,14,6),SubmitA(13,13,15),Countdown-Num(5,7,1),LoadThreshC-Num(15,2,12),SubmitC(14,3,9),TestNumGreater-Num(1,5,5),SubmitB(5,13,8),TestNumLessTEqu-Num(4,13,3),SubmitC(8,2,14),Break(12,5,4)]"
PROBLEM_grade__ARGS_NUM__MUT_005,3402,grade,Numeric,0.005,0,True,81,475,344,"[Set-2-Num(13,10,4),LoadThreshA-Num(4,1,5),Sub-Num(4,9,9),Mod-Num(8,13,5),Close(5,14,14),TestNumEqu-Num(0,1,8),SubmitB(8,15,9),Set-7-Num(7,5,5),TestNumLessTEqu-Num(12,8,5),Mod-Num(12,11,8),LoadThreshA-Num(6,2,14),Set-0-Num(14,6,11),TestNumGreater-Num(6,7,2),SwapMem-Num(2,0,1),While-Num(8,6,9),SubmitC(10,3,7),Set-3-Num(8,2,9),Break(10,14,15),Close(10,3,7),Set-2-Num(8,13,4),Dec-Num(5,11,15),Set-0-Num(4,10,7),Mod-Num(6,15,11),CopyMem-Num(1,13,0),Floor-Num(1,7,14),TestNumGreater-Num(4,15,0),SubmitA(13,5,14),LoadThreshC-Num(15,11,13),Inc-Num(14,0,8),Set-9-Num(4,0,2),Sub-Num(12,0,6),TestNumGreaterTEqu-Num(9,15,5),Set-1-Num(6,1,2),Close(13,15,4),SubmitF(6,5,4),LoadGrade-Num(9,3,0),SubmitD(12,3,12),TestNumLess-Num(13,2,13),SubmitD(15,7,3),Dec-Num(2,4,10),Set-13-Num(13,3,7),Countdown-Num(5,12,4),Set-16-Num(0,12,4),Set-14-Num(0,12,8),Dec-Num(0,4,3),LoadThreshB-Num(7,0,0),LoadGrade-Num(6,2,10),TestNumGreaterTEqu-Num(15,11,1),Set-14-Num(1,9,9),While-Num(13,6,6),Inc-Num(6,14,2),TestNumGreater-Num(7,1,13),Sub-Num(8,7,5),Set-15-Num(14,14,11),Add-Num(2,11,7),Sub-Num(5,13,14),Set-3-Num(9,6,13),Set-8-Num(11,12,11),LoadThreshB-Num(2,15,1),TestNumLess-Num(2,6,15),SwapMem-Num(9,1,8),Set-2-Num(12,9,11),TestNumEqu-Num(12,4,8),LoadGrade-Num(9,8,10),Set-14-Num(10,0,3),TestNumLess-Num(7,9,1),Not-Num(4,7,10),Set-11-Num(0,13,6),LoadGrade-Num(7,1,11),TestNumLess-Num(14,3,13),Countdown-Num(3,9,12),Break(4,4,9),Close(7,12,15),SubmitB(2,10,5),Set-2-Num(12,6,4),Add-Num(10,11,11),TestNumLessTEqu-Num(7,3,12),Set-12-Num(10,4,15),Dec-Num(12,12,12),Set-3-Num(4,10,2),Break(7,6,11)]"
PROBLEM_grade__ARGS_NUM__MUT_005,3403,grade,Numeric,0.005,0,True,25,489,310,"[LoadGrade-Num(7,8,13),TestNumGreaterTEqu-Num(4,0,6),LoadThreshC-Num(11,15,14),While-Num(11,7,5),LoadThreshA-Num(5,0,12),LoadThreshD-Num(15,8,3),Inc-Num(4,7,2),LoadThreshC-Num(0,12,6),LoadThreshC-Num(2,10,10),TestNumGreater-Num(0,7,10),TestNumLessTEqu-Num(4,1,2),Set-5-Num(1,10,11),Countdown-Num(5,7,7),SubmitC(3,7,11),Countdown-Num(6,8,6),Set-9-Num(6,13,11),SubmitA(12,13,12),Close(7,15,9),SubmitB(7,3,3),Countdown-Num(2,11,0),SubmitD(8,13,4),While-Num(10,0,14),TestNumGreater-Num(15,7,15),While-Num(15,8,9),SubmitF(3,14,3)]"
PROBLEM_grade__ARGS_NUM__MUT_005,3404,grade,Numeric,0.005,0,True,60,496,188,"[LoadThreshC-Num(0,9,8),Set-1-Num(6,10,3),Close(2,6,12),TestNumGreaterTEqu-Num(15,12,11),LoadThreshA-Num(7,3,2),Set-14-Num(9,8,9),Close(10,1,8),SubmitF(5,4,3),Dec-Num(11,14,3),Set-1-Num(13,4,5),LoadGrade-Num(2,11,5),While-Num(13,13,12),TestNumNEqu-Num(4,5,14),Set-2-Num(13,1,14),Set-4-Num(4,5,15),TestNumLessTEqu-Num(6,12,9),Set-13-Num(8,11,1),Set-8-Num(9,6,8),Set-11-Num(9,0,2),Inc-Num(4,1,6),Floor-Num(14,13,4),Set-1-Num(3,10,0),Dec-Num(6,15,4),Set-4-Num(3,15,5),LoadThreshA-Num(14,15,9),Set-12-Num(10,2,6),TestNumEqu-Num(13,3,5),If-Num(6,5,7),Sub-Num(7,5,8),Dec-Num(7,5,5),SubmitD(1,2,5),LoadThreshD-Num(3,3,15),Div-Num(2,5,8),Sub-Num(15,11,15),TestNumGreaterTEqu-Num(8,3,14),Set-5-Num(5,10,7),LoadThreshB-Num(12,10,8),While-Num(13,3,9),LoadThreshB-Num(10,12,14),Mult-Num(10,9,12),LoadThreshD-Num(5,10,8),Set-10-Num(5,13,11),TestNumGreater-Num(3,2,12),Floor-Num(14,0,8),Set-13-Num(5,11,5),Dec-Num(0,13,1),Set-9-Num(8,15,0),IfNot-Num(12,2,14),LoadGrade-Num(15,12,15),TestNumLessTEqu-Num(15,7,12),Floor-Num(2,10,15),TestNumGreaterTEqu-Num(0,2,6),SubmitC(13,2,9),TestNumGreaterTEqu-Num(2,10,14),If-Num(14,10,13),SubmitB(10,15,1),Div-Num(12,7,3),Countdown-Num(3,7,15),Close(1,13,5),SubmitA(14,10,10)]"
PROBLEM_grade__ARGS_NUM__MUT_005,3405,grade,Numeric,0.005,0,True,21,419,274,"[LoadGrade-Num(1,8,9),LoadThreshC-Num(14,13,8),TestNumLessTEqu-Num(3,4,12),SubmitF(6,6,11),If-Num(12,6,13),Set-0-Num(0,3,13),SubmitD(7,4,1),TestNumLessTEqu-Num(14,4,12),LoadThreshB-Num(9,11,0),LoadThreshA-Num(15,6,4),TestNumGreaterTEqu-Num(4,15,3),Countdown-Num(12,8,1),SubmitB(3,12,1),Div-Num(1,9,2),IfNot-Num(0,12,4),SubmitC(7,0,0),Set-16-Num(6,1,14),Set-7-Num(12,11,7),SubmitA(3,5,15),Mod-Num(2,6,0),While-Num(3,9,9)]"
PROBLEM_grade__ARGS_NUM__MUT_005,3406,grade,Numeric,0.005,0,True,15,336,252,"[TestNumGreater-Num(0,4,8),SubmitA(1,13,12),Countdown-Num(8,2,3),Set-7-Num(14,4,8),TestNumLessTEqu-Num(3,4,15),TestNumGreater-Num(1,4,8),TestNumGreater-Num(2,4,1),SubmitF(13,13,11),Countdown-Num(15,10,3),SubmitD(5,10,1),Div-Num(12,1,14),While-Num(14,14,1),SubmitB(2,4,14),While-Num(8,8,0),SubmitC(5,4,13)]"
PROBLEM_grade__ARGS_NUM__MUT_005,3407,grade,Numeric,0.005,0,True,23,475,448,"[TestNumGreater-Num(2,4,11),Set-8-Num(10,13,0),SubmitD(4,4,9),LoadGrade-Num(14,1,5),LoadThreshB-Num(5,5,6),TestNumGreaterTEqu-Num(14,0,3),LoadThreshD-Num(0,1,7),CopyMem-Num(5,6,0),LoadGrade-Num(7,8,11),SwapMem-Num(11,6,9),While-Num(10,1,0),SubmitF(0,15,14),TestNumLess-Num(7,0,10),SubmitD(0,11,1),IfNot-Num(6,8,10),SubmitC(1,7,10),TestNumGreaterTEqu-Num(7,11,1),Countdown-Num(3,6,2),Set-6-Num(3,3,11),SubmitA(5,2,11),Close(12,9,6),Countdown-Num(1,14,1),SubmitB(13,12,2)]"
PROBLEM_grade__ARGS_NUM__MUT_005,3408,grade,Numeric,0.005,0,False,NONE,NONE,NONE,"NONE"
PROBLEM_grade__ARGS_NUM__MUT_005,3409,grade,Numeric,0.005,0,True,64,492,337,"[LoadGrade-Num(8,12,3),SwapMem-Num(3,0,5),Break(3,8,12),SubmitC(7,7,13),TestNumNEqu-Num(4,0,3),Set-9-Num(8,12,0),LoadThreshC-Num(1,2,7),Countdown-Num(8,10,7),Set-8-Num(10,3,15),Set-15-Num(14,8,5),Close(9,7,3),SubmitD(3,4,9),Set-7-Num(8,6,11),SwapMem-Num(6,8,3),Add-Num(3,0,6),TestNumLess-Num(4,1,15),LoadThreshD-Num(14,12,8),Sub-Num(14,4,5),If-Num(3,2,3),Mult-Num(6,15,2),TestNumNEqu-Num(3,11,0),Set-3-Num(6,10,11),TestNumEqu-Num(2,6,9),Set-3-Num(11,15,10),LoadThreshA-Num(13,1,14),SubmitF(8,15,3),Add-Num(3,4,15),Countdown-Num(4,14,4),SubmitF(12,5,7),Mod-Num(5,13,8),SubmitD(7,3,12),LoadThreshB-Num(9,8,0),TestNumGreater-Num(5,12,4),Countdown-Num(0,11,13),IfNot-Num(2,9,8),Div-Num(7,7,7),Add-Num(3,8,1),Set-3-Num(0,8,2),Set-14-Num(6,1,14),Set-3-Num(0,5,7),TestNumGreaterTEqu-Num(11,9,12),SubmitC(3,10,13),Countdown-Num(3,11,4),Set-3-Num(13,10,2),SubmitA(8,13,2),Set-13-Num(10,11,11),TestNumGreater-Num(8,0,1),Div-Num(9,7,10),Set-12-Num(0,8,8),Set-11-Num(14,15,4),LoadThreshD-Num(11,11,13),Dec-Num(4,11,5),SubmitB(6,10,6),Set-10-Num(11,8,2),Set-3-Num(1,1,11),Set-12-Num(1,13,9),Inc-Num(12,5,13),Set-5-Num(12,2,12),TestNumLess-Num(9,15,3),Set-0-Num(7,2,4),Sub-Num(13,3,5),LoadThreshB-Num(0,11,10),Set-1-Num(5,0,13),LoadThreshA-Num(9,12,15)]"
PROBLEM_grade__ARGS_NUM__MUT_005,3410,grade,Numeric,0.005,0,False,NONE,NONE,NONE,"NONE"
PROBLEM_grade__ARGS_NUM__MUT_005,3411,grade,Numeric,0.005,0,True,50,467,312,"[SubmitF(8,1,0),LoadThreshD-Num(2,2,13),Inc-Num(4,1,10),TestNumGreater-Num(4,2,4),LoadThreshC-Num(3,12,1),Countdown-Num(4,3,5),TestNumGreaterTEqu-Num(13,13,14),TestNumLessTEqu-Num(13,7,15),If-Num(3,14,11),SwapMem-Num(10,12,8),SubmitA(5,1,2),Close(8,13,11),Mult-Num(9,6,10),Set-13-Num(9,10,0),LoadThreshA-Num(12,14,11),Set-7-Num(7,4,2),Mult-Num(8,13,1),Set-1-Num(6,7,3),SubmitC(12,15,10),Floor-Num(11,13,8),Set-16-Num(15,13,3),LoadGrade-Num(14,5,4),Set-14-Num(12,6,8),LoadGrade-Num(11,10,0),SwapMem-Num(6,6,3),While-Num(12,3,6),LoadThreshA-Num(5,4,4),TestNumNEqu-Num(6,5,14),LoadThreshB-Num(2,9,9),LoadGrade-Num(4,4,14),LoadGrade-Num(15,5,15),SwapMem-Num(3,8,10),Set-8-Num(0,3,6),TestNumGreaterTEqu-Num(3,15,11),If-Num(6,0,15),TestNumGreaterTEqu-Num(4,8,8),Countdown-Num(12,9,7),Sub-Num(9,7,13),SubmitD(11,10,10),TestNumLessTEqu-Num(14,11,3),LoadThreshB-Num(5,6,5),Set-9-Num(4,8,2),TestNumGreaterTEqu-Num(15,2,9),TestNumEqu-Num(5,2,3),Mod-Num(9,12,12),LoadThreshA-Num(3,15,5),IfNot-Num(8,13,15),TestNumGreater-Num(1,12,4),Countdown-Num(12,13,7),SubmitB(8,2,12)]"
PROBLEM_grade__ARGS_NUM__MUT_005,3412,grade,Numeric,0.005,0,False,NONE,NONE,NONE,"NONE"
PROBLEM_grade__ARGS_NUM__MUT_005,3413,grade,Numeric,0.005,0,True,30,466,332,"[TestNumGreaterTEqu-Num(4,0,5),SwapMem-Num(8,1,8),LoadGrade-Num(6,4,10),Floor-Num(5,0,4),SubmitF(15,6,10),SubmitF(14,2,0),TestNumGreaterTEqu-Num(4,3,4),While-Num(4,6,5),LoadThreshC-Num(7,2,15),LoadGrade-Num(13,6,9),Set-2-Num(10,5,0),Sub-Num(4,5,10),LoadThreshC-Num(15,12,7),TestNumLess-Num(6,15,0),SubmitA(12,8,3),TestNumLessTEqu-Num(3,5,6),If-Num(10,8,15),Set-11-Num(12,10,2),SubmitB(9,7,2),IfNot-Num(0,15,10),Close(15,0,8),Set-10-Num(0,12,14),LoadGrade-Num(14,12,5),TestNumLess-Num(14,8,9),Set-9-Num(3,0,4),Countdown-Num(9,13,5),SubmitC(2,9,1),While-Num(3,10,14),SubmitC(14,14,4),SubmitD(8,8,15)]"
PROBLEM_grade__ARGS_NUM__MUT_005,3414,grade,Numeric,0.005,0,True,56,449,353,"[Break(13,10,15),TestNumGreater-Num(6,13,5),Inc-Num(2,4,15),LoadGrade-Num(6,10,11),Set-7-Num(0,2,8),Set-2-Num(4,5,11),Sub-Num(8,4,15),Not-Num(4,6,15),Set-0-Num(4,12,14),Mult-Num(12,14,7),SubmitA(11,7,11),SubmitA(5,1,11),TestNumLess-Num(6,3,8),Set-6-Num(12,12,7),Set-4-Num(14,13,6),Set-12-Num(1,10,7),Mod-Num(13,0,4),IfNot-Num(7,3,9),Close(9,3,4),Set-5-Num(9,9,3),TestNumGreater-Num(8,11,15),SubmitD(13,6,7),TestNumGreaterTEqu-Num(5,1,4),LoadThreshA-Num(5,7,0),Set-7-Num(2,8,8),LoadThreshD-Num(2,1,10),Set-11-Num(12,7,1),LoadThreshC-Num(6,1,2),SwapMem-Num(15,7,9),Dec-Num(6,15,11),Countdown-Num(5,9,15),IfNot-Num(10,9,3),Set-0-Num(10,10,12),Countdown-Num(7,14,13),CopyMem-Num(4,12,11),Close(15,6,10),Inc-Num(9,8,1),SubmitD(12,5,11),LoadGrade-Num(1,0,0),SwapMem-Num(4,1,2),SubmitC(15,10,11),TestNumLess-Num(5,4,13),LoadThreshB-Num(5,5,7),If-Num(13,10,14),SubmitB(2,5,9),IfNot-Num(8,15,10),SubmitA(8,10,5),Close(2,0,2),Return(11,10,10),Close(11,8,2),Set-8-Num(11,15,7),Sub-Num(12,0,8),IfNot-Num(15,7,10),SubmitF(9,14,11),TestNumGreater-Num(1,6,15),Not-Num(11,2,14)]"
PROBLEM_grade__ARGS_NUM__MUT_005,3415,grade,Numeric,0.005,0,True,72,497,409,"[TestNumLessTEqu-Num(3,4,14),Set-16-Num(7,8,9),Dec-Num(9,10,8),TestNumLess-Num(2,4,7),SubmitF(15,6,0),Inc-Num(3,7,11),Close(4,7,9),Not-Num(15,10,6),LoadGrade-Num(8,8,2),Set-0-Num(1,10,15),Set-8-Num(15,2,15),SubmitD(0,10,3),LoadThreshC-Num(9,6,0),IfNot-Num(12,3,11),SubmitF(8,8,5),Close(10,15,0),Set-8-Num(11,12,1),Add-Num(11,3,13),TestNumGreater-Num(6,11,11),Set-11-Num(3,13,13),Set-10-Num(1,0,5),LoadThreshD-Num(12,5,12),Break(14,3,1),LoadThreshB-Num(9,12,7),LoadThreshD-Num(15,10,6),Countdown-Num(14,12,9),Div-Num(1,9,12),Set-0-Num(14,8,15),Dec-Num(9,1,2),TestNumLess-Num(1,3,4),SubmitA(9,15,0),Set-8-Num(12,3,12),Set-0-Num(1,2,13),Set-8-Num(1,2,5),TestNumGreaterTEqu-Num(9,8,11),LoadGrade-Num(12,4,12),Set-6-Num(3,2,11),Set-10-Num(12,5,0),TestNumGreaterTEqu-Num(13,8,0),Set-8-Num(14,3,10),Set-15-Num(14,9,12),LoadThreshD-Num(15,13,0),Add-Num(15,6,3),TestNumLess-Num(12,10,4),SubmitC(13,7,14),Set-16-Num(4,0,6),LoadGrade-Num(3,8,8),LoadThreshA-Num(12,15,11),Set-4-Num(6,8,5),Set-1-Num(4,8,10),LoadGrade-Num(15,4,0),LoadGrade-Num(15,3,1),LoadThreshA-Num(9,1,0),While-Num(11,10,2),SubmitC(6,13,13),Set-10-Num(2,7,8),Sub-Num(8,4,9),Set-8-Num(14,11,13),Inc-Num(5,6,0),If-Num(7,12,3),Set-5-Num(7,11,6),Countdown-Num(7,13,14),Mult-Num(7,12,5),Set-16-Num(15,0,0),LoadThreshD-Num(8,9,10),SwapMem-Num(10,3,0),SubmitB(10,11,1),Sub-Num(6,15,0),Set-6-Num(11,7,8),Dec-Num(4,6,0),TestNumGreaterTEqu-Num(0,15,15),Close(7,11,5)]"
PROBLEM_grade__ARGS_NUM__MUT_005,3416,grade,Numeric,0.005,0,True,29,470,303,"[TestNumGreaterTEqu-Num(4,1,14),TestNumLess-Num(12,14,13),Set-10-Num(14,12,13),Countdown-Num(14,3,15),SubmitA(5,0,3),CopyMem-Num(0,2,3),Set-3-Num(6,8,9),Countdown-Num(6,5,12),LoadThreshD-Num(8,5,15),Set-6-Num(10,13,12),SubmitF(1,2,14),TestNumGreaterTEqu-Num(4,8,9),CopyMem-Num(3,15,2),Mod-Num(4,2,5),Set-15-Num(11,5,2),LoadThreshD-Num(8,4,7),Countdown-Num(9,0,10),LoadThreshC-Num(8,10,9),SubmitB(8,13,1),LoadThreshC-Num(14,15,3),Dec-Num(8,11,13),TestNumEqu-Num(5,4,9),Dec-Num(0,10,8),IfNot-Num(13,11,1),While-Num(14,3,8),TestNumGreater-Num(5,8,9),SubmitD(10,9,0),Countdown-Num(9,7,6),SubmitC(14,1,4)]"
PROBLEM_grade__ARGS_NUM__MUT_005,3417,grade,Numeric,0.005,0,False,NONE,NONE,NONE,"NONE"
PROBLEM_grade__ARGS_NUM__MUT_005,3418,grade,Numeric,0.005,0,False,NONE,NONE,NONE,"NONE"
PROBLEM_grade__ARGS_NUM__MUT_005,3419,grade,Numeric,0.005,0,True,60,483,73,"[Set-4-Num(6,15,8),Set-16-Num(6,3,15),TestNumNEqu-Num(10,11,3),TestNumGreater-Num(7,9,10),Set-16-Num(5,0,5),LoadThreshD-Num(1,15,14),Close(3,5,7),TestNumLess-Num(8,9,8),Set-16-Num(9,7,6),Mod-Num(5,4,15),TestNumLessTEqu-Num(11,15,9),TestNumGreater-Num(1,3,10),Set-6-Num(13,13,8),Set-2-Num(3,3,5),SwapMem-Num(9,14,0),SubmitD(12,5,13),LoadThreshB-Num(10,10,13),Set-16-Num(14,12,1),Sub-Num(4,10,2),SubmitF(1,4,6),Dec-Num(12,12,14),CopyMem-Num(4,12,0),Countdown-Num(6,6,7),Close(2,11,14),Dec-Num(6,12,3),Inc-Num(4,1,5),Close(7,1,0),TestNumLess-Num(10,12,9),SubmitB(8,8,7),LoadThreshC-Num(13,1,5),LoadThreshB-Num(12,10,11),Countdown-Num(2,2,2),Set-1-Num(6,12,1),LoadThreshC-Num(4,13,2),Set-1-Num(14,5,9),Set-3-Num(3,0,15),Set-13-Num(8,0,8),Set-5-Num(6,13,13),Set-14-Num(11,1,5),Floor-Num(2,3,7),Set-12-Num(3,4,6),SubmitB(0,14,2),Div-Num(5,1,10),LoadGrade-Num(11,7,0),Inc-Num(8,5,12),SubmitA(11,9,8),LoadGrade-Num(4,1,9),SubmitC(5,10,7),TestNumLess-Num(11,0,2),Countdown-Num(10,9,8),TestNumGreater-Num(13,4,10),SubmitD(7,10,7),LoadThreshD-Num(4,8,6),Dec-Num(4,11,3),Countdown-Num(9,12,10),LoadThreshC-Num(13,12,6),Close(15,5,15),Floor-Num(6,9,1),LoadGrade-Num(13,4,10),CopyMem-Num(2,6,9)]"
PROBLEM_grade__ARGS_NUM__MUT_005,3420,grade,Numeric,0.005,0,False,NONE,NONE,NONE,"NONE"
PROBLEM_grade__ARGS_NUM__MUT_005,3421,grade,Numeric,0.005,0,True,44,464,174,"[Close(0,13,5),Mod-Num(12,11,11),Mod-Num(9,0,14),LoadGrade-Num(9,3,8),SubmitC(14,10,0),TestNumNEqu-Num(4,10,14),TestNumLessTEqu-Num(8,2,10),Countdown-Num(14,11,10),Mult-Num(13,6,8),Close(5,1,5),SubmitD(10,15,4),Set-11-Num(6,13,7),Close(1,10,3),Set-11-Num(8,9,9),SubmitC(3,10,8),TestNumLess-Num(5,13,0),Close(4,0,15),SubmitF(10,15,11),LoadGrade-Num(2,3,9),TestNumLessTEqu-Num(3,4,6),Mod-Num(2,1,7),TestNumLessTEqu-Num(10,9,9),TestNumLessTEqu-Num(9,1,12),While-Num(6,3,8),Set-1-Num(15,12,5),Set-8-Num(8,10,10),TestNumLess-Num(15,0,3),IfNot-Num(3,14,11),Close(14,5,10),SubmitA(11,12,7),Set-10-Num(13,12,11),LoadThreshC-Num(8,7,13),TestNumNEqu-Num(5,11,9),Set-15-Num(13,4,3),LoadThreshA-Num(14,5,14),LoadGrade-Num(11,13,7),CopyMem-Num(4,15,12),SubmitB(7,6,4),TestNumGreaterTEqu-Num(15,14,10),Not-Num(4,13,11),Countdown-Num(12,12,15),TestNumGreaterTEqu-Num(7,2,12),Countdown-Num(13,0,13),SubmitA(6,12,10)]"
PROBLEM_grade__ARGS_NUM__MUT_005,3422,grade,Numeric,0.005,0,True,32,480,172,"[Add-Num(4,10,3),LoadThreshA-Num(0,11,6),LoadGrade-Num(13,10,10),LoadThreshD-Num(12,15,14),TestNumLessTEqu-Num(12,13,10),TestNumNEqu-Num(13,13,2),TestNumLessTEqu-Num(0,3,15),IfNot-Num(15,6,14),TestNumNEqu-Num(0,2,9),Close(12,10,13),LoadThreshB-Num(14,4,15),SwapMem-Num(14,11,2),SubmitF(1,9,7),Countdown-Num(10,10,3),TestNumNEqu-Num(13,5,4),SubmitB(8,10,14),Countdown-Num(9,5,9),Close(4,15,9),Set-13-Num(15,1,2),LoadThreshC-Num(3,12,10),Mult-Num(3,11,5),LoadGrade-Num(7,6,13),TestNumLessTEqu-Num(3,7,9),Dec-Num(11,13,15),TestNumLess-Num(0,4,12),SubmitA(3,2,13),Set-15-Num(12,14,10),TestNumLess-Num(11,7,10),Not-Num(9,11,5),SubmitC(5,6,7),While-Num(9,1,5),SubmitD(9,15,15)]"
PROBLEM_grade__ARGS_NUM__MUT_005,3423,grade,Numeric,0.005,0,True,24,341,166,"[LoadThreshD-Num(8,9,0),While-Num(2,6,11),Set-7-Num(7,7,1),Mult-Num(3,13,6),SubmitC(3,3,7),SubmitA(0,5,7),TestNumNEqu-Num(0,7,3),SubmitB(14,6,10),TestNumEqu-Num(5,8,14),TestNumLess-Num(4,0,9),Add-Num(11,8,5),Countdown-Num(9,3,8),LoadThreshB-Num(0,1,15),SubmitC(0,7,2),IfNot-Num(10,11,2),LoadThreshC-Num(11,10,10),TestNumLess-Num(4,11,9),If-Num(9,14,13),While-Num(11,4,8),SubmitF(10,4,2),Countdown-Num(9,3,13),Mod-Num(4,5,2),SubmitD(9,1,12),Sub-Num(2,4,9)]"
PROBLEM_grade__ARGS_NUM__MUT_005,3424,grade,Numeric,0.005,0,False,NONE,NONE,NONE,"NONE"
PROBLEM_grade__ARGS_NUM__MUT_005,3425,grade,Numeric,0.005,0,True,19,498,369,"[Not-Num(13,2,7),TestNumLess-Num(4,2,15),TestNumLess-Num(4,3,5),SubmitF(2,1,15),IfNot-Num(5,11,5),SwapMem-Num(1,3,5),SubmitD(15,3,12),Countdown-Num(3,4,11),IfNot-Num(15,6,0),SubmitA(2,12,8),While-Num(13,4,6),SubmitB(5,10,13),TestNumGreater-Num(0,13,13),While-Num(4,6,6),LoadThreshB-Num(2,11,2),SubmitC(15,0,8),Div-Num(4,13,13),TestNumGreaterTEqu-Num(13,2,4),Not-Num(4,0,12)]"
PROBLEM_grade__ARGS_NUM__MUT_005,3426,grade,Numeric,0.005,0,True,37,475,284,"[SubmitD(3,15,6),Sub-Num(4,3,3),Countdown-Num(3,0,12),TestNumNEqu-Num(3,6,0),LoadGrade-Num(3,9,14),LoadThreshD-Num(7,4,12),SubmitA(1,11,15),SubmitF(12,14,2),Set-4-Num(3,10,5),SwapMem-Num(4,5,8),TestNumGreater-Num(8,11,5),SubmitA(10,9,1),Floor-Num(9,11,1),TestNumLessTEqu-Num(10,7,8),Add-Num(1,2,0),LoadGrade-Num(0,2,0),LoadThreshB-Num(2,11,8),CopyMem-Num(4,9,9),Set-5-Num(6,15,0),Add-Num(0,4,10),Set-12-Num(4,13,11),IfNot-Num(8,0,15),Set-6-Num(12,11,14),LoadGrade-Num(7,5,3),TestNumGreater-Num(1,10,15),LoadThreshA-Num(13,4,15),TestNumLessTEqu-Num(13,7,8),SubmitB(11,10,0),IfNot-Num(8,1,9),Inc-Num(7,11,7),Not-Num(3,4,7),LoadThreshC-Num(10,2,14),TestNumLess-Num(10,7,11),Countdown-Num(15,11,11),SubmitD(8,13,1),If-Num(11,3,3),SubmitC(15,13,14)]"
PROBLEM_grade__ARGS_NUM__MUT_005,3427,grade,Numeric,0.005,0,True,50,487,271,"[Floor-Num(10,8,2),LoadThreshD-Num(12,5,8),Sub-Num(4,10,15),SwapMem-Num(12,13,6),Set-3-Num(6,5,14),Countdown-Num(1,0,14),Mod-Num(12,7,8),Countdown-Num(2,2,12),Set-9-Num(7,0,1),SwapMem-Num(6,2,2),LoadGrade-Num(11,11,15),Set-3-Num(5,2,2),Dec-Num(10,6,2),TestNumGreater-Num(15,6,8),LoadThreshA-Num(15,4,8),Set-16-Num(11,1,15),Set-1-Num(11,4,5),LoadThreshB-Num(6,7,15),LoadGrade-Num(7,8,7),Set-2-Num(11,11,7),IfNot-Num(14,9,0),TestNumGreaterTEqu-Num(4,6,6),Set-11-Num(12,1,2),TestNumGreater-Num(15,7,9),Countdown-Num(1,2,8),Countdown-Num(6,8,12),Close(4,11,6),TestNumLess-Num(0,6,10),TestNumGreater-Num(13,4,1),SubmitF(4,0,3),Set-3-Num(5,5,0),Close(8,14,10),Dec-Num(7,10,1),Set-14-Num(11,5,11),SubmitC(6,6,5),While-Num(8,6,13),Mod-Num(6,9,12),SubmitD(9,4,10),CopyMem-Num(5,15,7),IfNot-Num(10,2,11),SubmitB(3,2,2),Mult-Num(0,4,11),Set-10-Num(9,0,15),Mod-Num(13,2,4),CopyMem-Num(8,6,7),Countdown-Num(6,4,9),SubmitC(5,14,4),TestNumLessTEqu-Num(5,1,11),SubmitA(9,13,11),Countdown-Num(12,4,2)]"
PROBLEM_grade__ARGS_NUM__MUT_005,3428,grade,Numeric,0.005,0,True,19,369,294,"[TestNumGreaterTEqu-Num(4,3,5),SubmitF(0,3,11),If-Num(5,0,0),SwapMem-Num(2,4,1),Inc-Num(2,14,8),TestNumLessTEqu-Num(2,0,12),SubmitA(0,8,12),While-Num(12,5,6),LoadThreshC-Num(0,8,8),While-Num(0,8,10),LoadThreshB-Num(7,3,4),SubmitC(5,14,2),While-Num(4,1,7),TestNumLess-Num(7,2,13),TestNumLessTEqu-Num(2,0,12),TestNumLess-Num(12,13,4),SubmitB(8,13,2),While-Num(12,6,13),SubmitD(6,3,0)]"
PROBLEM_grade__ARGS_NUM__MUT_005,3429,grade,Numeric,0.005,0,True,19,429,272,"[TestNumGreater-Num(0,4,0),SubmitA(12,12,11),While-Num(0,1,1),TestNumGreater-Num(2,4,13),If-Num(13,2,1),SubmitD(12,4,11),Inc-Num(4,3,13),TestNumGreater-Num(4,3,10),If-Num(10,7,15),Return(0,7,12),Close(13,3,3),SubmitF(9,10,13),Return(9,10,6),Close(12,7,13),SubmitB(6,4,3),Dec-Num(1,0,14),TestNumLessTEqu-Num(4,1,1),While-Num(1,14,9),SubmitC(15,15,12)]"
PROBLEM_grade__ARGS_NUM__MUT_005,3430,grade,Numeric,0.005,0,True,56,489,202,"[LoadGrade-Num(15,9,7),TestNumLess-Num(15,1,6),Set-7-Num(8,2,4),Div-Num(8,6,14),Set-13-Num(12,14,1),LoadThreshC-Num(1,1,2),Countdown-Num(12,12,3),Set-10-Num(6,1,12),TestNumNEqu-Num(0,6,8),Div-Num(10,9,0),If-Num(14,15,0),Add-Num(1,11,0),TestNumLess-Num(4,1,5),SubmitC(3,11,1),Not-Num(3,1,15),LoadThreshD-Num(0,13,3),Div-Num(7,5,4),SwapMem-Num(11,1,2),Close(14,0,9),Mod-Num(10,2,11),Not-Num(5,6,3),Countdown-Num(6,2,0),SubmitC(7,15,7),Set-1-Num(1,11,8),Set-14-Num(8,5,1),TestNumGreaterTEqu-Num(3,2,14),LoadThreshA-Num(9,9,13),CopyMem-Num(9,13,3),SubmitA(3,3,3),Not-Num(14,7,4),TestNumLessTEqu-Num(11,12,5),Set-15-Num(11,5,0),Sub-Num(4,5,4),Sub-Num(15,0,13),Countdown-Num(6,0,15),Set-2-Num(14,0,13),SwapMem-Num(15,4,12),Countdown-Num(6,3,3),TestNumEqu-Num(12,10,7),SubmitF(2,12,3),TestNumLessTEqu-Num(6,0,10),Set-7-Num(3,10,1),Set-5-Num(8,14,12),Set-9-Num(2,5,9),Set-9-Num(14,4,3),Set-1-Num(4,0,0),Not-Num(6,2,11),Set-5-Num(9,1,15),TestNumGreater-Num(7,13,1),SubmitB(1,13,15),Set-10-Num(10,10,2),Set-4-Num(14,15,9),If-Num(1,8,11),SubmitD(0,0,8),Countdown-Num(2,8,6),Countdown-Num(10,6,9)]"
PROBLEM_grade__ARGS_NUM__MUT_005,3431,grade,Numeric,0.005,0,True,49,461,416,"[Set-16-Num(14,13,5),Set-5-Num(13,15,5),Countdown-Num(13,12,4),TestNumLess-Num(14,15,2),Add-Num(4,15,13),Dec-Num(3,15,3),Set-5-Num(0,12,5),LoadThreshC-Num(11,2,15),TestNumGreater-Num(12,14,7),SubmitF(5,2,11),Div-Num(11,15,8),Div-Num(8,14,0),Set-8-Num(15,3,4),Sub-Num(8,15,6),Sub-Num(8,6,3),Set-9-Num(10,10,14),Set-15-Num(8,12,12),LoadThreshC-Num(13,4,15),Mod-Num(1,6,12),LoadThreshA-Num(8,13,1),TestNumGreaterTEqu-Num(6,13,12),TestNumLess-Num(9,10,10),Set-11-Num(14,0,14),TestNumLess-Num(4,8,6),SubmitD(4,6,13),Not-Num(3,11,0),TestNumLess-Num(4,1,13),LoadThreshB-Num(2,2,14),Countdown-Num(2,9,1),Not-Num(8,5,6),TestNumEqu-Num(6,0,10),Inc-Num(12,13,6),Mod-Num(3,8,2),IfNot-Num(7,11,13),LoadThreshD-Num(14,15,8),Set-1-Num(3,11,15),Mod-Num(12,9,12),SubmitC(14,13,6),Floor-Num(6,1,14),Inc-Num(4,1,1),LoadThreshB-Num(6,2,5),TestNumNEqu-Num(13,8,5),SubmitB(7,8,15),Not-Num(7,1,15),TestNumGreaterTEqu-Num(11,4,2),CopyMem-Num(7,4,12),LoadGrade-Num(12,5,12),While-Num(10,11,5),SubmitA(10,4,3)]"
PROBLEM_grade__ARGS_NUM__MUT_005,3432,grade,Numeric,0.005,0,False,NONE,NONE,NONE,"NONE"
PROBLEM_grade__ARGS_NUM__MUT_005,3433,grade,Numeric,0.005,0,True,78,486,104,"[SwapMem-Num(4,0,5),Inc-Num(11,1,1),SwapMem-Num(2,0,2),TestNumGreaterTEqu-Num(4,2,11),Mod-Num(2,4,14),Not-Num(10,1,9),LoadThreshB-Num(5,15,4),Countdown-Num(0,6,2),TestNumLessTEqu-Num(14,0,0),Set-10-Num(14,4,12),Close(11,3,14),SwapMem-Num(8,11,15),Mod-Num(8,5,14),LoadThreshB-Num(10,10,8),Add-Num(4,10,0),Countdown-Num(0,5,0),LoadThreshC-Num(11,11,0),SubmitC(14,4,10),Set-16-Num(11,2,3),Mod-Num(9,3,6),TestNumLessTEqu-Num(5,9,8),TestNumGreaterTEqu-Num(12,13,7),LoadThreshB-Num(13,6,6),Inc-Num(2,11,0),Set-9-Num(1,9,11),LoadThreshA-Num(7,0,14),SubmitA(9,4,6),Set-15-Num(7,11,11),LoadThreshD-Num(6,3,2),TestNumEqu-Num(15,8,11),SubmitA(9,10,13),Floor-Num(14,1,12),LoadThreshA-Num(4,11,13),TestNumNEqu-Num(4,14,12),SubmitD(6,12,13),Set-3-Num(4,15,5),LoadThreshA-Num(7,10,1),LoadThreshC-Num(12,13,12),LoadThreshD-Num(5,5,0),TestNumGreaterTEqu-Num(15,5,2),TestNumLessTEqu-Num(14,0,0),Not-Num(9,13,1),Set-15-Num(1,13,0),Set-8-Num(3,12,10),Set-3-Num(12,7,8),Inc-Num(2,11,15),Set-7-Num(2,6,3),Set-13-Num(6,10,12),TestNumLess-Num(9,15,13),Set-4-Num(3,4,15),SubmitF(4,6,14),Mult-Num(5,14,6),Set-7-Num(12,9,8),LoadThreshC-Num(6,15,14),Set-15-Num(15,3,6),LoadGrade-Num(9,10,11),SubmitD(15,5,9),SubmitC(15,7,11),LoadThreshA-Num(1,5,9),LoadThreshC-Num(7,1,3),Add-Num(9,0,15),SubmitC(4,7,2),Close(1,1,14),While-Num(8,15,5),TestNumGreater-Num(10,9,8),SubmitD(4,11,14),TestNumGreaterTEqu-Num(7,3,9),Set-14-Num(11,1,15),SubmitC(2,7,11),Close(9,15,1),LoadThreshC-Num(2,5,12),SubmitA(5,3,10),Div-Num(13,2,7),Close(4,11,7),Set-1-Num(13,8,12),SubmitB(11,11,10),SubmitB(8,5,4),SubmitF(9,7,4)]"
PROBLEM_grade__ARGS_NUM__MUT_005,3434,grade,Numeric,0.005,0,True,62,482,282,"[Close(4,7,15),LoadGrade-Num(2,12,10),LoadThreshB-Num(2,4,6),Break(0,5,14),TestNumLessTEqu-Num(2,7,13),While-Num(1,8,4),Set-5-Num(1,9,14),LoadThreshC-Num(9,1,2),CopyMem-Num(2,3,11),TestNumGreaterTEqu-Num(4,2,0),Set-9-Num(14,0,6),Div-Num(12,0,9),Set-16-Num(2,11,6),Set-8-Num(3,2,9),LoadThreshA-Num(0,15,5),Set-15-Num(10,8,11),Sub-Num(4,0,1),Set-5-Num(13,2,8),SwapMem-Num(4,12,2),LoadThreshA-Num(6,8,13),Mod-Num(6,12,4),If-Num(6,15,6),LoadThreshD-Num(3,6,15),SubmitA(5,11,8),Countdown-Num(2,15,12),LoadGrade-Num(6,6,7),Countdown-Num(9,10,4),While-Num(1,3,2),SubmitF(4,1,6),Sub-Num(3,4,11),Set-6-Num(10,0,5),If-Num(0,3,2),SwapMem-Num(7,9,8),Set-6-Num(11,4,1),Set-13-Num(4,5,13),LoadGrade-Num(9,5,14),Set-10-Num(2,0,7),LoadThreshD-Num(5,9,7),Set-16-Num(2,5,5),SwapMem-Num(15,11,14),TestNumLess-Num(8,7,9),Div-Num(9,9,1),Set-10-Num(10,12,3),Inc-Num(9,2,4),Set-9-Num(14,4,8),SwapMem-Num(2,4,5),Set-10-Num(15,0,15),Set-13-Num(5,10,4),SwapMem-Num(15,8,13),Add-Num(5,15,2),Not-Num(2,7,3),SubmitC(3,10,2),Floor-Num(8,10,12),CopyMem-Num(7,15,0),SubmitD(7,10,7),TestNumGreater-Num(12,11,6),SubmitD(0,0,7),Set-11-Num(1,15,2),SubmitB(2,11,6),Set-3-Num(9,11,0),IfNot-Num(6,0,8),TestNumGreaterTEqu-Num(12,3,0)]"
PROBLEM_grade__ARGS_NUM__MUT_005,3435,grade,Numeric,0.005,0,True,42,415,349,"[While-Num(2,8,1),TestNumLess-Num(8,4,12),LoadThreshD-Num(3,3,8),TestNumNEqu-Num(8,6,7),LoadThreshA-Num(9,7,5),Mod-Num(3,2,8),IfNot-Num(12,4,14),SubmitF(12,13,7),Sub-Num(4,8,6),Countdown-Num(6,8,15),Close(12,0,6),Close(14,12,4),SubmitD(0,6,5),Set-5-Num(12,0,12),Set-1-Num(14,10,7),LoadThreshB-Num(12,11,4),LoadGrade-Num(12,9,12),Mod-Num(12,2,10),Set-0-Num(12,14,4),TestNumLess-Num(10,4,1),If-Num(2,3,8),While-Num(1,8,14),Set-15-Num(10,11,10),Set-3-Num(8,15,0),Mult-Num(3,12,11),Mod-Num(11,13,12),IfNot-Num(12,8,4),LoadThreshB-Num(2,15,14),TestNumLessTEqu-Num(6,12,10),SubmitB(15,9,13),Div-Num(14,8,10),SubmitA(7,13,10),LoadGrade-Num(2,7,1),SubmitC(11,13,5),TestNumLessTEqu-Num(0,2,14),Set-11-Num(7,12,15),Close(12,2,11),LoadThreshB-Num(0,14,5),If-Num(10,10,14),Mult-Num(15,5,4),Set-5-Num(10,3,10),SubmitA(5,4,13)]"
PROBLEM_grade__ARGS_NUM__MUT_005,3436,grade,Numeric,0.005,0,True,17,463,394,"[SubmitF(3,6,12),LoadThreshD-Num(8,11,1),Dec-Num(8,0,13),TestNumGreater-Num(4,8,3),While-Num(3,9,14),LoadThreshC-Num(7,4,11),TestNumGreaterTEqu-Num(4,1,8),SubmitD(4,9,14),TestNumGreaterTEqu-Num(4,7,9),While-Num(9,0,12),SubmitC(3,6,4),Countdown-Num(8,3,12),LoadThreshA-Num(7,3,10),SubmitB(13,2,7),TestNumGreaterTEqu-Num(4,7,9),While-Num(9,15,8),SubmitA(3,10,3)]"
PROBLEM_grade__ARGS_NUM__MUT_005,3437,grade,Numeric,0.005,0,True,17,490,365,"[TestNumLessTEqu-Num(3,4,9),Inc-Num(4,13,3),SubmitF(3,3,2),TestNumGreater-Num(4,0,14),LoadGrade-Num(3,2,3),SwapMem-Num(12,14,10),If-Num(9,0,15),SubmitA(5,2,10),TestNumGreater-Num(1,3,15),IfNot-Num(12,7,2),TestNumGreaterTEqu-Num(3,2,5),SubmitB(6,10,3),Countdown-Num(15,2,13),Mod-Num(5,2,9),SubmitD(3,12,2),Countdown-Num(5,4,13),SubmitC(11,10,15)]"
PROBLEM_grade__ARGS_NUM__MUT_005,3438,grade,Numeric,0.005,0,True,25,257,218,"[LoadGrade-Num(0,2,15),SwapMem-Num(5,3,0),SwapMem-Num(2,3,7),Inc-Num(0,6,11),LoadThreshA-Num(2,8,8),Countdown-Num(4,0,5),SubmitA(4,15,11),TestNumLess-Num(2,0,4),Close(4,15,0),SubmitF(3,3,15),Sub-Num(3,6,1),TestNumLessTEqu-Num(0,5,15),LoadGrade-Num(7,5,8),TestNumLess-Num(7,1,14),IfNot-Num(15,7,0),LoadThreshB-Num(5,0,10),SubmitC(1,11,4),LoadGrade-Num(4,0,13),Countdown-Num(14,5,9),SubmitD(4,8,13),Close(13,4,14),Dec-Num(5,12,9),TestNumLess-Num(5,4,7),While-Num(7,14,13),SubmitB(9,2,1)]"
PROBLEM_grade__ARGS_NUM__MUT_005,3439,grade,Numeric,0.005,0,True,41,478,187,"[Sub-Num(2,7,7),LoadGrade-Num(6,9,0),LoadThreshD-Num(9,10,6),LoadThreshA-Num(12,12,0),Sub-Num(12,10,5),SubmitF(13,1,5),TestNumLessTEqu-Num(9,6,4),CopyMem-Num(6,11,10),While-Num(4,7,4),LoadThreshA-Num(15,11,4),Set-12-Num(1,5,5),Not-Num(0,4,2),Not-Num(1,0,4),Set-14-Num(2,4,9),TestNumLess-Num(6,5,15),SubmitF(2,12,0),SubmitA(0,6,10),SubmitA(8,0,10),Sub-Num(11,7,14),Set-4-Num(0,11,8),SubmitF(0,1,7),SubmitC(8,3,3),Countdown-Num(15,8,7),Set-5-Num(1,13,3),Set-9-Num(5,4,1),LoadThreshC-Num(1,9,5),SubmitD(7,13,13),Not-Num(10,13,13),Close(14,5,6),Set-14-Num(11,15,12),Set-9-Num(7,9,9),Not-Num(12,4,9),TestNumLessTEqu-Num(15,14,0),SubmitB(2,13,3),Set-16-Num(12,15,11),Set-1-Num(12,9,6),Floor-Num(13,6,13),LoadThreshB-Num(5,0,0),While-Num(0,14,4),Set-2-Num(13,1,9),Break(1,8,4)]"
PROBLEM_grade__ARGS_NUM__MUT_005,3440,grade,Numeric,0.005,0,True,65,499,390,"[LoadThreshB-Num(6,0,0),Inc-Num(5,6,12),TestNumLessTEqu-Num(3,4,7),Close(11,6,13),LoadThreshB-Num(10,10,12),Floor-Num(13,7,5),LoadThreshC-Num(11,0,12),Inc-Num(4,6,15),TestNumNEqu-Num(13,11,14),Set-1-Num(0,3,5),Add-Num(5,9,14),Set-9-Num(10,12,13),TestNumLess-Num(0,5,12),LoadGrade-Num(11,15,10),LoadThreshD-Num(10,7,7),Close(8,1,14),Set-8-Num(0,10,1),Div-Num(2,14,0),Not-Num(2,1,15),Set-11-Num(3,0,11),Set-5-Num(1,4,7),SubmitF(9,10,2),Close(13,15,15),TestNumGreaterTEqu-Num(5,1,12),LoadThreshC-Num(9,7,13),Set-8-Num(8,12,15),SubmitD(8,14,5),LoadThreshA-Num(3,15,14),Not-Num(0,12,6),Add-Num(2,4,14),TestNumEqu-Num(1,13,8),Sub-Num(4,13,3),While-Num(7,9,6),Set-15-Num(8,5,6),Div-Num(12,7,15),TestNumLessTEqu-Num(9,5,15),Div-Num(12,3,1),TestNumGreater-Num(9,11,7),LoadThreshB-Num(14,11,7),Mult-Num(14,13,10),SubmitA(9,9,5),TestNumGreaterTEqu-Num(6,3,11),Set-0-Num(10,5,11),TestNumLessTEqu-Num(7,13,7),LoadThreshD-Num(12,2,13),SubmitC(5,12,15),Mult-Num(5,4,6),TestNumGreater-Num(14,13,0),Set-14-Num(12,10,12),Set-5-Num(9,2,7),TestNumNEqu-Num(4,1,12),Set-12-Num(0,6,4),Div-Num(0,2,3),TestNumGreater-Num(15,4,0),LoadThreshA-Num(6,12,15),Set-0-Num(12,0,3),Sub-Num(0,1,12),Set-0-Num(9,9,9),SwapMem-Num(11,13,8),Mod-Num(2,0,5),LoadThreshD-Num(9,15,13),While-Num(13,14,13),SubmitB(7,3,9),LoadThreshD-Num(6,11,9),TestNumEqu-Num(13,10,13)]"
PROBLEM_grade__ARGS_NUM__MUT_005,3441,grade,Numeric,0.005,0,True,19,408,268,"[LoadThreshC-Num(7,9,3),TestNumGreaterTEqu-Num(4,3,10),SubmitF(9,11,6),While-Num(10,2,9),TestNumGreaterTEqu-Num(4,12,13),SwapMem-Num(6,7,7),TestNumLessTEqu-Num(6,4,15),SubmitD(11,11,4),Div-Num(2,12,10),LoadThreshB-Num(7,1,9),TestNumLess-Num(2,13,11),Not-Num(5,5,4),SubmitC(4,15,10),LoadThreshA-Num(12,11,2),Countdown-Num(15,13,14),Mod-Num(14,5,2),SubmitB(12,7,14),If-Num(11,11,7),SubmitA(5,1,5)]"
PROBLEM_grade__ARGS_NUM__MUT_005,3442,grade,Numeric,0.005,0,False,NONE,NONE,NONE,"NONE"
PROBLEM_grade__ARGS_NUM__MUT_005,3443,grade,Numeric,0.005,0,True,50,481,207,"[LoadThreshC-Num(7,15,0),Close(15,1,7),LoadThreshD-Num(6,10,6),Div-Num(14,9,5),Dec-Num(14,11,8),CopyMem-Num(12,2,1),Set-10-Num(5,12,14),Dec-Num(0,13,6),LoadGrade-Num(10,1,7),Set-5-Num(14,0,0),TestNumLess-Num(6,1,1),Inc-Num(2,11,6),SubmitA(8,14,14),Set-6-Num(14,1,14),TestNumGreaterTEqu-Num(0,10,1),Set-12-Num(15,2,9),Not-Num(4,9,10),Countdown-Num(1,11,5),LoadGrade-Num(2,12,13),SubmitF(6,15,5),SubmitC(2,13,2),LoadThreshD-Num(5,0,4),SubmitC(15,1,8),Set-9-Num(15,4,7),Set-6-Num(12,12,10),Dec-Num(0,10,14),Div-Num(8,14,11),TestNumLessTEqu-Num(11,2,12),Inc-Num(2,5,9),Div-Num(2,12,13),LoadThreshD-Num(8,4,1),Set-0-Num(5,12,1),Add-Num(5,12,8),Set-10-Num(0,1,12),LoadThreshB-Num(0,2,3),Close(6,15,8),While-Num(13,4,3),SwapMem-Num(4,7,14),TestNumGreater-Num(3,10,15),Set-12-Num(14,11,3),TestNumLessTEqu-Num(13,4,10),TestNumLessTEqu-Num(15,13,8),While-Num(10,10,5),Countdown-Num(15,1,15),Close(8,0,14),SubmitF(9,15,3),SubmitD(15,15,9),Close(3,1,4),Countdown-Num(7,4,11),SubmitB(11,2,7)]"
PROBLEM_grade__ARGS_NUM__MUT_005,3444,grade,Numeric,0.005,0,True,17,425,216,"[Add-Num(4,14,6),TestNumGreater-Num(0,6,0),TestNumGreater-Num(2,4,5),SubmitF(15,7,12),LoadThreshD-Num(10,14,14),TestNumLessTEqu-Num(10,6,9),If-Num(9,12,5),TestNumGreaterTEqu-Num(12,0,15),SubmitA(5,15,3),IfNot-Num(15,14,4),Sub-Num(1,6,10),SubmitB(8,0,4),TestNumLess-Num(5,10,6),Countdown-Num(6,6,3),SubmitC(6,7,13),While-Num(5,3,5),SubmitD(13,7,13)]"
PROBLEM_grade__ARGS_NUM__MUT_005,3445,grade,Numeric,0.005,0,True,31,395,190,"[TestNumLess-Num(4,0,6),SubmitA(8,6,6),If-Num(6,1,8),While-Num(1,2,9),SubmitD(12,15,13),TestNumGreaterTEqu-Num(4,2,3),LoadThreshD-Num(2,13,12),Inc-Num(4,4,1),SwapMem-Num(2,4,7),Countdown-Num(3,12,12),While-Num(2,14,7),SubmitA(13,1,3),SubmitA(6,14,13),SubmitC(11,12,8),IfNot-Num(11,11,2),Add-Num(7,11,8),LoadThreshB-Num(4,10,0),TestNumLessTEqu-Num(10,11,7),TestNumNEqu-Num(3,9,10),SubmitB(5,9,11),TestNumGreaterTEqu-Num(8,6,5),Set-12-Num(13,6,11),TestNumGreaterTEqu-Num(4,2,3),Set-8-Num(13,10,13),Set-9-Num(0,14,13),TestNumGreaterTEqu-Num(15,5,4),TestNumGreaterTEqu-Num(8,5,12),Set-9-Num(4,4,1),SubmitF(9,13,8),Countdown-Num(3,1,4),If-Num(12,7,12)]"
PROBLEM_grade__ARGS_NUM__MUT_005,3446,grade,Numeric,0.005,0,True,38,498,102,"[Countdown-Num(1,9,14),TestNumGreater-Num(11,9,11),SubmitC(10,15,13),TestNumGreater-Num(10,0,6),Set-16-Num(10,6,10),Add-Num(14,7,15),LoadThreshC-Num(2,9,15),TestNumNEqu-Num(3,2,11),TestNumGreater-Num(9,4,7),Add-Num(8,9,3),Set-14-Num(13,14,13),LoadThreshB-Num(13,1,10),TestNumEqu-Num(6,9,8),LoadThreshC-Num(9,11,6),TestNumLessTEqu-Num(0,4,14),TestNumLess-Num(6,11,2),Set-8-Num(5,15,2),Set-4-Num(12,6,15),Set-2-Num(15,3,10),LoadGrade-Num(0,10,7),Countdown-Num(14,2,8),Mult-Num(4,9,7),Close(15,7,7),Inc-Num(8,1,12),LoadThreshB-Num(0,15,3),Dec-Num(10,7,8),Set-16-Num(1,9,3),Sub-Num(14,15,11),Set-8-Num(5,15,15),SubmitF(7,14,11),Floor-Num(15,11,4),Countdown-Num(7,6,7),LoadThreshD-Num(9,6,13),SubmitD(4,1,1),While-Num(7,13,14),SubmitB(1,7,14),SubmitA(8,12,13),Countdown-Num(8,8,2)]"
PROBLEM_grade__ARGS_NUM__MUT_005,3447,grade,Numeric,0.005,0,True,38,481,262,"[SubmitC(0,2,12),TestNumGreaterTEqu-Num(4,0,4),TestNumLessTEqu-Num(4,6,4),LoadGrade-Num(13,0,5),SwapMem-Num(6,1,11),SubmitA(6,12,13),LoadThreshB-Num(14,6,6),Add-Num(10,4,9),If-Num(6,5,1),TestNumGreater-Num(2,13,5),If-Num(5,5,7),Close(0,15,11),While-Num(4,7,11),LoadGrade-Num(15,11,6),TestNumNEqu-Num(2,9,8),SubmitF(6,2,10),Set-1-Num(12,3,15),Set-7-Num(12,15,7),TestNumLess-Num(15,14,9),CopyMem-Num(10,4,5),LoadThreshD-Num(14,3,3),CopyMem-Num(7,14,7),Inc-Num(4,2,9),Set-5-Num(10,5,6),Set-7-Num(7,13,2),Set-11-Num(15,7,4),SubmitD(15,9,10),Set-12-Num(0,4,6),Dec-Num(7,8,0),SubmitC(12,8,14),SubmitB(9,5,13),LoadThreshD-Num(14,3,6),Set-8-Num(5,5,2),Not-Num(11,12,1),Set-2-Num(12,0,15),Countdown-Num(9,4,15),LoadThreshC-Num(10,1,5),Not-Num(11,3,14)]"
PROBLEM_grade__ARGS_NUM__MUT_005,3448,grade,Numeric,0.005,0,True,30,477,348,"[SwapMem-Num(0,15,6),LoadThreshB-Num(2,13,13),LoadGrade-Num(0,0,7),TestNumGreaterTEqu-Num(0,2,2),Dec-Num(3,10,0),SwapMem-Num(3,1,3),Dec-Num(15,11,9),TestNumNEqu-Num(2,9,6),Dec-Num(13,6,7),IfNot-Num(6,5,1),SwapMem-Num(15,13,9),LoadThreshC-Num(2,15,7),Close(11,0,10),SubmitF(14,2,12),TestNumLessTEqu-Num(0,1,14),TestNumGreaterTEqu-Num(15,0,15),IfNot-Num(14,3,1),Mod-Num(7,15,13),SubmitB(7,13,12),While-Num(13,7,2),Set-13-Num(15,11,12),SubmitA(7,1,1),LoadGrade-Num(9,6,9),SwapMem-Num(12,7,8),SubmitD(9,7,3),Not-Num(10,4,11),Countdown-Num(10,4,9),TestNumLess-Num(9,2,10),Close(13,6,6),SubmitC(11,13,2)]"
PROBLEM_grade__ARGS_NUM__MUT_005,3449,grade,Numeric,0.005,0,True,70,500,278,"[Close(9,5,2),TestNumGreater-Num(0,10,7),Dec-Num(1,11,14),TestNumNEqu-Num(3,5,11),Set-16-Num(11,10,13),SubmitD(14,14,10),LoadThreshC-Num(2,0,13),Set-12-Num(5,0,8),Dec-Num(2,2,1),Set-4-Num(6,0,9),LoadThreshB-Num(6,14,4),Inc-Num(11,2,15),Close(2,15,3),LoadThreshA-Num(7,6,12),CopyMem-Num(5,3,10),Div-Num(6,11,0),Div-Num(10,6,5),Add-Num(15,12,11),TestNumLessTEqu-Num(12,3,3),SubmitB(4,11,13),Set-10-Num(11,11,7),Set-10-Num(3,1,3),Set-14-Num(9,11,15),Set-16-Num(0,0,9),Set-7-Num(4,6,12),Add-Num(7,0,8),LoadThreshC-Num(9,11,11),LoadGrade-Num(15,13,6),TestNumNEqu-Num(11,2,13),Inc-Num(11,2,10),Div-Num(4,11,9),TestNumGreaterTEqu-Num(9,0,6),Mod-Num(4,13,14),Dec-Num(5,2,1),SubmitB(8,3,11),LoadGrade-Num(11,11,5),TestNumLessTEqu-Num(11,9,11),TestNumGreaterTEqu-Num(1,15,3),Floor-Num(6,5,6),LoadGrade-Num(1,10,5),TestNumLessTEqu-Num(15,14,8),SubmitF(10,0,3),Set-13-Num(14,1,0),Add-Num(11,3,14),Set-0-Num(9,3,9),LoadThreshC-Num(13,8,11),Add-Num(7,11,8),Set-11-Num(0,9,6),SwapMem-Num(0,13,4),Mod-Num(3,1,9),Mod-Num(9,0,10),TestNumGreater-Num(15,2,8),Floor-Num(7,5,14),Set-11-Num(9,8,1),LoadGrade-Num(11,3,7),TestNumLess-Num(12,10,4),TestNumGreater-Num(7,11,4),Sub-Num(11,15,9),SubmitA(1,1,15),Countdown-Num(4,13,6),SubmitC(2,5,3),Dec-Num(1,9,0),Countdown-Num(3,7,11),TestNumGreater-Num(9,2,1),TestNumGreaterTEqu-Num(1,8,12),If-Num(12,12,1),LoadThreshD-Num(5,0,8),LoadGrade-Num(4,12,6),TestNumGreaterTEqu-Num(4,5,3),Break(6,4,7)]"
PROBLEM_grade__ARGS_NUM__MUT_005,3450,grade,Numeric,0.005,0,True,27,303,143,"[TestNumLess-Num(14,2,5),LoadThreshC-Num(6,15,15),Close(2,11,15),Inc-Num(4,12,2),TestNumLessTEqu-Num(4,6,2),LoadThreshB-Num(6,1,0),Set-11-Num(12,6,10),SubmitB(1,7,6),Close(12,11,0),Countdown-Num(2,4,8),Sub-Num(4,5,2),SubmitF(12,6,0),TestNumGreaterTEqu-Num(2,3,15),While-Num(15,14,5),SubmitD(11,5,6),Close(7,11,4),Div-Num(12,12,2),Close(11,2,10),SwapMem-Num(12,7,8),SubmitA(5,6,14),TestNumLessTEqu-Num(4,6,2),LoadThreshA-Num(6,7,14),Countdown-Num(2,4,4),Set-2-Num(4,0,5),IfNot-Num(12,7,11),Set-10-Num(2,8,11),SubmitC(6,14,11)]"
PROBLEM_grade__ARGS_NUM__MUT_0075,3351,grade,Numeric,0.0075,0,True,51,410,289,"[Close(0,0,12),Close(2,1,7),Set-4-Num(8,7,12),LoadThreshA-Num(9,10,7),Set-15-Num(13,5,11),Not-Num(8,3,5),Set-2-Num(6,13,4),Set-11-Num(6,3,10),Set-12-Num(14,14,13),SubmitD(9,0,3),LoadThreshC-Num(14,10,11),Set-3-Num(15,9,4),SubmitC(9,2,8),LoadGrade-Num(0,2,8),TestNumGreater-Num(3,0,15),TestNumGreater-Num(4,1,4),SubmitA(13,8,9),Set-5-Num(10,5,8),Sub-Num(2,12,6),Set-5-Num(6,8,2),Dec-Num(14,12,0),LoadThreshA-Num(0,4,0),TestNumLessTEqu-Num(4,4,10),SwapMem-Num(15,6,1),SubmitF(0,0,14),LoadThreshA-Num(5,2,2),LoadGrade-Num(7,9,2),Set-4-Num(0,10,0),Dec-Num(6,13,15),LoadThreshA-Num(2,13,5),TestNumLessTEqu-Num(12,9,5),Countdown-Num(6,12,3),SubmitC(3,9,2),LoadGrade-Num(7,7,2),Set-11-Num(13,12,15),If-Num(5,3,4),Set-5-Num(10,14,3),TestNumGreater-Num(2,7,6),LoadGrade-Num(2,5,4),LoadThreshA-Num(4,14,3),LoadGrade-Num(15,11,15),TestNumGreaterTEqu-Num(7,10,12),While-Num(10,4,14),Set-0-Num(3,3,10),LoadThreshD-Num(10,5,0),SubmitB(7,3,4),Mod-Num(7,5,10),Close(8,14,0),TestNumGreater-Num(7,14,5),Add-Num(1,3,2),Break(9,0,10)]"
PROBLEM_grade__ARGS_NUM__MUT_0075,3352,grade,Numeric,0.0075,0,True,48,407,243,"[LoadThreshC-Num(5,11,13),Countdown-Num(1,10,12),Mod-Num(6,0,9),IfNot-Num(14,15,10),SubmitF(3,11,11),SubmitB(9,14,14),TestNumGreaterTEqu-Num(2,8,0),LoadGrade-Num(15,10,9),SubmitC(2,7,8),TestNumLessTEqu-Num(5,15,12),IfNot-Num(12,15,13),Set-14-Num(6,12,8),TestNumGreater-Num(14,1,2),Set-2-Num(6,12,4),Sub-Num(12,4,4),Add-Num(3,4,7),TestNumLessTEqu-Num(9,12,8),Set-8-Num(10,10,8),Close(2,10,10),LoadThreshB-Num(9,14,9),TestNumLess-Num(7,8,12),Set-14-Num(6,14,11),Set-12-Num(2,11,12),TestNumGreater-Num(4,1,14),Div-Num(2,12,4),Set-11-Num(6,11,0),LoadGrade-Num(15,10,3),TestNumLess-Num(2,11,6),SubmitD(11,5,1),TestNumLessTEqu-Num(12,12,10),Set-4-Num(3,5,8),Set-11-Num(2,13,6),Set-4-Num(11,3,13),LoadThreshA-Num(1,7,12),SubmitF(8,8,8),Countdown-Num(12,13,1),Close(10,10,13),LoadThreshC-Num(15,5,13),TestNumEqu-Num(13,4,9),Set-10-Num(15,8,11),LoadGrade-Num(6,10,8),SubmitB(6,15,6),TestNumGreaterTEqu-Num(6,1,10),Set-5-Num(3,7,0),CopyMem-Num(8,11,8),Add-Num(12,12,11),While-Num(10,6,9),SubmitA(2,2,14)]"
PROBLEM_grade__ARGS_NUM__MUT_0075,3353,grade,Numeric,0.0075,0,True,64,478,367,"[Set-13-Num(15,4,0),CopyMem-Num(8,9,11),LoadThreshD-Num(9,12,7),Add-Num(15,8,8),Countdown-Num(1,3,6),TestNumLessTEqu-Num(3,5,7),Floor-Num(10,11,8),SubmitF(4,5,14),TestNumGreater-Num(9,4,3),If-Num(8,5,14),Mod-Num(9,11,9),Set-4-Num(12,13,14),LoadThreshA-Num(13,14,1),Set-6-Num(5,13,3),LoadThreshB-Num(9,6,10),Set-8-Num(7,7,14),Inc-Num(1,1,15),If-Num(2,8,6),LoadThreshA-Num(11,5,3),Set-15-Num(12,4,9),SubmitD(12,14,5),TestNumGreater-Num(2,4,15),SwapMem-Num(1,3,3),Countdown-Num(7,1,11),IfNot-Num(15,0,8),SubmitB(6,4,10),TestNumGreaterTEqu-Num(12,6,7),If-Num(2,0,8),Div-Num(12,0,7),Mod-Num(15,11,2),Set-11-Num(2,15,4),Div-Num(13,2,8),TestNumGreater-Num(4,9,2),Dec-Num(3,12,0),TestNumLessTEqu-Num(4,3,15),LoadGrade-Num(2,14,15),LoadThreshA-Num(12,11,1),SubmitC(3,3,10),Set-8-Num(2,7,12),Div-Num(6,2,14),Add-Num(15,10,6),Floor-Num(12,1,12),LoadGrade-Num(5,1,7),TestNumGreater-Num(1,0,15),Set-11-Num(2,2,12),LoadGrade-Num(4,6,6),SwapMem-Num(13,8,3),TestNumLess-Num(3,15,1),SwapMem-Num(6,3,1),TestNumGreater-Num(8,5,8),Set-4-Num(12,1,6),Set-0-Num(4,4,10),SubmitA(0,8,10),Mod-Num(8,15,11),TestNumNEqu-Num(15,0,13),Set-15-Num(5,6,7),Dec-Num(3,13,7),LoadThreshA-Num(7,11,9),TestNumGreaterTEqu-Num(11,0,10),Set-13-Num(9,9,8),Countdown-Num(3,8,0),Mod-Num(4,8,2),Mult-Num(14,13,3),Countdown-Num(10,8,6)]"
PROBLEM_grade__ARGS_NUM__MUT_0075,3354,grade,Numeric,0.0075,0,True,73,498,387,"[Mult-Num(8,4,11),Close(7,10,2),Set-4-Num(1,11,1),Sub-Num(1,14,5),Close(9,4,7),Set-1-Num(12,8,4),Close(0,10,0),LoadThreshB-Num(2,7,0),Set-5-Num(15,13,7),Break(8,5,12),Div-Num(2,4,5),TestNumGreater-Num(5,12,5),Set-4-Num(13,7,8),Set-6-Num(1,3,14),Set-8-Num(10,10,8),LoadThreshB-Num(13,9,3),TestNumGreaterTEqu-Num(11,14,15),SubmitC(10,3,9),Set-7-Num(3,12,11),SubmitB(5,13,0),Set-14-Num(7,10,9),LoadThreshB-Num(0,14,5),Div-Num(15,14,7),Mod-Num(1,9,6),Countdown-Num(6,5,3),Close(8,8,14),SubmitF(15,1,6),TestNumLessTEqu-Num(4,8,1),Set-6-Num(9,6,11),Break(1,15,0),LoadThreshD-Num(8,15,2),Break(13,1,2),SubmitC(11,0,7),LoadGrade-Num(10,3,3),Set-8-Num(2,9,8),TestNumLess-Num(11,2,9),SubmitD(6,0,15),Set-0-Num(3,12,0),IfNot-Num(14,3,5),Set-4-Num(2,15,2),LoadThreshA-Num(6,13,14),Close(15,12,6),Set-8-Num(14,1,5),Set-5-Num(8,6,2),Set-9-Num(0,13,12),Set-2-Num(11,9,15),SubmitF(4,3,8),Set-11-Num(11,3,3),Set-12-Num(6,14,2),While-Num(15,7,3),SubmitA(12,2,2),LoadThreshC-Num(9,8,1),CopyMem-Num(11,0,0),Add-Num(15,4,3),TestNumGreaterTEqu-Num(10,9,1),LoadGrade-Num(10,0,4),Set-4-Num(7,13,7),If-Num(5,13,2),Div-Num(0,12,9),LoadThreshA-Num(3,5,6),Div-Num(4,11,4),TestNumGreaterTEqu-Num(10,3,15),Set-15-Num(3,11,10),Set-14-Num(12,8,11),LoadThreshD-Num(7,1,3),Close(15,8,11),Inc-Num(10,3,3),Inc-Num(8,2,13),SwapMem-Num(1,14,3),Div-Num(15,14,9),TestNumLessTEqu-Num(10,7,14),Set-3-Num(5,9,7),Set-5-Num(1,0,9)]"
PROBLEM_grade__ARGS_NUM__MUT_0075,3355,grade,Numeric,0.0075,0,True,57,497,340,"[LoadThreshB-Num(12,7,9),TestNumLess-Num(4,12,10),If-Num(10,12,1),Not-Num(0,10,0),Inc-Num(4,2,5),SubmitF(3,11,13),LoadThreshD-Num(6,8,10),Close(1,12,8),TestNumLess-Num(6,4,10),If-Num(10,12,11),SwapMem-Num(2,0,9),LoadThreshC-Num(1,2,3),SubmitD(10,14,3),Sub-Num(4,15,10),Inc-Num(11,15,5),TestNumLess-Num(1,4,14),Countdown-Num(14,7,6),Set-8-Num(14,12,5),Set-15-Num(6,4,12),Div-Num(10,2,14),TestNumLessTEqu-Num(8,10,5),Set-2-Num(7,8,15),Set-14-Num(4,8,3),Not-Num(13,8,0),Set-8-Num(1,1,12),Set-6-Num(4,10,0),Div-Num(8,10,3),Mod-Num(10,4,12),Div-Num(8,2,3),Set-12-Num(12,0,6),Set-5-Num(15,3,1),LoadThreshB-Num(5,5,4),SwapMem-Num(11,2,13),SwapMem-Num(2,14,10),Set-9-Num(9,6,12),Set-14-Num(7,12,4),Set-15-Num(12,14,8),Set-7-Num(6,15,3),Set-1-Num(7,8,4),CopyMem-Num(2,4,15),Div-Num(15,15,15),Mod-Num(10,15,5),SubmitB(7,8,2),SubmitA(9,0,14),TestNumGreater-Num(15,6,13),Set-10-Num(7,9,7),SwapMem-Num(4,12,0),Floor-Num(3,1,0),Mod-Num(5,11,12),IfNot-Num(12,3,14),Div-Num(2,12,12),SubmitB(9,12,7),TestNumLessTEqu-Num(15,11,0),Close(13,11,10),Dec-Num(4,7,7),Set-16-Num(0,6,2),SubmitC(12,1,11)]"
PROBLEM_grade__ARGS_NUM__MUT_0075,3356,grade,Numeric,0.0075,0,True,55,453,166,"[LoadThreshA-Num(1,11,8),Dec-Num(1,14,6),Set-11-Num(2,10,1),CopyMem-Num(4,6,10),TestNumGreaterTEqu-Num(1,6,1),SubmitA(13,2,7),LoadThreshC-Num(15,9,4),Countdown-Num(2,8,6),LoadGrade-Num(9,12,0),Close(7,8,7),Countdown-Num(1,12,0),LoadThreshB-Num(2,9,13),Set-12-Num(12,3,12),SubmitA(10,1,4),LoadGrade-Num(1,11,8),TestNumLess-Num(4,2,10),Countdown-Num(10,1,1),Close(1,13,13),Set-2-Num(6,14,6),SubmitD(7,10,1),Set-3-Num(8,4,8),Mod-Num(13,5,12),Set-1-Num(10,4,8),Set-5-Num(13,8,15),Countdown-Num(8,7,6),TestNumLess-Num(13,0,6),TestNumGreater-Num(1,12,10),TestNumLess-Num(9,15,15),Not-Num(8,12,6),IfNot-Num(15,4,11),Set-3-Num(6,7,7),Set-14-Num(7,8,3),TestNumGreater-Num(13,14,9),SubmitB(1,5,7),Set-12-Num(14,9,1),While-Num(13,3,6),LoadThreshB-Num(12,4,9),LoadThreshC-Num(10,15,15),SubmitF(12,1,2),TestNumEqu-Num(7,7,11),Set-2-Num(14,4,11),SubmitC(12,6,3),Set-8-Num(0,14,12),Break(10,14,10),Close(5,8,12),Mod-Num(14,2,1),Set-2-Num(4,1,11),TestNumEqu-Num(12,2,3),LoadGrade-Num(3,3,4),TestNumNEqu-Num(6,3,3),SwapMem-Num(0,12,2),SubmitB(3,8,7),Close(1,0,7),TestNumGreaterTEqu-Num(4,3,1),SubmitF(1,10,1)]"
PROBLEM_grade__ARGS_NUM__MUT_0075,3357,grade,Numeric,0.0075,0,True,109,458,244,"[SubmitA(1,10,2),Set-6-Num(2,13,10),Mod-Num(7,9,12),TestNumLessTEqu-Num(7,11,11),SubmitF(0,5,11),TestNumLess-Num(4,3,10),Set-15-Num(3,4,12),SubmitB(8,14,2),Close(6,2,4),LoadThreshC-Num(10,14,9),Not-Num(6,2,12),Set-11-Num(2,6,7),Set-9-Num(12,7,1),TestNumLessTEqu-Num(0,4,5),Set-9-Num(15,15,3),Set-14-Num(12,12,15),TestNumLess-Num(5,1,8),LoadThreshD-Num(0,4,10),LoadThreshB-Num(13,3,0),Set-15-Num(6,11,7),Mod-Num(5,15,3),CopyMem-Num(4,12,7),SubmitC(14,14,5),Close(13,14,4),Set-6-Num(14,5,8),LoadGrade-Num(4,11,0),LoadThreshA-Num(7,8,9),Set-13-Num(3,8,11),TestNumLessTEqu-Num(0,4,6),Break(2,13,13),Mod-Num(5,1,3),TestNumGreaterTEqu-Num(12,0,4),TestNumNEqu-Num(0,7,1),If-Num(3,4,8),Close(6,8,1),TestNumGreater-Num(7,6,11),Set-9-Num(1,12,0),Mult-Num(0,2,7),Mult-Num(11,15,9),Dec-Num(10,6,11),Set-10-Num(4,12,15),Set-6-Num(2,2,1),Set-14-Num(0,2,2),Sub-Num(10,14,4),Inc-Num(15,11,5),While-Num(6,6,14),Div-Num(12,11,12),LoadGrade-Num(14,10,12),Break(15,5,4),Close(7,10,15),Set-15-Num(4,3,8),Set-16-Num(12,0,1),LoadThreshA-Num(10,0,2),Inc-Num(6,2,14),Set-14-Num(3,3,8),Set-5-Num(15,6,1),SubmitF(7,15,3),SwapMem-Num(4,9,11),Floor-Num(9,14,13),Set-9-Num(7,2,1),Not-Num(10,11,11),LoadThreshA-Num(14,14,14),Floor-Num(10,4,0),Div-Num(6,9,11),Inc-Num(4,0,8),SubmitA(4,7,4),Set-10-Num(2,7,14),SubmitD(6,5,6),SwapMem-Num(8,11,14),Not-Num(5,6,13),Set-4-Num(7,9,14),Set-7-Num(13,5,6),LoadThreshA-Num(12,4,1),Set-14-Num(2,2,6),Set-1-Num(1,14,2),CopyMem-Num(6,1,10),Mod-Num(11,2,2),LoadThreshC-Num(3,7,2),Sub-Num(9,1,1),LoadGrade-Num(12,1,12),LoadThreshC-Num(0,6,1),Break(14,5,10),TestNumNEqu-Num(15,6,13),TestNumLessTEqu-Num(0,12,4),TestNumLess-Num(0,15,5),Set-15-Num(7,11,7),Set-11-Num(0,2,11),LoadThreshB-Num(0,14,11),SubmitD(0,8,4),Set-11-Num(7,8,2),LoadThreshD-Num(8,7,12),Dec-Num(4,4,13),TestNumEqu-Num(8,13,11),Set-2-Num(15,1,10),Sub-Num(7,6,11),SubmitD(4,8,9),LoadGrade-Num(15,7,7),Inc-Num(11,13,3),Set-0-Num(11,13,3),TestNumLessTEqu-Num(0,12,1),Mult-Num(1,14,15),IfNot-Num(4,5,14),Countdown-Num(1,3,3),Set-7-Num(1,14,6),Dec-Num(5,5,15),Set-1-Num(6,2,4),SubmitA(12,14,13),LoadThreshD-Num(13,8,1),SubmitB(8,13,12)]"
PROBLEM_grade__ARGS_NUM__MUT_0075,3358,grade,Numeric,0.0075,0,True,66,495,291,"[Dec-Num(1,10,8),LoadThreshA-Num(7,10,9),Countdown-Num(7,4,2),Set-0-Num(12,12,5),SubmitA(8,2,1),LoadGrade-Num(12,6,8),TestNumGreater-Num(6,2,9),Dec-Num(11,0,9),TestNumLess-Num(12,10,11),Dec-Num(0,14,9),Set-13-Num(10,0,5),LoadGrade-Num(11,7,10),Set-14-Num(0,1,9),LoadThreshC-Num(15,10,4),TestNumLess-Num(1,12,9),If-Num(9,3,12),SubmitB(14,10,14),TestNumGreaterTEqu-Num(7,11,10),Set-2-Num(13,2,6),Close(7,1,12),TestNumLess-Num(12,3,0),Div-Num(9,5,10),Dec-Num(5,6,11),Add-Num(9,15,4),Set-3-Num(6,0,15),Sub-Num(6,13,14),IfNot-Num(10,3,8),Countdown-Num(14,2,7),Set-14-Num(13,9,6),Add-Num(4,8,7),SubmitB(6,14,7),TestNumGreaterTEqu-Num(9,5,6),Set-15-Num(11,13,13),Set-4-Num(9,13,4),Dec-Num(7,10,1),Div-Num(9,10,8),TestNumLess-Num(5,4,11),Div-Num(13,4,2),TestNumLess-Num(14,6,5),SwapMem-Num(7,1,13),SubmitD(1,15,6),Set-15-Num(13,3,14),IfNot-Num(5,11,14),Set-14-Num(13,5,13),Set-5-Num(10,1,3),LoadThreshA-Num(7,4,0),SubmitF(6,12,6),LoadThreshB-Num(5,4,0),Set-12-Num(3,13,12),LoadThreshC-Num(2,5,10),TestNumLess-Num(1,12,9),Set-10-Num(15,4,0),Mult-Num(0,8,13),Set-3-Num(15,15,6),Close(9,14,12),Mod-Num(5,13,1),While-Num(8,11,7),Mod-Num(9,10,10),TestNumEqu-Num(4,6,5),Set-1-Num(7,14,15),IfNot-Num(10,8,13),Countdown-Num(13,13,3),Close(7,7,5),SubmitD(10,12,8),TestNumGreater-Num(13,7,13),SubmitC(9,9,2)]"
PROBLEM_grade__ARGS_NUM__MUT_0075,3359,grade,Numeric,0.0075,0,False,NONE,NONE,NONE,"NONE"
PROBLEM_grade__ARGS_NUM__MUT_0075,3360,grade,Numeric,0.0075,0,False,NONE,NONE,NONE,"NONE"
PROBLEM_grade__ARGS_NUM__MUT_0075,3361,grade,Numeric,0.0075,0,True,75,494,308,"[LoadGrade-Num(11,14,3),Set-11-Num(11,15,0),LoadGrade-Num(8,15,8),Set-3-Num(11,13,6),LoadThreshC-Num(11,8,4),Mod-Num(15,11,11),LoadThreshA-Num(6,4,10),TestNumGreater-Num(8,10,7),Dec-Num(8,15,0),TestNumLess-Num(13,13,10),Set-13-Num(4,10,9),Mod-Num(8,3,14),Add-Num(2,14,0),Set-5-Num(14,6,2),Set-10-Num(7,12,7),Set-4-Num(15,4,13),IfNot-Num(10,6,10),Set-8-Num(13,13,13),SubmitF(14,6,6),CopyMem-Num(5,5,10),Set-13-Num(10,10,6),TestNumLessTEqu-Num(12,8,10),IfNot-Num(12,10,9),Set-4-Num(14,11,11),Set-16-Num(15,8,8),Set-13-Num(8,1,1),While-Num(6,4,0),Set-6-Num(14,2,5),LoadGrade-Num(9,5,0),Mult-Num(3,6,13),TestNumGreaterTEqu-Num(13,10,0),CopyMem-Num(7,8,8),CopyMem-Num(3,2,6),SubmitB(5,13,6),While-Num(1,7,8),LoadThreshA-Num(7,11,6),TestNumGreaterTEqu-Num(9,3,1),TestNumGreaterTEqu-Num(4,15,9),Set-4-Num(5,5,9),SubmitC(1,8,10),While-Num(15,5,11),Set-2-Num(6,8,1),SubmitF(11,1,0),SubmitD(4,1,5),If-Num(1,11,10),Dec-Num(10,15,7),LoadThreshD-Num(3,3,14),SubmitC(9,5,15),Inc-Num(12,6,14),Mult-Num(7,9,3),LoadGrade-Num(11,1,10),Set-8-Num(2,4,15),Set-4-Num(0,5,3),TestNumLessTEqu-Num(15,11,14),LoadGrade-Num(8,15,15),TestNumLess-Num(10,11,0),SubmitB(6,4,6),TestNumEqu-Num(6,9,14),LoadGrade-Num(3,15,6),SubmitA(10,7,11),Sub-Num(3,3,1),Sub-Num(7,3,14),LoadThreshC-Num(10,2,11),TestNumLessTEqu-Num(12,14,14),Set-4-Num(15,11,1),If-Num(0,1,0),Inc-Num(8,15,15),Mult-Num(0,2,6),TestNumLess-Num(8,7,5),TestNumLess-Num(4,7,5),Set-6-Num(1,7,10),Set-0-Num(12,13,12),Countdown-Num(14,9,12),LoadThreshB-Num(7,6,9),CopyMem-Num(9,12,12)]"
PROBLEM_grade__ARGS_NUM__MUT_0075,3362,grade,Numeric,0.0075,0,True,62,498,110,"[Close(4,12,14),Sub-Num(4,1,12),SubmitC(8,1,13),Set-1-Num(10,6,6),Mod-Num(0,7,10),Set-3-Num(8,15,0),SwapMem-Num(9,5,14),Floor-Num(5,9,3),Mult-Num(9,4,6),Set-12-Num(13,7,13),Mod-Num(12,11,7),LoadThreshA-Num(5,8,3),Add-Num(5,11,7),Set-5-Num(7,14,9),TestNumEqu-Num(4,2,0),LoadThreshA-Num(6,3,8),TestNumNEqu-Num(4,13,11),SubmitA(8,5,7),SwapMem-Num(0,13,4),Set-5-Num(7,12,12),SubmitC(15,2,3),TestNumNEqu-Num(1,14,0),Add-Num(6,11,13),Break(6,4,7),Set-15-Num(5,2,13),Floor-Num(1,5,8),LoadGrade-Num(14,10,4),LoadGrade-Num(6,9,8),Dec-Num(5,15,13),SubmitD(4,6,9),Set-3-Num(2,15,0),SubmitC(2,4,7),Mult-Num(14,2,4),LoadThreshC-Num(5,2,11),While-Num(2,5,4),Set-11-Num(7,8,15),Add-Num(6,14,8),Set-0-Num(1,8,15),LoadGrade-Num(13,15,3),Mod-Num(13,14,9),TestNumEqu-Num(10,14,9),SubmitB(5,0,4),Dec-Num(3,5,14),TestNumNEqu-Num(5,11,0),Set-7-Num(9,5,14),Mod-Num(6,6,8),Set-15-Num(11,8,1),Set-10-Num(8,6,4),TestNumGreater-Num(12,10,12),Inc-Num(0,15,15),Set-2-Num(15,2,0),TestNumLess-Num(3,13,2),TestNumLessTEqu-Num(5,13,15),SubmitB(2,8,12),SubmitD(5,10,0),LoadThreshB-Num(13,3,4),SubmitF(8,4,10),Countdown-Num(15,9,6),LoadGrade-Num(9,15,10),TestNumGreaterTEqu-Num(9,13,2),IfNot-Num(7,4,4),Floor-Num(8,8,3)]"
PROBLEM_grade__ARGS_NUM__MUT_0075,3363,grade,Numeric,0.0075,0,True,16,499,350,"[TestNumGreaterTEqu-Num(4,3,15),Set-15-Num(3,8,14),SubmitF(10,11,2),While-Num(15,0,7),TestNumGreater-Num(2,4,8),SubmitD(2,15,11),IfNot-Num(8,8,14),SubmitC(11,2,6),TestNumGreater-Num(1,4,8),Countdown-Num(3,11,0),SubmitB(11,3,4),Mod-Num(4,0,15),IfNot-Num(8,4,8),Sub-Num(15,4,4),Countdown-Num(4,4,4),SubmitA(2,6,10)]"
PROBLEM_grade__ARGS_NUM__MUT_0075,3364,grade,Numeric,0.0075,0,True,53,415,170,"[Dec-Num(1,9,13),Set-13-Num(8,15,1),Sub-Num(1,4,10),TestNumGreater-Num(8,5,11),LoadThreshC-Num(13,9,14),Close(2,7,4),Dec-Num(9,5,1),TestNumNEqu-Num(2,12,7),SubmitB(4,7,1),While-Num(8,7,1),TestNumLessTEqu-Num(5,11,8),Set-15-Num(0,4,1),Add-Num(8,6,2),Set-14-Num(1,2,15),SubmitA(12,15,10),Add-Num(6,1,0),Set-15-Num(0,10,6),Set-14-Num(5,5,14),Set-11-Num(3,2,6),Not-Num(9,4,1),LoadThreshB-Num(9,6,14),LoadGrade-Num(4,3,4),TestNumLess-Num(11,8,12),TestNumLessTEqu-Num(3,2,0),LoadThreshD-Num(8,8,6),Set-10-Num(0,3,0),LoadThreshA-Num(14,10,14),LoadThreshB-Num(0,10,13),SubmitF(11,8,7),Floor-Num(8,13,9),Floor-Num(2,9,8),Dec-Num(11,3,4),Set-2-Num(9,2,12),LoadThreshB-Num(1,2,15),SubmitD(0,8,1),Div-Num(3,5,5),Set-1-Num(12,0,9),Div-Num(7,15,12),Sub-Num(13,4,7),SubmitC(10,13,0),LoadThreshA-Num(13,3,15),TestNumLessTEqu-Num(10,11,0),TestNumGreater-Num(4,4,15),TestNumGreater-Num(12,7,7),Set-13-Num(8,10,7),IfNot-Num(7,13,7),TestNumGreaterTEqu-Num(5,0,8),LoadThreshD-Num(15,2,5),If-Num(2,15,12),CopyMem-Num(4,2,7),Set-9-Num(11,2,1),Sub-Num(15,2,11),Break(9,13,8)]"
PROBLEM_grade__ARGS_NUM__MUT_0075,3365,grade,Numeric,0.0075,0,True,47,500,430,"[Set-9-Num(5,13,4),Dec-Num(7,13,14),Countdown-Num(5,10,5),LoadGrade-Num(15,4,3),SubmitD(13,11,7),LoadThreshD-Num(11,7,5),Div-Num(13,9,12),Sub-Num(5,0,5),Mod-Num(1,9,6),Mod-Num(1,8,0),Set-10-Num(6,1,15),SubmitF(4,0,3),LoadThreshA-Num(12,9,12),If-Num(7,14,14),Set-4-Num(5,10,8),Sub-Num(15,11,11),If-Num(11,15,10),Set-4-Num(6,9,12),Set-8-Num(13,4,0),Dec-Num(2,5,10),LoadGrade-Num(7,9,3),SubmitC(8,12,10),Set-8-Num(3,11,12),TestNumLessTEqu-Num(2,11,0),Div-Num(10,7,4),Set-15-Num(3,2,2),Div-Num(12,9,12),TestNumLess-Num(2,7,3),Mult-Num(11,10,2),TestNumLess-Num(3,11,7),LoadThreshA-Num(2,12,10),If-Num(3,4,1),LoadThreshB-Num(2,7,2),Dec-Num(2,12,4),LoadGrade-Num(7,10,3),TestNumLess-Num(2,7,3),LoadThreshA-Num(2,15,10),If-Num(3,14,3),Countdown-Num(15,14,6),Sub-Num(3,13,15),Dec-Num(2,5,1),If-Num(1,8,3),TestNumLessTEqu-Num(6,9,1),SubmitB(12,5,4),TestNumLess-Num(2,7,3),If-Num(3,12,1),SubmitA(11,4,3)]"
PROBLEM_grade__ARGS_NUM__MUT_0075,3366,grade,Numeric,0.0075,0,True,17,449,227,"[SubmitD(11,3,1),LoadThreshC-Num(13,1,11),TestNumGreater-Num(1,4,14),LoadGrade-Num(15,6,2),Dec-Num(13,11,1),TestNumLess-Num(13,4,4),While-Num(4,6,5),SubmitC(10,13,14),TestNumGreater-Num(14,8,4),LoadThreshA-Num(3,9,5),SubmitA(2,0,15),Close(11,15,5),TestNumLessTEqu-Num(3,15,15),IfNot-Num(15,2,6),SubmitF(10,15,8),IfNot-Num(14,2,4),SubmitB(9,9,5)]"
PROBLEM_grade__ARGS_NUM__MUT_0075,3367,grade,Numeric,0.0075,0,True,53,380,250,"[LoadThreshA-Num(9,12,9),Countdown-Num(1,11,5),Set-14-Num(3,3,7),Set-14-Num(14,0,9),Set-5-Num(13,9,1),While-Num(3,13,4),TestNumGreaterTEqu-Num(2,8,7),LoadThreshB-Num(3,3,3),Dec-Num(9,14,8),TestNumNEqu-Num(0,9,12),TestNumGreaterTEqu-Num(1,14,12),Set-0-Num(12,4,3),LoadThreshC-Num(8,7,11),LoadGrade-Num(14,15,10),Set-15-Num(6,0,6),SubmitB(14,8,8),Set-9-Num(8,3,12),LoadThreshC-Num(5,15,12),Set-0-Num(12,11,10),TestNumLess-Num(9,4,2),SubmitD(12,8,1),Sub-Num(4,1,8),If-Num(3,15,12),SubmitC(4,15,10),TestNumLessTEqu-Num(1,6,6),Mult-Num(4,8,13),TestNumLess-Num(2,9,7),TestNumNEqu-Num(11,12,3),SubmitA(12,12,11),Not-Num(12,8,15),LoadThreshC-Num(9,4,2),Floor-Num(4,2,11),IfNot-Num(2,8,7),TestNumNEqu-Num(8,10,5),SubmitD(11,15,2),LoadThreshB-Num(9,15,4),Set-12-Num(6,2,2),Set-7-Num(2,13,13),SubmitD(14,2,9),TestNumNEqu-Num(5,0,1),Dec-Num(5,4,12),Sub-Num(15,6,13),Set-7-Num(11,7,5),Set-3-Num(12,12,14),SwapMem-Num(13,10,7),Set-8-Num(5,8,9),Set-13-Num(11,2,1),TestNumGreaterTEqu-Num(13,8,3),TestNumLess-Num(5,13,12),Set-7-Num(0,11,14),LoadThreshD-Num(9,9,1),TestNumLess-Num(7,11,0),SubmitF(9,14,7)]"
PROBLEM_grade__ARGS_NUM__MUT_0075,3368,grade,Numeric,0.0075,0,True,34,456,215,"[Sub-Num(4,3,15),SubmitF(3,13,5),TestNumGreaterTEqu-Num(15,12,13),While-Num(13,15,12),Countdown-Num(1,3,3),CopyMem-Num(2,6,11),Set-8-Num(14,6,3),Not-Num(11,10,12),Inc-Num(5,0,11),Dec-Num(6,11,11),LoadGrade-Num(12,1,4),Add-Num(4,5,2),Div-Num(1,8,5),SubmitA(11,10,3),TestNumLess-Num(1,12,3),Countdown-Num(5,9,3),SubmitC(9,6,15),Sub-Num(3,11,5),LoadGrade-Num(8,7,4),Div-Num(2,15,13),Set-12-Num(15,5,10),SubmitB(11,6,14),TestNumLess-Num(6,8,1),Set-16-Num(0,11,8),While-Num(6,4,4),Sub-Num(11,1,6),SwapMem-Num(3,1,5),Set-9-Num(11,15,9),LoadThreshA-Num(9,4,8),TestNumGreaterTEqu-Num(9,2,0),Mod-Num(4,1,5),Dec-Num(12,2,3),SubmitD(3,13,2),Add-Num(0,1,1)]"
PROBLEM_grade__ARGS_NUM__MUT_0075,3369,grade,Numeric,0.0075,0,True,25,487,178,"[Close(13,15,14),SubmitC(9,1,15),TestNumGreaterTEqu-Num(4,0,13),Set-6-Num(6,1,12),Set-8-Num(10,0,10),Close(6,14,7),Set-16-Num(1,4,14),Set-11-Num(14,13,3),SubmitD(12,0,6),Set-14-Num(5,11,8),Mult-Num(13,0,14),TestNumLessTEqu-Num(2,4,3),LoadThreshB-Num(0,1,12),SubmitA(2,2,12),LoadGrade-Num(10,7,5),LoadThreshD-Num(7,9,15),IfNot-Num(14,0,13),TestNumLess-Num(10,7,13),Mod-Num(5,0,11),While-Num(1,13,11),SubmitF(0,3,0),Add-Num(0,3,8),Countdown-Num(3,0,1),While-Num(14,14,14),SubmitB(9,14,9)]"
PROBLEM_grade__ARGS_NUM__MUT_0075,3370,grade,Numeric,0.0075,0,True,70,429,206,"[Close(5,2,13),Close(6,4,6),Mult-Num(1,11,11),SubmitD(0,12,13),Set-9-Num(12,0,9),SubmitB(5,10,11),Set-6-Num(8,13,8),LoadThreshD-Num(7,3,11),SubmitB(8,3,2),Set-2-Num(2,11,11),LoadGrade-Num(4,6,13),Set-7-Num(1,15,9),LoadGrade-Num(8,0,15),LoadThreshB-Num(3,1,1),Mod-Num(7,7,3),Inc-Num(4,9,10),TestNumGreater-Num(6,0,3),SubmitC(3,6,3),LoadGrade-Num(8,4,3),LoadThreshC-Num(3,13,14),Div-Num(5,1,5),SubmitA(7,12,8),IfNot-Num(6,0,13),TestNumGreaterTEqu-Num(0,6,9),TestNumNEqu-Num(15,1,9),Set-15-Num(9,8,5),SwapMem-Num(3,1,11),SubmitD(0,15,14),Inc-Num(14,2,3),Set-9-Num(5,4,0),LoadGrade-Num(11,4,5),TestNumLessTEqu-Num(4,1,10),Set-1-Num(14,6,13),TestNumGreaterTEqu-Num(0,4,13),Mod-Num(9,2,4),Set-9-Num(7,3,6),TestNumEqu-Num(12,9,15),Set-6-Num(10,12,0),LoadThreshD-Num(15,4,8),LoadThreshA-Num(2,4,5),Mod-Num(8,1,1),TestNumGreater-Num(15,8,12),SubmitF(7,11,8),Set-0-Num(9,1,5),Set-0-Num(2,5,6),Countdown-Num(4,3,15),Set-2-Num(5,3,15),TestNumLess-Num(1,8,6),LoadGrade-Num(15,8,10),IfNot-Num(9,1,13),Countdown-Num(5,11,1),Set-2-Num(10,8,4),LoadThreshB-Num(0,14,5),SubmitC(12,11,5),Not-Num(8,13,3),Set-4-Num(9,1,4),LoadThreshD-Num(4,5,12),SubmitB(0,14,13),If-Num(0,9,3),IfNot-Num(12,10,14),Set-5-Num(11,6,11),SubmitB(6,11,5),Close(3,13,1),Div-Num(13,13,4),Set-3-Num(8,1,0),LoadThreshB-Num(14,10,2),If-Num(13,12,6),SubmitC(4,10,13),Sub-Num(2,6,13),TestNumLess-Num(15,0,9)]"
PROBLEM_grade__ARGS_NUM__MUT_0075,3371,grade,Numeric,0.0075,0,True,74,402,121,"[Set-16-Num(6,13,14),TestNumLessTEqu-Num(11,1,7),Set-1-Num(2,14,12),LoadGrade-Num(7,0,2),Dec-Num(1,3,4),Set-10-Num(8,2,1),Set-8-Num(14,4,1),Add-Num(2,7,7),While-Num(2,14,4),Set-1-Num(5,9,10),TestNumLess-Num(1,7,10),Floor-Num(1,2,12),Not-Num(6,11,6),TestNumLessTEqu-Num(2,7,5),Floor-Num(11,2,12),LoadThreshA-Num(9,14,11),Sub-Num(2,13,2),Set-6-Num(9,10,7),Set-4-Num(2,15,15),TestNumEqu-Num(12,5,9),TestNumGreater-Num(11,10,12),TestNumEqu-Num(1,4,12),Floor-Num(11,4,15),LoadThreshC-Num(2,10,3),SubmitC(3,12,8),SubmitB(10,4,15),If-Num(14,10,13),SubmitF(9,6,2),Div-Num(2,9,3),Mod-Num(8,5,15),TestNumLessTEqu-Num(7,3,10),SwapMem-Num(0,2,15),SubmitB(4,10,12),Set-12-Num(4,9,4),LoadGrade-Num(7,14,12),Close(6,15,7),SubmitC(15,0,12),CopyMem-Num(6,14,6),Set-2-Num(13,5,5),Set-11-Num(0,15,6),While-Num(10,15,6),SubmitF(8,9,1),TestNumLessTEqu-Num(4,5,13),LoadThreshB-Num(11,1,7),SubmitA(1,0,12),LoadThreshA-Num(0,1,7),TestNumGreater-Num(13,15,2),Sub-Num(12,0,15),Sub-Num(7,11,12),Inc-Num(9,5,8),Set-12-Num(11,12,15),Set-10-Num(2,6,13),CopyMem-Num(12,0,8),LoadGrade-Num(9,2,1),Set-15-Num(7,6,10),Set-6-Num(12,10,14),Sub-Num(2,9,14),LoadGrade-Num(0,7,1),LoadThreshB-Num(12,15,7),Set-15-Num(9,2,1),Set-4-Num(2,8,1),TestNumLessTEqu-Num(9,0,4),CopyMem-Num(13,1,3),Set-0-Num(9,14,15),Sub-Num(5,6,4),CopyMem-Num(6,15,9),TestNumNEqu-Num(15,8,12),LoadThreshC-Num(11,8,12),SubmitA(12,9,3),SubmitD(6,15,6),While-Num(7,5,14),Add-Num(12,4,10),SubmitF(13,8,10),Mult-Num(1,11,7)]"
PROBLEM_grade__ARGS_NUM__MUT_0075,3372,grade,Numeric,0.0075,0,True,28,383,111,"[Set-14-Num(14,3,13),Mod-Num(4,2,11),TestNumNEqu-Num(10,9,0),Mod-Num(5,5,6),Floor-Num(15,2,15),Add-Num(11,8,4),Set-16-Num(5,6,13),Set-10-Num(0,3,6),Div-Num(10,9,15),LoadGrade-Num(5,4,1),Inc-Num(12,12,15),Add-Num(11,12,6),LoadThreshB-Num(8,6,8),Countdown-Num(14,7,4),SubmitA(10,0,12),TestNumLess-Num(5,6,7),TestNumLessTEqu-Num(8,5,14),SwapMem-Num(1,13,4),Set-8-Num(9,9,8),LoadThreshA-Num(6,9,0),SubmitC(11,13,12),Not-Num(9,9,7),TestNumGreater-Num(3,5,13),While-Num(7,15,15),SubmitB(6,5,5),SubmitD(10,4,14),While-Num(13,15,4),SubmitF(9,14,3)]"
PROBLEM_grade__ARGS_NUM__MUT_0075,3373,grade,Numeric,0.0075,0,True,59,499,312,"[Dec-Num(7,10,15),Dec-Num(10,3,6),TestNumEqu-Num(5,8,14),CopyMem-Num(9,14,9),Not-Num(12,12,8),LoadGrade-Num(1,12,15),TestNumLess-Num(1,2,0),LoadThreshC-Num(2,5,7),LoadGrade-Num(1,12,0),LoadGrade-Num(11,8,3),Set-0-Num(1,13,2),Set-5-Num(12,4,4),Mult-Num(4,8,7),SubmitD(1,10,4),Set-8-Num(14,5,14),Set-5-Num(14,11,10),IfNot-Num(8,5,0),Set-6-Num(5,1,10),TestNumLessTEqu-Num(11,6,15),Set-2-Num(12,8,10),Set-15-Num(9,3,2),TestNumLess-Num(11,3,3),If-Num(3,0,1),SubmitF(15,3,12),Close(10,11,0),Set-3-Num(15,7,3),Set-5-Num(4,5,1),Mod-Num(4,12,15),Set-15-Num(8,8,12),Set-0-Num(4,5,12),Set-11-Num(7,13,4),Set-12-Num(14,7,15),Set-14-Num(6,6,2),LoadThreshD-Num(0,8,9),LoadThreshB-Num(6,1,7),Add-Num(0,3,6),LoadGrade-Num(7,10,9),TestNumGreaterTEqu-Num(4,3,15),LoadThreshC-Num(2,14,5),LoadThreshB-Num(0,12,8),Set-2-Num(3,9,4),LoadThreshA-Num(6,1,14),TestNumGreater-Num(9,2,8),TestNumGreaterTEqu-Num(7,2,13),LoadThreshD-Num(15,7,10),Not-Num(3,14,14),While-Num(13,6,12),Dec-Num(6,5,13),TestNumLess-Num(11,3,10),TestNumLess-Num(14,11,2),Set-9-Num(2,10,8),SubmitA(13,12,10),SubmitB(5,9,3),SubmitC(1,3,14),TestNumGreater-Num(7,6,12),Add-Num(9,2,13),LoadThreshB-Num(6,1,3),If-Num(12,1,6),Close(3,2,12)]"
PROBLEM_grade__ARGS_NUM__MUT_0075,3374,grade,Numeric,0.0075,0,True,73,485,343,"[LoadThreshA-Num(7,12,12),Close(15,5,10),SubmitF(7,5,7),LoadThreshB-Num(5,7,5),SwapMem-Num(2,6,2),LoadGrade-Num(7,4,0),Set-10-Num(14,5,1),TestNumLess-Num(7,2,12),Floor-Num(7,1,15),If-Num(6,9,1),Set-11-Num(14,9,14),TestNumNEqu-Num(14,3,12),SubmitF(9,7,11),Mod-Num(8,7,15),LoadThreshA-Num(2,15,5),Sub-Num(5,0,15),Sub-Num(0,10,15),SubmitA(5,13,8),Set-0-Num(12,12,11),SubmitA(10,14,2),Floor-Num(14,0,2),Set-6-Num(3,2,11),TestNumGreaterTEqu-Num(0,0,15),LoadThreshC-Num(13,8,1),TestNumLess-Num(7,1,3),TestNumLessTEqu-Num(6,4,12),SubmitA(13,9,9),SwapMem-Num(8,0,11),Not-Num(3,5,8),LoadThreshD-Num(6,8,4),Sub-Num(9,12,6),Set-2-Num(8,8,12),Set-0-Num(13,8,8),TestNumGreaterTEqu-Num(9,9,14),Set-3-Num(6,4,12),LoadThreshD-Num(9,9,4),Set-10-Num(0,7,15),SubmitA(13,14,4),SubmitC(6,15,15),Set-7-Num(6,4,0),Close(8,5,14),Set-11-Num(0,12,13),SubmitB(1,9,3),Set-7-Num(8,9,10),Set-5-Num(0,4,15),SubmitC(5,7,2),TestNumGreater-Num(8,3,11),Set-11-Num(9,3,8),LoadThreshB-Num(0,4,8),Set-15-Num(7,1,13),SubmitA(13,12,15),Set-16-Num(15,3,2),Set-16-Num(1,14,10),IfNot-Num(12,13,7),Countdown-Num(14,6,4),SubmitD(0,9,15),TestNumGreater-Num(14,0,2),Mod-Num(11,8,5),Close(12,8,15),Set-10-Num(6,1,12),Set-6-Num(1,8,12),LoadGrade-Num(4,13,12),Dec-Num(0,15,9),Inc-Num(7,9,5),Not-Num(11,13,7),LoadThreshD-Num(6,5,11),Set-13-Num(13,0,6),SubmitB(2,2,12),TestNumGreaterTEqu-Num(15,6,13),Set-9-Num(3,7,3),Close(8,6,7),Countdown-Num(3,8,5),SubmitC(0,7,5)]"
PROBLEM_grade__ARGS_NUM__MUT_0075,3375,grade,Numeric,0.0075,0,True,37,486,172,"[TestNumGreater-Num(1,4,1),TestNumNEqu-Num(7,0,12),Not-Num(7,4,4),Sub-Num(12,7,0),Close(1,15,8),Sub-Num(10,4,2),Div-Num(8,9,3),Countdown-Num(12,0,15),Close(13,3,0),LoadThreshA-Num(8,4,1),SubmitA(9,8,2),SubmitB(12,2,7),If-Num(7,4,12),Div-Num(2,8,2),LoadThreshD-Num(14,1,11),Div-Num(7,4,11),SubmitF(14,0,5),While-Num(0,3,8),LoadThreshC-Num(14,9,7),SubmitD(9,0,13),TestNumEqu-Num(0,5,0),Close(15,14,5),TestNumGreaterTEqu-Num(4,14,3),Set-16-Num(14,10,2),SwapMem-Num(9,2,12),Mod-Num(2,9,7),Not-Num(2,12,2),Div-Num(1,10,6),Sub-Num(12,15,13),Dec-Num(14,15,9),Add-Num(10,8,10),Mult-Num(8,9,13),Set-15-Num(2,1,11),Set-1-Num(0,9,5),Countdown-Num(3,6,3),Countdown-Num(6,11,8),SubmitC(6,12,12)]"
PROBLEM_grade__ARGS_NUM__MUT_0075,3376,grade,Numeric,0.0075,0,False,NONE,NONE,NONE,"NONE"
PROBLEM_grade__ARGS_NUM__MUT_0075,3377,grade,Numeric,0.0075,0,True,74,491,359,"[Set-2-Num(3,11,8),Inc-Num(4,3,12),TestNumEqu-Num(13,11,10),Countdown-Num(3,13,6),CopyMem-Num(0,13,10),TestNumLess-Num(13,4,0),Set-6-Num(6,11,5),Not-Num(1,8,0),Sub-Num(0,10,1),SubmitB(12,3,8),Floor-Num(2,8,13),SubmitB(15,11,15),Set-6-Num(5,6,5),Set-11-Num(10,0,13),Dec-Num(8,0,13),If-Num(1,0,0),Mult-Num(11,1,12),TestNumLessTEqu-Num(15,12,11),LoadThreshB-Num(5,6,15),Set-15-Num(9,14,4),SubmitB(4,7,6),Close(13,6,9),Sub-Num(15,8,9),LoadGrade-Num(6,13,9),Mod-Num(11,2,6),Div-Num(2,8,10),Mod-Num(12,14,6),Set-14-Num(9,10,7),Set-1-Num(14,0,12),SubmitA(3,9,11),TestNumLessTEqu-Num(0,3,6),Set-2-Num(8,1,4),Not-Num(7,0,1),While-Num(12,11,15),LoadGrade-Num(8,13,9),Inc-Num(3,13,14),Set-6-Num(11,5,13),Not-Num(9,8,6),Set-2-Num(3,3,6),Floor-Num(11,12,4),Set-11-Num(14,13,15),Add-Num(5,5,12),Set-3-Num(14,2,3),LoadThreshB-Num(4,12,6),TestNumLess-Num(8,10,5),LoadThreshD-Num(11,5,3),SwapMem-Num(4,10,13),Countdown-Num(14,6,9),Set-15-Num(7,8,3),Countdown-Num(5,1,2),TestNumGreaterTEqu-Num(10,10,1),Set-11-Num(7,9,14),LoadThreshB-Num(5,3,6),TestNumGreater-Num(11,8,9),Set-6-Num(1,8,9),Set-8-Num(15,0,0),Set-3-Num(10,8,7),Set-12-Num(14,2,0),Div-Num(9,3,5),SubmitC(0,3,5),Add-Num(11,5,8),Set-7-Num(8,11,10),Set-6-Num(3,10,12),Div-Num(12,0,7),Mod-Num(10,3,8),Sub-Num(8,3,14),SubmitF(0,3,12),CopyMem-Num(8,15,6),CopyMem-Num(3,2,0),Set-9-Num(12,15,11),Set-7-Num(10,12,10),Set-5-Num(6,6,10),SubmitC(0,6,5),SubmitD(15,7,2)]"
PROBLEM_grade__ARGS_NUM__MUT_0075,3378,grade,Numeric,0.0075,0,True,52,425,187,"[Set-13-Num(11,13,12),SubmitF(3,11,2),Set-1-Num(2,3,12),Sub-Num(6,11,14),Sub-Num(3,2,7),TestNumLess-Num(7,4,6),Mod-Num(6,14,8),TestNumLessTEqu-Num(0,4,7),Countdown-Num(8,0,10),Set-14-Num(2,6,2),LoadGrade-Num(2,0,10),If-Num(7,14,12),LoadThreshB-Num(1,8,14),Mod-Num(1,4,10),TestNumGreaterTEqu-Num(7,11,0),Close(13,12,3),Set-2-Num(8,10,15),Inc-Num(4,6,2),LoadThreshA-Num(9,11,3),Set-6-Num(5,10,9),LoadThreshA-Num(14,14,6),Set-6-Num(13,3,11),Dec-Num(7,2,6),TestNumEqu-Num(1,10,15),Dec-Num(0,10,0),LoadThreshC-Num(9,3,3),TestNumEqu-Num(10,4,7),LoadGrade-Num(7,12,5),LoadThreshA-Num(12,0,0),Set-14-Num(1,10,11),Set-8-Num(1,4,1),TestNumLessTEqu-Num(9,2,8),Mod-Num(6,0,14),SubmitC(7,15,13),LoadGrade-Num(10,15,9),LoadThreshC-Num(10,14,0),Set-14-Num(12,10,1),Set-9-Num(2,12,1),TestNumNEqu-Num(1,1,5),CopyMem-Num(4,5,10),Mult-Num(14,1,9),TestNumGreater-Num(14,0,3),SwapMem-Num(6,5,10),SwapMem-Num(0,10,11),Set-12-Num(13,15,10),Set-10-Num(2,7,6),TestNumGreater-Num(7,10,11),Set-4-Num(7,2,8),SubmitD(4,0,11),While-Num(15,8,1),SubmitB(11,14,4),SubmitA(10,0,9)]"
PROBLEM_grade__ARGS_NUM__MUT_0075,3379,grade,Numeric,0.0075,0,True,65,468,468,"[LoadThreshC-Num(10,7,12),SubmitD(9,13,8),SubmitA(10,12,3),Sub-Num(0,15,6),SwapMem-Num(0,8,11),Inc-Num(5,8,1),LoadGrade-Num(9,6,7),TestNumLess-Num(9,8,8),Close(13,12,5),TestNumGreaterTEqu-Num(3,3,11),Countdown-Num(8,6,15),TestNumEqu-Num(4,2,7),While-Num(5,4,11),TestNumLessTEqu-Num(9,10,13),SubmitF(10,0,14),LoadThreshD-Num(8,1,11),Set-9-Num(6,2,5),TestNumGreater-Num(15,15,15),SubmitB(9,12,5),LoadThreshB-Num(2,13,7),Countdown-Num(6,9,13),Dec-Num(0,10,11),Sub-Num(2,5,10),SubmitC(4,10,6),Countdown-Num(13,1,4),TestNumGreater-Num(10,10,14),SubmitD(1,11,12),LoadThreshD-Num(3,6,8),Set-14-Num(2,9,10),IfNot-Num(7,9,7),Add-Num(2,3,7),SubmitB(11,3,12),Countdown-Num(5,14,12),Inc-Num(14,0,7),Sub-Num(13,14,11),Countdown-Num(10,12,13),Floor-Num(0,7,11),Set-6-Num(10,1,11),Set-1-Num(11,4,2),Set-6-Num(12,1,0),Mult-Num(14,13,9),Set-6-Num(5,3,3),SubmitD(5,5,10),LoadThreshD-Num(6,2,7),LoadThreshC-Num(7,1,10),Set-3-Num(10,1,10),Not-Num(10,8,7),Set-10-Num(15,9,12),SubmitC(1,10,8),Set-12-Num(13,9,5),Sub-Num(4,1,2),LoadGrade-Num(9,13,12),Set-3-Num(15,13,2),TestNumLess-Num(9,8,3),Dec-Num(9,2,11),Set-9-Num(11,11,15),SubmitC(5,5,9),LoadThreshC-Num(9,7,6),Set-3-Num(6,3,12),Close(9,6,4),If-Num(3,12,3),While-Num(13,1,15),TestNumGreater-Num(5,9,13),Mult-Num(13,7,1),Break(4,9,14)]"
PROBLEM_grade__ARGS_NUM__MUT_0075,3380,grade,Numeric,0.0075,0,True,76,471,383,"[LoadThreshA-Num(8,10,12),TestNumGreater-Num(2,4,0),Inc-Num(1,4,10),LoadThreshD-Num(4,5,8),Countdown-Num(1,10,6),CopyMem-Num(11,10,2),SwapMem-Num(10,5,3),LoadGrade-Num(6,5,0),SubmitA(7,10,2),TestNumGreaterTEqu-Num(6,1,1),Set-4-Num(7,9,9),CopyMem-Num(6,15,15),TestNumGreater-Num(11,5,7),Mod-Num(15,8,9),Add-Num(9,14,3),Mod-Num(7,7,14),LoadThreshB-Num(14,12,12),TestNumEqu-Num(3,0,7),TestNumEqu-Num(0,10,11),SubmitC(4,8,1),IfNot-Num(11,6,4),Set-4-Num(5,6,2),Set-14-Num(2,9,9),Set-2-Num(10,10,1),TestNumEqu-Num(15,6,15),While-Num(10,12,8),SwapMem-Num(6,0,7),Set-0-Num(12,10,0),SwapMem-Num(11,8,7),Set-5-Num(12,10,15),Set-10-Num(15,4,13),TestNumGreater-Num(4,0,11),Countdown-Num(15,7,5),Set-9-Num(7,5,0),SubmitB(9,12,4),Div-Num(13,14,14),TestNumNEqu-Num(0,14,14),SubmitB(2,1,15),Floor-Num(13,8,2),Div-Num(9,6,1),Floor-Num(9,8,3),LoadThreshD-Num(8,5,7),SubmitA(4,12,2),Not-Num(11,14,13),Floor-Num(13,1,2),Set-9-Num(10,2,4),SubmitD(0,12,3),Dec-Num(15,2,11),Set-12-Num(3,10,6),Set-5-Num(7,4,3),TestNumGreater-Num(9,13,6),Countdown-Num(11,3,10),LoadThreshD-Num(14,4,11),Set-9-Num(3,1,3),Set-4-Num(13,5,8),Close(12,13,2),TestNumGreater-Num(12,12,14),LoadThreshA-Num(10,9,12),Dec-Num(15,3,9),Set-9-Num(5,10,10),Floor-Num(11,7,8),Not-Num(6,9,12),Set-1-Num(2,7,5),TestNumEqu-Num(10,3,15),Set-5-Num(11,8,15),TestNumLess-Num(9,0,10),TestNumGreaterTEqu-Num(4,4,3),TestNumEqu-Num(7,2,4),Set-8-Num(6,12,10),Set-12-Num(7,10,10),TestNumEqu-Num(14,13,5),Set-9-Num(1,14,5),TestNumGreaterTEqu-Num(9,11,5),TestNumNEqu-Num(10,2,10),SubmitF(11,12,10),Mult-Num(10,2,9)]"
PROBLEM_grade__ARGS_NUM__MUT_0075,3381,grade,Numeric,0.0075,0,True,21,323,159,"[LoadThreshA-Num(11,13,4),Dec-Num(8,8,0),Countdown-Num(11,15,12),LoadThreshC-Num(15,1,3),TestNumGreaterTEqu-Num(11,4,2),LoadGrade-Num(5,2,8),SubmitA(8,15,12),TestNumLess-Num(4,1,6),If-Num(2,13,6),CopyMem-Num(9,11,9),SubmitB(13,3,7),If-Num(6,0,10),Countdown-Num(15,6,1),SubmitC(12,6,4),TestNumLessTEqu-Num(4,15,2),While-Num(2,12,1),SubmitF(14,10,12),If-Num(8,2,8),SubmitD(15,4,15),Inc-Num(5,7,8),TestNumGreater-Num(5,3,8)]"
PROBLEM_grade__ARGS_NUM__MUT_0075,3382,grade,Numeric,0.0075,0,True,46,499,445,"[LoadThreshD-Num(2,5,5),CopyMem-Num(4,7,10),TestNumLessTEqu-Num(2,7,9),SubmitF(1,7,12),Sub-Num(7,4,2),While-Num(9,2,12),TestNumNEqu-Num(2,1,14),Countdown-Num(9,9,13),Close(14,10,8),TestNumLessTEqu-Num(0,4,1),Set-1-Num(6,13,8),Set-12-Num(12,0,1),Set-1-Num(15,10,3),Add-Num(6,2,8),TestNumLessTEqu-Num(14,1,11),SwapMem-Num(0,4,2),SubmitF(10,10,6),While-Num(1,2,11),SubmitA(9,12,8),Close(5,3,12),LoadThreshC-Num(11,0,0),LoadThreshB-Num(2,11,5),Sub-Num(0,2,12),Not-Num(3,14,11),While-Num(15,13,14),TestNumEqu-Num(7,12,6),If-Num(0,8,10),Set-8-Num(2,13,0),SubmitB(7,9,7),Close(1,15,12),Set-6-Num(5,7,4),TestNumGreaterTEqu-Num(3,12,5),Set-14-Num(2,2,5),While-Num(5,4,7),SwapMem-Num(10,2,1),Dec-Num(11,3,10),Set-1-Num(3,8,10),SubmitC(10,15,6),TestNumGreaterTEqu-Num(10,12,3),If-Num(14,10,1),LoadGrade-Num(10,2,4),Set-6-Num(1,14,5),TestNumEqu-Num(12,13,14),SubmitD(5,3,6),TestNumGreaterTEqu-Num(11,7,5),While-Num(5,14,4)]"
PROBLEM_grade__ARGS_NUM__MUT_0075,3383,grade,Numeric,0.0075,0,True,36,486,309,"[LoadThreshD-Num(7,5,13),Dec-Num(6,9,0),Add-Num(15,1,3),Not-Num(9,9,13),Dec-Num(13,5,2),Countdown-Num(9,5,0),Set-10-Num(9,14,3),If-Num(13,14,12),Set-7-Num(8,6,10),TestNumLess-Num(4,3,10),SubmitF(13,0,13),Close(11,7,1),TestNumLessTEqu-Num(7,6,0),Set-0-Num(13,11,7),Div-Num(3,10,13),LoadGrade-Num(6,8,7),TestNumGreater-Num(13,7,10),If-Num(0,4,13),LoadThreshC-Num(7,13,4),TestNumLessTEqu-Num(7,6,0),SubmitD(8,6,11),While-Num(9,1,11),While-Num(0,6,4),Set-10-Num(5,7,4),CopyMem-Num(13,10,10),SubmitB(5,3,0),LoadThreshA-Num(10,9,7),Set-8-Num(7,7,1),TestNumGreaterTEqu-Num(6,10,2),Div-Num(2,3,12),Set-15-Num(13,6,14),SubmitC(7,15,11),Set-10-Num(4,4,7),Mod-Num(7,8,15),Countdown-Num(12,13,15),SubmitA(9,12,13)]"
PROBLEM_grade__ARGS_NUM__MUT_0075,3384,grade,Numeric,0.0075,0,True,28,476,107,"[SubmitC(8,15,14),Mod-Num(8,14,8),Set-8-Num(10,6,6),Close(6,1,15),If-Num(0,10,11),SubmitC(15,1,6),Countdown-Num(10,6,9),Set-16-Num(13,11,1),Inc-Num(6,10,0),Set-5-Num(9,4,2),SubmitF(4,7,5),TestNumGreater-Num(6,8,9),If-Num(2,1,0),TestNumGreaterTEqu-Num(15,3,10),SubmitB(12,8,13),Set-14-Num(14,9,8),Set-5-Num(13,11,8),TestNumGreater-Num(3,4,9),TestNumGreater-Num(2,3,10),IfNot-Num(9,11,12),LoadThreshA-Num(3,6,0),SubmitA(14,12,15),Close(10,0,10),TestNumGreaterTEqu-Num(4,2,12),SwapMem-Num(14,12,13),TestNumGreater-Num(1,4,0),IfNot-Num(14,15,9),SubmitD(12,0,15)]"
PROBLEM_grade__ARGS_NUM__MUT_0075,3385,grade,Numeric,0.0075,0,True,24,500,297,"[SubmitA(10,15,14),TestNumGreater-Num(0,4,3),Countdown-Num(1,15,15),TestNumLessTEqu-Num(14,8,9),If-Num(3,9,10),Countdown-Num(9,12,10),SubmitC(8,12,4),Mult-Num(6,9,11),Sub-Num(1,4,3),LoadThreshD-Num(5,7,14),Inc-Num(4,11,13),Set-14-Num(12,0,0),If-Num(3,1,13),TestNumNEqu-Num(3,6,14),TestNumGreater-Num(3,15,9),SubmitB(12,9,8),TestNumLessTEqu-Num(4,2,13),If-Num(13,7,6),TestNumGreater-Num(4,5,7),SubmitD(2,14,2),IfNot-Num(7,1,0),SubmitF(15,5,10),Close(9,5,10),Return(6,11,12)]"
PROBLEM_grade__ARGS_NUM__MUT_0075,3386,grade,Numeric,0.0075,0,False,NONE,NONE,NONE,"NONE"
PROBLEM_grade__ARGS_NUM__MUT_0075,3387,grade,Numeric,0.0075,0,False,NONE,NONE,NONE,"NONE"
PROBLEM_grade__ARGS_NUM__MUT_0075,3388,grade,Numeric,0.0075,0,True,74,499,463,"[LoadGrade-Num(8,1,14),Dec-Num(0,1,9),Sub-Num(3,8,5),LoadGrade-Num(9,8,14),SubmitD(12,13,2),LoadGrade-Num(8,7,14),Sub-Num(2,8,2),Set-1-Num(6,6,5),LoadGrade-Num(12,9,11),TestNumEqu-Num(3,3,14),LoadGrade-Num(13,10,7),Countdown-Num(5,2,14),Mult-Num(2,6,1),TestNumLessTEqu-Num(3,13,13),If-Num(13,15,6),LoadGrade-Num(5,2,10),Set-1-Num(11,13,7),Set-4-Num(11,13,12),Add-Num(15,1,9),Mult-Num(5,14,5),TestNumLess-Num(0,5,6),Close(11,1,5),Inc-Num(13,13,4),TestNumEqu-Num(2,7,0),Mult-Num(7,6,5),Set-4-Num(5,8,6),LoadThreshB-Num(2,14,11),Set-16-Num(1,3,8),SubmitB(6,6,10),If-Num(6,8,2),SubmitA(6,3,3),Close(9,2,9),LoadThreshC-Num(8,4,15),Set-9-Num(6,14,7),Floor-Num(15,1,8),LoadThreshA-Num(1,6,7),Dec-Num(7,14,11),Set-6-Num(15,5,11),SwapMem-Num(4,8,4),TestNumLessTEqu-Num(12,12,13),Countdown-Num(5,11,15),TestNumGreater-Num(2,8,15),Div-Num(4,13,6),Set-5-Num(10,5,7),Countdown-Num(15,7,14),SubmitF(11,11,0),Countdown-Num(11,0,5),Set-14-Num(5,8,1),Mod-Num(14,10,1),CopyMem-Num(0,3,8),LoadThreshB-Num(14,6,0),Countdown-Num(12,2,3),Set-14-Num(0,1,4),Inc-Num(14,5,6),TestNumEqu-Num(14,8,10),Set-10-Num(7,8,7),SubmitD(0,9,7),SwapMem-Num(1,15,3),Set-11-Num(5,9,12),Set-6-Num(7,0,13),TestNumGreaterTEqu-Num(9,13,10),SubmitC(8,9,7),CopyMem-Num(5,0,4),Set-2-Num(15,5,2),Set-2-Num(4,15,8),Set-1-Num(2,14,0),Not-Num(8,11,0),LoadThreshB-Num(3,12,0),Inc-Num(11,4,1),Set-7-Num(12,8,6),If-Num(10,3,12),Mod-Num(12,2,8),Set-4-Num(12,14,8),TestNumLess-Num(9,12,13)]"
PROBLEM_grade__ARGS_NUM__MUT_0075,3389,grade,Numeric,0.0075,0,False,NONE,NONE,NONE,"NONE"
PROBLEM_grade__ARGS_NUM__MUT_0075,3390,grade,Numeric,0.0075,0,True,49,486,184,"[LoadThreshD-Num(9,15,11),TestNumLess-Num(4,0,6),SubmitA(8,13,9),LoadGrade-Num(15,4,4),Countdown-Num(6,6,8),SubmitB(2,13,0),Add-Num(7,0,3),LoadThreshC-Num(7,5,15),Set-3-Num(2,4,5),Countdown-Num(1,15,12),SwapMem-Num(4,14,14),TestNumLess-Num(6,2,1),LoadThreshC-Num(3,10,15),Set-9-Num(7,3,5),Set-0-Num(0,1,14),SwapMem-Num(10,2,15),Close(1,4,5),LoadThreshB-Num(8,4,15),Set-16-Num(5,1,8),Dec-Num(0,0,6),Set-1-Num(5,13,4),Floor-Num(11,1,14),TestNumLess-Num(15,9,10),Add-Num(8,9,6),Countdown-Num(5,8,15),LoadGrade-Num(0,14,3),SubmitD(3,0,1),SwapMem-Num(8,9,6),SubmitF(14,1,12),Mod-Num(4,5,1),Div-Num(11,4,5),SwapMem-Num(2,13,6),Countdown-Num(10,9,8),Set-16-Num(14,15,1),Set-6-Num(0,10,11),SubmitC(0,10,4),Set-16-Num(10,8,12),Sub-Num(8,13,7),Floor-Num(14,0,5),LoadGrade-Num(6,6,3),Inc-Num(5,12,7),SubmitF(6,7,15),Set-14-Num(9,9,5),CopyMem-Num(13,8,6),SubmitD(6,8,4),Set-7-Num(6,7,1),Close(9,13,5),Mod-Num(15,3,10),TestNumNEqu-Num(15,10,1)]"
PROBLEM_grade__ARGS_NUM__MUT_0075,3391,grade,Numeric,0.0075,0,True,36,387,277,"[CopyMem-Num(4,5,8),Add-Num(5,11,9),TestNumEqu-Num(4,8,15),Add-Num(10,0,2),SubmitA(13,4,10),Set-6-Num(10,15,4),TestNumLess-Num(9,0,2),Countdown-Num(2,1,5),LoadThreshC-Num(1,2,15),Set-14-Num(7,7,12),Dec-Num(1,11,3),LoadThreshB-Num(15,11,15),SubmitB(2,3,9),TestNumLess-Num(9,15,2),Countdown-Num(2,14,4),SubmitC(8,5,12),TestNumGreaterTEqu-Num(1,9,12),Set-1-Num(6,8,9),Set-16-Num(15,12,3),CopyMem-Num(8,13,3),Set-5-Num(2,4,15),Set-1-Num(8,0,4),LoadThreshD-Num(1,1,7),Set-7-Num(8,11,5),Set-2-Num(8,10,4),SubmitD(4,2,2),Set-7-Num(2,13,5),LoadThreshD-Num(3,4,4),Countdown-Num(12,5,4),SubmitF(4,2,10),Set-4-Num(10,15,9),Dec-Num(1,12,15),TestNumGreaterTEqu-Num(13,0,12),Floor-Num(13,11,15),Set-12-Num(5,3,7),Set-15-Num(8,1,2)]"
PROBLEM_grade__ARGS_NUM__MUT_0075,3392,grade,Numeric,0.0075,0,True,51,436,181,"[Set-2-Num(10,2,6),Div-Num(1,10,13),Set-1-Num(2,1,1),Set-2-Num(15,5,3),Set-5-Num(0,1,3),LoadThreshC-Num(3,10,13),Set-15-Num(7,12,1),Set-2-Num(9,8,5),Countdown-Num(1,0,4),Set-5-Num(6,5,1),Set-10-Num(14,6,11),Set-3-Num(12,15,1),TestNumGreaterTEqu-Num(3,11,15),TestNumNEqu-Num(8,1,4),SubmitC(5,13,13),Set-10-Num(0,5,10),SwapMem-Num(8,0,7),LoadThreshD-Num(15,5,0),Set-16-Num(8,4,5),LoadGrade-Num(11,13,1),Set-8-Num(6,4,15),CopyMem-Num(15,4,10),Dec-Num(4,11,1),SubmitA(0,15,1),Set-1-Num(12,8,12),TestNumLessTEqu-Num(3,11,13),LoadThreshA-Num(1,8,8),LoadThreshA-Num(8,10,7),SubmitD(3,9,1),While-Num(3,7,8),SubmitF(7,1,11),Div-Num(5,15,7),Set-16-Num(2,6,7),LoadThreshB-Num(10,10,9),TestNumLessTEqu-Num(11,4,3),Set-10-Num(9,12,2),If-Num(13,6,13),Set-1-Num(12,10,7),SubmitB(12,7,7),Sub-Num(10,11,1),LoadThreshB-Num(6,12,15),TestNumLessTEqu-Num(8,6,8),Set-6-Num(4,4,8),TestNumLessTEqu-Num(10,6,13),TestNumGreater-Num(12,1,2),Countdown-Num(2,7,2),LoadThreshA-Num(10,8,10),TestNumLess-Num(11,10,3),LoadThreshB-Num(5,3,4),Countdown-Num(4,9,5),Close(6,12,3)]"
PROBLEM_grade__ARGS_NUM__MUT_0075,3393,grade,Numeric,0.0075,0,True,58,499,157,"[TestNumLess-Num(13,4,15),Countdown-Num(1,13,13),Add-Num(11,6,7),TestNumLessTEqu-Num(7,8,13),Sub-Num(6,8,4),Set-11-Num(13,1,10),Set-0-Num(7,10,0),Set-11-Num(9,8,15),Set-6-Num(14,15,10),LoadGrade-Num(11,8,11),SubmitC(14,9,12),TestNumGreater-Num(8,5,0),Countdown-Num(9,1,2),SubmitD(0,15,2),TestNumGreater-Num(1,3,13),Set-7-Num(2,15,2),Set-14-Num(7,6,14),SubmitF(5,8,14),TestNumNEqu-Num(4,14,9),LoadGrade-Num(4,11,10),Set-13-Num(5,1,6),LoadThreshA-Num(11,13,9),Set-6-Num(14,9,7),Set-14-Num(14,4,2),CopyMem-Num(12,4,9),TestNumNEqu-Num(10,5,11),SubmitB(9,15,12),Add-Num(15,1,1),Add-Num(10,1,2),Countdown-Num(11,5,0),LoadGrade-Num(7,2,15),LoadGrade-Num(0,6,7),TestNumLess-Num(0,3,10),TestNumLess-Num(0,1,15),TestNumGreater-Num(1,5,4),Set-0-Num(9,11,6),LoadGrade-Num(4,7,9),IfNot-Num(9,4,8),Set-16-Num(5,15,13),Sub-Num(0,1,3),TestNumLess-Num(7,1,1),TestNumGreaterTEqu-Num(9,15,0),SubmitD(8,4,1),LoadThreshB-Num(14,5,15),SubmitB(3,0,3),Set-3-Num(4,3,5),LoadThreshC-Num(15,12,10),Set-16-Num(0,15,6),IfNot-Num(10,5,12),SubmitA(5,5,5),SubmitA(12,0,1),Set-10-Num(12,5,9),SubmitA(14,5,14),TestNumLess-Num(12,10,3),IfNot-Num(1,11,11),Dec-Num(12,2,7),Sub-Num(6,14,1),LoadThreshA-Num(3,11,11)]"
PROBLEM_grade__ARGS_NUM__MUT_0075,3394,grade,Numeric,0.0075,0,True,53,324,94,"[Add-Num(3,6,15),TestNumNEqu-Num(1,10,1),Close(7,4,14),Div-Num(1,3,3),Set-7-Num(13,2,1),Add-Num(10,8,13),TestNumLessTEqu-Num(7,3,14),Countdown-Num(1,3,15),SubmitC(1,1,1),Close(3,10,2),Set-6-Num(1,6,9),Set-15-Num(2,7,5),Set-12-Num(8,10,1),Set-1-Num(7,0,2),TestNumNEqu-Num(9,13,5),Set-15-Num(5,3,8),Set-15-Num(10,1,11),TestNumLessTEqu-Num(10,4,3),Sub-Num(0,11,10),LoadGrade-Num(9,7,13),Close(15,4,1),Set-5-Num(1,12,5),Set-9-Num(2,13,0),LoadThreshB-Num(1,3,1),Add-Num(14,1,10),Floor-Num(2,15,6),SubmitF(7,12,4),Inc-Num(5,6,6),Countdown-Num(10,6,6),Set-14-Num(11,14,2),TestNumNEqu-Num(1,6,6),Set-4-Num(8,1,11),TestNumLessTEqu-Num(15,9,4),Set-6-Num(8,5,7),Mult-Num(1,11,10),Set-1-Num(10,0,4),Set-6-Num(11,13,2),SubmitB(14,12,11),Inc-Num(7,8,3),SubmitA(3,1,14),TestNumLess-Num(9,0,6),Set-12-Num(12,9,6),Sub-Num(2,11,10),LoadThreshB-Num(0,10,0),Floor-Num(13,8,8),If-Num(6,2,13),SubmitD(15,7,6),Countdown-Num(6,10,5),LoadThreshC-Num(15,3,1),CopyMem-Num(4,1,2),While-Num(5,15,14),Set-3-Num(2,11,1),Break(5,9,1)]"
PROBLEM_grade__ARGS_NUM__MUT_0075,3395,grade,Numeric,0.0075,0,True,55,496,443,"[Set-0-Num(0,12,4),Not-Num(14,15,12),Add-Num(5,5,1),Set-0-Num(6,0,10),Set-6-Num(9,14,1),LoadThreshD-Num(7,4,8),Set-7-Num(0,5,8),LoadThreshB-Num(0,5,9),TestNumLessTEqu-Num(7,4,13),SubmitF(11,13,12),TestNumEqu-Num(12,15,3),Countdown-Num(13,9,12),While-Num(14,5,10),Set-0-Num(12,0,0),LoadThreshC-Num(6,13,13),Set-14-Num(15,14,4),TestNumEqu-Num(2,15,11),Floor-Num(12,0,9),Set-15-Num(4,3,4),TestNumLessTEqu-Num(0,6,13),Set-0-Num(7,5,11),TestNumLessTEqu-Num(1,11,3),Inc-Num(4,11,6),SubmitC(8,12,2),LoadThreshC-Num(2,8,7),Set-16-Num(4,10,4),TestNumGreaterTEqu-Num(0,10,0),Mult-Num(5,4,15),Sub-Num(9,9,14),TestNumNEqu-Num(10,12,7),TestNumGreater-Num(0,13,14),Countdown-Num(13,7,0),LoadGrade-Num(13,0,7),Set-13-Num(13,7,3),Mod-Num(3,15,14),LoadGrade-Num(4,5,2),SubmitB(5,1,12),TestNumLess-Num(10,14,13),LoadThreshC-Num(2,14,4),LoadThreshA-Num(15,6,12),If-Num(9,14,6),Set-2-Num(1,12,3),TestNumGreaterTEqu-Num(10,15,5),LoadThreshB-Num(10,7,3),Set-5-Num(2,1,8),SubmitD(3,7,9),LoadGrade-Num(0,9,0),TestNumEqu-Num(15,6,13),Set-9-Num(5,6,1),TestNumGreaterTEqu-Num(0,15,1),Set-5-Num(2,4,4),TestNumNEqu-Num(4,6,9),Set-9-Num(14,13,2),While-Num(1,2,10),SubmitA(10,12,13)]"
PROBLEM_grade__ARGS_NUM__MUT_0075,3396,grade,Numeric,0.0075,0,True,49,496,309,"[Set-16-Num(10,15,11),Countdown-Num(10,5,2),TestNumGreater-Num(11,9,14),Set-8-Num(13,10,3),TestNumEqu-Num(15,5,7),TestNumLess-Num(4,0,0),Div-Num(9,15,9),SubmitA(12,3,3),Inc-Num(4,11,11),Set-12-Num(3,6,4),LoadThreshC-Num(6,6,8),Not-Num(12,2,5),IfNot-Num(7,13,15),LoadThreshD-Num(6,8,7),TestNumGreater-Num(0,5,10),SubmitB(12,1,12),Close(14,11,3),If-Num(0,14,14),Set-1-Num(5,4,15),LoadThreshD-Num(11,4,5),LoadThreshB-Num(15,1,12),Mod-Num(10,9,3),TestNumLessTEqu-Num(7,11,2),Set-15-Num(0,8,15),LoadGrade-Num(5,7,1),Set-1-Num(14,13,13),SubmitA(13,6,11),TestNumGreater-Num(4,6,13),Countdown-Num(0,1,0),SubmitC(9,7,10),Div-Num(13,1,5),LoadThreshB-Num(8,2,13),Floor-Num(8,14,10),SubmitA(15,2,11),Set-16-Num(2,13,14),Set-15-Num(9,6,12),Set-6-Num(11,0,13),SubmitD(5,4,1),TestNumNEqu-Num(14,8,2),SwapMem-Num(13,0,4),Div-Num(0,0,10),LoadThreshA-Num(14,12,8),TestNumEqu-Num(5,8,6),Set-14-Num(5,15,11),Close(8,5,12),Set-6-Num(15,12,11),SwapMem-Num(0,1,9),LoadGrade-Num(4,9,11),SubmitF(1,15,7)]"
PROBLEM_grade__ARGS_NUM__MUT_0075,3397,grade,Numeric,0.0075,0,True,38,480,363,"[Set-5-Num(15,6,2),Set-16-Num(11,12,13),Mod-Num(12,1,15),SubmitA(13,15,9),Countdown-Num(1,4,4),LoadGrade-Num(13,3,1),TestNumLessTEqu-Num(2,13,12),TestNumLessTEqu-Num(7,12,15),Set-4-Num(4,12,7),Inc-Num(13,1,6),While-Num(13,3,6),TestNumLessTEqu-Num(13,0,13),LoadThreshD-Num(2,0,6),Dec-Num(0,12,2),Not-Num(13,12,4),Set-3-Num(15,0,11),TestNumGreaterTEqu-Num(7,1,5),LoadThreshA-Num(7,8,0),SubmitD(9,0,9),Inc-Num(7,3,0),Close(4,11,3),Set-5-Num(15,2,13),SubmitF(9,7,3),IfNot-Num(6,9,0),Countdown-Num(12,7,10),Set-5-Num(4,0,13),Set-12-Num(8,14,6),Countdown-Num(0,15,7),Set-16-Num(0,7,14),Set-3-Num(10,9,4),SubmitD(3,1,1),Mult-Num(0,7,0),TestNumGreater-Num(3,1,12),SubmitC(10,15,9),LoadGrade-Num(3,2,7),While-Num(12,0,4),SubmitB(12,7,6),SubmitA(2,0,5)]"
PROBLEM_grade__ARGS_NUM__MUT_0075,3398,grade,Numeric,0.0075,0,True,48,423,200,"[Close(4,7,8),Set-4-Num(5,10,10),Close(1,4,4),Close(0,4,1),LoadThreshC-Num(12,7,10),Countdown-Num(1,12,9),Set-0-Num(4,7,5),Set-0-Num(3,5,4),LoadGrade-Num(0,14,1),TestNumEqu-Num(6,0,1),Set-3-Num(1,9,2),SubmitA(12,6,13),Set-1-Num(5,5,8),LoadThreshA-Num(10,1,10),Set-8-Num(4,8,3),SwapMem-Num(14,10,3),SubmitD(13,13,11),TestNumLess-Num(0,12,2),TestNumLess-Num(0,10,9),Countdown-Num(9,4,2),SubmitD(2,8,1),Set-16-Num(10,14,1),SwapMem-Num(7,14,10),Set-5-Num(3,5,4),TestNumEqu-Num(6,6,8),Set-7-Num(1,7,11),Set-5-Num(15,0,14),SubmitF(0,7,11),LoadThreshD-Num(14,15,4),IfNot-Num(2,5,5),LoadGrade-Num(9,12,0),SubmitC(3,10,5),Set-0-Num(14,4,14),TestNumLess-Num(15,7,6),While-Num(9,15,3),LoadThreshB-Num(12,0,11),Set-8-Num(5,14,12),LoadThreshB-Num(14,12,15),Set-8-Num(13,11,0),LoadThreshA-Num(5,10,7),Set-10-Num(0,0,6),LoadThreshB-Num(10,13,8),SubmitB(0,13,7),Dec-Num(14,3,11),SwapMem-Num(14,10,7),Not-Num(11,0,11),TestNumLessTEqu-Num(9,10,9),SubmitC(9,8,3)]"
PROBLEM_grade__ARGS_NUM__MUT_0075,3399,grade,Numeric,0.0075,0,True,30,492,246,"[Set-5-Num(12,6,5),LoadThreshB-Num(11,9,0),TestNumLessTEqu-Num(3,4,8),TestNumLessTEqu-Num(11,4,9),SubmitF(3,10,12),Set-13-Num(3,15,13),Countdown-Num(8,14,7),CopyMem-Num(3,10,1),SubmitA(0,5,14),Countdown-Num(3,9,8),Set-4-Num(0,15,8),Close(11,7,2),SwapMem-Num(5,15,12),CopyMem-Num(2,15,6),Mult-Num(10,6,10),Set-5-Num(12,5,1),SubmitC(15,7,0),TestNumGreaterTEqu-Num(15,13,8),TestNumGreaterTEqu-Num(13,12,6),TestNumEqu-Num(11,13,12),SubmitD(1,14,10),LoadGrade-Num(2,3,10),Set-12-Num(14,6,14),TestNumGreaterTEqu-Num(9,2,14),LoadGrade-Num(3,9,5),SubmitB(7,0,1),Set-13-Num(12,6,7),TestNumGreaterTEqu-Num(3,15,3),If-Num(9,2,5),LoadThreshA-Num(13,6,6)]"
PROBLEM_grade__ARGS_NUM__MUT_0075,3400,grade,Numeric,0.0075,0,True,73,459,284,"[Floor-Num(4,4,6),LoadGrade-Num(12,4,6),Sub-Num(4,1,5),TestNumLess-Num(13,9,10),TestNumEqu-Num(7,10,1),Sub-Num(10,12,4),Set-5-Num(6,6,7),CopyMem-Num(7,14,1),LoadGrade-Num(10,12,3),SubmitF(3,10,15),Add-Num(4,0,2),TestNumGreater-Num(1,2,1),Close(1,12,6),Dec-Num(12,1,5),Set-1-Num(2,8,5),Set-9-Num(9,3,5),If-Num(6,14,3),Set-4-Num(15,2,11),CopyMem-Num(3,14,1),Dec-Num(4,10,7),SubmitC(7,12,14),SwapMem-Num(4,3,1),Set-2-Num(8,11,2),Set-13-Num(3,4,14),Mod-Num(0,9,0),Set-11-Num(9,2,2),Set-15-Num(13,15,13),Close(0,1,7),TestNumGreaterTEqu-Num(5,11,13),SubmitC(6,2,15),Set-2-Num(6,1,5),SubmitF(8,3,7),SwapMem-Num(11,7,6),IfNot-Num(11,1,2),LoadThreshB-Num(5,7,9),Set-11-Num(4,15,14),Close(7,7,6),SubmitF(15,5,7),SubmitD(10,11,7),Dec-Num(5,15,6),Set-13-Num(7,9,2),Set-2-Num(4,13,11),TestNumEqu-Num(6,1,11),Set-1-Num(3,0,12),LoadThreshA-Num(9,9,0),Mult-Num(6,13,6),SubmitA(4,11,12),Add-Num(12,13,8),Countdown-Num(5,10,8),LoadGrade-Num(11,4,7),TestNumLessTEqu-Num(14,10,5),While-Num(9,11,14),SubmitD(6,6,1),Mod-Num(9,9,2),Set-7-Num(12,11,4),SubmitB(7,1,2),SubmitA(9,7,13),IfNot-Num(2,13,1),Mod-Num(1,6,2),SubmitA(12,1,12),If-Num(15,12,12),LoadThreshC-Num(11,6,9),Not-Num(2,14,0),Set-9-Num(9,15,6),SwapMem-Num(11,12,1),Sub-Num(3,1,7),Set-14-Num(13,8,9),Set-8-Num(1,15,2),Set-2-Num(0,5,1),SubmitB(6,4,13),Sub-Num(12,8,11),IfNot-Num(12,5,8),SubmitD(11,10,2)]"
PROBLEM_grade__ARGS_NUM__MUT_01,3051,grade,Numeric,0.01,0,True,62,499,389,"[Close(11,1,5),Set-8-Num(13,6,14),Not-Num(12,13,6),LoadThreshC-Num(0,3,5),Mult-Num(3,12,5),LoadGrade-Num(2,13,13),Set-0-Num(6,14,4),SubmitC(7,15,3),LoadThreshC-Num(9,0,9),Dec-Num(1,14,10),Inc-Num(15,3,4),LoadThreshA-Num(11,4,13),SubmitB(5,6,3),Close(12,4,10),Close(13,15,4),Not-Num(12,6,13),IfNot-Num(12,14,6),Set-7-Num(7,9,3),If-Num(0,6,0),Close(10,3,7),Close(0,0,3),CopyMem-Num(9,11,8),TestNumLessTEqu-Num(4,1,12),Not-Num(9,12,2),Set-9-Num(15,5,14),SubmitF(13,2,0),SwapMem-Num(7,5,4),Sub-Num(0,4,10),SubmitF(9,15,3),Mod-Num(14,10,3),SubmitC(11,10,9),SubmitC(12,10,3),TestNumNEqu-Num(12,6,5),TestNumLess-Num(2,7,6),Set-9-Num(1,10,3),Set-1-Num(2,15,11),Set-6-Num(5,10,7),Dec-Num(1,6,5),SubmitF(13,7,8),Mod-Num(14,14,6),TestNumLess-Num(12,2,4),IfNot-Num(6,3,0),SubmitA(6,15,6),Countdown-Num(13,2,5),TestNumLessTEqu-Num(2,4,12),Sub-Num(15,11,11),Sub-Num(10,3,2),Set-2-Num(8,7,7),SubmitD(0,2,2),Set-7-Num(13,7,14),Set-11-Num(10,6,13),Countdown-Num(12,4,4),Not-Num(9,11,1),SubmitB(7,5,13),LoadThreshA-Num(3,5,15),Set-7-Num(12,15,12),If-Num(13,15,3),While-Num(10,2,0),TestNumEqu-Num(14,15,10),Countdown-Num(12,14,5),Set-2-Num(1,12,15),Not-Num(2,13,2)]"
PROBLEM_grade__ARGS_NUM__MUT_01,3052,grade,Numeric,0.01,0,True,43,492,307,"[Countdown-Num(2,14,1),TestNumNEqu-Num(2,1,10),Floor-Num(12,4,7),Div-Num(4,0,0),SubmitD(0,0,7),Mod-Num(11,0,10),SubmitF(5,3,7),Set-11-Num(8,1,8),Set-16-Num(5,3,11),TestNumGreaterTEqu-Num(2,4,11),SubmitD(12,0,5),Set-8-Num(2,15,7),Set-4-Num(7,1,11),Div-Num(3,11,2),IfNot-Num(11,4,15),SwapMem-Num(15,3,13),Sub-Num(1,12,9),Inc-Num(6,15,4),Countdown-Num(2,4,13),Set-14-Num(0,14,14),Floor-Num(10,0,10),Mod-Num(6,9,14),Set-12-Num(2,7,8),Set-5-Num(6,14,4),LoadGrade-Num(8,9,13),If-Num(10,1,11),Not-Num(6,1,7),Set-5-Num(2,15,7),Close(10,6,3),SubmitA(4,8,6),Not-Num(13,7,2),LoadThreshA-Num(9,14,11),Set-7-Num(9,12,12),SubmitC(15,14,4),IfNot-Num(14,2,0),Inc-Num(8,13,8),LoadThreshB-Num(0,15,13),Inc-Num(5,11,0),TestNumGreater-Num(8,0,7),Add-Num(13,15,5),SubmitD(1,14,1),While-Num(7,0,5),SubmitB(9,2,9)]"
PROBLEM_grade__ARGS_NUM__MUT_01,3053,grade,Numeric,0.01,0,True,25,408,164,"[SubmitD(13,11,6),SwapMem-Num(0,11,3),Sub-Num(10,0,12),LoadGrade-Num(12,12,15),LoadThreshD-Num(9,1,15),TestNumLess-Num(4,11,8),SubmitB(9,1,8),TestNumGreater-Num(1,4,2),SubmitB(11,10,8),CopyMem-Num(5,7,6),TestNumLessTEqu-Num(9,12,12),LoadThreshC-Num(13,6,9),TestNumEqu-Num(14,8,10),While-Num(2,7,9),SubmitC(4,13,13),While-Num(12,4,3),Inc-Num(0,7,14),TestNumGreaterTEqu-Num(13,0,12),LoadGrade-Num(0,0,11),SubmitD(5,13,2),Close(1,6,2),SubmitF(0,13,13),Close(10,13,8),If-Num(10,10,0),SubmitA(12,0,5)]"
PROBLEM_grade__ARGS_NUM__MUT_01,3054,grade,Numeric,0.01,0,False,NONE,NONE,NONE,"NONE"
PROBLEM_grade__ARGS_NUM__MUT_01,3055,grade,Numeric,0.01,0,True,42,368,194,"[LoadThreshC-Num(13,13,6),Set-14-Num(14,0,3),LoadThreshB-Num(15,12,8),Countdown-Num(14,8,11),SubmitF(10,0,4),Close(14,2,5),Close(15,8,12),Close(11,15,0),LoadGrade-Num(0,14,9),Set-14-Num(11,5,10),LoadThreshD-Num(6,13,2),Close(12,0,3),Set-5-Num(10,7,7),Sub-Num(3,2,5),TestNumLessTEqu-Num(6,0,11),If-Num(11,5,15),Set-4-Num(9,8,9),TestNumGreater-Num(12,8,3),Set-6-Num(4,8,6),SubmitD(7,1,0),Set-4-Num(1,12,7),Set-11-Num(14,10,9),Set-4-Num(8,4,4),LoadThreshC-Num(4,9,3),Set-7-Num(5,8,0),TestNumLess-Num(0,15,10),Floor-Num(10,2,10),TestNumLessTEqu-Num(8,9,12),Set-14-Num(3,7,5),Add-Num(4,2,11),TestNumGreater-Num(14,2,14),Set-16-Num(8,11,2),SubmitB(3,1,0),TestNumLess-Num(8,13,6),SwapMem-Num(15,13,10),IfNot-Num(10,3,6),SubmitA(15,10,8),LoadThreshA-Num(15,0,9),Inc-Num(1,9,1),Countdown-Num(1,1,14),Set-9-Num(9,4,6),SubmitC(6,1,7)]"
PROBLEM_grade__ARGS_NUM__MUT_01,3056,grade,Numeric,0.01,0,True,19,326,164,"[LoadThreshC-Num(0,4,15),TestNumGreaterTEqu-Num(4,3,5),SubmitF(8,4,10),Countdown-Num(5,1,13),Inc-Num(9,2,11),LoadThreshA-Num(6,0,13),SubmitD(15,5,11),Set-15-Num(2,2,4),TestNumGreaterTEqu-Num(4,0,5),Countdown-Num(5,12,0),SwapMem-Num(14,2,8),LoadGrade-Num(0,10,12),SubmitC(0,4,10),TestNumNEqu-Num(2,9,5),If-Num(9,0,11),SubmitB(11,1,11),TestNumLessTEqu-Num(6,0,14),TestNumGreaterTEqu-Num(0,1,9),SubmitA(5,9,15)]"
PROBLEM_grade__ARGS_NUM__MUT_01,3057,grade,Numeric,0.01,0,False,NONE,NONE,NONE,"NONE"
PROBLEM_grade__ARGS_NUM__MUT_01,3058,grade,Numeric,0.01,0,True,43,444,305,"[LoadThreshD-Num(12,11,11),Add-Num(12,0,11),Sub-Num(2,4,14),TestNumLess-Num(14,9,1),Set-3-Num(13,15,6),Countdown-Num(13,11,4),SubmitA(14,13,4),If-Num(1,6,5),Set-12-Num(2,3,11),Set-4-Num(8,6,15),Set-7-Num(11,0,4),Floor-Num(8,13,1),Set-15-Num(13,1,8),SubmitB(3,2,8),Set-1-Num(5,2,2),Not-Num(13,7,9),SubmitC(4,4,2),Inc-Num(12,4,15),LoadThreshA-Num(2,0,15),LoadGrade-Num(10,10,4),TestNumEqu-Num(7,8,11),SubmitB(5,15,6),Close(0,14,15),Add-Num(6,11,8),SwapMem-Num(10,8,9),Set-14-Num(7,8,13),LoadThreshB-Num(9,14,12),TestNumGreaterTEqu-Num(13,12,1),Set-5-Num(2,6,14),Sub-Num(4,12,3),IfNot-Num(6,10,1),Close(2,15,7),TestNumLess-Num(10,11,5),Sub-Num(0,9,13),Sub-Num(4,9,12),While-Num(11,3,10),SubmitC(9,8,10),TestNumLess-Num(3,5,15),While-Num(14,11,1),Mult-Num(2,15,12),SubmitD(4,5,14),Countdown-Num(12,12,6),SubmitF(4,0,14)]"
PROBLEM_grade__ARGS_NUM__MUT_01,3059,grade,Numeric,0.01,0,True,31,174,120,"[LoadGrade-Num(3,13,15),LoadThreshB-Num(5,1,13),SwapMem-Num(2,5,4),TestNumLess-Num(4,0,15),SubmitA(12,0,15),Countdown-Num(15,2,7),Countdown-Num(0,9,14),Floor-Num(15,10,5),Inc-Num(3,8,12),SubmitB(4,8,14),Set-13-Num(0,1,15),Set-9-Num(12,7,15),LoadThreshD-Num(8,9,10),TestNumGreaterTEqu-Num(5,3,1),SwapMem-Num(12,6,6),SwapMem-Num(11,11,2),TestNumLess-Num(4,2,15),LoadThreshD-Num(2,2,1),SubmitC(2,4,15),SubmitD(1,14,5),Set-14-Num(0,14,13),Countdown-Num(15,3,4),Set-16-Num(5,2,7),Dec-Num(0,4,13),SubmitF(3,5,8),Set-3-Num(3,1,1),TestNumLessTEqu-Num(0,12,12),Floor-Num(7,8,1),IfNot-Num(1,6,0),SubmitC(0,8,4),While-Num(4,13,15)]"
PROBLEM_grade__ARGS_NUM__MUT_01,3060,grade,Numeric,0.01,0,True,78,358,213,"[Close(13,15,7),Set-11-Num(13,8,3),Set-12-Num(5,0,9),Close(6,2,5),TestNumGreaterTEqu-Num(15,14,9),Set-12-Num(2,6,13),Dec-Num(11,6,14),SubmitD(6,2,13),Set-9-Num(14,12,6),Set-14-Num(3,11,13),Break(13,1,8),Add-Num(1,11,6),Close(10,2,5),SubmitC(15,4,6),Countdown-Num(5,7,12),LoadThreshB-Num(0,1,4),Countdown-Num(13,11,10),Set-9-Num(7,5,2),LoadThreshC-Num(1,4,9),LoadGrade-Num(12,15,2),SubmitB(14,3,10),LoadThreshB-Num(15,10,9),If-Num(15,8,11),TestNumLess-Num(6,12,15),SubmitB(5,14,10),Close(14,6,3),Set-9-Num(7,0,12),TestNumLess-Num(14,11,10),LoadThreshA-Num(5,14,9),SubmitC(4,0,8),Set-14-Num(9,8,12),Div-Num(4,9,2),Set-10-Num(14,8,1),CopyMem-Num(12,11,0),SubmitA(10,7,6),SubmitF(8,1,2),Mod-Num(15,14,8),Set-15-Num(3,11,3),Set-13-Num(2,8,0),Set-12-Num(6,1,4),Mult-Num(15,0,7),SwapMem-Num(0,9,7),Mod-Num(3,2,6),Div-Num(12,15,13),Inc-Num(3,1,13),Set-4-Num(1,15,14),Set-14-Num(2,3,6),IfNot-Num(7,6,15),Set-12-Num(7,5,11),LoadThreshC-Num(3,9,9),SwapMem-Num(2,11,7),CopyMem-Num(2,1,2),Add-Num(3,8,6),Dec-Num(6,9,13),SubmitC(8,15,11),Close(8,8,5),CopyMem-Num(4,2,12),Set-7-Num(5,1,3),Mod-Num(7,9,0),Mod-Num(13,14,14),Inc-Num(1,9,13),SubmitC(12,5,4),LoadGrade-Num(10,12,4),SubmitF(10,15,0),TestNumLess-Num(6,10,15),SubmitD(15,4,8),SubmitB(12,2,11),Set-15-Num(8,0,9),SubmitA(12,13,2),Mod-Num(15,11,4),Mult-Num(9,4,7),LoadThreshA-Num(6,6,6),Dec-Num(6,11,1),IfNot-Num(7,3,12),LoadThreshD-Num(0,3,4),TestNumLess-Num(0,1,12),While-Num(12,10,0),SubmitD(12,3,10)]"
PROBLEM_grade__ARGS_NUM__MUT_01,3061,grade,Numeric,0.01,0,True,32,303,146,"[Close(8,8,6),Sub-Num(11,4,1),SubmitF(13,15,2),SubmitC(3,12,15),TestNumLessTEqu-Num(3,4,5),If-Num(5,4,4),LoadThreshA-Num(15,3,7),Close(13,3,10),Dec-Num(15,2,8),LoadGrade-Num(8,7,12),Inc-Num(3,2,2),LoadThreshB-Num(14,4,0),TestNumGreaterTEqu-Num(8,14,12),Set-16-Num(10,14,10),TestNumEqu-Num(3,15,2),SubmitD(10,12,5),Set-8-Num(3,11,14),Set-10-Num(13,9,14),SubmitC(11,5,8),CopyMem-Num(14,11,4),LoadThreshA-Num(14,14,8),TestNumLessTEqu-Num(8,15,9),SubmitD(6,5,3),Set-6-Num(0,8,12),LoadThreshB-Num(1,10,7),LoadThreshC-Num(3,0,2),Set-12-Num(1,1,1),If-Num(12,14,4),SubmitB(0,4,5),While-Num(9,14,10),Close(13,15,4),SubmitA(12,2,1)]"
PROBLEM_grade__ARGS_NUM__MUT_01,3062,grade,Numeric,0.01,0,True,19,367,164,"[TestNumNEqu-Num(0,1,8),SubmitF(1,15,7),TestNumLessTEqu-Num(1,4,10),LoadThreshD-Num(1,11,1),TestNumLessTEqu-Num(1,4,11),If-Num(11,6,5),Sub-Num(4,3,7),SubmitD(1,8,12),Mult-Num(10,7,6),TestNumLessTEqu-Num(2,4,11),Dec-Num(0,4,4),Mult-Num(11,10,7),If-Num(11,9,11),SubmitC(9,11,5),While-Num(7,8,0),TestNumGreater-Num(4,0,2),Div-Num(2,6,7),SubmitA(11,14,8),SubmitB(14,2,10)]"
PROBLEM_grade__ARGS_NUM__MUT_01,3063,grade,Numeric,0.01,0,True,28,410,410,"[LoadGrade-Num(3,2,7),TestNumLessTEqu-Num(9,10,14),Mod-Num(3,0,9),SubmitB(6,9,11),TestNumLessTEqu-Num(1,5,11),Countdown-Num(0,2,13),IfNot-Num(11,13,1),TestNumGreater-Num(3,9,5),SubmitA(7,11,3),IfNot-Num(5,0,4),SubmitD(13,2,8),SubmitB(6,9,11),TestNumLessTEqu-Num(1,9,11),Countdown-Num(0,2,13),IfNot-Num(11,13,1),TestNumGreater-Num(3,9,5),SubmitA(7,11,3),IfNot-Num(5,0,4),SubmitD(13,2,8),While-Num(14,5,1),SubmitC(5,11,4),LoadThreshD-Num(2,13,12),LoadThreshC-Num(15,8,7),While-Num(1,9,2),Dec-Num(15,11,5),SubmitF(15,3,10),TestNumLess-Num(15,3,14),TestNumGreater-Num(2,3,1)]"
PROBLEM_grade__ARGS_NUM__MUT_01,3064,grade,Numeric,0.01,0,True,21,240,175,"[LoadGrade-Num(15,12,3),Countdown-Num(1,10,2),TestNumLess-Num(1,15,5),Dec-Num(3,14,3),TestNumLessTEqu-Num(4,3,10),Dec-Num(2,13,10),Add-Num(5,14,8),SubmitF(5,12,13),While-Num(0,11,15),SubmitC(6,10,6),Sub-Num(10,8,10),TestNumLessTEqu-Num(15,2,8),Countdown-Num(10,4,10),Sub-Num(0,4,13),SubmitD(8,12,6),Div-Num(5,2,0),While-Num(0,9,11),TestNumLessTEqu-Num(13,8,2),SubmitA(3,14,6),IfNot-Num(2,3,11),SubmitB(11,5,7)]"
PROBLEM_grade__ARGS_NUM__MUT_01,3065,grade,Numeric,0.01,0,True,54,470,203,"[Div-Num(1,15,2),Dec-Num(3,8,3),TestNumLess-Num(3,4,10),CopyMem-Num(10,8,15),TestNumGreaterTEqu-Num(4,2,9),SubmitF(12,10,15),LoadGrade-Num(7,6,15),Set-2-Num(2,1,14),Countdown-Num(8,5,4),Div-Num(1,9,8),LoadThreshA-Num(5,12,11),SubmitD(15,7,11),SwapMem-Num(12,7,7),TestNumLessTEqu-Num(1,12,1),While-Num(1,12,7),TestNumGreaterTEqu-Num(12,5,4),Div-Num(7,7,11),LoadThreshB-Num(11,3,15),TestNumNEqu-Num(0,10,3),SubmitC(7,1,5),Set-14-Num(6,11,8),SubmitF(10,2,12),Set-0-Num(0,3,4),Sub-Num(3,10,5),LoadThreshB-Num(0,14,9),TestNumGreater-Num(4,5,2),SubmitD(10,2,7),Set-4-Num(12,11,1),Set-3-Num(1,14,9),Div-Num(13,0,1),Set-11-Num(9,15,13),Set-8-Num(0,14,1),Set-2-Num(10,7,5),Set-4-Num(10,10,13),Set-13-Num(13,5,10),Set-15-Num(5,11,13),LoadGrade-Num(1,13,11),LoadThreshA-Num(4,6,5),Div-Num(8,7,1),SubmitA(2,14,10),LoadGrade-Num(10,15,6),SubmitA(12,1,13),Sub-Num(15,1,6),Set-16-Num(5,7,15),Add-Num(10,2,3),LoadThreshD-Num(11,3,13),Mult-Num(12,3,12),Set-14-Num(10,3,14),SubmitB(5,15,14),Set-1-Num(9,3,14),SubmitC(12,9,13),If-Num(2,14,1),Mult-Num(15,13,15),Close(8,1,7)]"
PROBLEM_grade__ARGS_NUM__MUT_01,3066,grade,Numeric,0.01,0,True,52,491,231,"[Close(0,10,3),LoadThreshC-Num(1,12,14),TestNumLessTEqu-Num(5,1,1),SubmitC(10,11,15),LoadThreshD-Num(9,3,9),If-Num(1,7,1),SubmitF(13,15,15),Dec-Num(9,15,5),LoadGrade-Num(5,3,9),While-Num(1,9,13),Sub-Num(2,2,14),LoadGrade-Num(2,2,8),LoadThreshB-Num(15,9,2),TestNumEqu-Num(14,10,14),TestNumLess-Num(1,4,10),Set-3-Num(0,14,0),Floor-Num(7,4,11),SubmitB(1,7,9),Set-11-Num(6,15,5),TestNumGreaterTEqu-Num(13,13,7),Mult-Num(8,8,13),Sub-Num(9,0,12),LoadThreshB-Num(12,15,13),Countdown-Num(7,0,1),Set-16-Num(10,8,1),Set-4-Num(4,7,1),Set-1-Num(3,4,13),Set-11-Num(3,1,15),Inc-Num(6,3,14),CopyMem-Num(8,12,0),Set-7-Num(2,13,0),LoadThreshA-Num(6,2,7),Sub-Num(11,14,1),Set-7-Num(2,12,2),Set-13-Num(1,6,13),Inc-Num(10,12,3),TestNumLess-Num(9,5,4),If-Num(4,13,11),Set-1-Num(0,5,11),Set-13-Num(3,8,2),SubmitD(11,1,0),LoadThreshA-Num(2,15,14),Sub-Num(6,0,4),LoadThreshC-Num(0,15,3),Mod-Num(15,11,1),Inc-Num(5,8,3),TestNumLess-Num(2,5,12),TestNumLessTEqu-Num(14,12,11),TestNumLessTEqu-Num(3,13,3),SubmitA(9,11,8),Set-8-Num(0,9,8),LoadThreshB-Num(9,10,1)]"
PROBLEM_grade__ARGS_NUM__MUT_01,3067,grade,Numeric,0.01,0,True,55,385,132,"[If-Num(1,11,8),SubmitF(5,3,6),LoadThreshB-Num(11,12,4),SubmitA(6,5,0),Inc-Num(4,15,6),Set-1-Num(11,14,6),LoadThreshC-Num(12,6,2),Mult-Num(10,15,15),Set-5-Num(2,15,2),Set-5-Num(3,1,15),LoadThreshB-Num(13,1,10),Div-Num(14,2,15),Set-5-Num(3,13,15),Set-6-Num(7,5,1),TestNumEqu-Num(5,4,10),Set-14-Num(9,7,2),TestNumEqu-Num(11,5,10),Sub-Num(4,8,11),Inc-Num(13,11,6),CopyMem-Num(11,14,7),Sub-Num(0,4,4),Not-Num(3,1,6),SubmitB(11,12,2),Dec-Num(3,15,12),Floor-Num(15,14,12),Countdown-Num(4,3,7),SubmitB(1,7,13),SwapMem-Num(6,11,7),TestNumGreaterTEqu-Num(3,4,8),SubmitA(4,7,15),Set-3-Num(4,10,6),While-Num(14,2,2),Countdown-Num(14,14,7),Div-Num(15,14,15),While-Num(7,11,2),LoadThreshD-Num(3,9,14),Add-Num(1,5,2),SubmitD(13,0,10),Set-7-Num(3,12,6),Div-Num(10,8,14),Not-Num(14,15,13),LoadGrade-Num(4,1,3),TestNumLess-Num(12,6,8),TestNumEqu-Num(9,15,2),LoadThreshD-Num(12,13,9),SubmitF(8,15,6),Countdown-Num(8,9,13),Inc-Num(14,15,10),TestNumLess-Num(6,13,7),SubmitC(8,6,13),SwapMem-Num(15,2,10),Mult-Num(14,5,12),TestNumEqu-Num(13,10,9),Set-6-Num(10,11,8),Add-Num(10,13,12)]"
PROBLEM_grade__ARGS_NUM__MUT_01,3068,grade,Numeric,0.01,0,True,25,500,331,"[LoadThreshD-Num(11,13,14),Dec-Num(0,13,12),Inc-Num(3,13,12),While-Num(3,10,1),SubmitF(1,5,6),TestNumGreaterTEqu-Num(4,11,3),TestNumLessTEqu-Num(2,4,5),TestNumGreaterTEqu-Num(0,4,13),Not-Num(2,5,1),Countdown-Num(5,3,5),Dec-Num(5,5,1),SubmitA(9,12,0),While-Num(13,11,6),Set-2-Num(8,10,0),While-Num(0,13,15),LoadThreshB-Num(0,10,0),Div-Num(5,10,14),Add-Num(1,3,12),SubmitC(3,6,8),LoadGrade-Num(7,3,1),TestNumLess-Num(7,0,7),TestNumGreaterTEqu-Num(5,13,3),SubmitB(2,0,3),Countdown-Num(7,2,7),SubmitD(12,3,3)]"
PROBLEM_grade__ARGS_NUM__MUT_01,3069,grade,Numeric,0.01,0,True,22,417,379,"[TestNumLess-Num(4,3,7),Sub-Num(4,1,15),LoadGrade-Num(10,4,0),TestNumGreater-Num(0,10,3),SubmitA(9,9,9),LoadThreshC-Num(10,5,1),While-Num(3,0,15),SubmitC(14,14,15),TestNumLessTEqu-Num(10,4,3),Countdown-Num(10,10,12),If-Num(1,9,9),Inc-Num(15,4,11),SubmitF(5,13,3),Mult-Num(1,7,1),TestNumGreaterTEqu-Num(14,15,4),Set-12-Num(10,1,13),Set-10-Num(14,8,5),Set-15-Num(2,12,6),SubmitD(9,10,8),IfNot-Num(4,6,12),TestNumLess-Num(13,13,3),SubmitB(13,10,13)]"
PROBLEM_grade__ARGS_NUM__MUT_01,3070,grade,Numeric,0.01,0,True,60,466,95,"[TestNumEqu-Num(8,9,5),Set-13-Num(12,11,5),Inc-Num(4,4,10),SubmitA(13,1,1),SubmitC(5,8,11),Set-13-Num(2,4,10),SwapMem-Num(14,4,11),Set-3-Num(2,15,8),Set-10-Num(13,13,1),LoadGrade-Num(12,2,14),LoadGrade-Num(6,0,2),Set-0-Num(11,6,10),Dec-Num(13,2,13),Set-5-Num(11,6,8),Inc-Num(11,0,10),TestNumLess-Num(3,14,5),Set-16-Num(3,0,1),TestNumGreaterTEqu-Num(12,0,7),Countdown-Num(11,11,13),TestNumLess-Num(1,14,9),Set-2-Num(0,0,4),Div-Num(12,6,1),Set-6-Num(8,13,8),LoadGrade-Num(2,6,6),Mult-Num(7,9,12),SubmitB(14,10,1),Set-10-Num(7,11,8),LoadThreshC-Num(8,5,9),TestNumLessTEqu-Num(8,2,6),Set-14-Num(11,0,13),CopyMem-Num(9,2,3),Inc-Num(11,14,15),CopyMem-Num(14,11,8),If-Num(13,10,8),SubmitB(15,1,3),SubmitF(7,3,7),TestNumEqu-Num(9,15,1),Dec-Num(13,14,7),SubmitD(4,3,3),Floor-Num(5,0,6),Set-14-Num(13,15,9),SubmitF(4,9,0),LoadThreshA-Num(10,1,6),If-Num(5,5,11),Set-10-Num(9,8,11),LoadGrade-Num(4,14,3),While-Num(6,0,7),Set-3-Num(7,13,7),Not-Num(15,6,15),TestNumGreater-Num(8,5,6),SwapMem-Num(12,14,6),TestNumEqu-Num(2,15,9),Not-Num(7,10,12),Set-14-Num(9,11,7),Sub-Num(2,15,6),LoadGrade-Num(8,1,11),SubmitB(1,4,10),While-Num(6,14,9),SubmitC(3,4,5),SubmitA(4,8,7)]"
PROBLEM_grade__ARGS_NUM__MUT_01,3071,grade,Numeric,0.01,0,True,47,495,200,"[Countdown-Num(1,9,10),LoadThreshA-Num(13,4,5),SubmitA(4,15,15),While-Num(11,14,7),Close(8,9,3),SubmitD(3,4,14),If-Num(2,14,6),TestNumLessTEqu-Num(2,7,10),Set-13-Num(1,1,7),Dec-Num(13,9,1),TestNumLessTEqu-Num(2,3,7),Set-5-Num(9,0,2),SubmitC(4,10,11),Set-2-Num(14,7,10),If-Num(15,10,7),Not-Num(1,3,12),Close(1,2,13),SubmitD(7,11,0),SubmitB(5,14,14),SubmitD(12,5,3),Add-Num(12,2,5),LoadGrade-Num(6,1,11),LoadThreshB-Num(0,1,9),Set-14-Num(9,11,3),SubmitB(8,1,8),SubmitA(4,5,15),Sub-Num(0,6,5),Countdown-Num(7,8,10),SubmitB(0,8,2),TestNumGreaterTEqu-Num(7,4,12),TestNumLessTEqu-Num(8,11,7),SubmitC(5,4,5),Not-Num(8,10,7),TestNumNEqu-Num(1,14,4),Close(13,12,4),Close(13,14,2),Set-1-Num(0,11,4),SwapMem-Num(8,5,13),TestNumLess-Num(13,6,11),Inc-Num(13,7,2),Set-16-Num(10,0,12),Set-9-Num(13,1,7),Set-14-Num(10,9,5),TestNumGreater-Num(3,4,15),Floor-Num(3,12,4),LoadGrade-Num(3,14,8),SubmitF(1,15,0)]"
PROBLEM_grade__ARGS_NUM__MUT_01,3072,grade,Numeric,0.01,0,True,46,396,186,"[Close(10,15,15),LoadThreshC-Num(11,10,12),Close(0,2,8),SubmitB(4,15,1),Set-2-Num(15,3,1),Close(11,3,1),LoadThreshD-Num(7,0,7),TestNumEqu-Num(14,10,1),Inc-Num(4,8,14),Set-3-Num(3,12,13),LoadThreshD-Num(7,4,11),SubmitA(15,15,9),Close(10,13,10),Set-12-Num(13,3,5),LoadGrade-Num(10,1,11),Set-1-Num(13,15,10),Set-1-Num(14,3,4),LoadThreshB-Num(13,7,2),TestNumLess-Num(10,11,5),Countdown-Num(5,15,7),SubmitF(12,0,8),TestNumLess-Num(10,7,5),Close(1,13,2),TestNumLessTEqu-Num(13,10,6),While-Num(4,4,5),Floor-Num(13,12,7),Floor-Num(6,1,13),SubmitC(3,8,1),Inc-Num(3,0,11),Set-2-Num(5,10,3),Set-7-Num(10,3,8),Sub-Num(1,1,11),LoadThreshA-Num(12,9,10),Set-14-Num(9,13,12),SubmitD(2,9,2),Set-6-Num(5,8,14),TestNumGreater-Num(4,12,5),Set-8-Num(10,10,1),Set-15-Num(15,15,3),Floor-Num(6,4,12),If-Num(6,8,9),Set-9-Num(10,11,0),TestNumLess-Num(5,13,4),IfNot-Num(5,11,4),IfNot-Num(0,14,8),Countdown-Num(10,15,4)]"
PROBLEM_grade__ARGS_NUM__MUT_01,3073,grade,Numeric,0.01,0,True,18,420,126,"[Countdown-Num(0,14,11),SubmitF(14,12,2),TestNumGreaterTEqu-Num(4,1,2),LoadThreshC-Num(15,5,1),Inc-Num(4,3,0),TestNumGreaterTEqu-Num(3,4,0),TestNumLess-Num(15,4,9),SubmitD(6,15,3),LoadThreshA-Num(15,3,11),LoadGrade-Num(4,6,8),Countdown-Num(9,8,6),SubmitC(15,14,14),If-Num(2,14,1),SubmitA(7,6,10),Sub-Num(4,15,13),TestNumLess-Num(13,6,5),If-Num(5,3,13),SubmitB(13,5,10)]"
PROBLEM_grade__ARGS_NUM__MUT_01,3074,grade,Numeric,0.01,0,True,52,394,139,"[LoadGrade-Num(5,7,11),Inc-Num(5,0,3),Set-1-Num(3,8,8),LoadThreshD-Num(10,15,3),Mod-Num(1,5,8),SwapMem-Num(11,10,15),LoadGrade-Num(5,15,12),LoadGrade-Num(0,3,11),While-Num(3,1,9),Sub-Num(1,3,4),TestNumLessTEqu-Num(1,9,1),Set-9-Num(3,9,4),Inc-Num(5,5,14),TestNumLess-Num(9,6,7),Set-3-Num(15,1,15),TestNumEqu-Num(6,0,15),LoadThreshA-Num(10,8,4),Set-7-Num(7,5,5),LoadThreshC-Num(12,13,0),SubmitB(15,15,10),Set-11-Num(14,13,3),TestNumGreater-Num(8,4,12),Set-13-Num(10,13,7),CopyMem-Num(8,1,15),If-Num(5,11,2),Div-Num(15,12,9),SubmitB(14,15,9),Set-8-Num(10,7,15),Set-15-Num(2,2,4),Set-4-Num(10,0,12),Set-6-Num(2,6,4),Set-11-Num(4,15,0),IfNot-Num(13,6,1),TestNumLessTEqu-Num(5,11,13),SubmitD(10,15,4),LoadThreshC-Num(5,13,7),Close(15,5,0),Close(14,15,13),Set-6-Num(14,5,15),Set-10-Num(6,4,13),Set-5-Num(10,14,8),TestNumNEqu-Num(11,15,15),SubmitC(10,10,14),Set-8-Num(10,7,9),Set-16-Num(7,1,15),LoadThreshA-Num(9,5,1),SubmitF(1,8,4),Add-Num(0,15,11),Countdown-Num(12,14,1),LoadGrade-Num(14,5,5),TestNumLess-Num(14,9,3),SubmitA(12,0,12)]"
PROBLEM_grade__ARGS_NUM__MUT_01,3075,grade,Numeric,0.01,0,True,18,366,215,"[TestNumLess-Num(4,1,1),Dec-Num(2,4,5),If-Num(1,0,15),LoadGrade-Num(5,14,0),SubmitC(0,9,0),Close(10,9,15),TestNumGreaterTEqu-Num(4,0,0),While-Num(0,6,9),SubmitA(4,2,13),Close(0,6,6),TestNumLess-Num(2,5,9),IfNot-Num(9,12,11),TestNumLessTEqu-Num(3,5,15),SubmitB(5,8,0),While-Num(1,12,14),SubmitF(3,7,2),While-Num(15,13,6),SubmitD(13,13,13)]"
PROBLEM_grade__ARGS_NUM__MUT_01,3076,grade,Numeric,0.01,0,True,34,443,171,"[LoadThreshD-Num(12,10,3),Set-5-Num(3,11,11),LoadGrade-Num(14,2,2),Countdown-Num(3,4,4),Set-11-Num(13,1,2),IfNot-Num(3,2,14),LoadThreshA-Num(2,14,4),Close(6,7,1),Set-1-Num(10,3,1),Add-Num(12,13,9),SubmitB(7,0,11),Sub-Num(12,13,1),Set-7-Num(7,15,5),TestNumGreater-Num(2,14,8),TestNumGreaterTEqu-Num(10,2,4),Set-16-Num(13,10,3),TestNumLess-Num(10,13,5),SubmitC(10,1,9),SubmitB(12,3,8),Set-6-Num(5,13,15),SubmitA(4,5,3),Countdown-Num(8,15,15),SubmitC(13,2,9),LoadThreshB-Num(3,3,14),Set-11-Num(7,10,3),Set-14-Num(3,10,9),Mod-Num(3,8,0),Set-14-Num(4,3,9),Countdown-Num(4,10,10),TestNumLess-Num(14,12,4),SubmitD(13,1,9),LoadThreshB-Num(2,4,15),While-Num(4,2,8),SubmitF(15,6,4)]"
PROBLEM_grade__ARGS_NUM__MUT_01,3077,grade,Numeric,0.01,0,True,40,433,172,"[LoadThreshC-Num(6,10,13),CopyMem-Num(3,0,13),LoadThreshA-Num(3,13,12),TestNumGreaterTEqu-Num(4,3,8),SwapMem-Num(1,8,8),LoadGrade-Num(13,13,0),SubmitA(12,6,1),Countdown-Num(3,10,7),SwapMem-Num(8,0,7),Dec-Num(12,12,4),IfNot-Num(1,14,12),TestNumGreaterTEqu-Num(13,6,3),Not-Num(13,11,8),Set-11-Num(5,15,15),IfNot-Num(3,5,14),Not-Num(5,5,11),While-Num(12,0,13),Set-9-Num(0,13,8),Countdown-Num(3,9,6),TestNumLessTEqu-Num(6,3,6),Close(6,7,12),SubmitD(4,15,14),Set-9-Num(12,8,10),Set-11-Num(13,13,0),TestNumGreaterTEqu-Num(5,8,7),Set-2-Num(13,3,4),Set-15-Num(9,5,8),Set-9-Num(10,5,15),Dec-Num(5,0,15),SubmitC(0,2,2),Set-9-Num(13,3,3),LoadGrade-Num(5,4,1),TestNumGreaterTEqu-Num(7,6,14),SubmitF(10,9,11),SwapMem-Num(0,3,10),If-Num(7,1,4),Set-3-Num(6,0,14),Countdown-Num(6,12,13),SubmitB(13,3,2),Mult-Num(10,13,8)]"
PROBLEM_grade__ARGS_NUM__MUT_01,3078,grade,Numeric,0.01,0,True,45,484,178,"[LoadGrade-Num(12,7,11),Set-13-Num(11,0,3),TestNumGreaterTEqu-Num(4,2,15),Close(8,7,5),Close(6,9,9),Div-Num(0,15,3),SubmitB(6,8,15),Floor-Num(3,11,4),Dec-Num(13,8,11),SubmitF(0,10,4),Set-12-Num(0,3,15),Not-Num(9,6,4),Not-Num(10,7,8),Set-2-Num(13,4,10),SwapMem-Num(3,7,12),TestNumGreaterTEqu-Num(4,7,3),Add-Num(7,7,9),Mult-Num(10,2,12),Div-Num(12,2,7),Mod-Num(6,15,2),If-Num(3,10,8),Mult-Num(7,8,2),Close(14,11,1),Set-10-Num(9,1,13),Set-1-Num(9,2,1),TestNumNEqu-Num(8,8,12),While-Num(13,14,2),Set-10-Num(5,8,8),Set-3-Num(0,2,13),SwapMem-Num(2,6,0),Sub-Num(9,6,11),TestNumGreaterTEqu-Num(4,1,3),SubmitC(6,12,15),Mult-Num(1,5,8),Set-11-Num(12,8,7),Mod-Num(6,2,1),SubmitD(15,8,4),If-Num(3,8,3),LoadThreshA-Num(4,12,7),SubmitA(10,4,11),Set-3-Num(6,13,14),Set-8-Num(15,1,12),Countdown-Num(10,5,12),IfNot-Num(15,15,6),SubmitF(7,4,4)]"
PROBLEM_grade__ARGS_NUM__MUT_01,3079,grade,Numeric,0.01,0,True,21,371,247,"[LoadGrade-Num(0,11,3),SubmitF(8,1,7),TestNumGreaterTEqu-Num(4,3,3),TestNumLess-Num(0,2,1),Not-Num(3,2,3),TestNumGreaterTEqu-Num(3,1,2),SwapMem-Num(9,0,4),IfNot-Num(3,7,11),LoadThreshA-Num(3,1,1),SubmitD(1,1,4),Countdown-Num(2,6,9),SubmitA(10,15,4),LoadThreshB-Num(13,4,11),TestNumLessTEqu-Num(3,9,6),SwapMem-Num(13,2,12),TestNumLess-Num(13,9,12),IfNot-Num(12,6,6),SubmitC(9,5,9),Close(3,14,10),IfNot-Num(6,8,3),SubmitB(6,10,13)]"
PROBLEM_grade__ARGS_NUM__MUT_01,3080,grade,Numeric,0.01,0,True,23,345,261,"[TestNumLess-Num(4,0,8),SubmitA(0,7,14),TestNumLessTEqu-Num(1,4,12),Dec-Num(5,4,9),Mult-Num(8,2,7),Add-Num(11,3,4),LoadGrade-Num(13,14,7),LoadGrade-Num(11,11,5),If-Num(7,7,7),Set-6-Num(1,0,13),SubmitF(11,11,13),SwapMem-Num(4,7,14),TestNumLessTEqu-Num(7,13,4),Countdown-Num(1,11,5),CopyMem-Num(4,0,9),Countdown-Num(0,4,2),SubmitD(9,1,5),Countdown-Num(12,13,2),SubmitB(15,4,12),Set-4-Num(12,1,14),Close(15,9,2),SubmitC(10,5,10),TestNumLess-Num(11,2,0)]"
PROBLEM_grade__ARGS_NUM__MUT_01,3081,grade,Numeric,0.01,0,False,NONE,NONE,NONE,"NONE"
PROBLEM_grade__ARGS_NUM__MUT_01,3082,grade,Numeric,0.01,0,True,47,499,212,"[Set-9-Num(8,3,5),SwapMem-Num(15,4,13),While-Num(0,15,1),Set-1-Num(10,7,11),LoadThreshA-Num(9,2,2),Set-3-Num(4,0,5),SubmitA(13,4,10),Countdown-Num(4,4,0),Set-3-Num(9,3,2),TestNumLessTEqu-Num(6,3,9),SubmitB(14,15,2),Set-2-Num(9,7,5),Set-4-Num(4,14,8),Mod-Num(8,1,12),TestNumGreaterTEqu-Num(13,15,8),LoadGrade-Num(9,10,8),Set-3-Num(14,8,6),TestNumGreater-Num(0,9,4),SwapMem-Num(1,13,0),Set-2-Num(0,14,5),TestNumLess-Num(9,1,5),Set-10-Num(14,2,2),Set-12-Num(6,6,7),Set-2-Num(14,12,9),While-Num(5,0,12),Set-9-Num(12,13,14),Set-1-Num(4,3,8),Add-Num(15,10,8),SubmitA(8,10,15),LoadThreshB-Num(6,6,10),TestNumLess-Num(2,8,2),LoadGrade-Num(12,7,6),IfNot-Num(2,0,5),Close(3,8,4),SubmitC(7,15,11),Set-16-Num(13,2,9),Div-Num(9,9,13),Sub-Num(14,10,9),While-Num(13,10,13),LoadThreshD-Num(7,4,15),Mod-Num(9,6,1),SwapMem-Num(11,8,6),SubmitF(4,10,2),TestNumLess-Num(7,11,0),If-Num(0,13,1),SubmitD(12,14,4),SubmitC(14,4,0)]"
PROBLEM_grade__ARGS_NUM__MUT_01,3083,grade,Numeric,0.01,0,True,35,375,181,"[TestNumGreaterTEqu-Num(4,3,14),LoadThreshB-Num(10,15,8),SubmitF(6,4,9),Set-1-Num(3,11,7),Countdown-Num(14,7,4),Mod-Num(9,2,5),Floor-Num(4,2,1),Inc-Num(14,12,11),TestNumNEqu-Num(3,5,9),SubmitC(12,5,7),Set-15-Num(2,1,2),TestNumGreaterTEqu-Num(4,10,10),LoadThreshB-Num(1,12,14),Set-16-Num(15,0,4),Mod-Num(15,10,9),Set-10-Num(10,3,7),Sub-Num(6,5,5),SubmitB(3,15,11),LoadThreshC-Num(10,1,15),Countdown-Num(15,8,12),Set-10-Num(13,0,6),LoadThreshC-Num(8,7,0),If-Num(9,4,14),SubmitD(7,15,6),TestNumLessTEqu-Num(6,4,2),Inc-Num(7,8,6),Add-Num(13,13,3),Floor-Num(9,12,11),Close(15,14,0),Set-1-Num(13,2,2),Set-5-Num(5,6,2),TestNumLessTEqu-Num(3,9,15),Countdown-Num(13,2,10),SubmitA(9,10,10),Sub-Num(0,4,3)]"
PROBLEM_grade__ARGS_NUM__MUT_01,3084,grade,Numeric,0.01,0,True,54,500,351,"[Close(10,7,9),Set-13-Num(8,13,1),Not-Num(1,8,12),Countdown-Num(8,5,8),LoadThreshA-Num(12,0,6),TestNumLessTEqu-Num(3,4,1),TestNumLess-Num(10,1,0),TestNumLess-Num(9,15,9),Set-12-Num(10,0,4),SubmitC(1,5,12),Set-11-Num(1,15,7),Mod-Num(0,2,8),Set-7-Num(7,6,13),SubmitF(14,12,3),SwapMem-Num(4,5,7),TestNumLessTEqu-Num(15,15,7),Set-7-Num(8,2,2),Dec-Num(7,12,7),SubmitC(8,13,4),Set-16-Num(13,4,14),Set-5-Num(13,10,0),SubmitD(9,11,13),Set-14-Num(8,0,11),Set-6-Num(7,12,7),Countdown-Num(0,1,12),Set-14-Num(3,14,3),SubmitB(11,5,6),Set-4-Num(12,4,14),Mult-Num(15,6,12),TestNumEqu-Num(10,5,9),Inc-Num(9,5,5),Mod-Num(13,13,4),Set-14-Num(9,5,15),Set-6-Num(8,3,11),TestNumGreaterTEqu-Num(0,9,13),LoadThreshA-Num(1,14,10),LoadGrade-Num(14,11,3),TestNumLessTEqu-Num(1,9,0),Set-2-Num(4,15,6),SubmitF(1,4,15),Div-Num(6,1,11),TestNumGreater-Num(2,14,9),Mod-Num(11,6,10),SubmitA(6,1,12),Set-10-Num(11,4,8),LoadGrade-Num(6,5,3),TestNumNEqu-Num(8,13,0),LoadThreshB-Num(2,7,6),If-Num(0,14,14),Mod-Num(13,9,0),Countdown-Num(3,8,14),IfNot-Num(10,10,13),IfNot-Num(9,6,0),SubmitB(10,8,2)]"
PROBLEM_grade__ARGS_NUM__MUT_01,3085,grade,Numeric,0.01,0,True,46,491,165,"[Inc-Num(4,13,5),Set-10-Num(5,7,7),SubmitA(4,14,11),SubmitD(15,12,7),While-Num(1,11,3),Set-10-Num(11,10,12),TestNumLess-Num(12,5,2),LoadGrade-Num(12,11,9),CopyMem-Num(1,2,3),LoadThreshB-Num(15,0,2),SubmitD(11,6,0),TestNumGreaterTEqu-Num(12,3,12),Set-9-Num(3,7,13),Set-0-Num(3,4,2),LoadThreshD-Num(1,11,10),Set-13-Num(8,2,11),If-Num(12,5,10),Set-10-Num(0,12,2),LoadThreshC-Num(15,15,7),TestNumLess-Num(2,4,9),SubmitF(7,8,13),LoadGrade-Num(5,14,2),Set-11-Num(14,0,2),LoadThreshC-Num(12,1,5),SwapMem-Num(14,6,12),TestNumLessTEqu-Num(6,3,0),Set-3-Num(8,1,13),Set-15-Num(5,9,9),LoadThreshC-Num(1,11,5),Sub-Num(13,14,12),Set-11-Num(0,11,12),If-Num(9,13,8),While-Num(6,8,0),SwapMem-Num(0,4,1),LoadThreshA-Num(2,6,10),SubmitC(0,2,11),TestNumLess-Num(2,0,9),LoadGrade-Num(8,10,14),Mult-Num(7,7,1),Mult-Num(8,3,3),SwapMem-Num(3,4,4),If-Num(9,9,12),TestNumNEqu-Num(14,6,1),While-Num(1,13,3),SubmitB(9,3,2),SubmitA(9,6,8)]"
PROBLEM_grade__ARGS_NUM__MUT_01,3086,grade,Numeric,0.01,0,True,19,380,342,"[SwapMem-Num(12,4,8),TestNumGreater-Num(1,12,6),TestNumLessTEqu-Num(0,12,15),Floor-Num(7,9,11),LoadThreshC-Num(8,7,12),Inc-Num(12,11,10),SubmitC(4,12,2),TestNumGreaterTEqu-Num(8,12,10),SubmitA(1,0,6),IfNot-Num(15,8,14),TestNumGreaterTEqu-Num(3,12,11),SubmitB(2,2,1),Countdown-Num(6,13,8),SubmitC(11,4,0),LoadThreshC-Num(3,6,1),While-Num(10,11,14),SubmitD(2,13,15),If-Num(11,12,12),SubmitF(11,6,7)]"
PROBLEM_grade__ARGS_NUM__MUT_01,3087,grade,Numeric,0.01,0,True,40,492,416,"[LoadThreshA-Num(11,6,1),LoadThreshB-Num(6,14,13),Set-16-Num(15,12,1),LoadThreshB-Num(5,0,10),SubmitA(14,5,5),Break(7,14,6),SubmitC(4,4,15),SubmitB(4,6,5),SubmitF(14,10,11),Add-Num(10,10,1),LoadThreshC-Num(14,2,7),LoadGrade-Num(14,12,9),Set-10-Num(9,3,0),TestNumLessTEqu-Num(6,4,1),Set-15-Num(6,10,6),SubmitB(1,2,11),While-Num(5,12,12),Set-9-Num(10,12,11),SubmitC(11,0,9),TestNumGreaterTEqu-Num(2,0,13),While-Num(10,4,14),Set-4-Num(12,7,3),SubmitD(1,9,14),TestNumLess-Num(14,13,10),While-Num(2,9,8),Add-Num(7,2,13),SubmitF(3,10,1),Set-9-Num(9,12,14),TestNumLess-Num(14,3,2),Floor-Num(3,5,13),LoadGrade-Num(10,10,9),TestNumLessTEqu-Num(2,12,0),Not-Num(12,7,0),LoadThreshC-Num(8,11,2),While-Num(1,3,15),SubmitB(10,4,6),TestNumLess-Num(10,11,14),IfNot-Num(14,15,7),SubmitA(10,5,13),Return(4,14,14)]"
PROBLEM_grade__ARGS_NUM__MUT_01,3088,grade,Numeric,0.01,0,True,50,472,367,"[Dec-Num(3,15,13),Set-12-Num(0,10,12),SubmitA(12,6,15),Set-4-Num(9,7,14),SubmitF(4,12,7),TestNumGreater-Num(4,3,1),LoadThreshA-Num(11,15,0),While-Num(1,14,0),TestNumLessTEqu-Num(7,12,1),Set-3-Num(2,13,4),Div-Num(8,3,6),Set-3-Num(6,15,8),Set-4-Num(1,1,3),SwapMem-Num(15,10,5),Set-14-Num(9,10,5),Countdown-Num(2,8,2),LoadThreshB-Num(3,10,6),Dec-Num(15,7,13),Set-3-Num(7,10,3),SubmitF(15,15,7),Floor-Num(10,9,14),SubmitD(7,15,7),Sub-Num(15,7,1),SubmitC(0,15,9),SwapMem-Num(13,6,15),Mult-Num(13,0,5),Set-3-Num(9,1,3),Set-16-Num(6,13,13),Set-7-Num(6,5,10),TestNumLessTEqu-Num(15,14,6),LoadThreshC-Num(8,2,6),TestNumGreater-Num(3,4,2),Sub-Num(1,6,13),SubmitB(1,15,1),Floor-Num(9,15,5),Add-Num(0,15,1),LoadThreshC-Num(9,7,13),Not-Num(9,6,7),Set-6-Num(13,11,2),Sub-Num(8,2,10),Set-12-Num(12,0,0),Dec-Num(11,0,3),Not-Num(14,11,15),Set-7-Num(7,6,14),SubmitA(4,6,13),TestNumGreaterTEqu-Num(10,4,0),TestNumLess-Num(11,4,10),If-Num(0,3,12),SubmitF(0,15,9),IfNot-Num(8,1,2)]"
PROBLEM_grade__ARGS_NUM__MUT_01,3089,grade,Numeric,0.01,0,False,NONE,NONE,NONE,"NONE"
PROBLEM_grade__ARGS_NUM__MUT_01,3090,grade,Numeric,0.01,0,True,37,496,297,"[LoadThreshA-Num(4,7,5),Countdown-Num(4,5,6),SubmitA(7,4,14),LoadThreshA-Num(14,5,13),Inc-Num(13,15,10),LoadGrade-Num(15,1,4),LoadThreshD-Num(2,9,8),TestNumGreaterTEqu-Num(15,14,3),IfNot-Num(3,14,1),LoadGrade-Num(5,15,15),SubmitC(1,6,9),Sub-Num(4,9,2),Set-1-Num(9,3,13),LoadThreshC-Num(3,4,8),Sub-Num(15,3,11),Set-10-Num(9,1,8),TestNumGreater-Num(3,5,11),Set-10-Num(9,12,8),Inc-Num(5,1,2),Set-13-Num(10,13,7),LoadGrade-Num(12,3,10),LoadThreshD-Num(10,2,1),LoadThreshB-Num(6,4,8),Set-9-Num(1,2,0),TestNumLessTEqu-Num(5,6,4),Set-2-Num(5,1,4),Set-13-Num(2,10,2),SwapMem-Num(12,8,3),Mod-Num(14,11,4),Sub-Num(11,13,0),Set-0-Num(15,14,2),TestNumGreater-Num(10,8,1),SubmitB(7,8,3),IfNot-Num(0,15,5),SubmitD(1,4,15),While-Num(1,9,9),SubmitF(9,4,5)]"
PROBLEM_grade__ARGS_NUM__MUT_01,3091,grade,Numeric,0.01,0,True,48,457,164,"[Set-3-Num(0,6,2),Break(7,8,13),TestNumLess-Num(1,5,8),Sub-Num(9,6,11),LoadThreshC-Num(12,13,7),CopyMem-Num(11,7,9),SubmitC(0,4,10),If-Num(1,5,7),LoadThreshD-Num(1,2,6),TestNumEqu-Num(12,4,3),Countdown-Num(0,2,6),CopyMem-Num(3,14,4),SubmitA(14,8,1),TestNumLess-Num(7,15,13),Set-2-Num(12,0,7),SubmitB(10,2,15),IfNot-Num(7,7,3),Close(14,5,14),Countdown-Num(0,13,3),SwapMem-Num(4,13,12),Set-3-Num(12,12,7),TestNumGreaterTEqu-Num(13,1,8),SubmitF(4,7,8),Set-6-Num(2,1,15),SubmitD(5,9,7),IfNot-Num(8,6,2),Close(11,7,1),Mod-Num(5,11,13),Inc-Num(13,11,0),SwapMem-Num(0,9,1),LoadThreshB-Num(11,1,2),LoadThreshC-Num(14,0,10),TestNumLessTEqu-Num(4,14,0),Set-15-Num(1,5,4),TestNumGreater-Num(13,15,1),Close(15,14,10),TestNumGreater-Num(4,11,0),Not-Num(4,5,8),Close(9,11,3),LoadGrade-Num(0,4,14),LoadThreshA-Num(4,2,3),Add-Num(0,1,13),If-Num(14,12,15),SubmitC(10,4,5),Close(14,9,12),TestNumLess-Num(4,13,15),While-Num(15,14,1),SubmitA(11,6,2)]"
PROBLEM_grade__ARGS_NUM__MUT_01,3092,grade,Numeric,0.01,0,True,63,484,135,"[Close(0,1,5),Set-5-Num(9,12,4),Dec-Num(6,13,9),LoadThreshD-Num(2,9,0),If-Num(1,8,0),Dec-Num(12,9,5),SubmitA(0,15,12),SubmitF(12,12,1),Set-3-Num(7,3,9),Set-3-Num(15,11,10),Inc-Num(12,12,3),Set-4-Num(11,1,9),LoadThreshB-Num(14,11,1),If-Num(9,0,5),Dec-Num(2,2,14),LoadThreshA-Num(3,12,11),Set-10-Num(0,6,0),LoadThreshB-Num(8,9,2),Countdown-Num(15,6,8),Close(14,1,12),Set-5-Num(5,2,0),Set-2-Num(7,4,4),LoadThreshC-Num(12,10,2),Set-1-Num(7,9,13),Countdown-Num(0,8,3),SubmitB(2,13,5),Div-Num(6,7,5),LoadThreshB-Num(11,0,8),Dec-Num(14,6,12),SwapMem-Num(9,1,9),LoadGrade-Num(3,9,6),SubmitF(4,4,6),TestNumLess-Num(11,6,13),LoadThreshC-Num(15,3,12),CopyMem-Num(4,10,3),Set-13-Num(1,1,9),Set-13-Num(10,13,0),LoadThreshB-Num(15,12,8),Dec-Num(12,1,7),SubmitB(5,14,2),TestNumLessTEqu-Num(3,2,1),SubmitD(8,1,5),TestNumLess-Num(14,3,3),LoadThreshC-Num(14,12,11),LoadThreshA-Num(8,2,4),Countdown-Num(3,0,11),SubmitB(13,15,2),Set-7-Num(9,1,4),Set-1-Num(9,13,1),Set-3-Num(14,13,2),Set-11-Num(5,12,11),SubmitA(14,3,10),TestNumLessTEqu-Num(1,7,13),TestNumGreaterTEqu-Num(9,3,1),Set-2-Num(9,11,10),SubmitC(12,3,10),Set-15-Num(7,15,10),LoadThreshA-Num(0,10,2),Dec-Num(10,14,12),Set-9-Num(5,4,0),Mult-Num(9,8,8),TestNumGreater-Num(0,4,3),LoadThreshB-Num(8,12,7)]"
PROBLEM_grade__ARGS_NUM__MUT_01,3093,grade,Numeric,0.01,0,True,58,461,349,"[Countdown-Num(0,3,3),Inc-Num(4,9,2),Div-Num(4,0,11),SubmitD(9,12,14),TestNumGreater-Num(4,2,12),Add-Num(5,11,6),TestNumGreaterTEqu-Num(1,4,4),Countdown-Num(4,13,13),SubmitC(6,9,13),TestNumGreaterTEqu-Num(4,2,4),LoadThreshD-Num(4,4,0),Sub-Num(2,11,13),Add-Num(4,6,11),TestNumGreater-Num(15,13,8),Inc-Num(15,0,3),Set-4-Num(4,15,10),LoadGrade-Num(15,0,2),TestNumLess-Num(9,8,0),IfNot-Num(12,2,9),Floor-Num(9,4,13),Set-1-Num(14,13,2),Set-16-Num(1,8,0),Mod-Num(0,7,8),LoadGrade-Num(6,5,1),SubmitB(13,2,1),Set-11-Num(2,0,2),Set-0-Num(12,10,6),Mod-Num(12,0,8),Countdown-Num(11,5,0),Dec-Num(2,9,5),Set-3-Num(2,11,11),Set-4-Num(14,2,4),Mod-Num(4,8,11),TestNumLess-Num(0,6,10),Set-3-Num(8,7,4),Set-15-Num(5,10,8),LoadThreshA-Num(10,4,11),Inc-Num(2,10,6),Set-4-Num(4,15,7),TestNumGreater-Num(7,9,5),LoadThreshA-Num(0,9,0),Set-15-Num(6,3,9),LoadThreshA-Num(1,1,15),Set-10-Num(13,9,12),If-Num(6,9,7),Close(5,10,12),SubmitD(14,2,7),SubmitD(6,15,6),TestNumGreaterTEqu-Num(11,15,7),If-Num(10,11,11),SubmitA(5,10,15),Set-11-Num(15,15,11),LoadGrade-Num(1,3,9),Div-Num(1,10,4),Set-11-Num(8,6,3),Countdown-Num(5,0,12),Set-10-Num(5,4,3),SubmitF(13,15,6)]"
PROBLEM_grade__ARGS_NUM__MUT_01,3094,grade,Numeric,0.01,0,True,39,468,177,"[SubmitF(4,9,1),TestNumGreater-Num(3,4,9),If-Num(9,2,0),Return(7,10,9),Close(6,1,5),Close(6,11,13),Inc-Num(9,3,2),CopyMem-Num(1,11,2),LoadThreshC-Num(7,1,6),Set-5-Num(12,8,7),Set-5-Num(8,13,0),Set-11-Num(15,9,0),TestNumLessTEqu-Num(9,9,11),LoadGrade-Num(5,6,0),TestNumGreaterTEqu-Num(13,0,6),LoadGrade-Num(1,9,14),Sub-Num(0,5,2),TestNumGreaterTEqu-Num(2,11,2),Set-7-Num(9,13,15),LoadThreshC-Num(5,5,7),If-Num(7,15,2),SwapMem-Num(0,0,11),Floor-Num(9,3,0),Set-10-Num(9,10,10),While-Num(2,15,11),SubmitC(13,6,4),SwapMem-Num(14,2,15),LoadThreshB-Num(0,4,11),SubmitD(6,4,13),TestNumLess-Num(1,5,15),Close(6,5,6),Countdown-Num(15,8,4),Set-1-Num(9,2,6),Set-9-Num(1,2,5),SubmitB(9,2,3),LoadGrade-Num(10,7,9),Set-7-Num(5,10,0),Div-Num(11,7,14),SubmitA(15,7,0)]"
PROBLEM_grade__ARGS_NUM__MUT_01,3095,grade,Numeric,0.01,0,True,29,406,243,"[LoadThreshB-Num(0,10,12),Dec-Num(0,11,10),Close(4,3,8),SubmitD(5,6,15),Break(2,14,3),Set-2-Num(6,9,9),Set-3-Num(9,5,3),CopyMem-Num(9,13,7),TestNumLessTEqu-Num(4,0,9),LoadGrade-Num(5,7,14),While-Num(6,7,8),Countdown-Num(13,1,12),Set-0-Num(2,2,15),SubmitB(12,12,10),LoadThreshD-Num(2,12,0),IfNot-Num(15,4,12),SubmitA(3,1,2),TestNumGreaterTEqu-Num(11,5,15),Inc-Num(5,8,14),LoadThreshA-Num(11,11,15),While-Num(9,14,9),TestNumGreaterTEqu-Num(0,10,10),TestNumLess-Num(4,2,3),SubmitC(3,6,10),LoadThreshC-Num(2,12,4),While-Num(3,6,9),SubmitF(15,11,13),IfNot-Num(10,14,2),Return(13,5,2)]"
PROBLEM_grade__ARGS_NUM__MUT_01,3096,grade,Numeric,0.01,0,True,44,500,481,"[Set-7-Num(13,1,15),Set-1-Num(14,2,9),SubmitD(13,10,15),TestNumEqu-Num(0,12,0),SwapMem-Num(0,5,11),Set-2-Num(8,12,4),Mod-Num(11,11,12),Mod-Num(4,9,3),Inc-Num(4,3,9),LoadGrade-Num(6,6,10),Countdown-Num(2,10,4),While-Num(4,5,8),SubmitF(0,1,10),SubmitD(5,1,6),SubmitD(4,15,11),SubmitD(0,11,14),TestNumLess-Num(6,0,7),IfNot-Num(7,2,7),Set-13-Num(3,0,3),Set-11-Num(3,5,6),LoadThreshD-Num(0,14,14),SubmitD(6,7,9),Mult-Num(1,15,7),Set-14-Num(10,14,3),LoadThreshA-Num(15,8,9),LoadThreshB-Num(9,4,6),TestNumGreater-Num(6,2,3),If-Num(3,10,4),Set-14-Num(8,4,5),Set-8-Num(2,0,4),Mod-Num(6,15,9),Countdown-Num(4,10,7),TestNumLess-Num(4,1,4),SubmitC(14,10,12),Close(8,14,5),TestNumEqu-Num(11,8,4),While-Num(2,14,9),SubmitA(6,12,15),TestNumGreaterTEqu-Num(9,6,8),Countdown-Num(14,15,12),Set-0-Num(3,3,4),SubmitB(14,8,10),If-Num(8,10,6),Set-13-Num(14,8,10)]"
PROBLEM_grade__ARGS_NUM__MUT_01,3097,grade,Numeric,0.01,0,True,49,497,190,"[TestNumLess-Num(4,0,11),SubmitA(4,3,14),SwapMem-Num(11,0,8),Countdown-Num(0,0,8),LoadThreshB-Num(10,1,5),Set-12-Num(8,13,0),TestNumGreater-Num(10,5,5),Not-Num(5,1,2),SubmitB(8,4,4),Set-13-Num(15,15,4),Set-3-Num(7,2,14),If-Num(10,8,13),Set-10-Num(1,1,0),Add-Num(5,7,14),LoadThreshA-Num(4,15,2),Countdown-Num(14,15,0),LoadThreshA-Num(0,2,14),Set-2-Num(6,15,8),If-Num(6,0,8),Close(2,12,11),Set-1-Num(0,3,11),Set-0-Num(6,4,11),SwapMem-Num(8,12,10),Close(12,6,14),Countdown-Num(4,5,10),Set-12-Num(5,15,4),Set-9-Num(6,12,3),Set-3-Num(1,11,12),While-Num(4,12,13),Set-16-Num(7,6,13),Add-Num(1,13,13),CopyMem-Num(12,11,13),LoadGrade-Num(8,3,9),Mod-Num(3,9,0),SubmitF(13,6,5),Sub-Num(6,6,0),TestNumEqu-Num(3,4,11),SubmitC(5,7,3),Set-11-Num(1,1,10),Set-0-Num(4,9,3),Floor-Num(14,12,15),Mod-Num(14,5,11),SubmitD(4,0,13),Inc-Num(8,2,2),TestNumGreaterTEqu-Num(3,8,4),Close(8,4,6),LoadGrade-Num(13,7,11),LoadGrade-Num(5,0,8),TestNumLessTEqu-Num(2,13,0)]"
PROBLEM_grade__ARGS_NUM__MUT_01,3098,grade,Numeric,0.01,0,True,70,470,146,"[Countdown-Num(0,7,8),LoadThreshB-Num(5,10,13),Set-14-Num(11,7,9),LoadGrade-Num(14,10,13),TestNumGreaterTEqu-Num(14,8,9),LoadThreshD-Num(1,2,8),SwapMem-Num(7,7,0),Div-Num(13,3,11),Set-12-Num(15,8,8),TestNumEqu-Num(13,13,11),Mod-Num(10,13,11),SubmitD(1,12,0),TestNumGreaterTEqu-Num(4,1,9),Set-12-Num(14,12,14),Set-1-Num(10,9,8),Set-12-Num(9,13,4),LoadGrade-Num(9,0,7),Floor-Num(14,6,13),Set-5-Num(15,15,7),While-Num(10,15,5),Set-11-Num(2,6,5),SubmitB(12,8,10),Set-1-Num(9,11,14),LoadGrade-Num(12,2,1),TestNumEqu-Num(8,5,8),Countdown-Num(10,2,1),LoadThreshB-Num(11,12,12),LoadThreshA-Num(8,11,15),TestNumEqu-Num(9,5,9),Set-5-Num(13,9,4),Set-1-Num(9,8,4),Set-8-Num(6,11,13),TestNumGreater-Num(3,15,8),Mult-Num(8,6,9),Set-5-Num(7,13,11),Floor-Num(11,4,5),TestNumGreaterTEqu-Num(6,7,7),TestNumLessTEqu-Num(4,0,10),Sub-Num(1,5,15),Set-0-Num(5,3,9),LoadThreshD-Num(7,6,15),LoadThreshC-Num(8,5,15),Set-15-Num(3,11,1),Set-11-Num(0,8,8),Set-3-Num(15,5,6),TestNumGreater-Num(7,0,8),Set-16-Num(5,4,5),TestNumGreaterTEqu-Num(2,3,6),LoadThreshC-Num(13,6,14),SubmitF(9,3,5),SubmitC(5,12,7),While-Num(2,4,9),SubmitA(9,2,3),TestNumGreaterTEqu-Num(7,14,7),TestNumLess-Num(4,1,7),Inc-Num(8,5,4),SwapMem-Num(7,9,1),Set-16-Num(4,4,13),Set-2-Num(15,7,4),Set-0-Num(2,0,3),SubmitF(6,13,10),LoadThreshC-Num(5,0,13),TestNumGreaterTEqu-Num(9,14,1),TestNumLess-Num(12,11,7),Countdown-Num(7,14,3),Mult-Num(11,9,2),Dec-Num(1,7,5),Add-Num(2,5,4),SwapMem-Num(13,7,7),LoadGrade-Num(0,14,5)]"
PROBLEM_grade__ARGS_NUM__MUT_01,3099,grade,Numeric,0.01,0,True,37,336,162,"[Countdown-Num(1,12,4),CopyMem-Num(4,6,15),SubmitD(6,11,0),IfNot-Num(11,0,3),LoadThreshD-Num(13,13,2),Set-12-Num(14,7,3),Set-13-Num(11,0,9),Dec-Num(13,14,9),TestNumGreater-Num(2,6,7),SubmitF(15,3,12),TestNumLess-Num(13,6,1),Countdown-Num(14,6,0),IfNot-Num(7,7,12),Set-14-Num(9,1,9),Floor-Num(8,5,1),LoadGrade-Num(10,7,1),Set-8-Num(0,8,12),Set-12-Num(13,3,1),LoadThreshA-Num(6,0,10),SubmitA(1,6,12),SubmitC(11,13,2),SubmitB(9,5,9),LoadThreshB-Num(2,13,1),Set-13-Num(9,15,2),SubmitA(15,10,10),Dec-Num(6,8,9),TestNumLessTEqu-Num(6,12,1),Floor-Num(6,12,6),LoadGrade-Num(7,12,4),IfNot-Num(1,15,13),Close(9,2,7),Mod-Num(15,7,9),Mod-Num(6,10,12),Div-Num(1,7,0),TestNumEqu-Num(15,9,8),SubmitC(5,11,11),TestNumGreater-Num(2,10,7)]"
PROBLEM_grade__ARGS_NUM__MUT_01,3100,grade,Numeric,0.01,0,True,22,496,375,"[TestNumLess-Num(4,0,1),TestNumGreaterTEqu-Num(5,13,14),Sub-Num(5,4,4),SubmitF(12,1,9),Add-Num(3,4,11),TestNumGreater-Num(14,11,4),LoadThreshB-Num(14,7,8),Countdown-Num(14,7,12),While-Num(4,7,1),SubmitA(14,7,6),LoadGrade-Num(7,13,10),Countdown-Num(1,12,5),Add-Num(12,11,1),TestNumLess-Num(14,7,11),SubmitB(2,1,15),TestNumEqu-Num(10,4,8),CopyMem-Num(10,5,3),SubmitC(3,0,10),Dec-Num(2,15,7),While-Num(4,7,14),TestNumGreaterTEqu-Num(2,7,4),SubmitD(5,2,2)]"
PROBLEM_grade__ARGS_NUM__MUT_025,3301,grade,Numeric,0.025,0,True,36,492,251,"[Dec-Num(12,11,12),LoadThreshB-Num(5,7,2),Mod-Num(12,0,9),LoadThreshD-Num(1,9,10),Mod-Num(4,5,8),LoadThreshC-Num(10,5,11),Mult-Num(0,14,5),Set-3-Num(12,6,12),Set-9-Num(15,3,2),LoadThreshA-Num(13,14,5),Break(3,9,10),Dec-Num(13,11,14),Mult-Num(0,12,0),TestNumGreater-Num(3,8,0),LoadThreshB-Num(11,11,6),Set-12-Num(11,10,5),TestNumLessTEqu-Num(15,7,11),LoadGrade-Num(15,3,12),Set-15-Num(1,15,5),LoadThreshC-Num(11,7,9),Sub-Num(15,8,1),TestNumGreaterTEqu-Num(13,15,2),SubmitA(10,15,15),Countdown-Num(10,1,12),While-Num(2,4,3),TestNumNEqu-Num(5,5,3),SubmitB(15,7,9),TestNumGreaterTEqu-Num(1,12,12),SubmitC(15,14,15),While-Num(11,0,5),TestNumGreaterTEqu-Num(10,15,11),Mod-Num(12,13,5),IfNot-Num(5,7,10),SubmitD(7,8,8),If-Num(0,8,11),SubmitF(2,1,4)]"
PROBLEM_grade__ARGS_NUM__MUT_025,3302,grade,Numeric,0.025,0,True,51,355,149,"[Set-15-Num(15,5,11),Floor-Num(6,1,2),TestNumGreaterTEqu-Num(7,11,12),LoadGrade-Num(2,7,0),LoadThreshD-Num(12,8,14),LoadThreshA-Num(6,11,0),TestNumNEqu-Num(12,6,15),While-Num(6,4,6),Not-Num(8,14,13),Mult-Num(0,15,15),LoadGrade-Num(4,0,4),Mod-Num(2,0,15),SubmitA(8,4,2),LoadThreshC-Num(10,12,6),If-Num(15,5,12),Sub-Num(15,3,8),Set-9-Num(5,11,5),Close(3,5,14),Mult-Num(8,7,8),Dec-Num(10,14,0),Set-9-Num(2,2,11),Set-15-Num(6,5,0),Set-0-Num(6,14,0),TestNumGreaterTEqu-Num(4,12,11),Set-10-Num(8,14,12),LoadThreshD-Num(13,12,10),Set-12-Num(5,12,8),Set-15-Num(5,1,3),LoadThreshB-Num(6,5,9),Inc-Num(15,2,12),Set-7-Num(8,13,15),TestNumGreaterTEqu-Num(0,4,2),SubmitA(1,9,4),SubmitD(9,3,0),If-Num(2,0,3),Set-15-Num(9,9,13),Add-Num(6,10,7),SubmitC(9,12,11),TestNumLess-Num(10,4,14),Dec-Num(14,12,12),Set-6-Num(10,3,6),Floor-Num(11,15,1),Set-5-Num(10,6,4),Dec-Num(13,15,7),Set-13-Num(1,9,13),TestNumLess-Num(4,6,2),SubmitB(12,13,8),Countdown-Num(14,3,1),SubmitF(4,3,6),If-Num(11,10,10),SubmitD(1,14,0)]"
PROBLEM_grade__ARGS_NUM__MUT_025,3303,grade,Numeric,0.025,0,True,30,350,222,"[SubmitB(4,11,2),LoadGrade-Num(7,3,6),Mod-Num(7,0,11),TestNumGreater-Num(1,11,15),Set-0-Num(15,4,7),IfNot-Num(15,15,9),SubmitA(1,8,5),Countdown-Num(7,3,14),TestNumNEqu-Num(11,4,7),Close(13,12,13),SubmitF(9,8,1),SubmitB(4,11,2),LoadGrade-Num(7,3,6),Mod-Num(7,0,11),TestNumGreater-Num(1,11,15),Not-Num(15,4,7),IfNot-Num(15,15,9),SubmitA(1,8,5),Countdown-Num(7,3,14),TestNumNEqu-Num(11,4,7),Close(13,12,13),SubmitF(9,8,1),TestNumLess-Num(11,2,14),TestNumGreaterTEqu-Num(11,3,12),While-Num(12,3,1),Countdown-Num(14,11,15),Set-16-Num(14,7,6),SubmitD(3,2,13),Close(1,11,11),SubmitC(2,3,13)]"
PROBLEM_grade__ARGS_NUM__MUT_025,3304,grade,Numeric,0.025,0,True,44,489,126,"[LoadThreshA-Num(11,3,3),If-Num(0,8,7),LoadGrade-Num(8,4,15),While-Num(0,10,11),SwapMem-Num(6,2,15),SubmitA(5,4,15),SubmitA(2,13,12),Inc-Num(14,2,1),Set-9-Num(13,1,1),While-Num(14,3,10),Set-7-Num(1,6,12),SubmitC(10,4,9),CopyMem-Num(1,14,10),TestNumGreaterTEqu-Num(6,8,14),Sub-Num(8,11,10),Set-1-Num(7,5,12),Set-11-Num(4,11,15),SubmitD(0,4,1),Set-6-Num(5,14,3),LoadThreshA-Num(9,7,12),Sub-Num(6,0,5),Set-15-Num(10,6,11),TestNumEqu-Num(10,9,1),TestNumNEqu-Num(9,11,5),SubmitF(6,9,7),Inc-Num(8,2,10),LoadGrade-Num(1,15,1),SwapMem-Num(11,4,10),IfNot-Num(4,8,2),TestNumNEqu-Num(4,3,8),Div-Num(2,0,4),TestNumGreater-Num(3,1,1),Close(9,3,1),Set-2-Num(3,12,3),SubmitB(5,9,10),Mult-Num(15,12,10),Countdown-Num(7,4,7),LoadThreshD-Num(3,3,12),TestNumGreaterTEqu-Num(1,4,11),SubmitD(7,2,7),LoadThreshB-Num(2,14,5),Set-7-Num(5,8,3),Floor-Num(14,1,7),SubmitB(3,0,10)]"
PROBLEM_grade__ARGS_NUM__MUT_025,3305,grade,Numeric,0.025,0,True,65,339,130,"[Close(2,8,1),SubmitA(12,12,13),Close(12,10,2),If-Num(1,2,10),TestNumNEqu-Num(5,7,12),TestNumEqu-Num(0,12,11),TestNumLess-Num(14,5,8),Set-3-Num(7,11,9),Set-16-Num(15,3,9),Set-9-Num(12,2,2),TestNumNEqu-Num(1,8,8),Set-12-Num(15,0,1),Add-Num(13,12,4),Mod-Num(10,10,8),While-Num(15,7,8),While-Num(1,15,3),Add-Num(13,0,5),SubmitA(7,13,10),Not-Num(13,9,15),Inc-Num(5,9,12),Floor-Num(15,2,0),LoadGrade-Num(9,12,0),LoadThreshB-Num(4,5,4),Set-12-Num(12,1,15),Set-7-Num(6,2,11),LoadThreshB-Num(11,3,14),SubmitA(13,7,10),Div-Num(9,8,10),Dec-Num(2,10,3),Set-6-Num(1,14,13),Set-5-Num(3,3,6),SubmitD(1,12,14),TestNumLessTEqu-Num(9,2,15),Set-0-Num(1,14,14),Close(15,0,4),SubmitD(7,1,7),Div-Num(12,11,5),LoadThreshB-Num(14,2,14),Countdown-Num(15,9,13),Set-5-Num(0,1,8),SubmitF(6,0,3),Close(11,14,6),Set-1-Num(12,3,13),Close(13,15,0),SwapMem-Num(0,2,5),CopyMem-Num(8,7,15),TestNumNEqu-Num(8,8,12),Floor-Num(3,7,2),TestNumLess-Num(10,11,9),Inc-Num(10,1,1),Inc-Num(12,1,0),Set-1-Num(5,9,2),TestNumEqu-Num(4,10,3),Set-6-Num(5,14,9),Countdown-Num(12,7,0),Set-5-Num(6,9,13),Set-2-Num(14,2,1),Mult-Num(0,10,1),Close(3,7,7),SubmitC(11,13,12),Set-15-Num(1,2,10),TestNumGreaterTEqu-Num(2,10,10),LoadThreshD-Num(2,15,9),Countdown-Num(9,14,12),SubmitB(14,0,8)]"
PROBLEM_grade__ARGS_NUM__MUT_025,3306,grade,Numeric,0.025,0,True,42,436,212,"[TestNumLess-Num(4,0,0),CopyMem-Num(3,7,12),TestNumLessTEqu-Num(1,4,9),Close(3,8,14),Close(5,0,9),Set-1-Num(3,5,4),TestNumGreaterTEqu-Num(15,6,12),LoadGrade-Num(12,15,12),CopyMem-Num(15,12,3),TestNumEqu-Num(15,0,1),SubmitD(4,6,1),Add-Num(1,9,12),TestNumLessTEqu-Num(7,4,9),Mod-Num(8,6,15),Add-Num(7,10,6),LoadThreshC-Num(3,12,9),CopyMem-Num(8,1,12),Set-4-Num(0,14,12),TestNumGreaterTEqu-Num(0,11,10),Div-Num(0,9,5),SubmitB(5,5,12),Set-8-Num(2,14,11),Set-2-Num(6,8,12),Set-5-Num(14,12,1),Set-12-Num(15,0,4),SubmitF(0,6,13),Dec-Num(15,6,11),Set-9-Num(2,14,3),Countdown-Num(12,1,3),Set-0-Num(5,10,8),Sub-Num(5,14,7),TestNumLess-Num(1,2,11),TestNumGreaterTEqu-Num(9,5,11),TestNumNEqu-Num(13,5,0),SubmitB(6,5,14),SubmitC(14,4,3),Mult-Num(13,6,9),Set-7-Num(9,14,1),SwapMem-Num(9,8,8),SubmitA(14,0,5),LoadThreshC-Num(7,13,15),LoadThreshA-Num(3,4,13)]"
PROBLEM_grade__ARGS_NUM__MUT_025,3307,grade,Numeric,0.025,0,True,44,492,414,"[While-Num(1,1,13),LoadThreshB-Num(12,1,13),Add-Num(15,3,11),TestNumLess-Num(4,0,1),Add-Num(2,2,3),SubmitF(10,14,1),SubmitA(7,13,1),Set-15-Num(9,8,15),TestNumLessTEqu-Num(9,7,5),Sub-Num(12,7,3),SwapMem-Num(10,3,5),Set-0-Num(15,11,13),Set-10-Num(13,5,11),Set-11-Num(8,5,6),SwapMem-Num(1,13,2),SwapMem-Num(2,15,11),SubmitB(7,11,3),Set-2-Num(6,13,5),Set-10-Num(7,0,3),Div-Num(7,2,5),Set-5-Num(6,10,6),SubmitB(14,2,8),TestNumLessTEqu-Num(11,4,7),Countdown-Num(13,11,9),IfNot-Num(7,3,15),SubmitC(12,4,0),TestNumEqu-Num(6,6,14),Set-1-Num(5,10,11),SwapMem-Num(11,11,12),Set-6-Num(2,9,1),Set-7-Num(13,3,4),Mult-Num(13,0,0),Set-12-Num(9,5,14),LoadGrade-Num(2,14,10),SubmitD(2,15,3),CopyMem-Num(0,5,13),Set-3-Num(5,11,0),Mod-Num(15,1,6),Set-10-Num(12,11,12),SubmitF(7,14,2),Inc-Num(9,9,12),Set-14-Num(0,8,4),Floor-Num(10,11,13),Set-7-Num(9,9,12)]"
PROBLEM_grade__ARGS_NUM__MUT_025,3308,grade,Numeric,0.025,0,True,35,349,194,"[TestNumGreater-Num(2,4,5),Dec-Num(5,1,7),Close(2,14,14),LoadThreshA-Num(12,1,3),If-Num(5,10,1),Set-15-Num(0,3,14),Close(12,10,4),Set-2-Num(13,8,4),Set-15-Num(2,12,5),SubmitD(12,15,9),Set-13-Num(15,14,6),TestNumLess-Num(4,3,7),LoadGrade-Num(8,4,9),TestNumGreater-Num(12,4,8),Set-8-Num(0,3,7),Not-Num(13,13,5),Set-3-Num(4,15,3),SubmitF(15,13,8),TestNumNEqu-Num(10,4,0),If-Num(5,6,11),Set-10-Num(15,5,2),TestNumEqu-Num(13,2,3),LoadGrade-Num(15,14,7),SubmitC(10,15,2),Sub-Num(1,15,15),Close(10,9,4),CopyMem-Num(3,6,2),IfNot-Num(7,2,15),SubmitB(0,5,13),Div-Num(0,15,3),Countdown-Num(15,3,13),Mult-Num(13,11,4),Set-10-Num(5,0,0),IfNot-Num(8,3,1),SubmitA(13,10,9)]"
PROBLEM_grade__ARGS_NUM__MUT_025,3309,grade,Numeric,0.025,0,True,69,447,262,"[Close(2,9,8),Floor-Num(13,14,1),Dec-Num(14,6,7),TestNumGreater-Num(1,0,3),Div-Num(7,2,11),Mult-Num(15,3,7),TestNumGreater-Num(14,8,9),SubmitD(4,3,0),TestNumNEqu-Num(12,7,12),Set-10-Num(11,7,13),TestNumGreaterTEqu-Num(11,13,8),TestNumGreater-Num(8,2,13),Set-5-Num(8,0,13),Add-Num(9,11,11),SubmitA(3,10,14),Set-2-Num(5,12,11),Dec-Num(1,4,3),Sub-Num(5,2,14),Dec-Num(6,12,6),Set-10-Num(12,1,3),Set-13-Num(9,1,4),LoadThreshD-Num(11,2,1),Set-14-Num(14,5,2),Div-Num(8,1,5),SubmitB(2,8,14),IfNot-Num(7,0,6),SubmitC(9,9,11),Set-0-Num(5,12,0),Close(9,5,14),SwapMem-Num(0,5,8),Dec-Num(14,12,13),Sub-Num(2,4,12),If-Num(12,10,4),Div-Num(1,7,1),Not-Num(11,12,12),Set-6-Num(0,6,13),Mod-Num(1,7,12),TestNumLess-Num(1,4,1),LoadThreshA-Num(11,14,2),TestNumGreater-Num(15,12,8),LoadThreshA-Num(15,3,4),IfNot-Num(3,8,10),Add-Num(4,10,2),Inc-Num(2,8,7),Mult-Num(13,1,14),Mult-Num(11,8,9),Set-7-Num(11,1,4),Set-1-Num(4,14,12),Dec-Num(10,4,9),Set-13-Num(7,1,0),TestNumGreaterTEqu-Num(15,0,9),Set-1-Num(9,8,7),TestNumLess-Num(1,8,13),LoadThreshB-Num(8,10,8),LoadThreshC-Num(5,15,8),SubmitC(14,4,15),Floor-Num(0,15,7),SubmitD(6,11,13),Floor-Num(10,9,12),Set-7-Num(1,7,12),Set-15-Num(4,13,9),SubmitF(10,8,10),LoadThreshD-Num(4,8,6),Sub-Num(2,14,1),TestNumLess-Num(4,1,12),Countdown-Num(12,14,1),Add-Num(14,8,0),If-Num(13,11,13),SubmitC(6,10,4)]"
PROBLEM_grade__ARGS_NUM__MUT_025,3310,grade,Numeric,0.025,0,True,53,412,114,"[SubmitF(15,4,12),TestNumLess-Num(4,2,2),Div-Num(2,2,9),TestNumGreaterTEqu-Num(4,3,5),While-Num(5,6,2),Not-Num(9,4,5),Set-13-Num(3,0,14),Set-0-Num(2,13,2),LoadThreshA-Num(12,0,8),SwapMem-Num(0,9,6),LoadThreshC-Num(11,13,3),TestNumGreater-Num(1,0,14),Set-3-Num(13,3,4),TestNumNEqu-Num(2,1,15),Dec-Num(8,5,3),TestNumEqu-Num(8,10,6),TestNumGreaterTEqu-Num(9,2,7),Div-Num(1,5,7),SubmitC(14,11,12),Add-Num(5,6,12),Set-11-Num(1,0,11),TestNumLess-Num(4,7,1),While-Num(0,9,6),Set-8-Num(6,12,7),SubmitD(14,6,1),Set-7-Num(11,9,7),TestNumGreater-Num(15,9,12),LoadThreshD-Num(8,2,11),LoadThreshD-Num(7,14,3),TestNumLessTEqu-Num(11,10,6),Mod-Num(1,13,6),SubmitA(3,1,10),Dec-Num(0,3,9),Set-6-Num(7,5,5),TestNumGreater-Num(3,8,8),SubmitC(15,13,13),SwapMem-Num(7,2,15),Sub-Num(9,4,14),Set-13-Num(0,8,3),Inc-Num(4,7,1),SubmitB(7,4,2),Set-9-Num(8,11,6),TestNumGreaterTEqu-Num(9,4,7),Set-11-Num(4,6,6),TestNumLessTEqu-Num(0,12,14),TestNumNEqu-Num(2,10,13),CopyMem-Num(14,9,3),TestNumEqu-Num(8,2,1),Set-10-Num(11,12,13),Set-7-Num(2,4,15),IfNot-Num(6,5,1),Add-Num(6,14,13),While-Num(7,4,11)]"
PROBLEM_grade__ARGS_NUM__MUT_025,3311,grade,Numeric,0.025,0,True,26,495,143,"[LoadThreshC-Num(3,0,13),LoadThreshB-Num(2,0,12),Countdown-Num(0,4,6),If-Num(3,10,4),LoadGrade-Num(14,10,7),TestNumLessTEqu-Num(4,0,8),CopyMem-Num(4,0,8),Div-Num(14,3,10),SubmitA(4,10,12),Countdown-Num(2,8,9),Mod-Num(10,10,3),TestNumLessTEqu-Num(0,2,2),While-Num(8,4,1),SubmitB(12,10,9),Countdown-Num(2,0,15),Not-Num(8,15,5),LoadThreshD-Num(0,1,0),SubmitC(12,13,14),Countdown-Num(3,6,12),LoadGrade-Num(7,15,3),Inc-Num(7,9,2),SubmitF(11,1,2),SubmitD(8,15,0),TestNumLessTEqu-Num(7,0,2),Countdown-Num(2,11,13),SubmitF(15,12,11)]"
PROBLEM_grade__ARGS_NUM__MUT_025,3312,grade,Numeric,0.025,0,True,18,374,194,"[Countdown-Num(1,13,2),SubmitF(4,11,15),TestNumGreaterTEqu-Num(4,3,14),While-Num(14,5,6),While-Num(2,9,11),TestNumGreater-Num(2,8,8),TestNumGreaterTEqu-Num(1,4,2),LoadThreshC-Num(1,14,1),Dec-Num(1,6,0),SubmitD(5,0,8),Close(10,8,9),TestNumGreater-Num(0,4,5),SubmitC(14,13,15),While-Num(8,4,6),While-Num(5,9,2),SubmitB(8,1,4),Close(11,6,6),SubmitA(7,1,1)]"
PROBLEM_grade__ARGS_NUM__MUT_025,3313,grade,Numeric,0.025,0,True,81,478,300,"[LoadThreshB-Num(10,12,1),SwapMem-Num(9,10,7),Dec-Num(9,5,10),TestNumLess-Num(9,4,0),Dec-Num(3,14,0),Set-0-Num(6,4,0),Close(12,0,3),Set-8-Num(8,1,13),SubmitD(5,11,12),Close(5,12,4),Set-6-Num(8,10,8),Mult-Num(7,8,15),TestNumLess-Num(0,8,1),Set-12-Num(11,11,10),SubmitD(9,10,4),TestNumNEqu-Num(14,9,1),Set-8-Num(10,9,13),Set-9-Num(15,10,4),CopyMem-Num(11,1,2),Floor-Num(14,10,14),SubmitD(4,10,14),Floor-Num(0,11,5),Add-Num(14,7,13),SubmitD(15,8,6),TestNumNEqu-Num(10,2,11),Set-16-Num(6,8,11),Set-9-Num(2,3,4),Set-2-Num(8,12,2),TestNumLess-Num(3,4,4),Floor-Num(1,9,6),SubmitA(4,14,8),Set-4-Num(10,4,3),Break(6,11,9),Not-Num(10,4,0),Set-5-Num(3,12,10),If-Num(8,13,5),Floor-Num(4,9,7),Close(6,3,5),Set-12-Num(7,8,5),CopyMem-Num(13,5,13),Set-3-Num(1,11,9),TestNumNEqu-Num(13,10,6),SubmitB(9,7,0),LoadThreshD-Num(3,13,9),CopyMem-Num(1,8,10),Set-14-Num(8,7,3),Set-14-Num(2,5,10),Set-4-Num(11,1,0),Set-2-Num(5,10,12),Set-3-Num(5,2,11),LoadThreshB-Num(2,9,7),IfNot-Num(4,12,13),LoadGrade-Num(4,3,15),Dec-Num(6,8,4),Close(6,4,9),TestNumNEqu-Num(14,15,12),Dec-Num(5,14,14),LoadThreshB-Num(3,14,8),SubmitA(1,13,7),Dec-Num(0,12,0),LoadGrade-Num(15,0,13),Inc-Num(15,3,8),SubmitF(3,1,15),SubmitD(5,12,1),Set-10-Num(11,15,14),LoadGrade-Num(4,5,7),LoadThreshB-Num(14,8,10),SubmitC(1,15,6),Set-16-Num(3,4,9),SwapMem-Num(15,4,8),Set-2-Num(6,15,4),Set-7-Num(6,2,4),LoadGrade-Num(9,4,12),LoadThreshC-Num(3,2,15),IfNot-Num(0,0,15),SwapMem-Num(10,11,2),Set-3-Num(15,7,0),LoadThreshA-Num(3,1,13),LoadThreshA-Num(10,6,12),IfNot-Num(8,6,10),CopyMem-Num(10,3,12)]"
PROBLEM_grade__ARGS_NUM__MUT_025,3314,grade,Numeric,0.025,0,True,52,382,131,"[Set-1-Num(6,4,3),Sub-Num(1,6,4),Countdown-Num(1,1,13),SubmitA(2,8,8),TestNumEqu-Num(1,1,9),IfNot-Num(10,11,0),LoadThreshA-Num(9,2,12),Close(14,6,8),TestNumNEqu-Num(11,5,14),Set-5-Num(3,4,0),TestNumLessTEqu-Num(4,11,1),Not-Num(5,13,13),Set-11-Num(7,8,0),Mod-Num(4,9,10),LoadThreshC-Num(11,15,8),LoadThreshA-Num(8,12,9),Set-3-Num(11,9,10),LoadGrade-Num(4,1,12),Set-16-Num(12,13,6),LoadThreshD-Num(9,7,14),Set-1-Num(1,12,4),SubmitF(13,1,8),TestNumNEqu-Num(10,4,11),Div-Num(11,1,11),TestNumLessTEqu-Num(11,9,11),LoadThreshC-Num(9,8,11),Set-9-Num(3,4,5),CopyMem-Num(13,5,7),TestNumLess-Num(10,4,1),SubmitB(14,6,1),Floor-Num(6,12,8),TestNumGreater-Num(11,15,12),LoadGrade-Num(9,1,4),Set-16-Num(15,1,7),Set-8-Num(14,1,15),TestNumLess-Num(7,12,11),Mult-Num(6,1,0),Set-15-Num(2,10,4),Set-4-Num(12,7,1),Set-14-Num(14,4,5),LoadThreshC-Num(14,0,5),Set-15-Num(7,0,6),Close(11,0,10),LoadThreshD-Num(9,11,12),Sub-Num(9,4,0),TestNumGreaterTEqu-Num(4,14,2),TestNumGreater-Num(0,2,5),SubmitC(3,11,8),IfNot-Num(2,14,2),SubmitD(5,11,14),If-Num(5,15,11),SubmitF(8,2,12)]"
PROBLEM_grade__ARGS_NUM__MUT_025,3315,grade,Numeric,0.025,0,True,94,480,368,"[Set-10-Num(1,2,9),LoadGrade-Num(15,5,14),Set-3-Num(8,7,1),Set-16-Num(11,15,9),LoadThreshD-Num(5,13,8),Set-5-Num(6,9,9),If-Num(0,2,11),Set-7-Num(12,14,3),Set-2-Num(13,1,7),LoadThreshB-Num(11,13,0),SubmitA(5,14,11),Inc-Num(2,3,7),Set-10-Num(6,5,14),TestNumNEqu-Num(13,5,0),Set-5-Num(13,10,1),SubmitF(10,11,9),Inc-Num(15,3,13),TestNumGreater-Num(15,3,6),Set-3-Num(3,6,1),Set-13-Num(1,3,8),Set-7-Num(0,12,7),Set-2-Num(9,1,14),LoadThreshC-Num(10,15,14),Not-Num(3,1,14),Mult-Num(6,11,6),Countdown-Num(9,1,6),LoadThreshD-Num(15,4,4),Set-7-Num(10,9,0),While-Num(10,15,14),Set-10-Num(2,6,11),Set-14-Num(15,10,1),Not-Num(10,11,2),Set-4-Num(5,0,13),Set-14-Num(1,12,12),Set-3-Num(8,12,12),Sub-Num(10,11,14),TestNumLessTEqu-Num(7,4,12),SubmitA(4,5,12),Add-Num(6,7,2),TestNumGreater-Num(11,7,3),Set-11-Num(1,9,12),TestNumLessTEqu-Num(15,10,11),LoadThreshC-Num(1,10,11),Dec-Num(5,6,8),LoadThreshC-Num(2,14,4),TestNumLess-Num(1,5,2),Set-3-Num(10,15,8),Set-12-Num(8,8,15),Set-7-Num(12,1,7),Set-7-Num(14,12,2),Set-11-Num(14,1,12),Inc-Num(12,6,8),SubmitA(6,11,2),Floor-Num(11,12,6),Dec-Num(1,6,11),TestNumLessTEqu-Num(13,14,5),Break(0,13,13),Close(13,15,7),SubmitB(6,7,9),LoadGrade-Num(14,9,4),SubmitF(3,3,4),LoadGrade-Num(7,8,12),LoadThreshA-Num(5,5,5),Div-Num(7,1,7),While-Num(6,11,14),Mod-Num(1,0,6),Inc-Num(11,14,5),SwapMem-Num(3,12,5),LoadThreshB-Num(15,10,0),SubmitC(15,11,0),LoadGrade-Num(2,13,9),Inc-Num(14,15,11),Inc-Num(8,1,12),CopyMem-Num(7,9,2),LoadThreshC-Num(9,5,2),TestNumGreater-Num(15,2,6),TestNumLessTEqu-Num(14,5,15),SubmitC(15,7,1),SubmitA(15,14,2),Set-9-Num(3,6,4),Mod-Num(10,15,8),Dec-Num(2,5,6),Set-3-Num(1,7,8),CopyMem-Num(7,15,1),Countdown-Num(13,8,2),Set-9-Num(15,11,11),TestNumLess-Num(6,3,13),Set-10-Num(15,13,12),SubmitD(13,5,6),TestNumGreaterTEqu-Num(6,7,13),Add-Num(14,6,0),Set-0-Num(5,5,7),While-Num(8,0,8),TestNumGreaterTEqu-Num(5,15,8)]"
PROBLEM_grade__ARGS_NUM__MUT_025,3316,grade,Numeric,0.025,0,True,58,472,145,"[LoadGrade-Num(15,2,1),LoadThreshC-Num(10,9,7),LoadThreshB-Num(11,1,1),LoadThreshD-Num(9,1,9),TestNumLess-Num(4,0,3),SubmitA(11,12,9),LoadThreshB-Num(12,14,10),Countdown-Num(3,6,5),LoadThreshD-Num(15,0,6),Set-2-Num(1,7,7),Countdown-Num(1,8,4),SubmitC(8,10,9),LoadThreshD-Num(2,6,12),Set-12-Num(12,3,14),Set-16-Num(7,3,13),SubmitD(2,2,10),Floor-Num(5,12,9),Set-11-Num(2,12,3),Not-Num(1,14,5),Set-16-Num(0,8,7),IfNot-Num(5,10,8),Close(14,0,11),Close(14,8,6),Set-12-Num(6,5,10),TestNumLess-Num(4,9,6),LoadThreshB-Num(9,7,7),LoadGrade-Num(1,11,10),TestNumGreaterTEqu-Num(4,11,13),Dec-Num(10,10,11),SubmitD(11,10,11),Set-3-Num(0,0,9),TestNumGreater-Num(11,14,8),TestNumGreaterTEqu-Num(10,4,7),Set-5-Num(14,9,3),Mult-Num(5,5,1),Set-16-Num(11,6,3),Countdown-Num(0,2,15),While-Num(7,7,8),Countdown-Num(1,8,15),Mod-Num(5,12,6),SubmitF(10,14,1),Close(11,7,12),LoadThreshA-Num(14,8,1),SubmitC(9,14,11),Set-15-Num(3,7,14),SubmitB(9,8,2),Set-1-Num(5,2,9),Break(1,2,0),Close(3,14,9),SubmitD(8,12,14),SwapMem-Num(6,1,12),Set-6-Num(3,15,7),TestNumGreaterTEqu-Num(5,9,11),If-Num(9,7,14),Countdown-Num(13,10,6),Mod-Num(12,6,8),SwapMem-Num(6,4,8),Set-10-Num(8,15,10)]"
PROBLEM_grade__ARGS_NUM__MUT_025,3317,grade,Numeric,0.025,0,True,31,378,141,"[Close(5,12,12),LoadThreshA-Num(11,4,14),SubmitC(5,3,4),Close(14,13,9),LoadGrade-Num(6,5,5),SubmitF(1,2,0),TestNumGreaterTEqu-Num(4,2,0),While-Num(1,1,13),SubmitA(14,11,2),Countdown-Num(14,5,11),SubmitD(12,6,12),Close(8,10,15),Set-15-Num(14,15,11),If-Num(0,8,7),Inc-Num(6,10,14),TestNumLess-Num(11,6,1),While-Num(1,6,1),Close(8,8,8),LoadThreshC-Num(1,11,3),While-Num(1,13,7),LoadThreshB-Num(8,11,12),TestNumGreater-Num(6,8,1),SubmitB(8,9,7),Close(8,10,6),Close(11,15,11),While-Num(2,11,11),TestNumGreaterTEqu-Num(6,3,13),Set-11-Num(7,8,8),Countdown-Num(7,5,8),IfNot-Num(13,10,11),TestNumGreater-Num(1,2,1)]"
PROBLEM_grade__ARGS_NUM__MUT_025,3318,grade,Numeric,0.025,0,True,27,458,134,"[TestNumGreaterTEqu-Num(8,13,8),Inc-Num(4,6,6),TestNumGreaterTEqu-Num(0,4,13),SubmitA(3,1,7),While-Num(13,11,3),Inc-Num(3,5,1),Mult-Num(1,11,6),LoadThreshB-Num(14,2,10),TestNumGreaterTEqu-Num(14,4,7),LoadGrade-Num(5,9,6),Inc-Num(5,7,10),Add-Num(11,7,13),Add-Num(7,9,10),SubmitB(0,2,6),While-Num(10,3,11),Dec-Num(7,13,7),Mod-Num(5,3,9),Mod-Num(1,6,7),SubmitC(15,12,7),TestNumNEqu-Num(9,5,7),SubmitC(0,1,4),TestNumGreaterTEqu-Num(2,5,15),LoadGrade-Num(0,9,9),While-Num(15,9,9),SubmitD(0,7,6),IfNot-Num(7,6,5),SubmitF(13,6,12)]"
PROBLEM_grade__ARGS_NUM__MUT_025,3319,grade,Numeric,0.025,0,True,44,475,444,"[TestNumLessTEqu-Num(0,4,4),Set-8-Num(3,4,12),SubmitA(4,12,5),While-Num(4,11,6),Close(14,1,3),TestNumGreaterTEqu-Num(9,8,0),Close(12,6,5),Set-7-Num(9,5,14),Floor-Num(6,2,1),LoadThreshD-Num(11,4,11),Set-14-Num(13,12,9),Set-4-Num(10,1,9),Dec-Num(2,13,7),SwapMem-Num(1,6,15),TestNumLess-Num(14,14,10),Close(12,7,7),LoadGrade-Num(1,2,10),CopyMem-Num(2,15,10),TestNumGreater-Num(13,7,12),Add-Num(9,14,13),Set-7-Num(5,8,5),Not-Num(13,15,4),TestNumGreaterTEqu-Num(1,6,6),TestNumLessTEqu-Num(15,11,15),TestNumLessTEqu-Num(1,2,7),If-Num(6,15,12),CopyMem-Num(0,0,6),SubmitC(14,13,7),LoadThreshC-Num(13,3,10),Not-Num(2,4,15),TestNumLessTEqu-Num(11,1,3),If-Num(6,10,14),SubmitD(5,9,15),TestNumGreaterTEqu-Num(12,7,15),Floor-Num(7,7,5),While-Num(15,14,13),SubmitB(8,15,3),TestNumLessTEqu-Num(5,10,5),Sub-Num(0,15,4),SubmitC(0,12,14),Close(4,3,9),While-Num(3,10,6),Close(15,8,9),SubmitF(1,13,0)]"
PROBLEM_grade__ARGS_NUM__MUT_025,3320,grade,Numeric,0.025,0,True,70,434,347,"[Set-10-Num(3,7,2),Countdown-Num(1,1,7),LoadGrade-Num(9,5,14),Set-8-Num(3,11,10),Set-6-Num(12,15,12),IfNot-Num(15,14,11),SubmitF(1,11,7),LoadThreshD-Num(14,12,10),Set-0-Num(6,14,10),TestNumLess-Num(2,11,14),Set-5-Num(8,1,12),TestNumGreaterTEqu-Num(1,9,6),Set-10-Num(1,1,2),LoadThreshA-Num(12,0,10),IfNot-Num(7,1,1),LoadThreshD-Num(5,11,1),SubmitD(5,9,11),Set-14-Num(2,12,1),TestNumLessTEqu-Num(13,6,12),Not-Num(11,2,2),Close(9,9,7),LoadThreshC-Num(1,11,5),Countdown-Num(1,15,11),TestNumLess-Num(7,5,10),Div-Num(10,8,15),SubmitB(13,12,2),Mod-Num(4,14,8),SubmitC(9,8,3),While-Num(3,2,0),Set-6-Num(10,11,1),SubmitF(15,2,7),LoadThreshD-Num(3,12,1),SubmitF(12,3,10),LoadGrade-Num(0,1,2),TestNumGreater-Num(7,12,11),Set-12-Num(2,9,11),TestNumLessTEqu-Num(9,5,7),TestNumGreaterTEqu-Num(1,9,13),Set-10-Num(0,9,5),CopyMem-Num(6,2,1),Inc-Num(11,15,9),LoadThreshA-Num(3,12,8),IfNot-Num(7,2,12),TestNumNEqu-Num(15,0,8),Close(13,8,10),LoadThreshD-Num(10,11,1),SubmitB(15,9,14),SubmitD(6,0,11),IfNot-Num(13,15,8),SubmitB(0,7,14),Set-2-Num(10,12,5),SwapMem-Num(13,3,0),Div-Num(6,2,0),Set-3-Num(7,1,13),Close(2,6,12),Set-2-Num(2,10,1),Dec-Num(5,6,3),Set-2-Num(15,3,4),Close(10,11,14),Floor-Num(4,1,0),SubmitA(6,9,0),Add-Num(5,13,14),TestNumLessTEqu-Num(12,6,3),LoadGrade-Num(1,6,2),Mod-Num(1,13,6),Set-4-Num(7,2,13),Set-15-Num(2,3,13),LoadThreshD-Num(0,14,1),TestNumNEqu-Num(13,1,1),LoadGrade-Num(12,2,11)]"
PROBLEM_grade__ARGS_NUM__MUT_025,3321,grade,Numeric,0.025,0,True,43,499,226,"[LoadGrade-Num(11,1,3),Set-4-Num(10,3,9),While-Num(10,14,8),SubmitA(8,12,7),TestNumGreater-Num(0,11,9),SwapMem-Num(12,9,7),TestNumGreaterTEqu-Num(12,13,0),If-Num(9,1,15),Not-Num(10,6,2),Set-10-Num(14,12,2),SubmitB(9,6,4),Countdown-Num(14,10,10),TestNumNEqu-Num(9,12,7),Set-3-Num(3,13,9),TestNumGreater-Num(2,8,8),While-Num(8,7,4),Sub-Num(1,4,15),Set-0-Num(2,14,5),TestNumLess-Num(10,15,5),TestNumNEqu-Num(13,2,9),SubmitA(2,14,10),SubmitF(14,5,8),Div-Num(13,6,6),TestNumLess-Num(3,8,4),LoadThreshB-Num(10,3,10),LoadThreshC-Num(4,11,2),Set-10-Num(12,11,6),If-Num(5,12,10),Set-10-Num(6,13,12),SubmitC(2,14,14),Not-Num(10,0,3),Mult-Num(6,14,2),Dec-Num(10,13,14),Close(5,3,14),LoadThreshD-Num(11,3,6),LoadThreshD-Num(7,6,8),LoadThreshD-Num(8,15,5),Dec-Num(8,14,5),TestNumGreaterTEqu-Num(8,1,8),LoadGrade-Num(1,2,14),Countdown-Num(3,13,1),Set-1-Num(11,1,5),SubmitD(7,14,8)]"
PROBLEM_grade__ARGS_NUM__MUT_025,3322,grade,Numeric,0.025,0,True,50,345,279,"[Mod-Num(4,14,5),LoadThreshC-Num(15,12,4),Div-Num(2,0,5),LoadGrade-Num(14,3,0),SubmitD(1,5,6),Set-7-Num(4,15,15),Div-Num(1,15,5),SubmitA(3,1,10),LoadGrade-Num(15,4,10),If-Num(3,4,5),LoadThreshA-Num(4,3,9),Close(12,13,12),SwapMem-Num(1,9,10),TestNumLess-Num(15,0,4),Set-16-Num(10,7,3),Add-Num(15,11,0),While-Num(4,7,0),Set-12-Num(5,4,1),Set-8-Num(12,15,10),Set-1-Num(1,14,9),Div-Num(14,9,12),Set-1-Num(13,6,10),TestNumGreaterTEqu-Num(0,9,13),Mod-Num(8,12,14),Floor-Num(7,0,13),Set-8-Num(0,14,12),TestNumLess-Num(9,9,10),SubmitC(15,5,5),Set-0-Num(10,14,15),SubmitB(5,12,13),Sub-Num(8,2,4),TestNumLessTEqu-Num(12,8,5),Sub-Num(2,12,2),LoadThreshD-Num(12,9,1),SubmitC(6,5,3),LoadGrade-Num(7,3,10),SwapMem-Num(8,4,1),TestNumGreaterTEqu-Num(15,14,15),Set-14-Num(4,13,2),Add-Num(9,6,9),Add-Num(13,5,0),Countdown-Num(15,7,4),TestNumLess-Num(7,3,12),Close(7,13,1),TestNumGreaterTEqu-Num(2,7,11),LoadThreshB-Num(3,8,1),While-Num(11,15,3),SubmitD(6,4,2),If-Num(12,11,1),SubmitF(5,0,7)]"
PROBLEM_grade__ARGS_NUM__MUT_025,3323,grade,Numeric,0.025,0,True,42,464,163,"[Countdown-Num(0,11,10),SubmitC(5,4,7),Inc-Num(7,6,8),Set-11-Num(1,1,5),Countdown-Num(7,3,0),Inc-Num(15,0,2),SubmitD(13,0,9),TestNumLess-Num(0,4,7),Set-11-Num(0,14,2),Inc-Num(2,13,13),Sub-Num(6,13,8),TestNumEqu-Num(5,2,9),Dec-Num(1,14,11),SubmitA(10,15,7),CopyMem-Num(2,0,6),Sub-Num(3,10,5),LoadThreshD-Num(2,9,10),Div-Num(15,9,3),Inc-Num(6,10,4),LoadThreshB-Num(13,12,12),Add-Num(2,9,1),SubmitD(12,13,14),SubmitF(12,13,15),Set-1-Num(14,8,6),Inc-Num(2,3,0),TestNumGreaterTEqu-Num(12,11,9),Set-10-Num(11,1,1),Set-10-Num(3,4,12),Inc-Num(4,10,12),Set-3-Num(11,10,7),SwapMem-Num(12,9,5),SubmitB(13,7,14),If-Num(7,0,0),Sub-Num(11,8,0),Mod-Num(10,14,2),While-Num(9,12,13),Dec-Num(9,7,1),Close(14,2,8),Add-Num(11,11,7),TestNumLessTEqu-Num(6,11,1),Countdown-Num(7,0,1),Set-8-Num(1,13,8)]"
PROBLEM_grade__ARGS_NUM__MUT_025,3324,grade,Numeric,0.025,0,True,23,111,86,"[Countdown-Num(1,2,1),SubmitF(15,5,10),Countdown-Num(2,10,15),Set-2-Num(2,6,2),TestNumLessTEqu-Num(0,4,15),Set-1-Num(2,1,5),Div-Num(2,7,14),TestNumLess-Num(1,4,11),SwapMem-Num(3,0,4),Countdown-Num(15,10,1),LoadThreshC-Num(0,12,8),Floor-Num(5,3,10),SubmitD(1,15,4),TestNumLessTEqu-Num(11,1,6),Set-13-Num(7,1,14),Sub-Num(5,11,12),SubmitD(4,2,5),SubmitC(8,13,11),Countdown-Num(12,5,1),SubmitB(14,15,15),SubmitA(14,8,13),LoadGrade-Num(0,0,1),While-Num(14,3,0)]"
PROBLEM_grade__ARGS_NUM__MUT_025,3325,grade,Numeric,0.025,0,False,NONE,NONE,NONE,"NONE"
PROBLEM_grade__ARGS_NUM__MUT_025,3326,grade,Numeric,0.025,0,True,21,219,55,"[Close(4,6,9),Dec-Num(0,11,12),TestNumLessTEqu-Num(6,7,5),SubmitD(14,12,7),Add-Num(5,4,13),SwapMem-Num(4,10,12),Break(15,3,13),TestNumLessTEqu-Num(10,0,6),SubmitA(12,5,1),While-Num(6,4,0),TestNumLess-Num(10,1,9),TestNumGreaterTEqu-Num(3,13,12),SubmitF(5,9,4),IfNot-Num(12,5,10),SubmitB(0,13,2),Countdown-Num(9,14,0),TestNumGreater-Num(2,10,9),Sub-Num(6,9,6),SubmitC(7,12,0),While-Num(6,0,7),Return(12,7,13)]"
PROBLEM_grade__ARGS_NUM__MUT_025,3327,grade,Numeric,0.025,0,True,42,366,191,"[Close(10,3,11),Set-13-Num(10,13,15),TestNumGreaterTEqu-Num(5,13,6),Dec-Num(3,8,11),If-Num(2,15,11),Close(4,8,13),If-Num(5,8,0),Inc-Num(3,6,3),LoadThreshC-Num(0,4,1),TestNumGreater-Num(4,3,10),Close(10,6,4),SubmitF(14,15,3),Close(9,4,1),TestNumGreater-Num(15,10,2),TestNumGreaterTEqu-Num(4,0,11),TestNumLessTEqu-Num(1,15,12),If-Num(11,3,3),TestNumNEqu-Num(12,1,12),Set-16-Num(15,9,3),SubmitB(5,2,15),LoadThreshB-Num(0,13,9),Set-13-Num(14,3,4),TestNumEqu-Num(11,15,13),Set-3-Num(8,8,12),SubmitA(8,14,14),Set-8-Num(15,2,5),Close(4,6,10),LoadGrade-Num(2,10,12),Set-3-Num(7,10,2),While-Num(10,11,13),TestNumGreaterTEqu-Num(1,1,5),If-Num(5,7,5),Close(10,7,15),Add-Num(1,14,10),LoadThreshA-Num(12,3,15),Mult-Num(12,13,12),SubmitC(7,12,5),IfNot-Num(15,9,4),SubmitD(11,5,3),While-Num(6,13,15),Countdown-Num(6,5,3),Close(6,6,1)]"
PROBLEM_grade__ARGS_NUM__MUT_025,3328,grade,Numeric,0.025,0,False,NONE,NONE,NONE,"NONE"
PROBLEM_grade__ARGS_NUM__MUT_025,3329,grade,Numeric,0.025,0,True,25,481,138,"[TestNumLess-Num(9,1,6),SwapMem-Num(4,6,9),LoadGrade-Num(1,11,14),SubmitA(12,14,8),While-Num(4,5,3),CopyMem-Num(0,12,14),LoadThreshD-Num(5,0,9),TestNumLess-Num(3,0,14),TestNumEqu-Num(14,12,0),LoadThreshB-Num(9,13,4),TestNumGreaterTEqu-Num(1,2,11),TestNumLessTEqu-Num(1,9,10),Add-Num(4,12,2),Inc-Num(1,10,14),IfNot-Num(11,6,12),Dec-Num(1,6,7),TestNumGreaterTEqu-Num(10,2,11),Add-Num(11,5,2),SubmitC(6,5,6),IfNot-Num(11,10,3),SubmitD(15,13,1),IfNot-Num(14,11,11),SubmitB(9,3,1),While-Num(12,0,15),SubmitF(5,15,14)]"
PROBLEM_grade__ARGS_NUM__MUT_025,3330,grade,Numeric,0.025,0,True,20,459,116,"[TestNumGreaterTEqu-Num(4,0,0),SubmitA(11,0,1),While-Num(0,10,3),Close(15,3,11),Close(6,4,13),SubmitC(12,7,1),TestNumNEqu-Num(15,1,13),Set-14-Num(15,12,11),Countdown-Num(1,10,8),SubmitB(1,1,6),Countdown-Num(15,1,11),SubmitD(15,6,15),Countdown-Num(13,9,4),TestNumGreaterTEqu-Num(1,4,15),SubmitF(10,10,3),TestNumGreater-Num(3,4,13),While-Num(15,10,3),TestNumLess-Num(4,2,1),Countdown-Num(13,2,0),Set-11-Num(13,9,2)]"
PROBLEM_grade__ARGS_NUM__MUT_025,3331,grade,Numeric,0.025,0,True,74,459,338,"[Set-7-Num(13,4,9),TestNumLess-Num(7,7,15),Set-11-Num(9,7,8),SubmitA(11,5,0),Set-1-Num(3,15,2),While-Num(1,8,11),Sub-Num(3,4,8),LoadThreshC-Num(13,15,7),Set-15-Num(12,11,14),IfNot-Num(5,11,13),Mult-Num(15,14,10),SubmitD(13,13,5),Set-14-Num(14,7,5),TestNumGreater-Num(8,5,7),LoadThreshB-Num(9,10,12),TestNumGreater-Num(0,4,14),CopyMem-Num(6,15,12),Set-0-Num(15,9,1),Set-1-Num(10,5,2),Add-Num(10,5,3),Set-12-Num(2,12,13),Inc-Num(2,8,12),TestNumGreater-Num(12,6,10),Close(3,11,15),Add-Num(2,15,0),Not-Num(7,9,15),Inc-Num(2,4,12),Set-13-Num(7,3,1),Set-8-Num(8,6,14),Set-6-Num(0,8,14),Inc-Num(3,15,8),Set-8-Num(15,11,11),SubmitB(7,10,7),Set-9-Num(10,9,10),SwapMem-Num(4,8,14),TestNumGreater-Num(14,6,3),SubmitA(10,0,12),Set-16-Num(6,4,7),Set-5-Num(14,13,12),Set-0-Num(5,5,8),TestNumLess-Num(7,15,4),Set-13-Num(15,3,1),LoadThreshC-Num(4,12,6),Set-13-Num(10,4,10),IfNot-Num(3,5,13),Set-3-Num(6,6,5),SubmitB(5,3,0),Set-2-Num(3,1,13),TestNumLess-Num(11,4,2),LoadGrade-Num(8,8,1),LoadGrade-Num(5,0,4),Set-6-Num(9,4,5),Dec-Num(13,4,8),TestNumLess-Num(5,1,14),CopyMem-Num(2,3,4),SubmitC(14,11,11),TestNumLess-Num(13,8,8),TestNumGreaterTEqu-Num(6,3,11),LoadThreshB-Num(6,11,10),While-Num(14,8,7),SubmitD(6,5,14),SubmitC(9,9,12),IfNot-Num(8,10,9),TestNumNEqu-Num(9,5,0),Mod-Num(10,4,1),TestNumNEqu-Num(10,15,12),Mult-Num(1,13,11),LoadThreshD-Num(6,1,12),SwapMem-Num(13,5,7),LoadThreshC-Num(1,3,0),Set-15-Num(12,2,8),TestNumGreaterTEqu-Num(13,6,14),SubmitF(11,3,11),Set-15-Num(8,10,11)]"
PROBLEM_grade__ARGS_NUM__MUT_025,3332,grade,Numeric,0.025,0,True,66,487,250,"[LoadThreshD-Num(5,5,3),While-Num(1,14,11),Set-5-Num(1,4,2),LoadGrade-Num(3,4,0),Inc-Num(3,4,11),TestNumNEqu-Num(2,5,7),IfNot-Num(15,15,6),Set-5-Num(10,9,10),SubmitF(0,9,12),Close(13,5,13),Inc-Num(13,13,15),Set-13-Num(2,9,0),While-Num(13,0,3),LoadThreshB-Num(1,5,7),TestNumGreaterTEqu-Num(4,5,8),Set-2-Num(12,10,3),LoadThreshA-Num(11,8,15),Countdown-Num(8,12,6),Set-8-Num(2,2,0),Div-Num(6,15,14),Set-11-Num(5,13,10),CopyMem-Num(13,9,9),TestNumLessTEqu-Num(10,12,14),Set-5-Num(6,2,13),If-Num(13,4,7),TestNumLess-Num(3,5,13),TestNumEqu-Num(0,7,6),Set-12-Num(5,6,0),Set-16-Num(7,10,7),SwapMem-Num(7,14,9),LoadGrade-Num(4,3,4),Set-7-Num(9,11,15),Div-Num(4,11,11),SubmitA(5,0,0),SwapMem-Num(4,0,1),SwapMem-Num(10,11,14),SubmitB(3,15,5),Set-5-Num(13,4,8),Div-Num(2,6,13),LoadGrade-Num(7,13,15),Mod-Num(10,7,15),Set-9-Num(6,9,11),LoadThreshC-Num(6,11,15),Set-16-Num(7,5,6),LoadThreshC-Num(12,9,3),Set-11-Num(5,1,3),LoadGrade-Num(2,5,9),TestNumNEqu-Num(5,11,7),TestNumLess-Num(0,1,13),Div-Num(6,6,8),SubmitA(13,3,11),SubmitA(10,8,15),Set-11-Num(1,12,10),Add-Num(4,5,0),SubmitC(14,2,12),TestNumGreater-Num(3,12,7),Floor-Num(4,6,2),TestNumEqu-Num(5,9,11),Not-Num(7,2,5),Set-6-Num(0,7,13),Close(6,0,1),Set-16-Num(4,10,7),TestNumNEqu-Num(1,7,14),Set-8-Num(10,4,0),If-Num(7,12,5),SubmitD(13,1,5)]"
PROBLEM_grade__ARGS_NUM__MUT_025,3333,grade,Numeric,0.025,0,True,50,481,245,"[Mod-Num(4,1,10),Add-Num(2,12,5),SubmitA(11,6,5),Div-Num(5,5,8),While-Num(8,7,5),Dec-Num(5,12,12),TestNumLess-Num(5,4,8),Sub-Num(0,14,5),Set-3-Num(15,3,7),TestNumEqu-Num(1,4,0),Close(14,1,9),Not-Num(8,3,12),Inc-Num(4,8,14),Mod-Num(2,5,10),SubmitD(9,14,2),LoadGrade-Num(7,3,1),SwapMem-Num(1,8,4),TestNumLess-Num(3,4,4),Close(15,4,10),Set-9-Num(2,12,13),Set-7-Num(1,6,13),Set-1-Num(15,10,7),Div-Num(4,11,11),SubmitB(15,14,3),SwapMem-Num(4,3,4),TestNumNEqu-Num(1,15,5),SubmitD(9,7,8),Sub-Num(12,9,15),SubmitD(2,4,15),IfNot-Num(11,14,3),Set-3-Num(15,0,4),Floor-Num(8,12,15),SwapMem-Num(9,2,11),TestNumNEqu-Num(7,10,6),Set-14-Num(4,7,4),Set-0-Num(13,14,11),SubmitB(12,0,6),Close(15,15,0),Close(6,4,13),TestNumNEqu-Num(5,10,7),Sub-Num(4,2,8),Set-14-Num(11,10,13),SubmitF(3,9,6),Close(9,8,7),Floor-Num(7,15,10),Set-6-Num(10,2,4),Break(9,15,14),Div-Num(5,13,13),IfNot-Num(6,5,8),SubmitC(11,4,5)]"
PROBLEM_grade__ARGS_NUM__MUT_025,3334,grade,Numeric,0.025,0,False,NONE,NONE,NONE,"NONE"
PROBLEM_grade__ARGS_NUM__MUT_025,3335,grade,Numeric,0.025,0,True,44,429,202,"[Set-11-Num(11,6,4),Set-15-Num(1,8,2),SubmitA(13,11,0),Dec-Num(0,0,14),SwapMem-Num(14,6,10),SubmitA(10,4,0),TestNumLess-Num(3,10,3),LoadThreshD-Num(14,14,9),LoadThreshC-Num(9,1,8),Set-13-Num(1,4,12),TestNumLess-Num(0,4,13),Mod-Num(2,0,9),LoadGrade-Num(1,7,5),TestNumNEqu-Num(13,2,4),LoadGrade-Num(7,13,0),IfNot-Num(13,14,12),TestNumNEqu-Num(8,0,5),LoadThreshB-Num(2,7,15),Inc-Num(14,8,8),Set-8-Num(0,6,11),Set-15-Num(13,9,0),TestNumGreater-Num(2,1,0),Set-15-Num(2,1,4),SubmitB(0,0,4),TestNumGreater-Num(9,1,7),LoadThreshD-Num(9,10,4),While-Num(0,8,4),SubmitD(3,1,13),Inc-Num(11,4,8),SubmitF(8,11,6),Countdown-Num(14,15,5),Div-Num(11,13,3),Set-4-Num(9,8,0),Div-Num(8,1,0),CopyMem-Num(7,0,15),Set-13-Num(11,15,9),SubmitD(4,7,13),Set-9-Num(8,15,1),Mod-Num(15,9,4),SubmitC(12,12,3),Set-0-Num(6,0,0),Set-11-Num(15,0,13),Set-10-Num(11,12,7),TestNumGreater-Num(14,1,14)]"
PROBLEM_grade__ARGS_NUM__MUT_025,3336,grade,Numeric,0.025,0,True,17,219,109,"[Countdown-Num(0,13,5),SubmitA(6,5,2),LoadGrade-Num(14,11,14),TestNumGreater-Num(4,0,0),IfNot-Num(6,11,11),TestNumGreaterTEqu-Num(4,2,6),Set-3-Num(9,14,2),SubmitB(7,2,12),Div-Num(14,3,9),TestNumGreater-Num(1,4,13),Countdown-Num(13,0,5),Floor-Num(9,8,0),SubmitF(13,3,1),If-Num(9,12,15),SubmitD(14,4,7),If-Num(6,9,11),SubmitC(11,0,4)]"
PROBLEM_grade__ARGS_NUM__MUT_025,3337,grade,Numeric,0.025,0,True,19,417,154,"[LoadGrade-Num(13,12,5),TestNumLess-Num(13,3,5),SubmitF(15,9,15),While-Num(5,10,4),Close(6,11,12),TestNumLessTEqu-Num(2,4,5),SubmitD(12,5,9),If-Num(5,11,14),TestNumGreaterTEqu-Num(13,0,7),While-Num(0,15,4),Sub-Num(1,5,5),SubmitA(4,14,4),Add-Num(9,13,10),Set-13-Num(14,6,1),TestNumLess-Num(5,10,9),SubmitB(4,7,8),Add-Num(7,6,0),IfNot-Num(9,2,11),SubmitC(10,13,11)]"
PROBLEM_grade__ARGS_NUM__MUT_025,3338,grade,Numeric,0.025,0,True,74,391,146,"[LoadThreshA-Num(14,13,15),Add-Num(3,10,5),Close(11,3,13),LoadGrade-Num(7,5,15),Mod-Num(7,5,10),TestNumGreater-Num(7,10,13),Set-12-Num(9,12,10),LoadGrade-Num(4,7,14),SubmitF(9,3,8),Set-10-Num(10,14,7),SubmitB(12,8,12),SubmitC(0,9,5),TestNumGreater-Num(15,15,10),IfNot-Num(12,1,1),Dec-Num(1,0,0),Set-2-Num(4,14,10),Add-Num(13,7,10),Set-4-Num(12,9,10),LoadGrade-Num(7,0,0),Div-Num(13,5,0),Sub-Num(10,1,10),SubmitF(10,1,5),SwapMem-Num(0,13,6),Inc-Num(7,9,13),While-Num(13,4,9),TestNumLessTEqu-Num(7,14,6),LoadThreshA-Num(0,14,4),While-Num(12,0,5),Not-Num(8,13,9),LoadThreshC-Num(2,11,6),Set-2-Num(4,15,3),SubmitB(14,12,10),Set-11-Num(12,10,8),Set-10-Num(1,4,0),TestNumGreater-Num(3,4,12),Set-2-Num(9,8,3),TestNumLess-Num(4,3,3),SwapMem-Num(7,9,3),Set-0-Num(1,0,10),TestNumLess-Num(14,14,1),Set-2-Num(14,1,6),LoadThreshB-Num(15,0,4),Dec-Num(3,10,11),Set-3-Num(5,14,12),TestNumEqu-Num(9,0,14),Set-3-Num(9,10,3),LoadGrade-Num(4,9,3),LoadThreshA-Num(2,11,4),LoadThreshC-Num(8,10,13),CopyMem-Num(11,1,9),TestNumLess-Num(13,15,14),Set-12-Num(12,13,5),Set-7-Num(11,1,3),Add-Num(8,14,0),CopyMem-Num(8,5,15),Not-Num(14,2,10),Set-1-Num(13,9,6),Set-1-Num(0,12,15),SubmitD(2,11,4),Inc-Num(14,14,5),Set-2-Num(13,10,14),Set-3-Num(11,4,4),Set-2-Num(8,15,13),Set-11-Num(7,10,7),Not-Num(6,9,11),Set-5-Num(14,5,3),TestNumGreaterTEqu-Num(7,11,13),TestNumGreaterTEqu-Num(0,10,12),Set-2-Num(1,6,3),Mod-Num(10,6,14),SubmitA(7,15,15),While-Num(13,13,8),If-Num(6,10,12),TestNumLess-Num(9,6,3)]"
PROBLEM_grade__ARGS_NUM__MUT_025,3339,grade,Numeric,0.025,0,True,67,421,245,"[Sub-Num(0,11,8),TestNumLessTEqu-Num(3,4,1),SubmitF(3,10,5),Countdown-Num(1,8,7),Floor-Num(4,12,15),Set-3-Num(10,9,10),SwapMem-Num(9,12,7),TestNumLess-Num(3,11,5),CopyMem-Num(4,7,13),Add-Num(6,7,3),CopyMem-Num(13,4,15),SubmitA(15,5,3),Set-0-Num(3,15,8),Set-7-Num(10,6,2),SubmitA(8,6,2),TestNumNEqu-Num(0,1,14),Set-5-Num(6,15,15),Set-1-Num(4,2,4),Div-Num(6,7,13),LoadGrade-Num(13,8,14),TestNumNEqu-Num(14,11,5),LoadGrade-Num(4,5,4),Set-12-Num(11,11,0),TestNumLessTEqu-Num(2,8,12),SubmitC(6,5,3),Set-4-Num(0,13,9),SubmitB(12,1,7),SubmitF(8,15,14),Set-1-Num(3,9,4),Mult-Num(14,11,7),Div-Num(12,2,12),LoadThreshD-Num(14,2,0),LoadThreshB-Num(0,0,2),SubmitF(4,6,11),Set-11-Num(10,8,6),SubmitF(15,15,2),TestNumLessTEqu-Num(2,4,1),Div-Num(10,3,10),Add-Num(10,14,7),Set-11-Num(14,14,1),TestNumLessTEqu-Num(8,4,2),Set-10-Num(8,6,14),SubmitD(15,10,4),Not-Num(12,1,10),SwapMem-Num(0,7,12),TestNumGreater-Num(3,9,11),Mult-Num(2,1,6),Set-14-Num(10,0,10),Not-Num(13,3,10),SwapMem-Num(6,12,4),TestNumLess-Num(2,4,3),TestNumEqu-Num(15,11,14),Countdown-Num(14,5,13),Set-0-Num(3,12,3),TestNumGreaterTEqu-Num(12,0,14),SubmitB(0,10,9),Sub-Num(13,14,9),Dec-Num(14,2,11),LoadThreshB-Num(6,2,5),TestNumEqu-Num(15,2,14),Set-7-Num(13,2,2),LoadThreshD-Num(13,0,11),SwapMem-Num(7,5,13),SubmitC(2,1,1),Close(1,12,9),Add-Num(14,7,8),Set-1-Num(15,14,3)]"
PROBLEM_grade__ARGS_NUM__MUT_025,3340,grade,Numeric,0.025,0,True,73,410,135,"[Set-3-Num(13,2,6),Not-Num(3,7,6),SubmitD(6,14,1),Set-16-Num(14,6,4),Set-5-Num(2,11,5),Set-16-Num(13,14,1),Set-1-Num(8,3,9),Set-5-Num(13,14,5),LoadThreshD-Num(5,1,3),SubmitB(4,15,3),Set-13-Num(8,5,11),TestNumLess-Num(4,0,2),TestNumEqu-Num(8,0,3),LoadThreshB-Num(10,3,7),Break(6,1,8),LoadThreshB-Num(13,0,11),Set-16-Num(14,14,14),Set-16-Num(8,12,2),Set-12-Num(6,11,8),Dec-Num(10,7,14),Inc-Num(7,7,13),LoadThreshD-Num(11,12,11),SubmitF(7,9,4),LoadThreshC-Num(6,9,3),Set-6-Num(5,10,9),SubmitA(2,3,6),LoadThreshB-Num(7,10,13),SubmitA(5,14,10),Countdown-Num(2,8,11),Set-5-Num(12,15,9),Set-7-Num(8,0,12),Set-8-Num(2,13,15),Set-9-Num(13,0,4),LoadThreshA-Num(2,12,13),Set-8-Num(2,8,12),Floor-Num(3,12,10),LoadThreshD-Num(7,1,3),TestNumLessTEqu-Num(4,10,1),Floor-Num(0,7,3),SubmitB(3,7,8),SubmitC(9,6,4),If-Num(1,12,11),Mult-Num(6,10,12),Set-14-Num(5,6,11),Set-1-Num(10,12,3),SubmitA(15,6,7),LoadThreshC-Num(15,0,9),Set-11-Num(9,1,2),Set-16-Num(5,4,10),Set-9-Num(7,14,12),Set-8-Num(9,4,9),TestNumLessTEqu-Num(13,3,1),LoadGrade-Num(4,9,2),Set-16-Num(6,5,4),Not-Num(12,10,7),SubmitD(2,3,11),LoadGrade-Num(1,0,13),Inc-Num(4,14,0),LoadThreshC-Num(10,0,1),Set-9-Num(1,1,15),Set-6-Num(3,6,12),SubmitF(15,13,9),IfNot-Num(12,4,3),Close(15,5,2),Close(15,1,13),SwapMem-Num(11,10,0),TestNumGreaterTEqu-Num(9,10,13),Set-11-Num(14,12,10),TestNumLessTEqu-Num(14,6,3),Mult-Num(10,9,12),TestNumGreater-Num(3,8,14),Sub-Num(15,3,3),CopyMem-Num(13,12,5)]"
PROBLEM_grade__ARGS_NUM__MUT_025,3341,grade,Numeric,0.025,0,False,NONE,NONE,NONE,"NONE"
PROBLEM_grade__ARGS_NUM__MUT_025,3342,grade,Numeric,0.025,0,True,40,493,217,"[LoadThreshD-Num(11,13,4),While-Num(0,14,11),SubmitD(15,4,4),TestNumLess-Num(10,7,8),SubmitC(1,6,11),TestNumGreaterTEqu-Num(4,1,10),Set-7-Num(1,9,9),TestNumGreaterTEqu-Num(4,11,1),SubmitA(1,13,9),Set-1-Num(9,13,1),LoadThreshC-Num(12,15,4),SubmitA(3,5,11),Add-Num(14,6,0),Set-15-Num(14,11,7),TestNumGreater-Num(14,0,15),SubmitD(3,0,15),TestNumEqu-Num(0,2,13),IfNot-Num(6,7,4),If-Num(1,2,14),LoadThreshD-Num(6,4,9),TestNumNEqu-Num(2,9,11),TestNumLessTEqu-Num(2,7,2),Add-Num(12,0,1),Countdown-Num(10,7,1),SwapMem-Num(10,2,7),SubmitC(5,15,4),LoadThreshA-Num(7,13,13),Set-14-Num(2,15,13),TestNumGreaterTEqu-Num(4,7,4),Close(15,15,14),Set-9-Num(0,6,6),LoadGrade-Num(11,14,5),Close(8,13,2),Not-Num(15,14,8),TestNumGreaterTEqu-Num(4,8,14),TestNumLessTEqu-Num(0,9,6),SubmitF(0,11,3),While-Num(7,4,15),Mod-Num(2,4,7),SubmitB(4,11,12)]"
PROBLEM_grade__ARGS_NUM__MUT_025,3343,grade,Numeric,0.025,0,True,73,468,356,"[Set-4-Num(2,3,5),Close(10,2,12),Not-Num(8,10,14),LoadThreshB-Num(4,11,13),Close(13,8,12),Set-7-Num(12,3,8),SubmitC(15,4,14),LoadThreshD-Num(8,13,5),LoadGrade-Num(6,3,4),Div-Num(6,8,12),LoadThreshB-Num(7,11,0),SwapMem-Num(12,14,0),LoadGrade-Num(12,2,11),Close(1,5,7),TestNumGreaterTEqu-Num(2,6,5),Set-4-Num(3,10,13),TestNumGreaterTEqu-Num(6,6,3),Set-8-Num(10,2,6),TestNumGreaterTEqu-Num(6,12,6),Set-9-Num(1,10,5),Sub-Num(2,2,11),LoadThreshA-Num(15,0,6),SubmitF(2,9,14),TestNumGreater-Num(8,10,2),Mult-Num(5,7,2),Add-Num(5,9,1),Sub-Num(3,3,1),Mod-Num(9,15,5),TestNumGreater-Num(15,12,9),Inc-Num(1,13,8),Dec-Num(15,7,0),TestNumGreaterTEqu-Num(0,12,3),Set-6-Num(4,9,13),LoadThreshA-Num(11,2,0),TestNumNEqu-Num(3,4,10),SubmitB(5,8,3),SubmitD(14,6,0),Inc-Num(4,12,7),LoadThreshB-Num(4,7,7),Set-8-Num(2,4,4),LoadGrade-Num(0,6,3),LoadThreshC-Num(12,0,10),Countdown-Num(5,15,2),Not-Num(15,15,6),SwapMem-Num(14,9,12),Not-Num(13,4,14),If-Num(3,12,10),Set-13-Num(11,0,11),Set-5-Num(10,2,7),Not-Num(13,12,3),TestNumEqu-Num(13,13,4),Set-12-Num(11,4,7),Set-5-Num(2,2,4),LoadThreshB-Num(13,11,4),LoadThreshD-Num(9,9,14),Add-Num(0,3,4),Dec-Num(1,5,12),Mult-Num(2,15,12),Set-7-Num(2,14,7),Dec-Num(11,13,1),Set-15-Num(8,15,12),LoadThreshD-Num(12,11,0),TestNumEqu-Num(12,14,2),Inc-Num(5,8,9),TestNumGreaterTEqu-Num(5,13,11),TestNumGreater-Num(4,7,7),Set-14-Num(4,14,13),TestNumLess-Num(3,8,15),SubmitA(14,11,13),Set-12-Num(14,13,7),Set-11-Num(9,14,3),If-Num(7,2,1),SubmitB(8,0,14)]"
PROBLEM_grade__ARGS_NUM__MUT_025,3344,grade,Numeric,0.025,0,True,46,500,255,"[While-Num(1,1,7),Set-8-Num(2,0,11),LoadGrade-Num(11,14,1),SwapMem-Num(1,4,15),Set-4-Num(12,8,15),Floor-Num(3,3,1),Inc-Num(1,10,0),TestNumLess-Num(4,1,10),Countdown-Num(10,8,3),TestNumGreater-Num(14,12,7),TestNumLess-Num(13,1,5),Set-7-Num(11,7,11),Close(12,2,3),LoadThreshD-Num(14,2,13),Set-4-Num(1,1,3),Set-10-Num(1,7,14),LoadGrade-Num(4,4,1),CopyMem-Num(12,10,10),While-Num(2,14,14),TestNumLessTEqu-Num(14,4,9),SubmitF(12,3,8),Set-3-Num(11,7,8),Countdown-Num(9,13,13),LoadGrade-Num(3,2,7),CopyMem-Num(5,5,9),TestNumGreater-Num(5,12,8),SubmitC(13,2,13),Countdown-Num(11,9,9),Set-10-Num(11,3,8),Set-11-Num(2,6,5),TestNumGreater-Num(10,13,9),Mult-Num(2,2,8),TestNumLessTEqu-Num(4,6,11),IfNot-Num(15,6,0),Close(8,10,15),SubmitD(6,9,5),CopyMem-Num(0,13,2),Sub-Num(0,4,10),LoadThreshC-Num(1,0,14),SwapMem-Num(7,10,14),Not-Num(2,0,15),Countdown-Num(5,14,9),SubmitA(12,7,12),While-Num(0,7,14),TestNumGreater-Num(7,11,0),SubmitB(1,4,4)]"
PROBLEM_grade__ARGS_NUM__MUT_025,3345,grade,Numeric,0.025,0,True,70,488,73,"[TestNumLessTEqu-Num(2,3,2),LoadThreshD-Num(2,2,0),TestNumGreater-Num(13,12,15),TestNumLess-Num(2,15,1),Not-Num(7,6,10),LoadThreshC-Num(5,9,9),LoadThreshB-Num(7,11,15),Close(0,2,5),SubmitF(12,5,8),Set-5-Num(15,3,11),Inc-Num(9,4,1),Set-14-Num(4,13,7),Not-Num(8,6,7),Floor-Num(9,15,10),Set-15-Num(15,0,13),Dec-Num(2,4,6),Sub-Num(10,7,8),Set-8-Num(4,10,14),Div-Num(1,14,11),Set-3-Num(11,2,12),Set-4-Num(3,2,8),Set-16-Num(4,13,5),SubmitD(0,5,8),SubmitA(7,6,7),SubmitB(2,6,3),Set-5-Num(4,7,11),LoadGrade-Num(0,2,14),Set-4-Num(11,12,5),LoadThreshC-Num(12,8,14),TestNumGreaterTEqu-Num(0,7,3),Floor-Num(15,11,4),TestNumLessTEqu-Num(0,2,7),Set-11-Num(10,11,4),TestNumEqu-Num(0,5,14),TestNumGreater-Num(5,0,6),While-Num(5,5,3),TestNumLess-Num(8,0,9),Dec-Num(11,9,0),Set-3-Num(5,7,10),Set-7-Num(9,4,10),TestNumLessTEqu-Num(4,12,2),Set-8-Num(2,14,15),Set-1-Num(10,3,2),CopyMem-Num(3,13,6),SubmitB(2,15,11),Set-7-Num(5,3,7),TestNumNEqu-Num(1,3,3),SubmitB(3,8,2),Set-12-Num(3,8,14),TestNumLessTEqu-Num(8,7,14),If-Num(13,2,5),SubmitC(12,3,8),TestNumLessTEqu-Num(2,7,0),LoadThreshA-Num(5,4,4),While-Num(15,6,4),SubmitB(7,9,9),While-Num(6,12,9),TestNumEqu-Num(12,1,5),TestNumEqu-Num(8,10,6),Close(2,0,9),Set-6-Num(13,5,7),TestNumLessTEqu-Num(15,13,1),SubmitD(7,0,5),CopyMem-Num(15,1,4),Set-11-Num(4,9,7),While-Num(8,2,12),Floor-Num(7,4,14),Set-16-Num(12,2,8),Mult-Num(0,5,8),SubmitA(14,15,1)]"
PROBLEM_grade__ARGS_NUM__MUT_025,3346,grade,Numeric,0.025,0,True,38,425,157,"[Set-2-Num(13,10,2),TestNumLessTEqu-Num(0,4,10),Close(2,14,6),TestNumGreaterTEqu-Num(0,11,12),While-Num(2,3,6),Div-Num(10,4,10),Countdown-Num(12,12,4),TestNumEqu-Num(4,6,12),TestNumLess-Num(11,4,6),TestNumGreaterTEqu-Num(0,11,4),Close(5,2,12),Countdown-Num(4,13,15),LoadThreshC-Num(14,7,12),Mod-Num(0,2,3),TestNumGreater-Num(8,10,2),TestNumGreaterTEqu-Num(11,14,5),Set-16-Num(8,1,0),SubmitC(1,8,2),Dec-Num(15,4,14),LoadGrade-Num(11,15,7),LoadThreshD-Num(4,14,9),Set-6-Num(2,12,5),SubmitD(5,5,10),LoadThreshD-Num(6,15,7),Set-16-Num(12,5,7),While-Num(5,15,13),LoadGrade-Num(6,8,12),Inc-Num(11,6,2),TestNumLess-Num(5,13,4),LoadThreshB-Num(0,2,0),SubmitB(11,3,9),TestNumGreater-Num(9,6,5),Close(2,7,15),Set-3-Num(15,6,0),If-Num(13,13,12),SubmitF(7,2,12),Countdown-Num(10,1,2),SubmitA(4,15,12)]"
PROBLEM_grade__ARGS_NUM__MUT_025,3347,grade,Numeric,0.025,0,True,16,420,324,"[TestNumLessTEqu-Num(3,4,11),SubmitA(6,0,1),TestNumLess-Num(4,0,9),If-Num(9,10,6),SubmitF(2,6,0),Countdown-Num(11,5,7),Sub-Num(4,1,12),SubmitB(8,9,5),If-Num(12,3,4),TestNumLessTEqu-Num(12,8,3),If-Num(3,10,5),Dec-Num(2,10,3),TestNumLessTEqu-Num(4,2,0),SubmitC(10,14,4),While-Num(0,0,9),SubmitD(10,2,9)]"
PROBLEM_grade__ARGS_NUM__MUT_025,3348,grade,Numeric,0.025,0,True,42,476,193,"[Close(12,4,5),Add-Num(4,12,12),SubmitB(13,14,8),Close(13,1,2),Set-7-Num(6,10,7),Set-9-Num(7,15,14),SubmitC(2,10,9),LoadThreshC-Num(10,15,9),Set-9-Num(13,0,13),Dec-Num(2,8,5),SubmitD(6,1,1),LoadGrade-Num(15,3,7),Set-12-Num(13,12,2),TestNumLess-Num(15,1,12),TestNumLess-Num(2,15,6),SubmitF(13,13,11),Set-1-Num(3,4,9),LoadThreshD-Num(1,12,12),SubmitC(5,1,13),SubmitF(11,2,3),IfNot-Num(12,2,1),SubmitA(4,9,14),TestNumLess-Num(11,13,5),LoadThreshA-Num(1,7,13),Close(4,9,6),Set-14-Num(8,14,7),Not-Num(2,0,5),TestNumGreater-Num(8,7,15),Add-Num(3,3,14),Floor-Num(4,6,7),Not-Num(3,1,0),Set-6-Num(7,12,5),Mod-Num(2,6,0),Mult-Num(1,7,13),Sub-Num(9,12,14),LoadThreshB-Num(12,5,3),TestNumGreaterTEqu-Num(11,9,11),Set-15-Num(5,13,13),Countdown-Num(6,8,0),Set-0-Num(6,6,1),Add-Num(11,6,13),Set-15-Num(4,6,15)]"
PROBLEM_grade__ARGS_NUM__MUT_025,3349,grade,Numeric,0.025,0,True,76,499,410,"[TestNumLess-Num(14,5,11),Close(13,9,14),Add-Num(11,10,13),LoadThreshC-Num(6,11,15),SubmitD(0,7,4),Set-5-Num(14,1,6),Set-10-Num(8,15,7),Inc-Num(10,5,10),Inc-Num(4,9,4),LoadThreshB-Num(10,14,2),SubmitF(13,4,15),Set-15-Num(15,15,11),CopyMem-Num(4,11,2),Set-6-Num(13,0,13),Set-1-Num(0,14,3),Set-8-Num(0,13,3),SubmitD(7,7,8),Not-Num(5,12,12),SubmitC(4,8,10),Set-12-Num(2,5,3),SwapMem-Num(5,7,6),Set-16-Num(13,11,4),TestNumGreater-Num(10,7,15),SubmitD(11,9,1),TestNumGreaterTEqu-Num(5,5,8),SubmitC(0,3,9),TestNumGreater-Num(4,3,2),Mod-Num(5,14,3),TestNumEqu-Num(1,11,6),Set-2-Num(6,15,15),Set-13-Num(13,14,6),Set-3-Num(7,11,9),Set-11-Num(9,5,0),LoadThreshA-Num(13,2,7),LoadThreshA-Num(7,3,2),TestNumNEqu-Num(14,13,5),TestNumEqu-Num(13,15,9),Mod-Num(2,14,9),Set-15-Num(13,11,1),Set-8-Num(14,8,5),LoadThreshC-Num(6,9,7),LoadGrade-Num(0,14,7),Countdown-Num(9,4,0),Set-13-Num(15,4,15),Set-15-Num(9,13,1),Set-1-Num(11,8,2),TestNumLessTEqu-Num(6,1,9),Dec-Num(2,0,9),Set-8-Num(9,14,15),LoadThreshA-Num(3,0,2),LoadThreshA-Num(3,5,1),SubmitB(2,12,11),Set-8-Num(8,0,4),SubmitD(13,6,12),Mult-Num(12,1,11),Set-5-Num(12,14,10),Set-4-Num(13,1,14),TestNumLess-Num(6,4,13),Countdown-Num(9,6,5),SubmitA(2,0,8),LoadGrade-Num(8,6,7),TestNumGreater-Num(4,7,9),TestNumGreater-Num(10,0,6),Close(4,10,11),If-Num(13,3,11),Set-10-Num(3,3,1),Countdown-Num(6,2,4),Close(11,5,6),Close(7,12,9),SubmitD(6,13,2),Add-Num(14,10,6),Floor-Num(9,3,15),Set-12-Num(12,7,15),TestNumLessTEqu-Num(12,5,3),Set-1-Num(0,12,7),LoadThreshC-Num(12,1,2)]"
PROBLEM_grade__ARGS_NUM__MUT_025,3350,grade,Numeric,0.025,0,True,35,490,187,"[Mod-Num(11,15,0),TestNumLessTEqu-Num(9,9,8),LoadThreshD-Num(11,2,12),LoadThreshA-Num(6,10,1),Add-Num(1,3,15),TestNumLess-Num(4,6,5),TestNumLess-Num(4,1,3),SubmitC(6,15,5),IfNot-Num(3,6,3),Close(11,12,3),Set-16-Num(1,11,14),SubmitA(4,3,12),Mult-Num(12,9,9),Set-4-Num(3,0,2),Set-12-Num(0,5,3),LoadThreshC-Num(13,6,6),While-Num(5,14,3),TestNumLessTEqu-Num(11,4,2),TestNumGreater-Num(11,1,10),SubmitF(2,5,4),Set-11-Num(5,12,5),SubmitF(14,0,10),If-Num(2,13,10),Set-14-Num(0,11,1),Set-9-Num(11,8,5),TestNumNEqu-Num(5,15,12),While-Num(0,10,1),SubmitD(11,12,6),Set-0-Num(12,8,12),While-Num(11,0,14),Set-8-Num(13,14,1),SubmitB(4,7,2),SubmitC(15,14,2),LoadThreshC-Num(2,6,14),TestNumGreaterTEqu-Num(4,2,11)]"
PROBLEM_grade__ARGS_NUM__MUT_05,3251,grade,Numeric,0.05,0,True,45,500,405,"[Inc-Num(8,7,12),Div-Num(10,5,12),Mult-Num(1,5,5),Set-7-Num(6,12,7),Dec-Num(1,13,4),TestNumLess-Num(4,0,10),SubmitF(6,13,9),LoadGrade-Num(9,4,7),LoadThreshC-Num(6,1,6),TestNumGreater-Num(3,4,3),While-Num(6,4,1),TestNumEqu-Num(9,15,5),TestNumGreater-Num(9,1,12),TestNumNEqu-Num(9,6,14),TestNumLess-Num(6,9,4),TestNumEqu-Num(3,12,12),IfNot-Num(3,1,8),Set-8-Num(7,7,12),LoadThreshD-Num(6,10,5),Set-11-Num(0,9,1),Countdown-Num(14,12,11),SwapMem-Num(10,10,12),Set-11-Num(5,7,2),Set-11-Num(15,6,13),Set-7-Num(14,7,10),Mod-Num(14,10,14),SubmitA(11,3,7),LoadThreshD-Num(7,5,13),Div-Num(0,4,0),LoadThreshD-Num(6,11,4),Floor-Num(2,2,2),Sub-Num(2,9,15),TestNumEqu-Num(9,2,2),TestNumGreater-Num(13,11,6),TestNumEqu-Num(14,4,2),LoadThreshA-Num(1,12,12),Set-3-Num(1,4,0),Set-3-Num(15,5,15),TestNumLessTEqu-Num(1,5,15),Floor-Num(4,9,12),SubmitB(11,14,14),While-Num(12,2,9),SubmitC(7,11,8),While-Num(2,5,14),SubmitD(6,13,7)]"
PROBLEM_grade__ARGS_NUM__MUT_05,3252,grade,Numeric,0.05,0,True,43,386,171,"[LoadThreshA-Num(10,8,7),Set-16-Num(8,11,4),Set-10-Num(14,15,15),LoadThreshD-Num(6,3,12),LoadThreshA-Num(13,6,14),Countdown-Num(0,13,13),TestNumEqu-Num(2,6,14),LoadGrade-Num(5,0,7),SubmitC(14,12,14),Dec-Num(10,14,7),Div-Num(5,6,2),SubmitF(14,15,11),Add-Num(2,1,15),LoadThreshD-Num(0,6,4),SubmitF(9,5,13),Set-9-Num(12,11,11),TestNumGreater-Num(14,15,9),Not-Num(7,12,15),SubmitA(6,0,13),LoadGrade-Num(4,9,8),LoadGrade-Num(7,13,3),Floor-Num(0,9,1),TestNumLess-Num(10,5,3),LoadThreshC-Num(6,15,13),TestNumEqu-Num(15,7,8),Not-Num(5,1,13),SubmitD(5,6,13),Set-5-Num(0,6,10),Floor-Num(2,4,1),Set-4-Num(14,12,2),If-Num(12,15,14),TestNumLessTEqu-Num(5,13,10),LoadGrade-Num(11,5,5),While-Num(2,4,10),Set-9-Num(13,11,12),Set-11-Num(13,12,15),SubmitB(9,7,1),Set-1-Num(15,12,12),SubmitA(14,13,15),TestNumLessTEqu-Num(1,7,2),Set-2-Num(12,3,2),Countdown-Num(3,13,14),SubmitC(9,5,8)]"
PROBLEM_grade__ARGS_NUM__MUT_05,3253,grade,Numeric,0.05,0,True,16,384,137,"[SubmitF(8,11,5),TestNumLess-Num(4,3,14),IfNot-Num(14,0,4),SubmitA(12,1,1),TestNumGreaterTEqu-Num(4,1,6),TestNumLessTEqu-Num(0,4,15),IfNot-Num(15,1,2),SubmitB(12,2,9),Countdown-Num(6,0,0),Return(12,9,13),Close(14,5,6),Countdown-Num(2,8,2),SubmitD(3,6,5),LoadThreshC-Num(9,4,1),TestNumGreater-Num(9,4,2),SubmitC(10,7,15)]"
PROBLEM_grade__ARGS_NUM__MUT_05,3254,grade,Numeric,0.05,0,True,24,489,161,"[Dec-Num(3,10,5),LoadGrade-Num(9,12,11),TestNumLess-Num(3,4,8),SubmitF(6,2,6),LoadThreshB-Num(12,14,11),Countdown-Num(8,9,1),SubmitD(8,1,6),While-Num(4,0,6),SubmitA(13,5,7),SubmitA(14,1,10),Inc-Num(6,7,15),Set-4-Num(14,15,5),TestNumGreaterTEqu-Num(9,12,4),Set-2-Num(11,8,13),Set-13-Num(13,11,14),SubmitB(3,2,15),IfNot-Num(15,8,0),LoadThreshA-Num(12,12,9),LoadGrade-Num(15,14,10),IfNot-Num(4,15,10),TestNumGreater-Num(15,2,0),Sub-Num(2,9,8),SubmitC(0,5,13),While-Num(0,10,3)]"
PROBLEM_grade__ARGS_NUM__MUT_05,3255,grade,Numeric,0.05,0,True,32,434,82,"[Dec-Num(9,5,14),TestNumGreater-Num(0,4,1),Sub-Num(12,14,0),Set-12-Num(6,7,11),Set-3-Num(5,8,10),Countdown-Num(5,11,0),Set-1-Num(12,3,0),Set-15-Num(10,10,5),SubmitC(12,11,1),Set-4-Num(10,11,11),SubmitD(8,5,1),If-Num(9,13,15),Dec-Num(11,0,6),SubmitA(7,14,9),TestNumLessTEqu-Num(3,4,10),LoadThreshB-Num(2,0,0),SwapMem-Num(10,15,15),LoadThreshC-Num(14,0,14),Countdown-Num(1,8,8),Set-14-Num(11,6,9),If-Num(9,12,12),Dec-Num(14,8,10),Inc-Num(1,3,12),Set-12-Num(12,3,12),LoadGrade-Num(0,11,10),Set-15-Num(5,7,10),TestNumLess-Num(14,0,9),LoadThreshB-Num(14,8,4),SubmitB(2,7,13),IfNot-Num(15,11,15),Countdown-Num(5,13,12),SubmitF(7,1,6)]"
PROBLEM_grade__ARGS_NUM__MUT_05,3256,grade,Numeric,0.05,0,True,19,481,150,"[SubmitA(12,4,0),TestNumLess-Num(4,0,11),While-Num(11,2,2),LoadThreshB-Num(2,4,10),LoadGrade-Num(0,13,13),Set-5-Num(10,0,4),SubmitC(5,9,10),Set-6-Num(8,3,1),SubmitB(8,6,12),Set-15-Num(4,5,1),SubmitC(11,11,9),Countdown-Num(8,4,2),TestNumGreater-Num(3,0,15),TestNumGreater-Num(2,0,8),SubmitD(6,9,5),LoadThreshC-Num(2,5,15),TestNumGreater-Num(6,11,1),While-Num(15,3,0),SubmitF(2,4,9)]"
PROBLEM_grade__ARGS_NUM__MUT_05,3257,grade,Numeric,0.05,0,True,18,347,159,"[TestNumLessTEqu-Num(3,4,8),Sub-Num(4,1,13),SubmitF(3,8,12),LoadThreshC-Num(5,14,14),If-Num(8,15,8),TestNumGreater-Num(0,4,14),SubmitA(10,11,12),LoadGrade-Num(3,14,6),While-Num(14,13,5),SubmitD(14,10,12),Inc-Num(3,5,0),SwapMem-Num(1,3,15),Countdown-Num(4,0,13),TestNumGreater-Num(1,5,4),SubmitB(9,14,1),If-Num(8,12,13),SubmitC(13,13,10),TestNumGreater-Num(6,13,8)]"
PROBLEM_grade__ARGS_NUM__MUT_05,3258,grade,Numeric,0.05,0,False,NONE,NONE,NONE,"NONE"
PROBLEM_grade__ARGS_NUM__MUT_05,3259,grade,Numeric,0.05,0,True,22,416,236,"[SubmitA(1,14,4),Set-16-Num(3,9,7),Div-Num(2,4,3),Mult-Num(1,3,15),TestNumLess-Num(4,0,10),TestNumLess-Num(1,15,12),LoadThreshB-Num(14,2,11),If-Num(10,14,7),LoadThreshD-Num(2,0,1),While-Num(1,12,10),TestNumGreater-Num(2,4,1),SubmitF(10,14,6),Dec-Num(14,15,4),Close(15,6,13),TestNumGreaterTEqu-Num(14,4,11),SubmitB(10,2,7),Countdown-Num(11,8,3),SubmitC(6,6,6),IfNot-Num(12,4,9),Set-11-Num(11,14,6),Close(9,11,11),SubmitD(4,4,8)]"
PROBLEM_grade__ARGS_NUM__MUT_05,3260,grade,Numeric,0.05,0,False,NONE,NONE,NONE,"NONE"
PROBLEM_grade__ARGS_NUM__MUT_05,3261,grade,Numeric,0.05,0,True,74,493,305,"[SubmitD(4,13,13),While-Num(1,13,3),SubmitD(15,13,4),Set-11-Num(14,9,10),TestNumGreaterTEqu-Num(12,15,2),Set-16-Num(0,2,3),TestNumLessTEqu-Num(9,14,12),LoadThreshC-Num(7,12,11),Set-0-Num(11,11,15),LoadThreshA-Num(12,8,12),Set-13-Num(0,9,7),Add-Num(8,8,1),SubmitC(4,8,12),SubmitF(6,13,1),Set-0-Num(10,15,14),SubmitD(9,15,14),Set-0-Num(9,1,10),SwapMem-Num(13,9,12),Mod-Num(2,1,12),TestNumGreater-Num(8,11,15),Set-8-Num(2,6,11),SubmitC(7,0,2),TestNumEqu-Num(1,5,13),LoadThreshA-Num(6,9,10),TestNumLessTEqu-Num(9,15,8),Set-13-Num(8,10,1),Floor-Num(7,10,2),Set-11-Num(11,2,11),Set-6-Num(9,7,5),SubmitF(15,11,9),SwapMem-Num(3,2,10),Set-10-Num(6,5,9),Set-13-Num(14,3,6),Countdown-Num(12,13,1),TestNumEqu-Num(12,15,14),Floor-Num(5,11,2),Set-8-Num(9,10,9),Add-Num(11,14,5),Add-Num(6,12,13),Set-9-Num(5,3,2),Dec-Num(2,9,2),Add-Num(13,8,15),Add-Num(11,8,12),LoadThreshA-Num(13,11,5),Floor-Num(15,5,11),Set-3-Num(12,1,2),TestNumNEqu-Num(15,1,1),LoadThreshA-Num(9,8,0),SwapMem-Num(8,5,9),TestNumGreater-Num(7,4,15),Add-Num(3,9,0),Set-1-Num(11,14,12),Set-12-Num(10,13,12),LoadThreshA-Num(7,5,2),Set-13-Num(3,2,9),Set-8-Num(8,2,15),LoadThreshD-Num(13,0,3),Inc-Num(10,4,9),LoadGrade-Num(4,10,10),SubmitA(9,10,13),Countdown-Num(15,4,12),Set-7-Num(7,2,11),LoadThreshB-Num(1,0,12),Sub-Num(1,4,5),Sub-Num(4,2,2),Set-2-Num(0,3,10),Div-Num(3,2,15),SubmitB(10,2,9),Mod-Num(12,11,13),Dec-Num(12,2,0),Inc-Num(0,10,5),TestNumGreater-Num(11,5,12),Set-7-Num(13,8,7),Break(14,5,6)]"
PROBLEM_grade__ARGS_NUM__MUT_05,3262,grade,Numeric,0.05,0,True,78,471,93,"[Set-16-Num(0,8,11),Close(2,2,13),Set-8-Num(11,3,8),Floor-Num(12,9,7),LoadThreshB-Num(5,15,15),TestNumLess-Num(4,1,12),Set-14-Num(10,6,8),Mod-Num(2,11,14),SubmitA(8,4,5),Set-9-Num(15,14,15),Set-11-Num(11,11,15),Inc-Num(13,11,0),TestNumGreater-Num(5,9,6),Set-16-Num(13,4,7),Set-16-Num(15,14,13),Set-7-Num(11,9,15),SwapMem-Num(14,1,14),TestNumLessTEqu-Num(5,4,2),While-Num(13,4,2),TestNumNEqu-Num(12,4,13),Sub-Num(11,4,14),Set-8-Num(7,0,2),Set-0-Num(13,6,12),LoadGrade-Num(8,1,9),Div-Num(6,4,3),Dec-Num(15,15,12),Close(11,2,5),LoadThreshD-Num(7,3,11),LoadThreshA-Num(1,7,2),LoadGrade-Num(4,10,2),Set-5-Num(15,8,3),Set-1-Num(14,2,6),Set-15-Num(15,14,6),Set-4-Num(3,11,12),Countdown-Num(12,12,5),Set-15-Num(10,5,12),Set-15-Num(5,4,10),If-Num(1,9,5),Dec-Num(11,3,1),SubmitC(9,12,5),Add-Num(15,5,6),TestNumGreater-Num(12,0,2),Sub-Num(2,6,15),TestNumLessTEqu-Num(8,1,5),TestNumNEqu-Num(2,11,8),Set-10-Num(9,10,0),Add-Num(8,4,13),SubmitA(10,3,6),TestNumGreaterTEqu-Num(7,13,10),Set-16-Num(12,8,11),Inc-Num(6,8,2),Set-3-Num(2,5,9),Set-7-Num(7,0,8),Add-Num(15,9,14),Set-8-Num(11,4,8),SubmitB(11,6,4),LoadThreshA-Num(14,12,9),LoadThreshA-Num(13,2,10),Countdown-Num(10,6,2),Set-7-Num(3,7,4),Set-14-Num(10,3,8),LoadGrade-Num(13,9,2),Set-2-Num(9,11,6),Add-Num(10,1,15),Set-3-Num(2,0,14),Set-14-Num(3,0,4),SubmitF(15,9,11),TestNumLessTEqu-Num(13,9,5),Set-0-Num(2,3,4),Set-14-Num(10,3,12),Set-13-Num(9,10,0),Add-Num(3,11,10),LoadThreshC-Num(15,2,3),SubmitD(6,14,1),Set-16-Num(10,2,14),Close(13,4,15),Close(11,13,13),LoadThreshC-Num(7,7,6)]"
PROBLEM_grade__ARGS_NUM__MUT_05,3263,grade,Numeric,0.05,0,True,17,435,155,"[Dec-Num(2,7,11),TestNumGreater-Num(4,2,7),SubmitA(1,12,11),TestNumGreater-Num(0,4,12),LoadThreshD-Num(10,5,6),If-Num(12,7,9),Dec-Num(10,10,5),SubmitF(6,8,10),LoadGrade-Num(9,13,8),TestNumGreater-Num(9,10,11),Countdown-Num(11,7,5),TestNumGreater-Num(1,9,9),SubmitB(2,2,0),Countdown-Num(9,2,0),SubmitD(11,15,2),Countdown-Num(7,13,9),SubmitC(9,9,4)]"
PROBLEM_grade__ARGS_NUM__MUT_05,3264,grade,Numeric,0.05,0,True,20,430,293,"[Dec-Num(0,3,13),Dec-Num(3,0,9),SubmitB(3,8,3),TestNumLess-Num(3,4,3),While-Num(0,5,1),TestNumGreater-Num(1,4,9),IfNot-Num(3,1,11),SubmitA(2,6,10),Not-Num(13,12,8),Close(6,9,2),TestNumGreaterTEqu-Num(0,6,3),LoadGrade-Num(6,5,13),While-Num(9,5,2),Mod-Num(14,7,1),SubmitD(11,14,9),If-Num(1,14,3),TestNumGreater-Num(2,6,7),SubmitC(10,2,14),While-Num(13,13,1),SubmitF(5,8,4)]"
PROBLEM_grade__ARGS_NUM__MUT_05,3265,grade,Numeric,0.05,0,True,13,495,173,"[SubmitF(3,4,3),TestNumLessTEqu-Num(3,4,5),Countdown-Num(5,15,1),SubmitD(5,14,15),TestNumGreaterTEqu-Num(4,2,7),If-Num(7,1,11),SubmitA(6,11,6),LoadGrade-Num(8,11,5),TestNumLessTEqu-Num(0,4,5),TestNumGreater-Num(1,4,1),SubmitB(2,6,1),While-Num(1,11,0),SubmitC(13,6,7)]"
PROBLEM_grade__ARGS_NUM__MUT_05,3266,grade,Numeric,0.05,0,True,18,377,162,"[TestNumLess-Num(4,3,9),LoadThreshC-Num(5,1,7),SubmitF(8,7,11),Sub-Num(0,4,1),IfNot-Num(9,6,11),SubmitD(6,15,2),While-Num(5,9,2),TestNumGreaterTEqu-Num(4,5,6),Countdown-Num(6,7,10),SubmitB(6,9,11),Floor-Num(11,15,10),SubmitA(14,10,13),Mult-Num(9,13,7),TestNumLessTEqu-Num(1,6,9),IfNot-Num(9,7,7),LoadThreshB-Num(5,0,14),SubmitC(7,5,9),Add-Num(0,4,11)]"
PROBLEM_grade__ARGS_NUM__MUT_05,3267,grade,Numeric,0.05,0,True,20,491,96,"[TestNumGreaterTEqu-Num(4,0,11),Inc-Num(4,4,15),SubmitA(4,12,15),TestNumLess-Num(3,4,12),IfNot-Num(11,9,3),Dec-Num(1,14,8),LoadGrade-Num(6,9,6),SubmitF(11,15,9),If-Num(12,5,7),TestNumGreater-Num(6,1,9),Countdown-Num(1,13,6),SubmitD(8,11,10),Mod-Num(6,12,1),TestNumGreater-Num(6,1,3),If-Num(3,4,13),SubmitC(9,11,13),Add-Num(10,2,12),LoadThreshC-Num(1,7,5),While-Num(9,12,8),SubmitB(13,2,8)]"
PROBLEM_grade__ARGS_NUM__MUT_05,3268,grade,Numeric,0.05,0,True,22,318,265,"[Countdown-Num(0,5,7),Add-Num(4,14,6),SubmitB(4,2,4),IfNot-Num(11,9,4),TestNumGreater-Num(1,4,7),TestNumGreater-Num(2,6,2),Inc-Num(6,15,7),SubmitA(9,0,6),While-Num(6,13,0),LoadThreshA-Num(8,5,6),TestNumLess-Num(4,8,9),If-Num(9,2,2),SubmitC(9,10,12),TestNumGreaterTEqu-Num(4,3,10),Set-4-Num(12,10,5),Mod-Num(7,12,6),LoadThreshB-Num(11,0,9),Countdown-Num(2,7,1),SubmitD(1,14,1),Set-2-Num(2,5,6),IfNot-Num(10,9,6),SubmitF(7,12,7)]"
PROBLEM_grade__ARGS_NUM__MUT_05,3269,grade,Numeric,0.05,0,True,21,297,240,"[TestNumGreaterTEqu-Num(4,0,5),LoadThreshC-Num(12,1,9),LoadThreshD-Num(11,3,0),While-Num(5,4,0),SubmitA(14,11,10),Close(5,6,11),LoadThreshA-Num(14,8,14),Dec-Num(11,9,14),TestNumLess-Num(11,4,15),Mult-Num(14,15,10),Inc-Num(4,13,14),SubmitF(1,2,3),While-Num(10,14,7),CopyMem-Num(11,7,3),TestNumLessTEqu-Num(4,12,0),SubmitC(2,7,5),TestNumGreaterTEqu-Num(1,4,10),Countdown-Num(0,15,2),SubmitD(8,10,0),Close(3,13,1),SubmitB(9,4,1)]"
PROBLEM_grade__ARGS_NUM__MUT_05,3270,grade,Numeric,0.05,0,True,46,406,132,"[SubmitA(11,10,10),Set-6-Num(11,0,1),TestNumLessTEqu-Num(8,4,9),Add-Num(10,15,12),While-Num(2,15,10),TestNumGreater-Num(4,14,11),TestNumGreater-Num(9,4,3),TestNumLessTEqu-Num(11,15,14),LoadThreshB-Num(12,9,0),Set-12-Num(1,0,7),TestNumLessTEqu-Num(1,12,6),SubmitF(0,13,1),SubmitD(12,10,12),Set-6-Num(5,6,3),SubmitC(7,3,10),Set-2-Num(13,12,14),Mod-Num(0,14,11),SubmitD(6,5,14),Inc-Num(12,0,0),Sub-Num(4,0,5),TestNumLess-Num(2,9,7),SubmitD(4,9,9),SubmitC(2,14,5),SubmitF(9,10,5),TestNumLessTEqu-Num(7,7,9),LoadThreshA-Num(6,4,9),Set-6-Num(6,14,11),LoadThreshD-Num(0,14,14),Inc-Num(5,4,0),SubmitF(3,4,2),SwapMem-Num(13,2,4),TestNumLess-Num(8,5,14),SubmitF(9,5,5),LoadThreshC-Num(9,14,8),Countdown-Num(14,4,0),LoadThreshC-Num(5,1,9),SubmitA(14,9,12),Set-15-Num(15,11,8),Mod-Num(1,9,5),TestNumLess-Num(10,2,15),Dec-Num(9,11,0),LoadThreshB-Num(0,14,11),SubmitF(12,13,6),SubmitF(11,15,7),SubmitB(9,15,2),Countdown-Num(3,0,10)]"
PROBLEM_grade__ARGS_NUM__MUT_05,3271,grade,Numeric,0.05,0,True,20,493,415,"[Sub-Num(2,4,9),Inc-Num(4,6,3),LoadThreshA-Num(1,10,15),LoadThreshB-Num(8,7,1),SubmitA(9,3,15),TestNumLess-Num(1,4,6),IfNot-Num(6,13,2),LoadThreshD-Num(15,13,14),LoadGrade-Num(2,4,14),SubmitF(3,0,4),TestNumLess-Num(2,15,14),TestNumLess-Num(2,8,7),IfNot-Num(14,0,0),TestNumEqu-Num(12,9,0),SubmitB(4,12,12),If-Num(7,11,7),SubmitC(12,2,5),TestNumLess-Num(9,0,14),IfNot-Num(14,14,14),SubmitD(14,4,6)]"
PROBLEM_grade__ARGS_NUM__MUT_05,3272,grade,Numeric,0.05,0,True,30,410,225,"[CopyMem-Num(1,5,13),Sub-Num(12,0,14),Countdown-Num(14,5,6),TestNumEqu-Num(12,7,1),SubmitA(5,0,14),SwapMem-Num(2,3,5),TestNumGreaterTEqu-Num(13,15,10),TestNumGreater-Num(2,14,11),Set-5-Num(10,12,7),Set-5-Num(12,4,13),SwapMem-Num(5,9,12),SubmitD(15,8,2),SubmitB(6,8,7),SubmitB(4,8,4),Dec-Num(9,9,4),SubmitC(6,13,2),Dec-Num(12,6,3),SwapMem-Num(5,0,5),LoadGrade-Num(1,6,11),SwapMem-Num(0,3,10),LoadThreshD-Num(11,2,10),TestNumGreaterTEqu-Num(9,1,12),SubmitD(2,12,1),Div-Num(2,6,8),SubmitD(13,14,12),IfNot-Num(12,7,1),SubmitF(4,0,6),TestNumEqu-Num(6,7,15),Inc-Num(15,0,1),Countdown-Num(15,4,1)]"
PROBLEM_grade__ARGS_NUM__MUT_05,3273,grade,Numeric,0.05,0,False,NONE,NONE,NONE,"NONE"
PROBLEM_grade__ARGS_NUM__MUT_05,3274,grade,Numeric,0.05,0,True,45,337,171,"[SubmitD(6,2,11),Add-Num(0,2,7),LoadThreshD-Num(5,1,1),Countdown-Num(5,13,9),SubmitF(6,2,2),Break(15,10,13),Close(3,9,14),Countdown-Num(7,11,8),LoadGrade-Num(15,3,15),While-Num(15,13,15),Set-14-Num(5,4,1),Set-13-Num(9,2,4),Set-3-Num(0,11,4),LoadGrade-Num(14,4,9),TestNumLessTEqu-Num(2,15,6),SubmitD(14,3,12),Set-15-Num(0,6,7),Add-Num(2,2,15),Countdown-Num(6,6,13),If-Num(5,1,2),SubmitB(1,0,2),If-Num(14,14,7),Close(4,10,1),LoadThreshB-Num(6,9,8),TestNumGreaterTEqu-Num(8,2,6),SubmitC(10,2,5),Set-2-Num(11,14,14),Set-15-Num(9,11,11),TestNumGreater-Num(7,12,2),LoadThreshA-Num(9,1,3),Div-Num(12,6,9),TestNumLess-Num(14,9,6),Set-16-Num(7,6,12),SubmitF(4,11,11),SubmitC(10,12,4),SubmitF(13,6,9),TestNumGreater-Num(3,14,15),TestNumNEqu-Num(5,10,1),SubmitA(15,13,8),SubmitA(9,7,4),SwapMem-Num(0,9,15),Set-6-Num(13,9,13),LoadThreshD-Num(12,7,0),Set-10-Num(8,4,14),LoadThreshB-Num(3,2,9)]"
PROBLEM_grade__ARGS_NUM__MUT_05,3275,grade,Numeric,0.05,0,True,75,495,399,"[Close(7,8,6),SwapMem-Num(10,14,5),Mod-Num(4,11,13),TestNumLessTEqu-Num(4,3,12),Set-2-Num(15,5,3),Not-Num(11,15,0),Sub-Num(4,10,1),TestNumEqu-Num(4,3,8),Close(3,8,15),Countdown-Num(2,9,1),Countdown-Num(5,12,5),Set-1-Num(5,6,10),Close(2,14,8),If-Num(11,14,9),Close(4,7,15),Add-Num(15,14,7),Set-10-Num(6,8,13),LoadThreshB-Num(10,9,4),Floor-Num(0,8,3),TestNumLessTEqu-Num(12,9,6),SubmitA(0,4,3),TestNumGreater-Num(3,7,11),TestNumNEqu-Num(8,12,5),TestNumLessTEqu-Num(4,2,2),SubmitF(0,7,11),Set-5-Num(15,4,6),Sub-Num(11,8,6),Add-Num(15,12,6),CopyMem-Num(5,7,0),Sub-Num(7,10,6),Set-14-Num(4,4,7),Set-14-Num(12,10,3),Floor-Num(14,6,0),Close(11,13,7),Set-0-Num(14,3,9),SubmitF(1,1,10),SubmitA(13,10,6),TestNumLess-Num(1,10,4),LoadThreshC-Num(12,6,15),Set-6-Num(7,6,11),Set-2-Num(14,13,3),Set-8-Num(7,5,7),Set-8-Num(5,10,13),Set-15-Num(3,10,7),Set-9-Num(6,14,10),LoadThreshB-Num(6,15,3),Set-3-Num(8,11,3),Set-8-Num(3,15,4),Set-1-Num(8,7,4),SubmitC(11,3,4),Set-4-Num(7,4,5),Set-6-Num(8,4,7),Countdown-Num(14,2,14),LoadThreshD-Num(5,10,5),LoadThreshA-Num(12,15,9),TestNumGreaterTEqu-Num(3,14,12),Set-4-Num(8,15,4),SubmitF(5,2,8),SubmitA(13,15,11),SubmitB(15,15,12),Set-15-Num(8,4,3),TestNumGreaterTEqu-Num(12,9,12),SwapMem-Num(13,11,12),SwapMem-Num(15,13,14),Set-3-Num(7,2,14),Set-3-Num(6,4,11),SubmitD(0,10,6),CopyMem-Num(6,9,9),LoadThreshC-Num(12,15,12),CopyMem-Num(0,13,15),LoadThreshA-Num(10,3,10),Set-2-Num(15,4,13),If-Num(4,6,8),If-Num(14,4,7),Dec-Num(3,14,11)]"
PROBLEM_grade__ARGS_NUM__MUT_05,3276,grade,Numeric,0.05,0,True,41,410,286,"[SubmitD(8,15,4),Not-Num(9,15,11),LoadGrade-Num(8,3,13),Dec-Num(2,3,8),LoadGrade-Num(8,12,6),Div-Num(1,9,6),TestNumLess-Num(2,8,15),TestNumLess-Num(4,3,13),Set-15-Num(7,12,9),If-Num(13,4,9),SubmitF(3,10,13),Close(7,12,4),Countdown-Num(7,9,11),If-Num(15,11,6),TestNumGreater-Num(7,4,12),TestNumGreaterTEqu-Num(5,12,11),TestNumLess-Num(8,6,1),Set-13-Num(13,12,3),Set-13-Num(2,7,0),TestNumLessTEqu-Num(8,5,15),SubmitA(14,4,9),Div-Num(13,11,10),Inc-Num(3,12,12),LoadGrade-Num(14,15,1),LoadThreshA-Num(6,4,8),Set-14-Num(15,1,9),SubmitC(5,3,3),Mod-Num(9,12,12),TestNumEqu-Num(9,6,10),Mult-Num(0,15,2),Set-6-Num(13,7,12),LoadThreshD-Num(3,15,10),Set-0-Num(5,4,13),CopyMem-Num(0,11,6),If-Num(1,15,9),TestNumGreaterTEqu-Num(5,7,6),SubmitB(2,15,3),Close(12,5,9),Set-8-Num(5,4,8),LoadThreshB-Num(3,2,8),Break(6,12,7)]"
PROBLEM_grade__ARGS_NUM__MUT_05,3277,grade,Numeric,0.05,0,True,53,449,114,"[LoadThreshD-Num(12,15,12),Add-Num(1,2,3),Set-15-Num(6,5,10),Sub-Num(13,10,14),Break(8,12,6),Inc-Num(13,4,10),Set-9-Num(9,14,6),TestNumEqu-Num(0,9,14),Set-14-Num(9,2,0),Add-Num(1,2,9),SubmitA(7,3,1),TestNumNEqu-Num(9,2,14),Add-Num(13,4,11),TestNumLessTEqu-Num(11,0,8),Countdown-Num(8,14,15),LoadThreshA-Num(6,7,3),SubmitC(4,0,13),Floor-Num(9,14,3),Set-8-Num(10,11,14),SubmitB(11,12,13),LoadThreshB-Num(15,12,5),Inc-Num(12,8,15),TestNumLess-Num(11,0,7),LoadThreshC-Num(4,5,9),If-Num(10,8,13),TestNumGreaterTEqu-Num(14,1,2),Set-13-Num(15,14,1),Set-1-Num(0,13,2),Set-1-Num(5,7,5),Set-7-Num(4,11,3),Set-7-Num(14,7,4),Set-3-Num(14,15,4),Set-9-Num(2,0,7),Set-10-Num(6,4,6),TestNumLess-Num(8,3,7),SubmitB(10,1,5),Sub-Num(12,11,15),TestNumGreaterTEqu-Num(7,9,9),Add-Num(1,11,8),Close(8,2,9),TestNumGreater-Num(15,9,13),SubmitF(15,12,10),Add-Num(8,3,4),Set-3-Num(1,7,12),Mod-Num(8,11,1),While-Num(7,14,6),If-Num(2,11,3),Dec-Num(7,12,1),SubmitD(4,9,9),Set-15-Num(5,10,15),SubmitC(14,10,9),If-Num(13,2,5),Break(4,11,3)]"
PROBLEM_grade__ARGS_NUM__MUT_05,3278,grade,Numeric,0.05,0,True,22,391,313,"[LoadThreshB-Num(15,6,0),TestNumGreaterTEqu-Num(4,3,1),Dec-Num(0,14,5),SwapMem-Num(5,0,0),Sub-Num(5,4,8),TestNumLess-Num(4,15,12),Mod-Num(8,4,9),SwapMem-Num(9,12,12),SubmitF(11,11,8),Countdown-Num(1,12,10),SubmitA(14,0,5),Countdown-Num(12,3,14),Close(1,0,12),SubmitB(4,0,1),While-Num(9,7,5),IfNot-Num(7,7,6),Dec-Num(2,1,13),SubmitC(9,8,14),TestNumGreater-Num(4,2,1),LoadThreshB-Num(7,11,1),IfNot-Num(1,9,7),SubmitD(15,8,13)]"
PROBLEM_grade__ARGS_NUM__MUT_05,3279,grade,Numeric,0.05,0,True,77,282,165,"[Mod-Num(4,0,9),SubmitF(12,3,13),TestNumGreaterTEqu-Num(0,4,10),LoadGrade-Num(1,11,0),Set-5-Num(15,9,13),Close(6,6,2),Set-15-Num(4,4,4),Set-10-Num(6,7,11),TestNumGreaterTEqu-Num(2,9,8),SubmitA(13,1,0),SwapMem-Num(0,8,2),While-Num(10,5,11),TestNumLessTEqu-Num(6,7,3),Sub-Num(2,3,11),Set-1-Num(10,11,11),TestNumEqu-Num(10,7,14),Set-13-Num(8,8,1),TestNumEqu-Num(3,8,7),Set-15-Num(12,13,9),LoadThreshD-Num(4,4,6),SubmitB(11,8,4),LoadThreshB-Num(12,0,12),CopyMem-Num(12,3,2),Set-0-Num(3,3,2),TestNumLess-Num(11,9,14),Set-13-Num(12,11,0),Set-11-Num(10,11,5),SubmitF(5,12,2),Set-0-Num(14,11,3),Countdown-Num(0,4,10),Close(0,12,14),SubmitB(0,2,5),SubmitC(13,10,11),While-Num(14,9,7),Close(8,6,3),Set-4-Num(14,15,12),Set-2-Num(6,4,9),LoadThreshA-Num(14,7,1),Set-2-Num(12,13,2),Floor-Num(4,8,4),Inc-Num(9,11,9),LoadThreshB-Num(2,5,9),SubmitA(14,5,4),Inc-Num(7,4,14),LoadThreshC-Num(0,8,6),CopyMem-Num(12,3,12),SubmitD(1,4,5),TestNumLessTEqu-Num(11,1,0),IfNot-Num(0,15,0),Not-Num(3,15,13),Inc-Num(10,4,7),TestNumGreaterTEqu-Num(13,14,0),TestNumLess-Num(4,9,6),Countdown-Num(6,14,3),Close(8,0,5),Set-4-Num(5,5,11),SubmitF(0,2,15),TestNumLess-Num(12,14,3),TestNumGreaterTEqu-Num(6,3,13),Div-Num(9,10,4),SubmitF(6,8,1),TestNumGreaterTEqu-Num(6,0,12),LoadThreshC-Num(3,6,2),Close(14,1,7),Sub-Num(7,15,13),LoadThreshC-Num(3,2,4),SubmitC(7,13,15),While-Num(9,10,9),LoadThreshB-Num(5,8,5),TestNumGreater-Num(5,14,3),TestNumEqu-Num(4,10,3),Set-9-Num(15,11,12),CopyMem-Num(0,4,9),Set-6-Num(8,1,3),Not-Num(0,1,6),IfNot-Num(2,4,15),TestNumGreater-Num(1,8,10)]"
PROBLEM_grade__ARGS_NUM__MUT_05,3280,grade,Numeric,0.05,0,True,73,494,452,"[Countdown-Num(2,15,13),LoadThreshD-Num(10,7,10),Dec-Num(13,12,11),SubmitC(1,1,4),SubmitA(3,10,6),TestNumLess-Num(2,4,3),TestNumGreater-Num(7,5,8),TestNumLess-Num(7,10,13),If-Num(3,3,1),Set-3-Num(8,5,7),Set-3-Num(9,10,1),Dec-Num(12,11,0),Set-6-Num(1,10,15),LoadThreshC-Num(6,3,3),SubmitA(7,1,14),Close(15,15,3),LoadThreshA-Num(15,5,2),SubmitD(7,0,4),LoadThreshD-Num(7,11,8),Set-12-Num(13,6,12),LoadThreshA-Num(2,3,12),LoadThreshB-Num(0,15,1),SubmitC(12,10,1),TestNumLess-Num(2,9,3),If-Num(8,6,12),LoadThreshA-Num(13,12,4),SubmitB(11,6,14),Close(10,8,5),Set-8-Num(14,5,12),SubmitD(14,6,7),LoadThreshD-Num(0,15,12),Mod-Num(5,9,10),LoadThreshB-Num(2,12,2),TestNumLess-Num(4,15,7),SubmitC(13,7,6),LoadThreshB-Num(6,0,14),While-Num(7,11,10),Countdown-Num(2,2,5),LoadThreshA-Num(0,5,9),Dec-Num(6,7,2),SubmitC(6,2,15),TestNumLess-Num(2,4,3),If-Num(3,14,7),Set-3-Num(11,3,7),LoadThreshA-Num(9,14,12),SubmitB(6,13,5),Dec-Num(5,7,10),Set-8-Num(14,15,3),LoadThreshC-Num(0,10,4),Not-Num(6,7,14),Close(7,5,15),LoadThreshD-Num(6,1,10),Set-4-Num(7,11,3),LoadThreshB-Num(2,3,15),TestNumLess-Num(2,9,13),TestNumLess-Num(14,13,2),If-Num(8,12,10),Set-3-Num(7,7,13),SubmitB(7,6,12),LoadThreshC-Num(2,4,7),Close(14,4,6),SubmitD(12,15,4),Set-14-Num(3,3,10),Dec-Num(14,5,0),Mod-Num(6,15,12),LoadThreshB-Num(2,5,9),TestNumGreater-Num(7,14,10),TestNumLess-Num(4,12,7),Set-11-Num(10,11,15),LoadThreshB-Num(14,1,12),While-Num(7,8,9),SubmitF(6,1,9),IfNot-Num(4,9,11)]"
PROBLEM_grade__ARGS_NUM__MUT_05,3281,grade,Numeric,0.05,0,True,50,499,351,"[Close(6,4,2),Set-5-Num(15,3,1),TestNumLess-Num(9,10,10),SubmitD(4,10,11),Set-8-Num(12,12,13),LoadGrade-Num(12,6,11),If-Num(8,2,7),LoadThreshB-Num(12,7,8),Dec-Num(3,12,6),TestNumGreater-Num(11,3,2),SubmitC(6,5,14),Close(5,10,3),Not-Num(6,9,4),Set-1-Num(4,2,8),LoadThreshA-Num(8,14,15),Set-5-Num(6,9,6),TestNumLess-Num(12,2,8),Set-3-Num(7,8,13),TestNumGreater-Num(5,11,9),Set-13-Num(7,6,0),Set-11-Num(1,3,1),Set-5-Num(7,13,7),LoadThreshA-Num(15,0,3),Set-0-Num(4,15,6),SubmitB(10,3,1),LoadThreshC-Num(14,10,8),TestNumEqu-Num(12,0,11),TestNumGreaterTEqu-Num(10,13,15),TestNumGreater-Num(5,15,6),Set-6-Num(10,13,5),Set-14-Num(9,8,15),LoadGrade-Num(11,3,3),SubmitF(3,12,15),Countdown-Num(10,3,11),Close(12,13,0),IfNot-Num(2,14,9),Return(2,14,9),Close(8,1,1),SubmitF(1,15,0),TestNumGreaterTEqu-Num(8,12,6),TestNumGreater-Num(2,0,7),Set-1-Num(15,13,13),Close(1,0,14),LoadThreshB-Num(2,7,2),Set-4-Num(9,10,13),Set-4-Num(12,3,8),Inc-Num(12,4,13),TestNumGreater-Num(0,11,7),IfNot-Num(7,1,4),SubmitA(8,3,7)]"
PROBLEM_grade__ARGS_NUM__MUT_05,3282,grade,Numeric,0.05,0,True,48,328,107,"[LoadThreshA-Num(6,7,0),TestNumLessTEqu-Num(7,14,14),SwapMem-Num(5,14,7),TestNumNEqu-Num(6,8,15),SwapMem-Num(3,13,10),TestNumGreater-Num(6,4,2),Sub-Num(4,12,0),Countdown-Num(1,15,2),SubmitD(6,1,1),Set-0-Num(11,2,3),TestNumGreater-Num(12,3,9),Dec-Num(1,7,1),Div-Num(15,3,7),Set-2-Num(12,6,4),While-Num(12,8,3),TestNumGreater-Num(13,0,10),Mod-Num(11,9,6),SubmitF(15,7,1),TestNumLessTEqu-Num(14,6,8),TestNumNEqu-Num(4,6,15),Set-0-Num(12,13,2),TestNumLess-Num(2,5,4),LoadThreshB-Num(14,6,3),TestNumGreaterTEqu-Num(5,12,1),Close(5,1,8),LoadThreshB-Num(9,6,8),LoadThreshB-Num(11,7,8),SubmitC(13,14,8),Set-1-Num(15,0,8),Set-2-Num(3,13,9),Dec-Num(3,4,10),SwapMem-Num(14,2,5),CopyMem-Num(3,1,2),IfNot-Num(10,12,5),Countdown-Num(14,7,1),Close(10,15,7),Set-7-Num(2,7,9),Set-15-Num(6,12,1),Close(12,11,0),LoadThreshC-Num(5,1,11),LoadThreshC-Num(13,10,13),LoadGrade-Num(11,5,9),SubmitA(5,4,2),TestNumLessTEqu-Num(9,0,7),Set-13-Num(1,15,13),While-Num(7,11,10),SubmitA(6,12,10),SubmitB(14,11,10)]"
PROBLEM_grade__ARGS_NUM__MUT_05,3283,grade,Numeric,0.05,0,True,16,498,193,"[LoadThreshA-Num(1,8,2),SubmitA(9,3,2),While-Num(1,5,12),TestNumGreaterTEqu-Num(4,1,13),IfNot-Num(13,5,3),LoadThreshD-Num(1,11,9),LoadThreshB-Num(6,4,2),SubmitF(2,5,1),TestNumGreaterTEqu-Num(9,13,12),TestNumLessTEqu-Num(2,4,15),SubmitD(7,12,0),If-Num(15,5,3),TestNumLessTEqu-Num(6,4,10),SubmitC(2,13,6),While-Num(10,11,14),SubmitB(12,10,1)]"
PROBLEM_grade__ARGS_NUM__MUT_05,3284,grade,Numeric,0.05,0,False,NONE,NONE,NONE,"NONE"
PROBLEM_grade__ARGS_NUM__MUT_05,3285,grade,Numeric,0.05,0,True,67,476,179,"[Inc-Num(0,1,7),LoadThreshB-Num(2,12,3),Set-10-Num(3,15,15),Set-0-Num(11,1,13),Countdown-Num(2,15,7),LoadThreshC-Num(1,2,0),TestNumLess-Num(12,1,11),LoadThreshC-Num(1,0,6),Set-3-Num(9,2,9),Not-Num(15,7,8),TestNumNEqu-Num(14,3,1),Floor-Num(15,11,5),TestNumGreaterTEqu-Num(2,0,14),Inc-Num(5,2,10),LoadThreshC-Num(11,0,5),Set-3-Num(11,1,3),TestNumNEqu-Num(0,10,14),If-Num(1,5,2),TestNumLessTEqu-Num(2,0,15),TestNumGreater-Num(8,2,3),Close(5,6,15),LoadThreshD-Num(9,2,9),Set-7-Num(3,15,10),TestNumGreaterTEqu-Num(13,15,5),Set-9-Num(9,2,7),TestNumEqu-Num(4,14,0),Set-10-Num(7,0,4),SubmitB(1,5,10),Set-14-Num(5,4,1),Div-Num(4,14,9),TestNumGreater-Num(4,2,14),SubmitF(15,7,12),Set-12-Num(3,0,15),SubmitA(2,11,4),Set-13-Num(9,15,1),TestNumLessTEqu-Num(4,0,0),Set-11-Num(5,3,1),IfNot-Num(12,2,3),Set-0-Num(11,5,8),LoadThreshA-Num(11,5,13),Set-2-Num(10,5,13),Set-9-Num(8,13,11),Close(11,4,15),SubmitC(2,5,12),Set-16-Num(7,0,8),TestNumNEqu-Num(4,2,5),Set-13-Num(0,13,14),TestNumLessTEqu-Num(11,4,3),Set-8-Num(0,3,2),LoadGrade-Num(10,14,1),Set-0-Num(7,9,4),LoadThreshD-Num(9,4,11),IfNot-Num(14,0,11),TestNumGreaterTEqu-Num(4,9,14),SubmitD(7,2,2),Set-5-Num(6,0,1),SubmitD(9,11,15),Div-Num(11,11,8),TestNumLessTEqu-Num(15,9,8),Mod-Num(2,12,4),Set-7-Num(13,14,10),Set-4-Num(13,10,10),CopyMem-Num(1,1,13),LoadThreshC-Num(2,3,2),Floor-Num(1,4,6),SubmitF(8,5,8),Close(1,15,6)]"
PROBLEM_grade__ARGS_NUM__MUT_05,3286,grade,Numeric,0.05,0,True,42,418,326,"[Countdown-Num(1,6,9),CopyMem-Num(15,13,4),SwapMem-Num(14,12,14),SubmitA(1,0,13),Mod-Num(10,15,0),LoadThreshB-Num(9,8,9),TestNumGreater-Num(0,4,8),Set-16-Num(9,15,3),TestNumGreater-Num(4,1,0),Set-9-Num(11,1,12),SubmitF(6,1,6),LoadThreshC-Num(15,0,2),TestNumNEqu-Num(2,15,2),If-Num(15,0,3),Set-1-Num(10,8,6),Set-12-Num(15,9,11),Close(7,6,14),Mod-Num(8,13,3),TestNumNEqu-Num(0,11,7),Inc-Num(14,0,1),LoadThreshC-Num(14,1,10),Set-16-Num(6,1,14),Set-2-Num(1,13,9),Floor-Num(5,7,14),TestNumGreaterTEqu-Num(4,3,11),TestNumLess-Num(4,14,9),TestNumLess-Num(8,1,13),Set-12-Num(4,4,5),Floor-Num(0,15,10),Set-5-Num(10,8,3),Countdown-Num(8,15,13),TestNumGreaterTEqu-Num(11,13,4),Countdown-Num(0,6,3),SubmitB(15,5,1),Return(3,12,0),Close(12,6,2),Countdown-Num(4,8,2),IfNot-Num(9,9,0),SubmitC(10,3,2),Close(14,14,11),Set-5-Num(8,8,12),SubmitD(12,8,15)]"
PROBLEM_grade__ARGS_NUM__MUT_05,3287,grade,Numeric,0.05,0,True,19,291,206,"[Set-11-Num(5,7,6),TestNumGreaterTEqu-Num(4,1,8),TestNumLess-Num(4,2,0),LoadThreshA-Num(14,1,6),Sub-Num(11,10,6),Not-Num(2,3,14),SubmitC(3,3,9),Sub-Num(14,4,14),While-Num(0,10,12),Countdown-Num(5,12,9),TestNumLess-Num(4,3,5),SubmitF(12,4,12),Close(15,1,3),SubmitD(10,13,1),Close(13,2,9),While-Num(8,6,15),SubmitB(1,10,7),TestNumGreater-Num(14,13,8),SubmitA(4,9,4)]"
PROBLEM_grade__ARGS_NUM__MUT_05,3288,grade,Numeric,0.05,0,True,23,380,268,"[SubmitA(13,15,15),TestNumGreaterTEqu-Num(4,0,12),Close(12,5,0),IfNot-Num(12,13,11),LoadGrade-Num(5,4,14),If-Num(5,3,6),Close(1,15,4),SwapMem-Num(9,4,14),Inc-Num(9,3,11),TestNumNEqu-Num(12,8,12),TestNumGreaterTEqu-Num(5,1,2),SubmitF(1,14,1),LoadThreshD-Num(14,5,5),Close(6,4,13),TestNumGreater-Num(9,14,4),Countdown-Num(4,5,4),While-Num(2,1,2),SubmitB(5,14,0),Close(9,9,11),SubmitC(15,12,15),LoadThreshC-Num(14,4,1),Set-12-Num(12,15,0),SubmitD(9,6,2)]"
PROBLEM_grade__ARGS_NUM__MUT_05,3289,grade,Numeric,0.05,0,True,40,489,231,"[Set-13-Num(9,3,8),Set-6-Num(10,1,3),Close(11,14,8),Set-4-Num(12,8,13),Not-Num(11,4,4),LoadGrade-Num(1,5,0),TestNumLess-Num(4,0,9),Set-0-Num(6,3,13),SubmitC(1,3,0),TestNumGreaterTEqu-Num(1,2,13),While-Num(11,1,8),SwapMem-Num(1,2,9),Set-5-Num(3,1,14),CopyMem-Num(1,6,5),TestNumNEqu-Num(8,2,15),Add-Num(9,4,1),Sub-Num(8,3,14),Not-Num(10,11,15),TestNumGreaterTEqu-Num(12,13,6),SubmitA(6,9,2),Set-5-Num(12,11,9),LoadThreshA-Num(0,11,12),TestNumGreater-Num(7,6,4),SubmitD(8,10,5),If-Num(9,11,12),SwapMem-Num(13,1,11),LoadThreshB-Num(8,7,11),Mod-Num(1,8,0),LoadThreshD-Num(12,15,6),Countdown-Num(0,9,15),Set-5-Num(0,2,7),Sub-Num(13,8,4),If-Num(6,9,10),SubmitF(6,8,10),TestNumLessTEqu-Num(1,4,11),Div-Num(11,0,12),SwapMem-Num(2,11,1),Countdown-Num(11,15,10),Countdown-Num(12,5,12),SubmitB(13,2,10)]"
PROBLEM_grade__ARGS_NUM__MUT_05,3290,grade,Numeric,0.05,0,True,19,426,143,"[Dec-Num(3,13,7),LoadGrade-Num(6,9,1),Set-2-Num(5,15,10),SubmitB(12,6,0),TestNumLessTEqu-Num(0,6,10),TestNumLessTEqu-Num(2,4,14),SubmitF(2,15,1),TestNumGreater-Num(6,3,5),Mod-Num(14,9,9),Countdown-Num(5,14,4),SubmitD(11,11,11),While-Num(14,1,1),Add-Num(5,1,12),SubmitC(11,2,5),Countdown-Num(12,2,4),TestNumLess-Num(12,4,12),SubmitB(0,4,7),While-Num(10,7,4),SubmitA(11,2,5)]"
PROBLEM_grade__ARGS_NUM__MUT_05,3291,grade,Numeric,0.05,0,True,70,488,291,"[LoadGrade-Num(13,1,3),LoadThreshD-Num(8,7,9),TestNumGreater-Num(1,4,3),Set-5-Num(4,12,7),Inc-Num(13,8,13),Dec-Num(11,4,8),Set-10-Num(4,7,12),Countdown-Num(3,6,4),Set-12-Num(9,2,12),Add-Num(10,0,4),Inc-Num(15,3,10),TestNumGreaterTEqu-Num(2,13,7),LoadThreshD-Num(4,5,14),LoadThreshD-Num(2,6,1),Set-6-Num(8,13,15),Mod-Num(7,14,0),TestNumGreaterTEqu-Num(9,7,14),SubmitF(11,5,11),Set-11-Num(9,2,8),If-Num(7,1,10),Set-2-Num(3,15,5),Close(12,6,7),Not-Num(4,11,15),TestNumEqu-Num(14,0,12),Close(11,12,1),Set-14-Num(5,6,4),Inc-Num(5,8,13),SubmitC(15,12,9),Set-10-Num(4,0,6),Set-1-Num(13,12,1),SwapMem-Num(6,5,1),Set-5-Num(15,2,2),TestNumLess-Num(3,10,11),TestNumLess-Num(6,6,1),LoadThreshB-Num(9,0,2),Not-Num(5,1,6),Set-9-Num(10,0,6),Dec-Num(10,5,8),TestNumGreaterTEqu-Num(9,2,4),TestNumEqu-Num(4,1,11),LoadThreshA-Num(11,8,13),LoadGrade-Num(2,11,4),Countdown-Num(6,9,4),Close(4,10,2),SubmitA(13,7,3),TestNumGreater-Num(11,2,8),While-Num(8,9,2),Add-Num(13,0,2),Countdown-Num(13,11,2),LoadThreshB-Num(1,15,7),Set-7-Num(9,1,13),LoadThreshC-Num(13,15,8),LoadThreshD-Num(6,5,10),Set-5-Num(14,12,4),Mult-Num(13,1,7),SwapMem-Num(0,7,7),Set-8-Num(8,11,2),LoadGrade-Num(5,8,15),Set-13-Num(6,3,7),SwapMem-Num(2,3,6),Set-12-Num(9,14,5),Not-Num(6,1,2),Set-15-Num(3,1,7),SubmitD(4,4,13),Set-8-Num(7,12,1),LoadThreshC-Num(2,11,3),SubmitB(1,5,2),Div-Num(2,10,14),SubmitC(14,3,7),Break(0,6,0)]"
PROBLEM_grade__ARGS_NUM__MUT_05,3292,grade,Numeric,0.05,0,True,36,483,340,"[LoadGrade-Num(10,7,3),Break(0,7,4),Set-15-Num(15,9,8),Set-12-Num(6,2,0),Set-16-Num(5,9,7),Break(2,2,12),SubmitB(4,5,9),Countdown-Num(6,14,13),TestNumGreaterTEqu-Num(4,2,2),SubmitD(3,4,11),Countdown-Num(0,2,10),If-Num(0,10,12),SubmitF(9,10,4),Mod-Num(10,1,8),Dec-Num(3,1,7),Set-12-Num(12,11,13),Close(8,14,13),TestNumLessTEqu-Num(8,3,0),If-Num(2,13,6),TestNumGreaterTEqu-Num(10,3,11),LoadThreshA-Num(12,15,6),TestNumGreater-Num(12,4,6),Set-13-Num(11,0,14),Set-9-Num(15,13,4),SubmitC(6,12,5),Set-13-Num(13,13,14),Countdown-Num(6,0,12),TestNumEqu-Num(4,8,6),Close(10,1,3),LoadGrade-Num(1,7,15),While-Num(11,0,7),SubmitA(2,12,2),Set-14-Num(9,14,2),Set-1-Num(3,13,10),SubmitD(0,10,4),SubmitB(4,12,2)]"
PROBLEM_grade__ARGS_NUM__MUT_05,3293,grade,Numeric,0.05,0,True,75,480,150,"[SubmitD(6,15,8),Mod-Num(11,6,3),Set-4-Num(4,14,1),Not-Num(4,3,0),Countdown-Num(2,3,2),LoadThreshD-Num(10,10,12),CopyMem-Num(0,2,6),Set-8-Num(14,1,11),Countdown-Num(14,7,5),SubmitB(4,0,3),Floor-Num(7,4,1),LoadThreshC-Num(13,13,11),LoadThreshB-Num(4,8,12),Set-4-Num(4,11,14),Mult-Num(15,6,2),TestNumGreaterTEqu-Num(15,12,13),CopyMem-Num(13,15,13),LoadGrade-Num(3,9,5),Dec-Num(0,1,0),Set-3-Num(5,0,12),Set-7-Num(15,7,2),Set-7-Num(11,11,1),Mod-Num(13,8,15),Set-13-Num(9,2,10),Countdown-Num(13,0,3),Set-6-Num(14,11,10),TestNumLess-Num(11,1,7),Add-Num(14,0,7),Set-6-Num(14,5,12),SubmitA(13,0,5),Set-6-Num(1,9,4),LoadThreshC-Num(7,11,14),Set-14-Num(3,11,8),Mod-Num(3,6,0),LoadGrade-Num(6,8,3),TestNumLessTEqu-Num(4,10,8),While-Num(14,8,15),LoadThreshC-Num(11,15,10),While-Num(14,9,9),Not-Num(6,6,0),Set-6-Num(14,4,6),Mult-Num(2,11,9),LoadThreshB-Num(4,2,14),Set-6-Num(5,2,9),LoadThreshA-Num(13,9,11),Set-1-Num(13,4,3),LoadThreshD-Num(4,14,13),LoadGrade-Num(1,6,11),TestNumLess-Num(9,15,11),Dec-Num(3,11,9),Set-8-Num(5,7,5),Set-16-Num(3,10,10),Set-0-Num(9,1,2),LoadThreshB-Num(6,7,5),SubmitC(5,6,15),Set-13-Num(5,3,6),SubmitD(14,8,0),SubmitD(5,8,6),Set-13-Num(11,10,11),TestNumLessTEqu-Num(1,0,14),Inc-Num(0,10,10),TestNumEqu-Num(11,6,3),Dec-Num(2,11,4),Set-1-Num(15,4,4),Set-6-Num(12,11,6),Sub-Num(7,1,2),Mod-Num(1,6,0),Countdown-Num(13,3,11),LoadThreshD-Num(7,15,9),TestNumLess-Num(2,15,1),LoadThreshA-Num(8,7,8),Add-Num(15,9,12),IfNot-Num(1,8,6),Set-9-Num(14,3,15),SubmitF(13,13,6)]"
PROBLEM_grade__ARGS_NUM__MUT_05,3294,grade,Numeric,0.05,0,True,45,257,61,"[LoadThreshB-Num(5,11,9),Countdown-Num(0,14,13),LoadThreshB-Num(7,15,1),Floor-Num(9,7,7),Mult-Num(4,2,15),SubmitC(0,4,3),TestNumGreaterTEqu-Num(0,4,8),TestNumGreaterTEqu-Num(4,1,12),SubmitC(8,12,15),Inc-Num(1,2,15),LoadThreshD-Num(1,1,2),Set-13-Num(7,9,15),SubmitF(3,13,3),TestNumLessTEqu-Num(6,15,3),Set-3-Num(7,15,15),Mult-Num(5,8,3),While-Num(12,1,8),TestNumNEqu-Num(9,12,1),Div-Num(10,2,10),SubmitA(3,10,10),SubmitC(7,13,13),Add-Num(10,5,4),SubmitD(4,7,0),Inc-Num(6,10,15),Set-16-Num(10,8,0),TestNumGreater-Num(2,2,10),TestNumNEqu-Num(9,13,9),If-Num(3,2,10),Set-2-Num(3,14,14),SubmitA(8,10,8),TestNumNEqu-Num(4,2,14),Countdown-Num(6,6,12),SubmitB(2,5,7),Div-Num(1,3,11),TestNumLessTEqu-Num(2,5,3),Set-2-Num(7,1,8),Set-5-Num(13,14,14),Set-14-Num(10,6,15),Set-12-Num(15,0,3),SubmitA(12,11,2),SubmitD(10,0,13),LoadGrade-Num(5,2,13),SubmitC(5,5,11),Set-11-Num(8,1,12),Add-Num(3,3,7)]"
PROBLEM_grade__ARGS_NUM__MUT_05,3295,grade,Numeric,0.05,0,True,23,183,98,"[LoadThreshB-Num(14,14,11),SubmitB(5,4,11),LoadThreshA-Num(6,12,14),If-Num(2,10,13),Div-Num(14,12,1),Countdown-Num(14,2,10),TestNumLessTEqu-Num(2,4,10),Set-4-Num(5,5,14),LoadThreshC-Num(12,6,10),SubmitF(14,7,1),LoadThreshD-Num(2,2,0),Countdown-Num(10,10,8),Floor-Num(13,11,13),SubmitC(2,10,10),Dec-Num(13,0,3),Set-6-Num(10,15,3),SubmitD(9,0,0),TestNumLess-Num(14,4,5),If-Num(5,10,10),SubmitB(11,8,12),TestNumLessTEqu-Num(6,4,10),Countdown-Num(10,7,6),SubmitA(2,7,14)]"
PROBLEM_grade__ARGS_NUM__MUT_05,3296,grade,Numeric,0.05,0,True,76,418,53,"[Mult-Num(2,14,13),Mult-Num(10,7,4),LoadThreshC-Num(11,2,6),Set-3-Num(13,9,10),SubmitB(12,13,15),Set-1-Num(12,1,9),Close(12,15,12),Add-Num(6,13,1),LoadThreshB-Num(7,10,8),Dec-Num(13,12,7),SubmitB(12,14,2),Div-Num(14,14,3),SubmitA(15,4,13),LoadThreshB-Num(7,6,3),Set-14-Num(9,13,6),SwapMem-Num(4,0,7),TestNumLess-Num(14,4,12),Sub-Num(13,14,13),Set-16-Num(0,5,15),Set-8-Num(10,10,4),Not-Num(8,7,4),TestNumNEqu-Num(10,6,5),TestNumGreater-Num(15,8,8),Floor-Num(3,9,10),Set-8-Num(15,3,13),SubmitA(3,10,8),Dec-Num(10,13,15),LoadGrade-Num(4,6,13),Set-3-Num(14,11,9),Floor-Num(11,12,3),Set-11-Num(12,7,0),Set-1-Num(6,3,8),Countdown-Num(5,9,10),TestNumLess-Num(4,3,10),SubmitD(3,11,9),Close(13,1,14),SubmitB(3,0,9),SubmitF(7,5,6),Set-2-Num(13,1,3),SubmitB(1,4,7),Set-3-Num(3,1,5),SubmitA(7,13,11),SubmitB(12,6,12),Inc-Num(6,3,3),Set-13-Num(2,5,2),TestNumLessTEqu-Num(11,4,15),LoadThreshA-Num(1,9,7),Mod-Num(5,15,11),Close(2,1,4),LoadThreshB-Num(1,13,5),Countdown-Num(14,10,14),TestNumGreater-Num(1,4,2),Set-13-Num(9,10,9),Set-16-Num(12,3,2),CopyMem-Num(3,4,1),LoadThreshA-Num(0,4,1),Dec-Num(7,8,4),Set-15-Num(4,6,15),Div-Num(0,7,0),Set-15-Num(4,13,9),SubmitD(9,7,11),While-Num(2,3,15),SubmitF(3,10,9),Add-Num(9,7,2),Div-Num(10,12,2),Set-5-Num(4,0,11),TestNumLess-Num(8,15,14),Mod-Num(0,5,0),Set-9-Num(12,4,1),SubmitA(10,10,9),Countdown-Num(15,3,13),SubmitB(0,6,13),SubmitC(12,10,0),While-Num(0,13,0),Close(15,5,12),Close(1,5,7)]"
PROBLEM_grade__ARGS_NUM__MUT_05,3297,grade,Numeric,0.05,0,True,24,418,393,"[Inc-Num(4,13,13),TestNumGreaterTEqu-Num(3,4,6),Add-Num(10,4,12),Inc-Num(0,14,14),SubmitA(8,2,3),Inc-Num(3,3,11),Countdown-Num(3,12,6),Set-8-Num(10,2,10),SubmitA(8,9,13),TestNumLessTEqu-Num(12,1,13),Set-6-Num(14,3,11),Set-9-Num(9,1,15),TestNumGreaterTEqu-Num(12,0,3),Set-11-Num(0,6,11),Set-0-Num(0,12,1),SubmitF(11,2,14),IfNot-Num(6,8,3),SubmitB(3,12,6),While-Num(13,2,0),TestNumGreaterTEqu-Num(2,4,4),SubmitD(12,12,8),Countdown-Num(4,11,8),Dec-Num(1,10,7),SubmitC(1,1,7)]"
PROBLEM_grade__ARGS_NUM__MUT_05,3298,grade,Numeric,0.05,0,True,35,376,113,"[Mod-Num(6,15,6),Set-15-Num(4,8,2),Set-16-Num(4,0,2),Close(1,0,9),LoadThreshD-Num(10,8,13),SubmitD(3,4,11),TestNumLessTEqu-Num(9,14,11),Mod-Num(7,13,6),LoadGrade-Num(9,4,3),LoadThreshD-Num(15,4,13),While-Num(2,13,12),CopyMem-Num(6,4,1),TestNumNEqu-Num(12,1,4),Set-9-Num(6,5,6),TestNumGreaterTEqu-Num(9,8,8),TestNumGreater-Num(8,2,13),TestNumLessTEqu-Num(15,9,10),LoadThreshB-Num(3,7,12),SubmitB(15,0,1),Set-0-Num(13,8,6),TestNumEqu-Num(10,4,6),Set-14-Num(3,4,0),SubmitF(0,6,3),SubmitD(7,4,13),If-Num(10,7,14),SubmitC(9,0,12),TestNumLessTEqu-Num(1,9,3),Set-6-Num(7,6,3),LoadThreshC-Num(15,1,4),Set-7-Num(12,3,13),Set-11-Num(14,5,12),If-Num(3,11,3),Countdown-Num(14,10,8),SubmitA(0,2,13),LoadThreshA-Num(1,4,2)]"
PROBLEM_grade__ARGS_NUM__MUT_05,3299,grade,Numeric,0.05,0,False,NONE,NONE,NONE,"NONE"
PROBLEM_grade__ARGS_NUM__MUT_05,3300,grade,Numeric,0.05,0,True,19,359,185,"[SubmitA(12,2,2),Inc-Num(4,7,14),LoadGrade-Num(2,5,9),LoadThreshC-Num(12,0,15),TestNumGreater-Num(0,2,7),TestNumGreater-Num(3,2,13),Countdown-Num(7,3,13),TestNumLessTEqu-Num(1,2,3),TestNumLessTEqu-Num(4,12,9),SubmitD(10,0,5),Not-Num(3,12,0),IfNot-Num(9,3,8),SubmitB(1,6,10),Countdown-Num(3,4,10),SubmitC(1,4,5),Close(15,9,9),Close(11,2,13),Countdown-Num(13,9,12),SubmitF(5,11,0)]"
PROBLEM_grade__ARGS_NUM__MUT_075,3201,grade,Numeric,0.075,0,True,80,485,124,"[LoadGrade-Num(11,10,9),Close(15,2,12),LoadThreshC-Num(2,4,3),TestNumNEqu-Num(6,0,10),SubmitD(4,3,13),Set-0-Num(1,9,1),TestNumLessTEqu-Num(2,4,15),IfNot-Num(13,14,6),Inc-Num(8,15,9),Set-15-Num(6,10,6),SubmitF(7,5,10),LoadThreshC-Num(13,13,2),LoadThreshC-Num(7,5,11),TestNumNEqu-Num(4,0,11),SubmitB(14,15,14),SubmitD(11,0,9),TestNumGreaterTEqu-Num(4,3,13),SubmitF(3,3,7),Countdown-Num(15,7,15),Set-8-Num(3,15,1),Not-Num(5,3,12),Set-14-Num(13,10,15),TestNumGreaterTEqu-Num(1,7,8),LoadThreshD-Num(2,9,0),LoadThreshC-Num(2,8,13),Set-9-Num(8,0,7),TestNumGreaterTEqu-Num(13,13,0),Sub-Num(11,10,0),Set-16-Num(0,0,11),Div-Num(7,9,10),Dec-Num(14,1,13),SwapMem-Num(13,13,8),Set-15-Num(3,10,9),SubmitC(11,3,14),Add-Num(6,2,15),Set-3-Num(15,0,5),Floor-Num(9,7,1),Set-6-Num(0,6,0),Set-5-Num(10,2,15),TestNumGreaterTEqu-Num(11,11,1),LoadThreshD-Num(7,11,13),Mod-Num(13,6,1),LoadThreshA-Num(1,3,7),Set-7-Num(9,5,4),Set-7-Num(7,2,12),Set-8-Num(15,8,3),TestNumLessTEqu-Num(1,0,5),Mult-Num(13,8,14),LoadThreshA-Num(10,10,3),Set-12-Num(11,4,12),Dec-Num(14,1,8),Set-7-Num(14,9,2),TestNumLess-Num(4,1,15),Div-Num(9,14,14),Set-11-Num(10,0,15),Set-2-Num(6,5,12),Sub-Num(9,0,3),Set-10-Num(7,0,14),Set-4-Num(11,15,7),If-Num(14,4,13),Set-9-Num(3,0,11),TestNumGreater-Num(1,14,3),Add-Num(15,11,14),Close(2,15,8),TestNumEqu-Num(3,14,1),Set-4-Num(3,15,9),Floor-Num(1,10,1),SubmitB(6,4,2),LoadThreshB-Num(12,9,3),Set-8-Num(14,3,13),SubmitC(0,15,0),TestNumLess-Num(4,12,1),Dec-Num(10,12,1),Countdown-Num(1,5,11),Close(6,10,14),LoadThreshB-Num(5,12,12),TestNumNEqu-Num(8,8,13),Close(2,6,14),If-Num(12,3,9),SubmitA(1,5,12)]"
PROBLEM_grade__ARGS_NUM__MUT_075,3202,grade,Numeric,0.075,0,False,NONE,NONE,NONE,"NONE"
PROBLEM_grade__ARGS_NUM__MUT_075,3203,grade,Numeric,0.075,0,True,38,426,306,"[SubmitA(13,9,3),Close(2,10,13),LoadThreshC-Num(15,2,3),CopyMem-Num(14,9,3),Set-5-Num(12,9,14),Set-6-Num(7,7,11),TestNumLess-Num(4,0,9),Set-15-Num(15,0,10),Set-4-Num(13,14,3),Not-Num(12,3,9),Set-14-Num(7,0,8),If-Num(9,2,5),SubmitF(8,13,4),Set-9-Num(10,13,6),SubmitD(4,3,12),TestNumLess-Num(0,6,6),Set-6-Num(14,15,7),SubmitD(3,9,6),Add-Num(1,9,10),Set-11-Num(15,4,14),Mod-Num(8,5,14),If-Num(14,6,15),Set-11-Num(7,3,6),Inc-Num(4,5,8),TestNumGreater-Num(5,6,8),LoadThreshD-Num(1,3,13),Mod-Num(10,10,8),If-Num(14,0,8),LoadThreshD-Num(8,11,6),TestNumLess-Num(1,4,5),SubmitF(3,6,8),While-Num(5,5,12),SubmitC(12,4,4),SubmitB(10,5,2),LoadThreshC-Num(1,8,10),TestNumLessTEqu-Num(10,4,15),If-Num(15,10,0),SubmitC(3,14,9)]"
PROBLEM_grade__ARGS_NUM__MUT_075,3204,grade,Numeric,0.075,0,True,34,456,162,"[CopyMem-Num(5,13,10),Set-9-Num(9,10,0),LoadGrade-Num(5,10,11),Close(7,6,0),TestNumLess-Num(5,0,1),SubmitA(7,12,6),TestNumLess-Num(5,3,0),Close(8,7,0),SwapMem-Num(2,5,10),TestNumLess-Num(9,2,8),Set-11-Num(3,10,5),While-Num(1,7,7),SubmitB(3,5,13),Countdown-Num(0,2,15),SubmitF(6,13,11),Return(3,5,12),Close(15,7,3),TestNumLessTEqu-Num(13,4,8),LoadThreshC-Num(13,12,10),Set-8-Num(10,12,6),TestNumLessTEqu-Num(8,7,3),Set-0-Num(5,6,2),SubmitB(10,13,10),TestNumLessTEqu-Num(1,13,14),SubmitC(3,2,4),Set-6-Num(15,4,0),SubmitD(7,15,9),Div-Num(9,5,15),If-Num(8,8,6),LoadThreshB-Num(13,12,12),Sub-Num(11,9,5),LoadThreshC-Num(12,9,6),Set-8-Num(15,14,1),Countdown-Num(9,5,13)]"
PROBLEM_grade__ARGS_NUM__MUT_075,3205,grade,Numeric,0.075,0,True,15,361,255,"[SubmitA(12,0,14),TestNumLessTEqu-Num(1,4,1),Dec-Num(0,2,5),TestNumGreater-Num(4,0,12),IfNot-Num(12,11,9),TestNumLessTEqu-Num(3,4,7),SubmitB(1,14,13),IfNot-Num(1,11,14),TestNumGreaterTEqu-Num(4,2,1),While-Num(1,14,14),SubmitC(7,11,11),Close(13,3,1),SubmitF(2,15,1),Countdown-Num(7,14,8),SubmitD(2,0,10)]"
PROBLEM_grade__ARGS_NUM__MUT_075,3206,grade,Numeric,0.075,0,False,NONE,NONE,NONE,"NONE"
PROBLEM_grade__ARGS_NUM__MUT_075,3207,grade,Numeric,0.075,0,True,71,469,327,"[Set-0-Num(3,15,0),Dec-Num(1,2,13),While-Num(1,12,3),Set-5-Num(5,6,10),Set-7-Num(2,10,7),Set-16-Num(2,3,10),LoadThreshA-Num(8,5,7),Set-4-Num(11,15,13),LoadThreshA-Num(3,10,12),Mod-Num(4,15,8),TestNumLess-Num(1,4,11),TestNumEqu-Num(8,8,3),Set-7-Num(5,15,11),Sub-Num(8,11,1),Div-Num(11,7,0),Set-3-Num(0,5,2),LoadThreshC-Num(13,3,6),Floor-Num(7,2,13),SubmitC(13,14,4),SubmitB(12,5,0),SubmitA(14,11,7),Set-6-Num(12,9,13),Countdown-Num(6,13,13),Close(10,6,2),IfNot-Num(11,10,6),Div-Num(1,9,2),SubmitA(9,4,7),CopyMem-Num(3,2,9),If-Num(13,0,2),Set-9-Num(10,13,3),SubmitA(15,0,10),Set-15-Num(15,9,10),Div-Num(0,10,6),SubmitB(6,6,0),TestNumEqu-Num(6,11,12),Set-2-Num(0,1,12),TestNumNEqu-Num(4,11,5),LoadThreshA-Num(9,2,4),Not-Num(14,13,2),Not-Num(12,8,10),SubmitD(8,4,5),Set-10-Num(2,9,1),SubmitD(7,4,14),TestNumEqu-Num(10,1,7),LoadThreshD-Num(7,3,9),LoadThreshD-Num(4,7,2),LoadThreshD-Num(6,3,3),TestNumEqu-Num(10,3,5),TestNumLess-Num(0,14,11),SubmitB(0,15,8),Set-6-Num(14,6,12),Set-5-Num(2,12,15),CopyMem-Num(10,15,12),LoadThreshA-Num(7,12,9),TestNumGreater-Num(15,15,2),SubmitC(14,10,2),LoadGrade-Num(3,8,5),Set-6-Num(14,10,3),TestNumGreater-Num(12,0,4),Set-7-Num(1,1,2),TestNumLessTEqu-Num(12,6,2),SubmitD(4,6,0),LoadThreshD-Num(12,6,13),TestNumGreater-Num(13,3,6),LoadThreshD-Num(7,6,3),Sub-Num(3,7,9),Not-Num(6,7,4),TestNumGreaterTEqu-Num(7,3,0),While-Num(0,9,12),Countdown-Num(9,9,2),SubmitF(2,12,3)]"
PROBLEM_grade__ARGS_NUM__MUT_075,3208,grade,Numeric,0.075,0,True,32,465,196,"[Set-3-Num(14,8,10),SubmitC(12,1,0),Break(4,11,14),TestNumLess-Num(4,0,8),TestNumNEqu-Num(11,8,1),Div-Num(5,14,6),SubmitF(3,15,6),TestNumGreaterTEqu-Num(4,3,0),While-Num(0,13,9),Set-2-Num(3,7,9),LoadThreshC-Num(15,10,12),Sub-Num(14,14,12),Set-10-Num(5,2,10),SubmitA(9,5,0),Set-12-Num(10,1,6),Countdown-Num(15,3,15),Set-2-Num(10,13,10),Inc-Num(12,3,2),TestNumLessTEqu-Num(4,15,2),If-Num(8,6,15),SubmitB(14,5,3),LoadThreshB-Num(15,8,15),Set-14-Num(6,12,8),SubmitC(10,9,8),IfNot-Num(7,5,0),Not-Num(0,14,1),Set-15-Num(1,8,9),SubmitD(13,15,9),SwapMem-Num(6,8,7),Countdown-Num(2,5,0),Sub-Num(10,10,15),LoadGrade-Num(7,13,15)]"
PROBLEM_grade__ARGS_NUM__MUT_075,3209,grade,Numeric,0.075,0,True,34,458,458,"[Countdown-Num(3,8,3),TestNumLessTEqu-Num(4,3,3),SwapMem-Num(4,0,4),While-Num(3,9,9),SubmitF(5,11,11),Close(7,10,0),Dec-Num(2,13,3),TestNumGreaterTEqu-Num(2,0,10),Close(10,3,4),TestNumGreaterTEqu-Num(13,10,11),TestNumEqu-Num(13,8,15),SubmitD(5,7,2),Set-3-Num(15,5,2),LoadGrade-Num(9,11,3),Countdown-Num(4,6,11),Set-15-Num(8,10,2),LoadGrade-Num(5,14,4),Not-Num(15,9,5),TestNumLessTEqu-Num(8,1,6),LoadThreshB-Num(14,15,11),While-Num(4,0,12),TestNumLess-Num(11,1,1),TestNumGreater-Num(9,2,8),Set-11-Num(12,0,8),If-Num(8,14,1),Div-Num(9,14,0),Div-Num(2,11,4),Mod-Num(3,0,0),LoadThreshA-Num(14,4,9),SubmitA(13,1,2),Countdown-Num(0,7,7),SubmitB(15,6,7),While-Num(1,3,0),SubmitC(3,8,15)]"
PROBLEM_grade__ARGS_NUM__MUT_075,3210,grade,Numeric,0.075,0,True,40,466,376,"[LoadGrade-Num(9,1,2),LoadThreshC-Num(11,4,6),TestNumGreater-Num(4,9,13),IfNot-Num(7,14,5),Inc-Num(9,15,0),TestNumGreater-Num(9,3,4),Close(15,4,12),SubmitF(13,1,9),If-Num(4,15,4),TestNumGreaterTEqu-Num(4,10,6),CopyMem-Num(12,1,9),TestNumGreater-Num(9,11,12),LoadGrade-Num(15,12,1),Set-3-Num(3,5,14),Div-Num(5,0,9),TestNumGreater-Num(0,15,15),SubmitD(9,2,13),While-Num(12,1,2),Set-5-Num(11,6,15),If-Num(3,3,9),SubmitA(15,14,11),Set-4-Num(13,2,3),Set-2-Num(1,1,6),If-Num(15,15,2),SubmitB(14,12,4),LoadThreshB-Num(11,3,13),Not-Num(1,14,6),TestNumGreaterTEqu-Num(9,8,4),Floor-Num(15,9,1),LoadGrade-Num(2,14,2),Add-Num(2,6,7),Set-4-Num(0,4,11),TestNumGreater-Num(7,11,3),Set-16-Num(7,2,1),SubmitB(2,4,10),Floor-Num(5,6,3),SubmitC(7,3,13),Set-0-Num(8,5,6),Set-7-Num(4,11,14),Set-7-Num(11,3,10)]"
PROBLEM_grade__ARGS_NUM__MUT_075,3211,grade,Numeric,0.075,0,True,57,415,158,"[Close(9,8,7),TestNumEqu-Num(9,3,7),SubmitF(0,1,9),Not-Num(3,14,13),Not-Num(11,14,9),SubmitA(4,10,12),Set-8-Num(12,4,5),TestNumGreaterTEqu-Num(4,0,1),Set-13-Num(3,2,5),Set-9-Num(11,15,5),Set-2-Num(7,2,15),LoadThreshD-Num(13,0,3),LoadThreshD-Num(3,5,5),Mult-Num(2,15,9),Mod-Num(11,2,14),Set-4-Num(7,9,11),SubmitD(15,0,2),SubmitC(9,10,2),Set-12-Num(0,11,13),Set-6-Num(6,15,11),Set-10-Num(6,14,12),Set-10-Num(7,15,14),Floor-Num(15,7,4),SubmitC(5,2,3),SubmitC(15,3,3),Dec-Num(0,9,5),Floor-Num(4,12,13),Not-Num(9,4,12),SubmitD(1,4,12),Mult-Num(2,13,8),LoadGrade-Num(15,0,5),Floor-Num(9,4,10),TestNumGreater-Num(13,11,9),TestNumNEqu-Num(8,10,11),LoadGrade-Num(3,0,6),While-Num(1,12,6),Set-16-Num(10,11,8),Set-0-Num(3,11,7),SubmitA(13,10,9),TestNumGreater-Num(2,2,5),Set-13-Num(12,9,4),SubmitB(7,11,3),Close(5,13,10),Set-8-Num(6,9,5),SubmitF(13,8,15),Set-13-Num(15,13,9),TestNumGreaterTEqu-Num(4,2,5),Set-3-Num(1,8,13),LoadThreshB-Num(0,1,5),Set-3-Num(3,7,10),Not-Num(11,10,13),LoadThreshD-Num(2,9,10),Countdown-Num(5,1,2),Set-10-Num(12,6,6),SubmitD(14,13,3),TestNumLessTEqu-Num(0,9,10),Set-5-Num(15,12,13)]"
PROBLEM_grade__ARGS_NUM__MUT_075,3212,grade,Numeric,0.075,0,True,30,497,279,"[Set-15-Num(9,12,7),LoadThreshA-Num(12,12,0),TestNumLessTEqu-Num(9,11,3),LoadThreshD-Num(2,6,13),TestNumLessTEqu-Num(11,14,8),Set-2-Num(11,14,5),TestNumGreater-Num(0,4,8),SubmitA(6,14,6),Countdown-Num(8,13,8),IfNot-Num(3,3,6),SubmitC(5,4,4),Dec-Num(2,2,9),LoadGrade-Num(8,12,10),Countdown-Num(11,0,11),Set-14-Num(1,2,10),SubmitF(3,2,8),CopyMem-Num(13,1,8),TestNumLessTEqu-Num(8,2,11),Div-Num(12,3,1),LoadThreshB-Num(13,15,5),Set-2-Num(9,13,13),SubmitD(13,1,9),LoadThreshC-Num(2,10,0),Set-16-Num(3,4,7),LoadGrade-Num(10,9,7),TestNumGreaterTEqu-Num(10,2,0),If-Num(0,14,14),SubmitB(9,2,0),TestNumLessTEqu-Num(13,10,2),SwapMem-Num(3,2,2)]"
PROBLEM_grade__ARGS_NUM__MUT_075,3213,grade,Numeric,0.075,0,True,49,494,86,"[TestNumGreater-Num(0,4,11),Close(13,12,13),SubmitA(8,9,11),TestNumEqu-Num(12,9,10),Set-15-Num(6,3,3),While-Num(11,3,11),LoadThreshD-Num(6,4,0),SubmitF(13,14,15),Dec-Num(5,5,9),Set-11-Num(5,11,14),Set-14-Num(9,3,2),TestNumLess-Num(4,2,2),While-Num(5,11,8),SubmitB(7,0,2),Dec-Num(5,6,9),LoadThreshB-Num(14,11,9),Set-4-Num(0,10,9),TestNumNEqu-Num(15,13,11),Div-Num(9,7,1),Set-16-Num(8,2,1),Set-8-Num(13,5,1),LoadThreshC-Num(4,3,1),Sub-Num(15,15,14),TestNumNEqu-Num(0,1,15),Set-8-Num(13,0,2),Set-13-Num(0,4,1),Set-1-Num(12,3,4),Set-15-Num(8,7,5),SubmitF(0,3,8),Set-10-Num(5,15,5),Floor-Num(7,9,0),LoadThreshC-Num(11,11,2),Sub-Num(12,4,12),Div-Num(4,2,5),Set-7-Num(12,11,10),Not-Num(14,0,2),SubmitC(0,12,5),LoadGrade-Num(4,9,1),TestNumLessTEqu-Num(13,5,0),TestNumLessTEqu-Num(3,4,5),Set-4-Num(8,0,7),Mult-Num(12,5,0),LoadThreshB-Num(3,10,14),SubmitD(2,10,9),TestNumLessTEqu-Num(14,14,13),LoadThreshA-Num(7,9,6),IfNot-Num(2,6,3),Set-7-Num(4,4,15),Close(1,1,6)]"
PROBLEM_grade__ARGS_NUM__MUT_075,3214,grade,Numeric,0.075,0,True,73,470,361,"[SubmitC(8,7,10),LoadGrade-Num(3,3,3),Set-8-Num(0,4,3),Set-6-Num(11,9,3),LoadThreshB-Num(7,3,8),TestNumGreaterTEqu-Num(1,14,15),Set-13-Num(11,15,14),Set-8-Num(3,0,7),While-Num(15,15,7),TestNumEqu-Num(0,0,13),Set-12-Num(11,7,1),LoadGrade-Num(1,4,14),SubmitF(12,2,11),LoadThreshA-Num(5,3,14),While-Num(7,2,10),TestNumGreaterTEqu-Num(1,0,6),SubmitB(7,0,12),LoadGrade-Num(3,0,11),SubmitD(5,0,0),Set-6-Num(7,1,0),Not-Num(2,14,7),LoadThreshD-Num(7,9,13),TestNumGreater-Num(12,6,12),LoadGrade-Num(8,9,2),SubmitF(5,11,6),LoadThreshC-Num(11,10,9),SubmitC(4,7,0),CopyMem-Num(13,13,0),TestNumGreaterTEqu-Num(7,11,8),LoadThreshB-Num(7,2,13),Dec-Num(4,13,10),LoadThreshD-Num(2,11,9),Div-Num(11,1,13),TestNumLessTEqu-Num(11,1,13),Sub-Num(1,7,15),Not-Num(0,11,8),Sub-Num(4,4,0),Floor-Num(0,10,11),LoadThreshD-Num(8,2,8),Div-Num(3,2,7),TestNumGreaterTEqu-Num(15,11,2),Dec-Num(5,7,1),TestNumLessTEqu-Num(15,6,14),Sub-Num(10,4,10),Set-11-Num(1,13,14),LoadThreshC-Num(6,1,11),LoadGrade-Num(8,11,12),Floor-Num(7,4,7),Add-Num(15,6,1),If-Num(13,7,5),Set-0-Num(11,10,0),Set-9-Num(12,15,6),Add-Num(4,11,9),TestNumGreater-Num(3,5,4),SubmitD(14,12,5),Sub-Num(15,14,15),Inc-Num(7,0,8),Inc-Num(9,4,12),LoadThreshC-Num(7,10,13),Set-0-Num(10,12,1),Inc-Num(12,15,2),SubmitB(5,14,8),Set-8-Num(15,0,13),LoadThreshB-Num(3,3,14),LoadThreshD-Num(13,7,12),TestNumGreater-Num(15,11,9),Set-10-Num(5,1,11),LoadThreshD-Num(10,3,4),TestNumEqu-Num(7,3,6),Set-1-Num(7,12,4),SubmitA(1,11,5),Countdown-Num(4,0,9),Return(1,2,9)]"
PROBLEM_grade__ARGS_NUM__MUT_075,3215,grade,Numeric,0.075,0,True,40,485,212,"[TestNumLess-Num(5,15,7),IfNot-Num(10,3,11),Add-Num(14,11,12),Set-1-Num(6,10,10),SubmitA(12,0,12),Add-Num(4,6,5),TestNumGreater-Num(0,4,3),LoadGrade-Num(0,12,2),While-Num(3,6,12),TestNumGreaterTEqu-Num(1,5,10),Set-15-Num(7,6,5),LoadThreshC-Num(8,3,0),SubmitB(0,13,10),Not-Num(11,7,12),Set-5-Num(4,8,9),LoadThreshD-Num(13,3,9),Set-14-Num(7,8,0),Sub-Num(0,13,1),Floor-Num(7,9,1),SubmitD(12,4,8),SubmitF(7,9,10),Set-16-Num(11,4,4),SubmitF(8,11,0),LoadGrade-Num(13,0,9),Floor-Num(10,4,7),SubmitD(13,3,3),Countdown-Num(10,3,6),Countdown-Num(5,6,6),TestNumEqu-Num(3,11,5),LoadThreshC-Num(4,5,2),SubmitC(6,11,2),Close(3,0,10),Add-Num(12,14,3),Mod-Num(0,4,3),TestNumGreater-Num(1,3,10),Close(15,10,8),LoadThreshD-Num(3,14,1),Set-12-Num(3,1,13),Add-Num(7,5,13),Set-3-Num(7,1,0)]"
PROBLEM_grade__ARGS_NUM__MUT_075,3216,grade,Numeric,0.075,0,True,17,310,247,"[TestNumLess-Num(4,0,6),LoadGrade-Num(13,7,11),SubmitB(11,3,2),TestNumGreaterTEqu-Num(4,1,12),While-Num(12,6,1),While-Num(6,6,11),Close(14,2,2),SubmitA(3,9,9),Close(6,12,8),SubmitC(0,2,0),Inc-Num(4,5,1),TestNumGreaterTEqu-Num(2,4,12),Countdown-Num(12,11,13),SubmitD(2,4,14),TestNumGreater-Num(3,13,10),While-Num(10,14,1),SubmitF(4,11,6)]"
PROBLEM_grade__ARGS_NUM__MUT_075,3217,grade,Numeric,0.075,0,False,NONE,NONE,NONE,"NONE"
PROBLEM_grade__ARGS_NUM__MUT_075,3218,grade,Numeric,0.075,0,True,41,388,380,"[Set-14-Num(1,15,12),LoadThreshD-Num(0,6,5),Set-10-Num(2,12,11),Close(8,11,8),TestNumGreater-Num(14,5,0),LoadGrade-Num(5,7,12),Set-16-Num(11,13,4),LoadThreshB-Num(8,12,5),SubmitF(8,6,14),Set-8-Num(15,7,15),TestNumGreaterTEqu-Num(4,6,15),Add-Num(14,2,9),SubmitC(3,3,5),Close(0,1,5),SubmitD(2,11,2),Not-Num(13,0,5),Floor-Num(9,8,3),LoadThreshC-Num(6,4,2),TestNumNEqu-Num(15,8,0),SubmitB(1,10,15),SubmitA(3,6,5),Countdown-Num(0,4,4),SubmitF(14,8,6),Set-14-Num(0,12,14),Set-15-Num(9,6,5),Set-1-Num(2,0,10),Countdown-Num(15,11,6),TestNumGreaterTEqu-Num(4,10,12),Break(13,1,7),Close(1,4,9),Set-9-Num(9,5,8),SubmitA(13,14,11),If-Num(12,9,11),LoadThreshB-Num(10,15,11),LoadThreshB-Num(10,8,3),SubmitD(15,13,2),LoadGrade-Num(6,11,9),LoadThreshA-Num(15,3,13),SubmitC(5,3,11),TestNumLessTEqu-Num(15,4,0),LoadThreshD-Num(14,0,11)]"
PROBLEM_grade__ARGS_NUM__MUT_075,3219,grade,Numeric,0.075,0,True,19,424,280,"[Set-7-Num(2,11,2),TestNumLess-Num(4,0,5),Set-12-Num(11,15,14),Floor-Num(12,15,3),SubmitA(13,13,0),Sub-Num(3,4,14),LoadThreshD-Num(15,6,0),LoadThreshB-Num(9,14,6),TestNumLessTEqu-Num(9,4,15),LoadThreshC-Num(6,9,12),Countdown-Num(5,7,7),SubmitD(12,11,5),TestNumLess-Num(4,6,5),If-Num(11,4,13),SubmitF(5,8,6),TestNumGreater-Num(14,12,11),SubmitC(12,11,2),While-Num(15,0,4),SubmitB(2,10,14)]"
PROBLEM_grade__ARGS_NUM__MUT_075,3220,grade,Numeric,0.075,0,False,NONE,NONE,NONE,"NONE"
PROBLEM_grade__ARGS_NUM__MUT_075,3221,grade,Numeric,0.075,0,True,43,498,273,"[TestNumGreater-Num(3,4,11),Close(15,15,7),LoadGrade-Num(15,6,8),LoadThreshA-Num(3,8,15),Set-5-Num(0,3,15),TestNumLessTEqu-Num(3,15,1),Countdown-Num(11,4,1),SubmitF(9,4,9),LoadThreshD-Num(11,13,2),Close(13,8,15),Countdown-Num(3,1,13),LoadThreshA-Num(12,9,10),TestNumEqu-Num(9,15,3),LoadThreshA-Num(10,11,0),LoadGrade-Num(13,10,14),Inc-Num(13,13,0),TestNumGreater-Num(13,2,3),Dec-Num(3,8,1),Set-10-Num(12,1,11),LoadThreshC-Num(7,0,6),SubmitC(15,13,5),TestNumNEqu-Num(15,5,4),Set-3-Num(13,7,10),Set-14-Num(9,12,5),LoadThreshA-Num(10,9,15),SubmitD(12,2,9),CopyMem-Num(4,10,9),Add-Num(9,5,6),Close(0,13,10),SubmitA(12,6,14),IfNot-Num(1,5,3),Countdown-Num(0,4,2),Sub-Num(11,11,15),TestNumGreaterTEqu-Num(8,12,9),Set-4-Num(12,0,9),Set-7-Num(10,7,13),Set-5-Num(2,6,4),Set-16-Num(15,0,10),LoadThreshB-Num(2,3,8),SubmitB(5,5,8),Set-7-Num(4,3,12),TestNumLess-Num(7,14,6),Set-6-Num(1,4,13)]"
PROBLEM_grade__ARGS_NUM__MUT_075,3222,grade,Numeric,0.075,0,True,23,474,360,"[LoadThreshB-Num(12,13,3),SubmitF(8,11,14),TestNumLessTEqu-Num(3,4,5),If-Num(5,9,4),SubmitD(4,0,7),While-Num(12,6,0),Set-15-Num(14,7,2),TestNumGreaterTEqu-Num(4,2,5),LoadThreshA-Num(2,5,3),Countdown-Num(5,4,3),SwapMem-Num(8,10,13),SubmitA(0,13,14),Sub-Num(10,10,1),Set-6-Num(8,6,7),SwapMem-Num(12,2,14),Set-15-Num(8,11,2),Mult-Num(12,1,9),Floor-Num(3,10,10),LoadThreshB-Num(9,10,10),SubmitC(6,7,5),While-Num(10,11,15),SubmitB(8,0,4),Break(3,6,10)]"
PROBLEM_grade__ARGS_NUM__MUT_075,3223,grade,Numeric,0.075,0,True,23,492,250,"[Set-3-Num(5,3,5),LoadGrade-Num(1,4,2),Div-Num(1,0,10),Inc-Num(1,5,0),SubmitF(15,14,6),TestNumGreater-Num(1,3,13),If-Num(13,14,6),Mod-Num(10,10,5),SubmitA(4,1,1),While-Num(5,2,2),SubmitC(4,14,0),LoadThreshC-Num(14,0,8),LoadThreshB-Num(15,2,14),Dec-Num(15,0,1),Sub-Num(13,4,6),LoadGrade-Num(7,4,4),Sub-Num(8,0,8),SubmitB(8,11,12),TestNumLessTEqu-Num(7,15,5),LoadThreshD-Num(0,7,14),TestNumGreater-Num(2,4,8),While-Num(8,2,0),SubmitD(5,15,4)]"
PROBLEM_grade__ARGS_NUM__MUT_075,3224,grade,Numeric,0.075,0,True,16,315,142,"[TestNumGreaterTEqu-Num(4,2,8),Set-4-Num(4,4,3),LoadGrade-Num(14,10,6),Mod-Num(14,3,4),TestNumLess-Num(14,0,0),SubmitF(3,14,4),Sub-Num(14,4,7),TestNumGreater-Num(1,14,14),If-Num(7,10,0),SubmitA(2,11,9),If-Num(0,13,2),SubmitD(13,5,14),While-Num(8,0,6),SubmitB(14,14,0),While-Num(14,4,1),SubmitC(4,8,8)]"
PROBLEM_grade__ARGS_NUM__MUT_075,3225,grade,Numeric,0.075,0,True,47,484,449,"[Close(6,7,8),Close(5,2,8),Close(3,9,7),SubmitB(3,1,6),Set-11-Num(13,15,4),TestNumGreaterTEqu-Num(4,2,6),TestNumEqu-Num(8,14,12),IfNot-Num(5,6,5),Add-Num(12,4,5),SubmitA(3,2,8),Countdown-Num(10,10,14),SubmitF(6,12,5),Close(2,6,3),TestNumLess-Num(3,5,5),Close(11,13,6),Dec-Num(0,13,12),SubmitC(6,9,14),Set-12-Num(7,10,15),TestNumNEqu-Num(7,10,11),Mult-Num(5,4,1),SwapMem-Num(11,14,5),Break(3,0,15),Sub-Num(5,4,3),Set-3-Num(15,10,10),SubmitD(15,3,3),Set-6-Num(12,8,3),Set-14-Num(2,6,15),Sub-Num(5,3,11),SubmitF(5,14,15),Div-Num(3,11,0),Break(13,6,2),Set-6-Num(1,1,6),LoadThreshC-Num(2,10,9),SwapMem-Num(15,7,11),LoadThreshB-Num(2,3,0),TestNumNEqu-Num(2,8,1),TestNumLessTEqu-Num(12,8,11),Dec-Num(10,13,10),LoadThreshB-Num(3,3,8),Set-2-Num(13,3,9),SubmitA(0,13,3),Div-Num(14,12,0),Countdown-Num(6,13,1),LoadThreshA-Num(2,4,1),Mod-Num(2,10,15),LoadThreshC-Num(14,3,4),Mult-Num(5,11,13)]"
PROBLEM_grade__ARGS_NUM__MUT_075,3226,grade,Numeric,0.075,0,True,44,376,242,"[Set-4-Num(8,1,2),LoadGrade-Num(11,10,8),Inc-Num(14,12,6),Add-Num(11,12,12),TestNumGreater-Num(14,4,5),Set-7-Num(3,5,8),Set-6-Num(15,4,4),TestNumLessTEqu-Num(0,4,3),Set-0-Num(15,14,4),TestNumLessTEqu-Num(1,11,9),Set-16-Num(13,4,0),While-Num(14,7,10),Inc-Num(0,0,4),Not-Num(9,11,14),IfNot-Num(3,13,10),CopyMem-Num(4,8,13),Dec-Num(7,5,14),Set-6-Num(7,12,14),Div-Num(13,9,15),Set-10-Num(10,7,11),Close(5,5,10),While-Num(9,14,0),SubmitD(9,15,2),Add-Num(1,7,14),Set-1-Num(13,12,6),Add-Num(12,10,4),Set-15-Num(14,15,8),Set-4-Num(10,1,8),Inc-Num(11,15,14),TestNumGreater-Num(7,5,6),SubmitC(13,2,11),TestNumGreaterTEqu-Num(2,11,14),LoadGrade-Num(2,13,10),SubmitA(10,15,15),TestNumGreater-Num(15,7,8),SubmitB(11,0,12),LoadThreshD-Num(7,0,11),Set-8-Num(4,1,9),Floor-Num(11,9,6),If-Num(14,8,13),Inc-Num(5,11,15),TestNumGreaterTEqu-Num(7,11,5),While-Num(5,10,12),SubmitF(0,7,8)]"
PROBLEM_grade__ARGS_NUM__MUT_075,3227,grade,Numeric,0.075,0,True,38,467,259,"[TestNumLessTEqu-Num(3,4,12),SubmitF(7,10,12),SwapMem-Num(4,11,13),Countdown-Num(12,6,11),TestNumGreaterTEqu-Num(12,5,15),SwapMem-Num(3,14,6),TestNumGreater-Num(0,11,11),LoadGrade-Num(13,1,11),Inc-Num(13,1,4),SubmitB(15,1,4),SubmitD(0,6,14),TestNumGreaterTEqu-Num(0,4,8),TestNumGreaterTEqu-Num(2,13,15),TestNumGreater-Num(13,1,0),Sub-Num(13,0,2),Countdown-Num(15,6,5),Close(7,5,12),Set-11-Num(7,12,2),Set-15-Num(14,6,9),Inc-Num(7,12,12),TestNumGreater-Num(15,8,13),SubmitB(15,8,2),Floor-Num(7,10,3),Inc-Num(13,15,11),Set-16-Num(5,4,7),Set-16-Num(3,1,7),SubmitD(8,10,7),TestNumLess-Num(2,8,3),Set-16-Num(9,11,15),SubmitC(12,9,7),Countdown-Num(13,0,8),SubmitA(9,1,15),Inc-Num(7,12,6),Set-3-Num(15,3,14),LoadThreshA-Num(12,7,2),Countdown-Num(11,3,7),Countdown-Num(7,8,7),SubmitB(13,1,2)]"
PROBLEM_grade__ARGS_NUM__MUT_075,3228,grade,Numeric,0.075,0,False,NONE,NONE,NONE,"NONE"
PROBLEM_grade__ARGS_NUM__MUT_075,3229,grade,Numeric,0.075,0,True,19,305,191,"[TestNumLessTEqu-Num(1,4,7),While-Num(7,8,15),SubmitA(5,1,8),Inc-Num(4,0,1),TestNumLess-Num(0,4,7),CopyMem-Num(10,2,15),Close(8,9,0),SubmitB(1,10,6),If-Num(2,3,12),TestNumLess-Num(4,2,13),SubmitC(11,10,1),IfNot-Num(13,6,6),Return(10,7,10),Close(4,0,0),SubmitD(10,7,6),Countdown-Num(0,4,10),TestNumLessTEqu-Num(3,4,0),Close(8,13,0),SubmitF(8,3,15)]"
PROBLEM_grade__ARGS_NUM__MUT_075,3230,grade,Numeric,0.075,0,True,21,247,127,"[TestNumLessTEqu-Num(1,4,13),TestNumLessTEqu-Num(3,4,6),Mult-Num(0,6,3),LoadGrade-Num(5,7,3),SubmitF(3,10,2),If-Num(3,5,5),CopyMem-Num(13,4,0),Set-16-Num(7,0,5),Countdown-Num(7,9,14),TestNumGreaterTEqu-Num(5,2,9),SubmitC(2,0,8),While-Num(0,6,10),Mod-Num(1,9,0),SubmitD(2,15,7),If-Num(4,3,8),Set-4-Num(0,5,10),SubmitB(9,2,0),TestNumLess-Num(5,3,7),SubmitA(7,8,6),If-Num(7,4,15),Set-7-Num(10,15,9)]"
PROBLEM_grade__ARGS_NUM__MUT_075,3231,grade,Numeric,0.075,0,True,49,497,318,"[SubmitF(10,7,11),CopyMem-Num(2,6,6),Close(11,8,0),LoadThreshD-Num(2,6,1),Close(3,6,10),Dec-Num(2,12,10),Floor-Num(14,15,13),LoadThreshD-Num(13,6,5),TestNumGreater-Num(4,2,7),Set-4-Num(4,12,7),Sub-Num(9,8,5),Mult-Num(6,1,4),If-Num(7,12,11),Set-13-Num(9,15,3),SubmitD(9,0,15),TestNumEqu-Num(12,12,15),LoadGrade-Num(4,10,12),LoadGrade-Num(5,14,8),LoadThreshB-Num(2,3,1),Set-10-Num(13,10,10),Mult-Num(5,7,10),Set-6-Num(11,12,0),TestNumGreater-Num(14,3,12),If-Num(10,5,15),SubmitB(15,1,13),Countdown-Num(9,2,0),TestNumEqu-Num(5,7,3),Close(0,5,3),Countdown-Num(0,15,5),LoadGrade-Num(7,6,5),LoadThreshA-Num(3,3,14),TestNumGreaterTEqu-Num(9,13,11),Dec-Num(3,1,12),Set-6-Num(10,6,4),LoadGrade-Num(15,8,8),Div-Num(15,6,14),LoadThreshC-Num(9,6,0),Mod-Num(14,14,0),If-Num(6,14,2),TestNumGreater-Num(15,3,7),TestNumGreater-Num(2,10,11),Set-16-Num(15,9,0),Dec-Num(12,14,9),Dec-Num(3,3,2),SubmitC(9,4,1),Countdown-Num(7,10,4),If-Num(3,5,9),SubmitA(9,12,14),Not-Num(7,0,5)]"
PROBLEM_grade__ARGS_NUM__MUT_075,3232,grade,Numeric,0.075,0,True,53,500,438,"[Set-11-Num(12,9,8),LoadThreshD-Num(13,3,2),Set-4-Num(8,13,8),LoadGrade-Num(14,1,5),Dec-Num(13,13,9),Set-16-Num(10,11,15),Break(1,3,7),TestNumLess-Num(13,4,3),Set-16-Num(6,10,4),Set-1-Num(5,7,15),SubmitA(13,5,6),SubmitF(15,12,13),CopyMem-Num(10,15,10),Set-13-Num(6,8,0),SwapMem-Num(12,6,5),Countdown-Num(10,7,8),Countdown-Num(3,4,9),Set-13-Num(5,1,1),Set-11-Num(10,2,0),LoadThreshB-Num(3,4,15),SubmitB(14,1,2),SwapMem-Num(0,1,5),Mult-Num(10,13,7),Mult-Num(15,8,15),TestNumLessTEqu-Num(14,5,2),SubmitA(10,14,8),Set-5-Num(8,11,10),TestNumLess-Num(4,1,12),Countdown-Num(12,12,15),IfNot-Num(9,15,6),Close(8,11,15),Floor-Num(7,10,9),TestNumGreaterTEqu-Num(6,1,15),Close(11,11,7),Set-1-Num(11,2,9),Set-7-Num(11,13,10),Set-7-Num(13,3,4),Set-8-Num(5,15,3),SubmitD(6,1,8),LoadThreshC-Num(1,10,6),Set-1-Num(2,8,10),Set-13-Num(10,4,10),Set-4-Num(2,8,8),Dec-Num(14,12,13),SubmitD(3,4,6),Not-Num(5,10,15),Floor-Num(9,13,13),LoadThreshB-Num(5,5,9),Not-Num(2,14,0),Set-6-Num(10,9,15),SubmitC(10,9,10),Set-16-Num(7,1,2),Break(2,1,11)]"
PROBLEM_grade__ARGS_NUM__MUT_075,3233,grade,Numeric,0.075,0,True,63,291,186,"[LoadGrade-Num(8,7,14),TestNumLess-Num(11,13,14),Set-12-Num(12,3,6),Set-2-Num(15,13,6),Div-Num(7,9,12),Floor-Num(15,10,6),Set-3-Num(0,5,3),Floor-Num(3,9,9),Add-Num(0,12,15),TestNumEqu-Num(1,1,6),SubmitB(8,10,13),TestNumLess-Num(4,3,12),TestNumGreaterTEqu-Num(13,13,13),SubmitC(10,0,12),Set-4-Num(0,3,13),Set-7-Num(9,0,11),Sub-Num(9,7,11),Set-9-Num(15,9,1),TestNumGreaterTEqu-Num(3,9,13),Countdown-Num(0,8,11),TestNumNEqu-Num(5,1,8),Set-11-Num(13,13,5),Sub-Num(8,12,6),Set-1-Num(13,11,10),Floor-Num(14,7,6),Set-10-Num(9,6,2),Set-8-Num(9,15,9),LoadThreshA-Num(15,3,7),Add-Num(3,10,1),Dec-Num(15,4,5),Sub-Num(0,5,10),Set-15-Num(11,14,7),SubmitC(1,9,11),CopyMem-Num(5,10,13),SubmitF(4,11,2),Mult-Num(10,13,7),LoadGrade-Num(3,1,10),Set-0-Num(11,4,3),LoadThreshB-Num(14,4,6),SubmitD(13,12,3),Sub-Num(2,13,5),LoadThreshB-Num(2,9,4),Countdown-Num(14,3,1),Set-6-Num(7,3,8),Not-Num(7,4,4),Set-6-Num(11,11,12),LoadThreshC-Num(9,2,13),SubmitD(7,11,13),TestNumLess-Num(5,3,14),SubmitB(0,3,11),LoadThreshB-Num(10,7,6),Set-12-Num(13,5,13),TestNumLess-Num(11,1,11),Add-Num(12,15,5),SubmitA(5,6,9),LoadThreshC-Num(4,7,14),SubmitC(1,5,7),TestNumGreater-Num(1,0,15),Set-16-Num(10,13,8),If-Num(12,6,10),Set-12-Num(3,1,11),Add-Num(6,11,15),TestNumGreaterTEqu-Num(12,10,11)]"
PROBLEM_grade__ARGS_NUM__MUT_075,3234,grade,Numeric,0.075,0,True,49,491,296,"[Countdown-Num(2,10,4),SwapMem-Num(1,6,14),SubmitA(13,13,14),LoadThreshA-Num(2,11,5),Countdown-Num(1,10,4),TestNumLessTEqu-Num(5,7,11),CopyMem-Num(15,14,0),SubmitB(8,4,10),Dec-Num(15,10,2),Set-0-Num(12,12,12),TestNumGreater-Num(0,4,5),LoadGrade-Num(15,4,15),Set-2-Num(9,14,15),Set-4-Num(9,2,14),TestNumLess-Num(11,9,11),Set-3-Num(12,6,12),LoadThreshB-Num(9,3,5),Not-Num(10,2,4),While-Num(9,9,13),Set-6-Num(9,0,4),TestNumLessTEqu-Num(3,4,12),Set-0-Num(8,12,5),LoadGrade-Num(8,6,13),Dec-Num(13,14,8),LoadThreshB-Num(11,1,6),CopyMem-Num(6,14,10),Set-8-Num(2,13,1),Sub-Num(12,5,9),TestNumGreater-Num(7,7,1),Mod-Num(1,1,0),SubmitA(1,3,11),LoadThreshA-Num(8,9,10),TestNumLess-Num(5,2,14),TestNumLess-Num(13,10,15),LoadThreshB-Num(3,14,3),SubmitA(12,8,11),LoadGrade-Num(6,12,15),Set-9-Num(15,9,1),Inc-Num(2,6,1),SubmitC(9,12,9),Set-12-Num(8,7,13),Set-0-Num(14,8,12),Mod-Num(5,14,8),LoadThreshC-Num(14,2,0),TestNumGreater-Num(14,4,5),While-Num(5,2,5),SubmitD(12,6,12),While-Num(9,6,4),SubmitF(11,15,9)]"
PROBLEM_grade__ARGS_NUM__MUT_075,3235,grade,Numeric,0.075,0,True,24,366,278,"[Set-10-Num(11,2,5),Not-Num(6,4,5),TestNumGreater-Num(4,8,9),SubmitA(6,5,9),Sub-Num(6,1,12),TestNumGreater-Num(0,4,10),TestNumLessTEqu-Num(11,6,2),LoadGrade-Num(11,2,12),If-Num(10,2,11),IfNot-Num(5,6,8),TestNumGreaterTEqu-Num(4,3,10),SubmitF(5,0,6),LoadThreshC-Num(3,13,3),Set-10-Num(1,15,7),Add-Num(4,12,0),TestNumEqu-Num(14,10,13),Set-7-Num(5,14,5),Countdown-Num(10,14,15),SubmitC(5,2,15),TestNumLessTEqu-Num(0,9,10),SubmitB(8,13,1),TestNumLess-Num(11,3,9),While-Num(9,13,13),SubmitD(0,7,1)]"
PROBLEM_grade__ARGS_NUM__MUT_075,3236,grade,Numeric,0.075,0,True,30,293,171,"[Set-5-Num(3,10,5),Close(14,7,5),TestNumLess-Num(4,0,14),SubmitA(14,12,14),Dec-Num(2,13,0),Set-6-Num(8,12,3),LoadThreshD-Num(1,6,8),TestNumGreater-Num(8,5,11),LoadThreshB-Num(5,15,4),Set-1-Num(8,0,0),While-Num(14,0,10),Set-3-Num(14,3,3),TestNumGreaterTEqu-Num(9,1,5),Countdown-Num(3,14,14),Close(4,2,5),SubmitC(14,14,5),TestNumLessTEqu-Num(4,2,6),SubmitD(2,2,11),TestNumGreater-Num(1,4,3),LoadThreshB-Num(1,0,13),While-Num(6,11,8),IfNot-Num(13,9,2),Close(11,13,6),Countdown-Num(3,14,10),SubmitF(1,5,8),Close(11,15,8),Close(15,5,0),Set-2-Num(13,6,0),SubmitB(7,3,12),LoadThreshD-Num(12,0,13)]"
PROBLEM_grade__ARGS_NUM__MUT_075,3237,grade,Numeric,0.075,0,True,38,375,130,"[If-Num(1,4,12),Dec-Num(12,4,3),Sub-Num(8,12,3),TestNumGreaterTEqu-Num(0,8,15),LoadGrade-Num(12,12,3),LoadThreshD-Num(10,11,7),Div-Num(12,8,10),TestNumGreaterTEqu-Num(1,9,15),TestNumGreaterTEqu-Num(12,2,8),Set-15-Num(5,5,1),If-Num(15,9,13),IfNot-Num(8,4,13),TestNumGreater-Num(10,12,2),SubmitD(8,3,3),Close(11,0,3),SwapMem-Num(7,5,0),Add-Num(8,13,7),Mult-Num(11,1,8),LoadThreshB-Num(8,3,0),TestNumNEqu-Num(0,11,1),Mult-Num(0,3,5),Set-1-Num(3,12,12),TestNumLess-Num(12,8,13),Mod-Num(10,15,9),While-Num(2,12,11),SubmitC(13,9,9),SwapMem-Num(7,2,15),LoadThreshB-Num(1,7,10),SubmitC(3,15,1),Set-7-Num(11,3,0),LoadGrade-Num(8,3,8),SubmitF(14,13,7),LoadThreshA-Num(6,6,2),IfNot-Num(13,1,9),TestNumGreaterTEqu-Num(8,6,7),SubmitB(10,5,15),Countdown-Num(7,12,10),SubmitA(6,4,2)]"
PROBLEM_grade__ARGS_NUM__MUT_075,3238,grade,Numeric,0.075,0,True,47,424,128,"[Inc-Num(0,1,9),Inc-Num(4,1,12),TestNumGreater-Num(0,4,12),SubmitA(14,6,0),LoadThreshB-Num(15,9,12),TestNumLess-Num(14,4,9),Countdown-Num(12,7,7),LoadThreshD-Num(13,12,5),Set-0-Num(7,1,9),Set-13-Num(3,10,12),TestNumLess-Num(14,10,5),TestNumGreater-Num(8,5,0),Set-15-Num(0,12,15),LoadThreshD-Num(14,10,7),LoadGrade-Num(11,12,9),SubmitB(11,2,3),Mult-Num(4,8,3),Mult-Num(7,3,10),Set-1-Num(7,7,5),TestNumGreaterTEqu-Num(11,14,12),TestNumGreaterTEqu-Num(15,4,10),Set-7-Num(2,0,11),Set-13-Num(13,4,13),SubmitF(1,12,13),LoadThreshC-Num(15,12,13),Set-7-Num(2,8,1),Add-Num(11,12,13),Set-15-Num(2,13,6),SubmitA(0,5,5),TestNumLess-Num(15,9,9),Add-Num(12,7,2),Floor-Num(4,3,10),SubmitD(12,2,6),TestNumEqu-Num(4,2,6),Div-Num(2,15,1),Not-Num(8,7,8),SubmitC(11,13,14),LoadGrade-Num(8,4,12),SubmitC(12,15,9),Set-13-Num(0,6,0),Dec-Num(7,9,0),If-Num(10,0,11),SubmitB(13,1,4),SubmitD(13,9,14),LoadThreshD-Num(9,1,1),Set-14-Num(5,8,4),SubmitF(5,3,6)]"
PROBLEM_grade__ARGS_NUM__MUT_075,3239,grade,Numeric,0.075,0,True,61,466,124,"[TestNumGreater-Num(1,4,7),SubmitC(14,5,1),Close(1,14,7),SubmitD(12,5,7),CopyMem-Num(0,12,3),Close(0,8,0),Set-7-Num(8,6,5),CopyMem-Num(5,13,3),Div-Num(6,7,0),LoadThreshD-Num(3,1,5),LoadGrade-Num(5,2,4),Set-0-Num(13,11,14),Set-16-Num(4,3,8),IfNot-Num(7,12,11),LoadGrade-Num(15,1,11),LoadThreshA-Num(5,13,9),Close(14,4,7),Set-10-Num(11,2,1),SwapMem-Num(2,6,15),If-Num(1,8,5),Set-13-Num(4,6,8),Set-9-Num(0,6,10),Set-5-Num(1,4,11),TestNumEqu-Num(12,5,6),Set-0-Num(11,6,13),Set-8-Num(0,12,12),Set-12-Num(11,8,2),SubmitC(9,5,0),Set-7-Num(2,2,3),TestNumGreaterTEqu-Num(3,5,11),TestNumGreaterTEqu-Num(15,5,9),TestNumNEqu-Num(5,3,2),LoadThreshC-Num(1,6,10),SubmitD(15,12,13),Set-9-Num(3,9,14),Set-6-Num(5,10,4),Set-13-Num(14,0,0),While-Num(2,15,5),Add-Num(10,9,14),Add-Num(10,14,2),Floor-Num(6,3,12),Set-14-Num(4,1,12),Set-15-Num(13,2,1),Set-5-Num(4,15,4),Not-Num(0,10,13),SwapMem-Num(13,4,13),SubmitD(8,13,10),LoadGrade-Num(14,7,5),SubmitA(14,12,0),Set-1-Num(15,6,9),If-Num(12,9,9),LoadThreshD-Num(0,13,0),LoadThreshC-Num(15,8,11),SubmitB(6,15,3),Set-14-Num(3,8,1),Set-0-Num(0,11,0),Dec-Num(15,15,13),Countdown-Num(9,12,2),SubmitF(4,11,2),While-Num(11,2,7),SubmitF(14,2,3)]"
PROBLEM_grade__ARGS_NUM__MUT_075,3240,grade,Numeric,0.075,0,False,NONE,NONE,NONE,"NONE"
PROBLEM_grade__ARGS_NUM__MUT_075,3241,grade,Numeric,0.075,0,False,NONE,NONE,NONE,"NONE"
PROBLEM_grade__ARGS_NUM__MUT_075,3242,grade,Numeric,0.075,0,True,16,462,122,"[SubmitA(10,9,0),TestNumGreater-Num(3,4,6),TestNumLess-Num(4,2,13),Dec-Num(6,6,11),TestNumLess-Num(4,0,14),Countdown-Num(14,10,0),SubmitF(2,14,14),Countdown-Num(6,9,10),LoadThreshB-Num(2,0,15),SubmitB(14,9,1),Dec-Num(2,8,4),While-Num(1,0,0),TestNumLessTEqu-Num(4,2,1),SubmitC(0,10,11),If-Num(13,15,15),SubmitD(14,3,14)]"
PROBLEM_grade__ARGS_NUM__MUT_075,3243,grade,Numeric,0.075,0,True,57,498,381,"[TestNumLessTEqu-Num(4,1,6),CopyMem-Num(7,5,15),Set-9-Num(12,6,3),TestNumLessTEqu-Num(4,5,5),SubmitF(5,0,11),Sub-Num(2,8,12),Inc-Num(13,0,2),LoadThreshD-Num(15,3,8),Inc-Num(4,9,10),Set-12-Num(14,6,9),LoadGrade-Num(14,12,6),TestNumLess-Num(0,4,9),TestNumLessTEqu-Num(5,11,0),TestNumGreater-Num(13,9,10),Set-4-Num(5,3,1),TestNumLess-Num(15,4,12),Set-5-Num(11,12,6),If-Num(12,4,11),SubmitA(0,3,10),Set-4-Num(7,14,9),TestNumGreater-Num(14,15,7),LoadThreshC-Num(9,14,13),While-Num(10,9,7),SubmitC(14,3,9),TestNumEqu-Num(14,1,8),Sub-Num(9,14,14),Add-Num(4,5,9),CopyMem-Num(9,5,3),Set-13-Num(7,2,4),SubmitD(4,0,2),Dec-Num(15,9,2),Set-12-Num(7,6,0),Set-4-Num(7,4,4),TestNumGreater-Num(10,8,5),LoadThreshC-Num(8,2,13),Sub-Num(13,12,15),Set-0-Num(10,1,8),Div-Num(6,8,10),Set-9-Num(11,12,10),Inc-Num(1,13,5),Set-13-Num(11,9,2),SubmitB(5,2,12),SubmitC(3,15,14),Inc-Num(15,0,8),Set-7-Num(8,3,7),Set-7-Num(15,14,4),TestNumGreater-Num(12,14,2),Set-0-Num(8,12,0),Set-7-Num(13,10,7),SubmitB(12,6,12),Countdown-Num(2,11,1),IfNot-Num(9,6,0),Close(6,14,13),Set-12-Num(6,2,6),Mult-Num(5,11,6),Floor-Num(12,3,6),If-Num(3,4,10)]"
PROBLEM_grade__ARGS_NUM__MUT_075,3244,grade,Numeric,0.075,0,False,NONE,NONE,NONE,"NONE"
PROBLEM_grade__ARGS_NUM__MUT_075,3245,grade,Numeric,0.075,0,False,NONE,NONE,NONE,"NONE"
PROBLEM_grade__ARGS_NUM__MUT_075,3246,grade,Numeric,0.075,0,True,59,417,257,"[LoadGrade-Num(7,14,3),Set-2-Num(3,0,2),LoadThreshD-Num(9,7,4),Set-10-Num(15,1,2),Set-14-Num(14,12,2),Set-15-Num(15,6,9),Inc-Num(7,6,10),LoadThreshA-Num(12,7,11),SubmitD(4,4,0),Set-1-Num(5,4,1),Div-Num(4,12,11),CopyMem-Num(4,2,5),Dec-Num(14,12,1),LoadThreshC-Num(4,8,11),TestNumLess-Num(4,7,15),While-Num(15,3,5),TestNumLess-Num(9,3,2),TestNumNEqu-Num(13,10,13),Set-6-Num(9,10,8),Add-Num(1,5,15),TestNumLessTEqu-Num(15,15,6),SubmitD(2,11,1),TestNumLess-Num(9,1,12),Dec-Num(14,11,0),Set-0-Num(12,13,10),TestNumEqu-Num(5,12,9),SubmitA(6,13,14),Set-4-Num(2,4,11),Floor-Num(11,5,4),TestNumLess-Num(15,1,7),Set-14-Num(5,15,15),Floor-Num(0,10,5),Not-Num(3,15,5),Dec-Num(3,3,14),Not-Num(4,14,3),Countdown-Num(11,0,0),Set-15-Num(11,13,3),Close(8,3,2),TestNumLess-Num(12,14,12),LoadGrade-Num(10,0,14),SubmitB(3,15,0),TestNumEqu-Num(8,0,8),LoadThreshC-Num(8,9,10),SubmitB(2,0,12),SubmitB(4,9,8),CopyMem-Num(12,4,9),Set-9-Num(7,4,14),TestNumLessTEqu-Num(6,9,7),TestNumLessTEqu-Num(1,10,15),LoadThreshA-Num(5,10,5),Set-13-Num(5,4,5),LoadThreshB-Num(14,3,12),SubmitC(1,4,10),Set-13-Num(4,4,11),Set-5-Num(7,14,0),Close(13,5,14),TestNumLess-Num(2,9,2),Countdown-Num(2,13,1),SubmitF(7,10,1)]"
PROBLEM_grade__ARGS_NUM__MUT_075,3247,grade,Numeric,0.075,0,True,49,429,247,"[Set-0-Num(9,4,13),Countdown-Num(1,5,1),TestNumGreaterTEqu-Num(0,0,6),LoadThreshB-Num(10,6,8),LoadThreshD-Num(8,4,12),SubmitB(14,15,1),TestNumEqu-Num(3,11,12),TestNumLessTEqu-Num(0,4,6),TestNumGreater-Num(0,11,0),SubmitD(9,4,2),Floor-Num(12,10,7),Mod-Num(0,1,1),SubmitC(10,6,12),Dec-Num(9,15,11),SubmitF(12,15,10),Div-Num(8,0,0),Set-4-Num(12,8,2),SwapMem-Num(13,2,10),Countdown-Num(6,13,13),LoadGrade-Num(3,6,2),Set-15-Num(15,3,14),SubmitB(10,9,10),Not-Num(14,2,3),LoadThreshC-Num(7,4,15),Inc-Num(8,8,14),LoadThreshB-Num(2,7,8),Set-0-Num(14,10,1),Set-3-Num(1,1,10),LoadThreshB-Num(1,10,9),TestNumLessTEqu-Num(1,4,6),LoadGrade-Num(5,13,5),Set-6-Num(11,3,9),Set-3-Num(5,4,14),Set-13-Num(10,1,2),SubmitF(0,10,10),Set-4-Num(14,9,3),TestNumLess-Num(3,7,5),Add-Num(2,2,14),Floor-Num(4,7,6),Set-12-Num(9,12,10),SubmitA(8,12,13),Set-0-Num(7,2,6),Set-8-Num(3,2,10),CopyMem-Num(10,4,14),LoadThreshD-Num(4,7,15),SubmitF(10,2,11),SubmitA(4,6,3),While-Num(5,4,1),Break(1,7,13)]"
PROBLEM_grade__ARGS_NUM__MUT_075,3248,grade,Numeric,0.075,0,True,70,499,485,"[TestNumLess-Num(4,2,15),Set-2-Num(6,3,11),Set-7-Num(2,9,1),TestNumGreaterTEqu-Num(4,3,1),Add-Num(12,6,3),Floor-Num(8,7,5),Set-0-Num(11,5,12),SubmitF(8,9,1),If-Num(0,14,5),Close(15,6,9),Close(11,14,3),CopyMem-Num(7,5,1),TestNumGreater-Num(14,0,13),CopyMem-Num(8,2,2),IfNot-Num(13,8,1),Sub-Num(13,14,7),While-Num(1,14,2),LoadGrade-Num(10,1,8),Floor-Num(11,6,11),LoadThreshA-Num(3,13,5),Set-10-Num(1,14,2),LoadThreshC-Num(10,12,7),Set-11-Num(8,11,15),SubmitD(10,12,7),Mod-Num(15,13,8),Mult-Num(13,4,9),Set-8-Num(5,6,3),Mod-Num(14,10,2),Mult-Num(12,7,11),SubmitF(5,4,4),SubmitD(5,3,8),Sub-Num(7,2,12),Set-0-Num(3,9,5),CopyMem-Num(0,8,14),Set-10-Num(2,12,8),Set-12-Num(3,6,14),CopyMem-Num(2,1,9),Set-8-Num(6,14,7),LoadThreshB-Num(9,1,9),Set-1-Num(12,6,5),SubmitC(14,15,15),Set-6-Num(6,13,0),TestNumNEqu-Num(6,1,13),TestNumLess-Num(9,4,12),SubmitA(13,4,10),LoadThreshA-Num(13,13,14),IfNot-Num(15,12,15),Dec-Num(11,6,1),Dec-Num(2,7,6),Inc-Num(4,0,1),LoadThreshC-Num(10,10,2),Sub-Num(4,7,14),CopyMem-Num(14,12,10),Div-Num(5,6,3),While-Num(10,5,14),Floor-Num(7,12,11),SwapMem-Num(0,9,10),Countdown-Num(7,10,2),LoadGrade-Num(9,6,9),LoadThreshB-Num(7,6,9),SubmitC(15,4,10),Dec-Num(6,14,8),Set-3-Num(8,13,6),Set-3-Num(6,0,12),TestNumNEqu-Num(7,10,6),LoadThreshC-Num(8,2,1),LoadGrade-Num(4,9,9),Set-2-Num(1,12,13),SubmitB(15,8,12),Set-0-Num(12,11,7)]"
PROBLEM_grade__ARGS_NUM__MUT_075,3249,grade,Numeric,0.075,0,True,86,276,218,"[LoadGrade-Num(14,13,1),Set-6-Num(10,14,15),Floor-Num(9,3,3),Mod-Num(4,0,6),Set-12-Num(2,3,14),LoadThreshC-Num(7,10,8),Not-Num(8,4,7),SubmitC(5,5,10),LoadGrade-Num(10,7,6),TestNumLess-Num(7,0,8),SubmitB(12,15,3),Set-5-Num(14,1,3),Set-14-Num(14,9,1),Set-12-Num(4,8,0),TestNumGreater-Num(1,10,14),Set-3-Num(4,6,7),Set-15-Num(2,15,1),LoadThreshC-Num(5,1,11),Set-16-Num(5,13,0),LoadThreshC-Num(5,14,7),Mod-Num(7,7,0),Set-3-Num(11,8,0),Break(15,15,9),Set-2-Num(4,6,5),TestNumGreater-Num(5,6,15),Inc-Num(12,7,2),Div-Num(13,8,9),Set-13-Num(11,15,0),LoadGrade-Num(9,14,1),Set-12-Num(8,4,13),LoadGrade-Num(11,0,2),Set-16-Num(5,6,1),Floor-Num(8,11,7),Set-8-Num(1,0,2),SubmitB(10,0,5),Sub-Num(1,4,12),Set-8-Num(5,6,15),Inc-Num(6,4,12),Mod-Num(13,13,5),Countdown-Num(15,1,14),Set-4-Num(7,4,14),TestNumEqu-Num(12,8,7),LoadThreshA-Num(13,12,11),Set-8-Num(10,2,2),Close(10,1,12),LoadThreshB-Num(13,7,13),While-Num(13,5,11),TestNumGreater-Num(6,11,13),Set-8-Num(9,5,11),SubmitF(5,11,13),Mult-Num(2,4,15),Set-2-Num(1,13,6),Set-16-Num(8,5,9),SubmitB(9,4,12),Set-0-Num(0,0,13),SubmitA(2,3,2),Set-3-Num(9,11,11),TestNumGreaterTEqu-Num(11,3,9),While-Num(14,5,13),While-Num(9,4,5),TestNumLess-Num(3,12,2),TestNumLessTEqu-Num(12,11,1),Sub-Num(3,14,1),LoadThreshC-Num(10,0,15),Sub-Num(10,6,5),Add-Num(9,9,15),SubmitD(7,3,7),Set-13-Num(13,1,0),Set-6-Num(0,10,8),Set-9-Num(5,0,13),LoadThreshC-Num(3,7,11),TestNumGreater-Num(6,1,10),TestNumLessTEqu-Num(2,4,15),Set-5-Num(14,3,6),Set-2-Num(10,0,12),SubmitC(1,10,11),Floor-Num(15,6,15),Div-Num(8,12,5),Not-Num(8,10,5),Set-15-Num(12,4,9),TestNumLessTEqu-Num(9,2,14),SwapMem-Num(12,5,14),TestNumGreaterTEqu-Num(15,15,6),Set-7-Num(4,15,7),Close(8,9,2),SubmitF(1,6,10)]"
PROBLEM_grade__ARGS_NUM__MUT_075,3250,grade,Numeric,0.075,0,True,33,382,317,"[While-Num(2,0,15),SubmitB(3,4,15),LoadThreshC-Num(14,4,9),TestNumLessTEqu-Num(15,11,11),LoadGrade-Num(1,0,12),TestNumEqu-Num(1,9,8),SubmitA(7,5,3),TestNumLess-Num(11,14,12),TestNumGreater-Num(14,0,15),Set-2-Num(1,9,9),LoadThreshB-Num(1,9,2),SubmitC(2,3,0),LoadThreshA-Num(1,0,11),While-Num(0,9,6),LoadThreshC-Num(12,3,7),SubmitB(0,0,4),SubmitB(10,4,2),Mod-Num(14,11,14),LoadThreshB-Num(10,15,11),Set-14-Num(8,14,8),SubmitF(1,4,1),Sub-Num(12,10,5),TestNumGreater-Num(6,14,11),SwapMem-Num(5,14,15),Set-0-Num(9,5,1),SubmitD(3,1,0),Sub-Num(1,4,3),LoadThreshC-Num(1,5,9),TestNumGreater-Num(6,4,15),LoadThreshD-Num(6,10,2),TestNumGreater-Num(3,5,0),Countdown-Num(15,14,13),SubmitF(9,6,13)]"
PROBLEM_grade__ARGS_NUM__MUT_1,3001,grade,Numeric,0.1,0,True,16,490,288,"[TestNumLessTEqu-Num(2,4,7),TestNumGreater-Num(3,4,9),SubmitF(10,9,6),Div-Num(4,0,8),LoadGrade-Num(15,1,10),Mod-Num(14,8,15),IfNot-Num(9,14,7),Dec-Num(1,4,1),TestNumLessTEqu-Num(15,1,2),SubmitB(2,4,3),Countdown-Num(2,6,2),SubmitD(13,3,1),Countdown-Num(7,3,5),SubmitC(13,2,15),IfNot-Num(15,5,15),SubmitA(13,11,14)]"
PROBLEM_grade__ARGS_NUM__MUT_1,3002,grade,Numeric,0.1,0,False,NONE,NONE,NONE,"NONE"
PROBLEM_grade__ARGS_NUM__MUT_1,3003,grade,Numeric,0.1,0,False,NONE,NONE,NONE,"NONE"
PROBLEM_grade__ARGS_NUM__MUT_1,3004,grade,Numeric,0.1,0,True,52,472,335,"[SubmitB(5,5,7),LoadThreshC-Num(10,15,7),Set-0-Num(14,8,9),TestNumGreaterTEqu-Num(12,6,9),Sub-Num(5,4,6),Mod-Num(15,5,5),Countdown-Num(9,5,12),SubmitB(5,14,8),Set-0-Num(7,15,5),TestNumLess-Num(4,0,5),SubmitC(5,5,10),SubmitA(6,2,3),If-Num(5,1,8),Set-0-Num(7,1,11),SubmitA(15,9,11),SubmitF(15,9,8),Floor-Num(3,12,9),Set-4-Num(5,3,4),CopyMem-Num(5,11,10),LoadGrade-Num(11,6,8),SubmitB(9,3,8),TestNumLess-Num(4,3,12),Set-7-Num(5,4,13),SubmitA(6,9,15),LoadThreshD-Num(3,1,11),SubmitF(15,13,3),LoadThreshC-Num(3,10,0),TestNumEqu-Num(14,6,10),TestNumGreaterTEqu-Num(15,6,1),Set-1-Num(6,1,8),Countdown-Num(12,2,7),LoadThreshB-Num(13,11,4),Set-0-Num(4,3,11),Set-0-Num(0,0,7),SubmitD(0,5,9),Close(1,7,2),SwapMem-Num(13,2,11),Set-15-Num(11,14,12),LoadThreshB-Num(0,10,14),SubmitF(13,11,1),Set-13-Num(9,7,12),If-Num(5,0,0),Add-Num(6,12,7),Add-Num(12,6,6),Add-Num(4,10,5),Set-14-Num(5,2,2),LoadThreshC-Num(1,3,5),SubmitC(12,9,2),Mod-Num(12,15,13),Set-9-Num(13,13,3),Floor-Num(11,7,6),TestNumLessTEqu-Num(10,13,7)]"
PROBLEM_grade__ARGS_NUM__MUT_1,3005,grade,Numeric,0.1,0,True,41,499,487,"[SubmitF(3,7,4),TestNumLessTEqu-Num(0,4,14),Set-8-Num(5,12,2),Div-Num(3,12,3),Mod-Num(8,12,8),LoadGrade-Num(11,12,12),Dec-Num(3,13,1),TestNumGreaterTEqu-Num(6,14,10),TestNumLessTEqu-Num(9,11,6),Dec-Num(1,7,13),Sub-Num(13,3,7),TestNumGreaterTEqu-Num(3,11,13),Sub-Num(6,13,12),While-Num(12,10,11),SubmitA(11,3,0),Set-11-Num(6,10,0),TestNumGreaterTEqu-Num(1,11,15),Inc-Num(6,14,9),If-Num(15,13,3),Set-9-Num(12,0,0),SubmitD(3,2,1),TestNumLess-Num(4,2,14),Not-Num(9,12,10),Close(9,1,8),Set-6-Num(11,15,1),Set-16-Num(9,5,13),Mod-Num(10,14,12),Set-12-Num(6,2,10),Set-8-Num(13,4,10),Inc-Num(3,9,12),TestNumGreater-Num(7,10,14),Countdown-Num(12,15,1),Set-12-Num(6,8,8),SubmitC(13,2,2),Set-5-Num(12,7,1),SwapMem-Num(9,4,8),Set-13-Num(12,7,2),Set-12-Num(2,11,0),LoadGrade-Num(11,9,4),CopyMem-Num(14,5,5),SubmitB(3,6,2)]"
PROBLEM_grade__ARGS_NUM__MUT_1,3006,grade,Numeric,0.1,0,False,NONE,NONE,NONE,"NONE"
PROBLEM_grade__ARGS_NUM__MUT_1,3007,grade,Numeric,0.1,0,True,13,445,358,"[TestNumGreater-Num(1,4,9),SubmitA(8,8,14),TestNumLess-Num(4,0,10),If-Num(10,8,13),TestNumLess-Num(4,2,6),SubmitB(15,14,4),TestNumGreater-Num(3,4,14),Countdown-Num(9,3,2),SubmitC(11,6,11),Countdown-Num(6,13,12),SubmitD(15,9,11),Countdown-Num(14,7,5),SubmitF(6,8,13)]"
PROBLEM_grade__ARGS_NUM__MUT_1,3008,grade,Numeric,0.1,0,True,59,413,272,"[Close(10,9,8),SubmitD(14,15,8),Add-Num(9,0,9),LoadThreshC-Num(0,0,3),TestNumGreaterTEqu-Num(4,3,8),TestNumGreaterTEqu-Num(4,1,11),Countdown-Num(11,2,13),TestNumLessTEqu-Num(9,4,15),Close(8,4,11),Set-15-Num(7,8,9),LoadGrade-Num(3,9,13),Sub-Num(12,13,6),Set-12-Num(7,1,4),SubmitF(13,2,1),Add-Num(14,10,9),Sub-Num(11,15,1),Inc-Num(8,13,11),LoadThreshD-Num(6,12,9),SubmitA(14,0,10),Dec-Num(6,7,9),Set-5-Num(12,6,3),Set-15-Num(11,4,13),Set-2-Num(9,1,5),Break(8,1,11),IfNot-Num(1,4,3),IfNot-Num(15,15,4),Set-5-Num(8,14,8),TestNumGreaterTEqu-Num(5,4,12),LoadThreshD-Num(13,6,9),Set-2-Num(14,10,11),TestNumNEqu-Num(0,2,6),SubmitD(8,13,1),Set-3-Num(14,0,1),Set-2-Num(11,10,2),Set-9-Num(3,12,2),TestNumNEqu-Num(4,1,12),Set-11-Num(15,8,1),Set-16-Num(6,10,15),TestNumGreaterTEqu-Num(12,9,0),Set-14-Num(3,13,2),LoadThreshA-Num(6,11,13),LoadThreshD-Num(0,9,4),SubmitB(10,1,0),Set-14-Num(13,11,8),Close(6,15,10),SubmitB(15,9,8),Close(12,6,15),Set-3-Num(5,1,4),SubmitD(11,11,1),LoadThreshB-Num(14,10,3),Inc-Num(5,11,4),SubmitB(4,3,13),Inc-Num(2,5,6),Not-Num(9,11,2),TestNumGreaterTEqu-Num(13,9,8),SubmitC(2,3,15),Set-0-Num(15,0,14),IfNot-Num(2,14,2),SubmitD(9,4,7)]"
PROBLEM_grade__ARGS_NUM__MUT_1,3009,grade,Numeric,0.1,0,True,74,429,206,"[Add-Num(6,0,14),TestNumLessTEqu-Num(1,4,8),TestNumGreater-Num(2,4,0),Set-11-Num(4,7,12),Close(0,0,1),CopyMem-Num(0,7,14),Set-13-Num(15,13,14),Floor-Num(2,9,5),SubmitC(6,14,3),Set-8-Num(4,4,12),SwapMem-Num(5,4,6),CopyMem-Num(2,15,15),Countdown-Num(0,14,15),Set-15-Num(8,6,3),SubmitF(15,11,0),Div-Num(4,7,14),Close(10,4,7),While-Num(8,13,0),Set-7-Num(5,4,5),TestNumGreater-Num(7,8,13),Mult-Num(3,15,7),LoadThreshA-Num(3,13,7),Set-11-Num(2,9,5),TestNumGreaterTEqu-Num(9,9,2),Set-2-Num(2,7,3),Set-16-Num(9,6,3),Set-16-Num(3,8,8),TestNumNEqu-Num(7,4,12),SubmitB(15,14,14),Set-5-Num(7,14,15),SubmitA(15,1,13),Set-2-Num(7,1,13),LoadThreshD-Num(1,12,4),SubmitF(15,5,13),Set-6-Num(9,15,2),LoadGrade-Num(10,15,3),TestNumLess-Num(10,14,5),SubmitB(5,6,5),IfNot-Num(5,0,13),LoadThreshA-Num(3,0,2),LoadThreshA-Num(4,12,15),Sub-Num(15,2,9),Set-7-Num(8,7,8),Mult-Num(6,9,5),SubmitD(2,10,4),CopyMem-Num(10,13,15),TestNumNEqu-Num(1,12,5),CopyMem-Num(3,3,2),Mod-Num(15,15,14),Set-11-Num(3,2,8),TestNumGreaterTEqu-Num(15,3,2),Set-16-Num(2,6,14),Set-12-Num(6,3,15),Not-Num(2,11,0),SubmitF(1,14,12),LoadThreshD-Num(13,11,11),LoadThreshB-Num(6,11,11),Set-1-Num(1,10,13),SubmitD(14,13,12),Set-11-Num(6,8,10),Div-Num(9,3,2),Set-0-Num(4,2,15),Set-1-Num(10,7,12),Set-1-Num(10,1,4),LoadThreshA-Num(14,10,12),CopyMem-Num(5,15,5),LoadThreshA-Num(0,3,9),LoadThreshD-Num(13,0,9),Set-15-Num(2,0,7),TestNumEqu-Num(13,7,14),SubmitA(5,15,6),SwapMem-Num(9,2,11),Inc-Num(11,2,3),LoadThreshD-Num(14,8,11)]"
PROBLEM_grade__ARGS_NUM__MUT_1,3010,grade,Numeric,0.1,0,True,22,253,105,"[SubmitF(10,4,3),TestNumGreaterTEqu-Num(4,3,5),LoadThreshB-Num(12,10,15),LoadThreshA-Num(7,14,10),While-Num(5,15,13),TestNumNEqu-Num(5,4,11),TestNumLessTEqu-Num(3,2,0),IfNot-Num(10,2,9),SubmitC(11,8,11),Close(11,3,7),Dec-Num(7,6,1),SubmitD(6,3,8),While-Num(0,10,2),TestNumGreater-Num(4,7,1),TestNumLessTEqu-Num(12,4,0),Set-8-Num(15,11,12),IfNot-Num(9,12,3),Close(3,15,2),SubmitA(11,1,3),Add-Num(11,4,3),IfNot-Num(1,13,7),SubmitB(0,14,3)]"
PROBLEM_grade__ARGS_NUM__MUT_1,3011,grade,Numeric,0.1,0,False,NONE,NONE,NONE,"NONE"
PROBLEM_grade__ARGS_NUM__MUT_1,3012,grade,Numeric,0.1,0,False,NONE,NONE,NONE,"NONE"
PROBLEM_grade__ARGS_NUM__MUT_1,3013,grade,Numeric,0.1,0,True,37,430,219,"[SubmitF(11,12,2),TestNumLessTEqu-Num(3,4,4),While-Num(4,9,5),SubmitD(12,0,14),Countdown-Num(4,12,3),TestNumLess-Num(6,2,1),Set-8-Num(4,9,11),TestNumLessTEqu-Num(14,4,10),Set-13-Num(13,6,5),LoadThreshB-Num(11,12,6),LoadGrade-Num(6,3,13),Floor-Num(6,7,2),IfNot-Num(1,1,13),LoadThreshA-Num(14,2,1),LoadThreshA-Num(3,8,10),Set-8-Num(14,7,13),LoadThreshB-Num(15,11,3),Set-11-Num(6,8,9),LoadThreshA-Num(5,0,12),LoadThreshB-Num(2,11,0),SubmitB(3,10,12),TestNumLessTEqu-Num(15,4,12),Mod-Num(11,8,14),Set-11-Num(1,0,11),Set-15-Num(9,8,14),Set-10-Num(1,1,15),While-Num(14,9,8),LoadGrade-Num(6,9,8),Set-1-Num(14,10,12),Set-0-Num(1,15,2),SubmitA(12,8,3),LoadThreshA-Num(11,0,11),TestNumLess-Num(6,11,8),Set-3-Num(13,12,12),TestNumLessTEqu-Num(7,13,6),SubmitC(0,3,9),Break(9,9,11)]"
PROBLEM_grade__ARGS_NUM__MUT_1,3014,grade,Numeric,0.1,0,False,NONE,NONE,NONE,"NONE"
PROBLEM_grade__ARGS_NUM__MUT_1,3015,grade,Numeric,0.1,0,False,NONE,NONE,NONE,"NONE"
PROBLEM_grade__ARGS_NUM__MUT_1,3016,grade,Numeric,0.1,0,False,NONE,NONE,NONE,"NONE"
PROBLEM_grade__ARGS_NUM__MUT_1,3017,grade,Numeric,0.1,0,True,21,455,348,"[Not-Num(8,14,10),Add-Num(4,8,10),Close(1,7,2),TestNumGreater-Num(1,4,8),Close(5,11,13),TestNumLessTEqu-Num(10,0,1),Close(7,8,7),SubmitC(7,10,13),Break(6,4,6),SubmitA(11,11,5),While-Num(1,7,6),SubmitB(8,15,14),LoadThreshD-Num(0,12,1),While-Num(8,6,5),Set-4-Num(3,5,13),While-Num(3,8,6),SubmitF(4,3,3),IfNot-Num(1,1,12),SubmitD(14,1,2),TestNumLessTEqu-Num(10,2,3),IfNot-Num(5,11,1)]"
PROBLEM_grade__ARGS_NUM__MUT_1,3018,grade,Numeric,0.1,0,False,NONE,NONE,NONE,"NONE"
PROBLEM_grade__ARGS_NUM__MUT_1,3019,grade,Numeric,0.1,0,True,25,450,227,"[Close(15,14,8),SubmitC(0,14,11),Set-3-Num(3,3,14),Dec-Num(1,5,15),Close(4,4,15),SubmitA(7,7,9),TestNumLess-Num(4,0,0),If-Num(0,11,2),SubmitD(0,11,5),IfNot-Num(3,5,3),While-Num(10,2,8),Close(4,13,9),IfNot-Num(1,5,5),SubmitF(5,3,5),Close(1,14,8),Close(4,0,7),LoadThreshC-Num(0,12,10),TestNumLess-Num(1,4,9),LoadThreshD-Num(14,4,3),TestNumLessTEqu-Num(14,4,1),TestNumGreaterTEqu-Num(4,0,3),Countdown-Num(3,12,10),Countdown-Num(9,1,12),SubmitB(10,15,1),Not-Num(9,13,5)]"
PROBLEM_grade__ARGS_NUM__MUT_1,3020,grade,Numeric,0.1,0,True,36,500,496,"[SubmitA(7,11,10),Sub-Num(3,7,15),Set-10-Num(3,0,1),Set-4-Num(11,5,4),TestNumLessTEqu-Num(0,4,11),IfNot-Num(11,14,7),TestNumGreaterTEqu-Num(4,15,9),Set-5-Num(5,4,10),TestNumLessTEqu-Num(12,5,13),SwapMem-Num(9,7,15),TestNumLessTEqu-Num(10,5,8),LoadThreshC-Num(11,6,0),TestNumGreaterTEqu-Num(4,1,5),While-Num(5,10,7),SubmitB(11,3,1),SubmitB(15,1,15),Close(8,11,5),Floor-Num(10,14,10),Set-3-Num(5,7,0),Sub-Num(10,12,5),Mod-Num(5,5,13),Add-Num(11,9,3),Set-6-Num(8,10,15),SubmitF(6,2,12),SwapMem-Num(8,8,9),Floor-Num(15,10,9),Dec-Num(9,13,0),Mult-Num(1,10,6),Mod-Num(15,3,8),Countdown-Num(7,9,15),Mod-Num(12,13,15),SubmitC(9,7,1),TestNumGreater-Num(3,4,8),Countdown-Num(8,7,4),SubmitD(12,7,14),Set-15-Num(2,14,9)]"
PROBLEM_grade__ARGS_NUM__MUT_1,3021,grade,Numeric,0.1,0,True,80,491,392,"[Close(5,13,11),Mult-Num(11,13,12),LoadThreshA-Num(15,11,5),Set-12-Num(5,13,9),Set-3-Num(5,11,13),LoadThreshA-Num(9,4,4),Not-Num(11,13,14),Inc-Num(10,11,10),LoadGrade-Num(15,11,1),LoadThreshD-Num(13,1,3),LoadThreshA-Num(3,15,13),SubmitB(5,6,13),LoadThreshA-Num(7,9,7),TestNumGreater-Num(0,12,4),TestNumGreater-Num(2,15,8),TestNumGreaterTEqu-Num(14,2,11),LoadThreshD-Num(12,13,7),Set-13-Num(0,11,15),Not-Num(2,11,3),LoadThreshB-Num(2,2,6),Close(14,0,11),Countdown-Num(7,11,6),Inc-Num(5,8,9),SubmitB(1,7,6),SubmitA(10,8,4),Mod-Num(10,5,2),Sub-Num(14,7,3),LoadThreshC-Num(0,2,12),LoadThreshD-Num(3,11,11),TestNumLess-Num(15,9,6),TestNumLessTEqu-Num(3,15,0),Set-1-Num(5,13,11),Set-1-Num(9,10,7),Mod-Num(0,7,2),Set-13-Num(10,1,11),LoadThreshA-Num(1,1,2),IfNot-Num(11,8,3),CopyMem-Num(14,7,0),While-Num(6,13,0),LoadGrade-Num(7,3,9),Set-8-Num(3,0,15),Set-8-Num(6,8,9),Div-Num(14,0,13),TestNumLessTEqu-Num(5,3,12),SubmitC(15,2,14),Set-2-Num(13,6,6),Set-14-Num(15,2,15),If-Num(8,7,7),Set-16-Num(15,9,15),Set-14-Num(15,6,11),TestNumGreater-Num(4,6,15),If-Num(0,14,1),Set-14-Num(5,2,7),LoadThreshD-Num(6,13,6),Set-5-Num(7,1,11),Close(1,11,9),Dec-Num(15,7,0),Set-11-Num(3,4,5),Mod-Num(12,1,11),Set-2-Num(3,7,1),Sub-Num(10,12,6),SubmitC(7,2,13),Mult-Num(3,11,11),Dec-Num(12,9,6),Set-8-Num(7,11,3),Set-12-Num(14,11,4),Set-8-Num(12,11,12),LoadThreshC-Num(1,14,12),Countdown-Num(0,11,8),SubmitF(0,3,10),Not-Num(3,3,6),Set-16-Num(14,11,7),Add-Num(2,7,14),SubmitD(5,14,8),Set-0-Num(2,1,5),Close(14,12,12),Dec-Num(11,10,5),TestNumNEqu-Num(8,0,6),Set-10-Num(0,4,5),Set-4-Num(4,9,14)]"
PROBLEM_grade__ARGS_NUM__MUT_1,3022,grade,Numeric,0.1,0,True,17,372,275,"[Inc-Num(4,11,8),TestNumLess-Num(3,4,0),SubmitF(12,9,2),Countdown-Num(0,14,9),SubmitD(8,3,7),SwapMem-Num(4,0,8),TestNumGreater-Num(2,4,6),IfNot-Num(6,10,13),SubmitC(15,10,6),LoadThreshA-Num(15,3,6),TestNumLessTEqu-Num(1,4,0),Add-Num(0,4,3),Countdown-Num(0,0,11),TestNumLess-Num(15,3,3),SubmitB(5,15,2),While-Num(3,10,14),SubmitA(7,4,4)]"
PROBLEM_grade__ARGS_NUM__MUT_1,3023,grade,Numeric,0.1,0,True,18,500,341,"[Inc-Num(4,7,4),Inc-Num(3,8,12),SubmitF(6,10,8),TestNumLess-Num(1,4,6),TestNumGreater-Num(4,2,10),TestNumGreaterTEqu-Num(4,3,9),If-Num(9,12,13),SubmitD(15,11,4),Countdown-Num(10,12,8),LoadGrade-Num(4,8,8),TestNumGreaterTEqu-Num(4,0,5),SubmitC(9,7,8),Countdown-Num(5,0,5),SubmitA(1,5,6),LoadThreshB-Num(5,7,7),Close(14,8,12),Countdown-Num(6,15,3),SubmitB(14,3,15)]"
PROBLEM_grade__ARGS_NUM__MUT_1,3024,grade,Numeric,0.1,0,False,NONE,NONE,NONE,"NONE"
PROBLEM_grade__ARGS_NUM__MUT_1,3025,grade,Numeric,0.1,0,False,NONE,NONE,NONE,"NONE"
PROBLEM_grade__ARGS_NUM__MUT_1,3026,grade,Numeric,0.1,0,True,56,472,378,"[LoadGrade-Num(15,9,13),Set-8-Num(5,1,1),Set-7-Num(11,0,3),Div-Num(7,5,5),SubmitD(3,9,10),TestNumLessTEqu-Num(3,4,14),SubmitB(1,14,9),Inc-Num(15,14,1),Set-1-Num(3,15,7),SubmitB(0,2,12),Set-7-Num(8,0,14),TestNumLessTEqu-Num(15,0,6),SubmitA(15,4,0),LoadGrade-Num(3,11,8),While-Num(6,10,0),TestNumGreater-Num(1,4,4),SubmitF(10,14,8),Set-0-Num(1,7,6),Set-6-Num(8,13,4),Set-5-Num(5,13,10),SubmitC(15,14,2),SubmitF(14,1,12),TestNumLessTEqu-Num(11,11,12),Countdown-Num(14,2,0),Set-1-Num(0,5,1),Inc-Num(6,6,10),TestNumLessTEqu-Num(2,3,9),Countdown-Num(11,1,5),SubmitC(13,3,10),SubmitD(12,6,11),Set-2-Num(0,11,15),Set-8-Num(0,4,1),Set-6-Num(14,7,13),Div-Num(4,3,4),TestNumLessTEqu-Num(9,7,10),Set-8-Num(6,8,2),SubmitA(0,12,2),Set-8-Num(7,6,10),IfNot-Num(4,15,5),Mod-Num(11,1,13),Not-Num(12,5,2),Not-Num(14,15,6),Close(5,0,10),LoadGrade-Num(4,0,9),LoadThreshD-Num(5,11,6),Mult-Num(7,10,4),SubmitB(7,14,10),Sub-Num(13,11,8),Set-14-Num(2,15,0),Set-5-Num(12,4,8),Set-1-Num(2,5,2),TestNumEqu-Num(15,9,3),SubmitC(0,5,0),Set-12-Num(11,7,8),Close(6,9,5),SubmitB(1,4,13)]"
PROBLEM_grade__ARGS_NUM__MUT_1,3027,grade,Numeric,0.1,0,True,29,460,234,"[LoadThreshB-Num(9,4,10),Set-10-Num(14,3,14),Close(8,14,12),TestNumGreaterTEqu-Num(7,13,6),Inc-Num(4,14,7),Close(7,9,15),Close(0,13,6),Set-3-Num(14,9,1),SubmitF(6,3,4),TestNumGreaterTEqu-Num(0,4,1),Set-10-Num(12,5,11),Div-Num(4,0,10),Dec-Num(14,8,7),LoadThreshC-Num(7,3,7),Close(14,4,14),CopyMem-Num(6,11,11),SubmitD(8,14,4),TestNumGreater-Num(4,2,3),LoadThreshB-Num(15,14,6),Set-4-Num(14,4,7),SubmitA(5,7,7),Countdown-Num(1,11,8),LoadThreshD-Num(0,7,11),Countdown-Num(3,9,7),While-Num(2,15,7),SubmitC(6,15,6),Countdown-Num(14,13,15),SubmitB(14,9,9),TestNumGreater-Num(4,15,14)]"
PROBLEM_grade__ARGS_NUM__MUT_1,3028,grade,Numeric,0.1,0,False,NONE,NONE,NONE,"NONE"
PROBLEM_grade__ARGS_NUM__MUT_1,3029,grade,Numeric,0.1,0,True,34,449,272,"[SubmitA(0,10,4),TestNumGreater-Num(0,4,5),While-Num(5,6,10),LoadGrade-Num(13,12,10),TestNumGreaterTEqu-Num(13,2,12),If-Num(5,10,2),Set-15-Num(14,12,15),Set-12-Num(5,7,10),Set-1-Num(2,5,1),While-Num(15,0,15),Set-4-Num(0,10,4),LoadThreshD-Num(8,9,10),SubmitC(13,4,11),TestNumGreater-Num(8,13,12),TestNumLess-Num(10,6,15),Close(8,2,12),TestNumLessTEqu-Num(1,13,10),Set-13-Num(14,5,6),Set-10-Num(0,2,11),While-Num(10,15,2),SubmitB(4,9,7),Close(5,2,9),SubmitF(2,12,10),Set-12-Num(15,14,7),Mod-Num(1,9,5),IfNot-Num(12,11,8),Add-Num(4,7,7),SubmitD(13,1,14),Add-Num(6,12,10),Dec-Num(0,2,1),Set-16-Num(2,10,6),Set-10-Num(0,10,3),Set-16-Num(5,6,4),LoadThreshA-Num(1,8,12)]"
PROBLEM_grade__ARGS_NUM__MUT_1,3030,grade,Numeric,0.1,0,True,102,437,234,"[TestNumNEqu-Num(5,7,7),TestNumNEqu-Num(10,5,13),Add-Num(8,6,10),SwapMem-Num(2,13,9),SubmitF(13,13,8),Dec-Num(3,8,6),Set-11-Num(5,3,2),Sub-Num(7,3,8),Set-1-Num(6,12,2),Set-5-Num(12,3,7),Floor-Num(13,1,6),Close(5,3,0),LoadThreshB-Num(2,5,6),TestNumGreater-Num(13,12,13),SubmitB(11,4,7),SubmitC(8,3,10),Sub-Num(3,14,12),Dec-Num(0,5,5),Set-0-Num(9,6,9),SubmitF(13,12,15),LoadThreshB-Num(14,3,6),Div-Num(0,4,11),SubmitC(14,15,6),TestNumGreaterTEqu-Num(4,1,12),Set-14-Num(13,10,7),LoadThreshB-Num(13,3,7),TestNumGreaterTEqu-Num(1,4,2),LoadThreshA-Num(9,1,12),Set-7-Num(5,3,10),TestNumLessTEqu-Num(7,10,1),LoadThreshD-Num(7,11,8),While-Num(12,1,6),LoadGrade-Num(10,5,3),Set-10-Num(5,9,6),Set-11-Num(12,5,9),Set-6-Num(7,5,1),Dec-Num(9,12,4),Sub-Num(10,7,10),Set-16-Num(6,15,1),Break(2,2,1),Close(9,4,6),Set-3-Num(2,10,10),Set-4-Num(10,15,8),Set-8-Num(1,12,13),SubmitA(14,7,0),LoadThreshB-Num(9,7,9),SubmitF(13,8,5),LoadThreshC-Num(6,15,1),TestNumGreater-Num(4,0,11),Set-13-Num(10,7,9),Floor-Num(5,15,15),TestNumLess-Num(3,4,8),If-Num(8,12,13),Set-11-Num(6,11,2),LoadThreshC-Num(1,8,3),Set-4-Num(9,3,0),Floor-Num(2,6,12),SubmitD(3,12,7),While-Num(12,12,0),LoadThreshA-Num(2,1,10),Div-Num(4,4,12),Set-1-Num(1,2,2),TestNumGreater-Num(1,1,0),TestNumGreaterTEqu-Num(7,3,7),Sub-Num(9,12,12),Set-15-Num(13,15,0),Mod-Num(0,11,0),TestNumLessTEqu-Num(12,8,14),Mod-Num(6,0,13),Mult-Num(11,10,13),Set-3-Num(4,0,11),Div-Num(2,5,8),TestNumLess-Num(15,8,14),Floor-Num(9,8,2),LoadThreshB-Num(12,15,13),LoadThreshB-Num(0,10,3),LoadThreshC-Num(15,2,6),Set-8-Num(12,1,7),SubmitB(4,12,8),Dec-Num(7,1,2),LoadThreshB-Num(7,5,14),Sub-Num(12,4,3),Not-Num(14,15,11),Set-16-Num(5,12,1),Set-1-Num(1,5,14),SubmitA(12,6,2),Set-1-Num(0,10,0),Set-9-Num(7,2,3),Set-15-Num(14,3,7),Set-15-Num(13,9,5),SubmitC(15,11,5),IfNot-Num(11,7,0),SubmitB(12,10,14),Set-1-Num(1,13,11),TestNumLess-Num(11,5,9),Close(9,2,3),Sub-Num(9,13,1),Set-1-Num(14,15,12),Set-4-Num(0,9,10),Set-8-Num(0,4,15),Inc-Num(14,5,3),Div-Num(9,6,7)]"
PROBLEM_grade__ARGS_NUM__MUT_1,3031,grade,Numeric,0.1,0,False,NONE,NONE,NONE,"NONE"
PROBLEM_grade__ARGS_NUM__MUT_1,3032,grade,Numeric,0.1,0,True,36,423,337,"[LoadThreshC-Num(3,8,11),Inc-Num(4,8,10),While-Num(3,2,9),SwapMem-Num(0,1,0),Countdown-Num(6,0,5),Close(6,14,14),SubmitF(7,14,12),Not-Num(6,13,5),TestNumGreaterTEqu-Num(12,4,3),Countdown-Num(3,5,6),Close(8,4,13),Set-14-Num(7,0,15),Set-16-Num(10,7,6),Set-6-Num(12,13,13),TestNumGreaterTEqu-Num(1,4,3),SubmitD(10,5,11),Mult-Num(9,0,5),Sub-Num(10,8,14),Floor-Num(4,14,3),Sub-Num(1,6,15),LoadThreshC-Num(1,2,8),LoadThreshD-Num(12,4,6),LoadThreshA-Num(5,1,0),Close(11,11,5),Close(12,2,0),LoadThreshD-Num(10,7,13),Set-5-Num(11,6,10),Inc-Num(8,6,0),Sub-Num(15,9,14),Close(13,1,5),SubmitA(0,15,13),SubmitB(8,0,5),Countdown-Num(7,11,1),Set-10-Num(12,4,2),IfNot-Num(13,2,12),SubmitC(8,13,7)]"
PROBLEM_grade__ARGS_NUM__MUT_1,3033,grade,Numeric,0.1,0,True,102,406,271,"[Inc-Num(4,10,15),Close(8,1,0),TestNumGreater-Num(7,6,0),TestNumGreater-Num(14,14,7),Set-8-Num(14,12,2),Set-12-Num(15,7,0),Dec-Num(10,2,14),Set-10-Num(3,10,2),LoadGrade-Num(7,6,1),TestNumLessTEqu-Num(4,1,8),TestNumNEqu-Num(6,6,6),SubmitF(15,3,13),LoadThreshA-Num(1,8,3),Dec-Num(1,9,12),Dec-Num(1,6,7),TestNumEqu-Num(12,15,12),Set-14-Num(12,6,9),SwapMem-Num(7,6,2),LoadGrade-Num(11,15,4),Mod-Num(3,0,13),CopyMem-Num(4,6,15),Set-6-Num(15,9,7),If-Num(14,2,1),Div-Num(9,9,14),Set-12-Num(13,14,1),Close(15,4,4),Set-2-Num(15,14,15),Set-9-Num(12,15,2),Mod-Num(14,3,0),SubmitD(11,13,3),Set-8-Num(15,15,12),Sub-Num(11,3,12),TestNumNEqu-Num(5,8,0),Not-Num(11,4,6),LoadThreshA-Num(6,0,2),TestNumEqu-Num(15,15,13),If-Num(8,11,14),LoadGrade-Num(5,11,2),LoadThreshA-Num(12,14,1),Mult-Num(6,9,9),Mult-Num(9,13,4),CopyMem-Num(13,14,10),LoadThreshC-Num(13,12,9),Add-Num(5,9,6),Set-3-Num(4,4,4),LoadThreshD-Num(4,11,0),SubmitC(4,7,10),SubmitC(7,5,5),Close(14,5,12),Floor-Num(14,7,14),SubmitA(13,5,0),Set-16-Num(10,9,12),TestNumGreater-Num(13,5,9),Set-5-Num(2,7,15),SubmitB(13,8,15),Dec-Num(12,13,15),Set-12-Num(8,0,1),Set-0-Num(3,15,5),SubmitA(1,4,3),Break(8,13,0),Set-11-Num(15,9,6),Close(10,10,2),Not-Num(11,15,11),Set-1-Num(2,15,1),Close(5,9,5),Set-3-Num(11,7,5),TestNumGreaterTEqu-Num(10,15,15),CopyMem-Num(8,0,11),TestNumLess-Num(6,4,13),SubmitC(10,1,10),Floor-Num(9,8,12),Add-Num(2,1,12),LoadThreshB-Num(1,8,0),Set-12-Num(5,0,10),If-Num(13,15,14),LoadThreshD-Num(8,9,13),TestNumGreater-Num(3,2,15),Set-14-Num(8,9,11),Dec-Num(11,10,15),Close(4,6,11),Set-4-Num(7,4,7),While-Num(2,15,7),If-Num(9,12,12),SwapMem-Num(8,6,5),Set-12-Num(2,7,0),LoadThreshA-Num(7,6,12),If-Num(2,9,15),SubmitC(4,3,5),SubmitF(6,14,4),Sub-Num(5,14,8),Inc-Num(7,4,6),Set-16-Num(7,15,2),Set-12-Num(2,12,11),Set-4-Num(7,6,0),TestNumEqu-Num(8,11,3),Set-14-Num(8,10,3),TestNumEqu-Num(1,7,15),Set-1-Num(3,1,4),Set-12-Num(0,14,5),Set-16-Num(8,6,10),IfNot-Num(3,2,8),LoadThreshC-Num(10,11,10)]"
PROBLEM_grade__ARGS_NUM__MUT_1,3034,grade,Numeric,0.1,0,True,56,464,65,"[Inc-Num(7,14,6),While-Num(7,15,6),Set-3-Num(8,1,11),SubmitF(14,13,7),SubmitC(0,3,15),LoadThreshD-Num(14,11,12),TestNumLess-Num(0,8,5),TestNumLessTEqu-Num(12,9,12),SubmitB(13,0,10),Set-3-Num(12,10,3),CopyMem-Num(5,5,13),Set-7-Num(5,14,3),SubmitF(0,1,8),LoadGrade-Num(0,4,2),LoadGrade-Num(13,8,14),TestNumLessTEqu-Num(2,0,11),Mod-Num(8,4,4),Set-0-Num(14,3,14),Div-Num(2,2,2),Sub-Num(1,11,7),Sub-Num(2,14,6),TestNumEqu-Num(6,2,10),Set-9-Num(14,7,0),LoadThreshB-Num(12,13,11),SubmitD(13,15,6),Set-13-Num(3,6,10),LoadGrade-Num(14,12,3),Dec-Num(2,1,0),Floor-Num(4,4,11),Mult-Num(9,1,1),Countdown-Num(11,7,12),Set-8-Num(14,5,15),Set-6-Num(5,7,14),Set-8-Num(13,5,14),Set-0-Num(14,15,14),Inc-Num(1,3,12),Set-6-Num(13,9,0),LoadThreshA-Num(15,5,0),LoadThreshA-Num(5,4,14),Set-12-Num(6,10,9),Inc-Num(14,12,6),Sub-Num(14,12,13),TestNumLessTEqu-Num(2,11,14),Set-12-Num(15,6,2),TestNumLessTEqu-Num(12,0,14),Set-16-Num(8,5,0),LoadThreshD-Num(2,6,12),TestNumLessTEqu-Num(2,4,10),SubmitC(13,7,10),While-Num(14,11,0),LoadThreshA-Num(1,12,10),Countdown-Num(1,7,5),SubmitA(1,8,7),TestNumGreaterTEqu-Num(1,0,12),While-Num(12,6,3),SubmitB(1,10,8)]"
PROBLEM_grade__ARGS_NUM__MUT_1,3035,grade,Numeric,0.1,0,True,109,350,123,"[TestNumLess-Num(10,5,4),Inc-Num(14,11,13),Set-7-Num(8,12,1),Set-12-Num(2,1,9),Div-Num(0,8,6),Set-7-Num(13,5,2),Set-10-Num(14,0,15),TestNumNEqu-Num(3,13,8),SubmitF(1,7,13),Set-2-Num(2,9,11),TestNumGreater-Num(15,2,1),Set-1-Num(10,15,2),Set-0-Num(0,15,8),LoadGrade-Num(7,4,13),TestNumEqu-Num(4,3,3),Mod-Num(6,9,2),LoadThreshA-Num(6,5,6),LoadThreshD-Num(0,11,7),Set-7-Num(5,0,0),Set-2-Num(3,5,7),CopyMem-Num(9,13,13),Mod-Num(12,5,12),Sub-Num(3,13,2),TestNumNEqu-Num(0,12,12),Mod-Num(0,1,9),Close(10,14,6),LoadGrade-Num(3,10,7),LoadThreshC-Num(7,12,5),SubmitB(1,12,7),TestNumLess-Num(9,13,9),SubmitF(7,1,13),TestNumGreaterTEqu-Num(3,6,8),TestNumGreater-Num(7,3,1),LoadGrade-Num(2,3,4),SubmitC(1,9,2),Set-8-Num(10,2,14),SwapMem-Num(5,9,5),Set-14-Num(11,11,2),LoadGrade-Num(4,4,2),Set-8-Num(7,4,7),Set-9-Num(5,6,1),TestNumLessTEqu-Num(10,7,6),LoadThreshC-Num(13,2,6),Set-15-Num(6,8,14),Set-9-Num(6,9,8),SubmitD(1,13,2),Mult-Num(15,12,3),If-Num(5,7,8),Set-6-Num(9,12,10),If-Num(9,9,12),Mod-Num(2,8,11),If-Num(8,12,2),SubmitB(11,14,14),Close(13,2,0),Not-Num(15,7,4),TestNumNEqu-Num(9,1,2),LoadThreshB-Num(3,12,6),TestNumEqu-Num(8,6,2),CopyMem-Num(14,14,6),LoadGrade-Num(3,15,8),Set-0-Num(15,3,1),Sub-Num(11,5,15),Div-Num(1,5,5),Set-8-Num(9,4,8),TestNumGreaterTEqu-Num(4,8,12),TestNumGreaterTEqu-Num(8,7,15),Add-Num(14,1,13),TestNumGreaterTEqu-Num(3,14,8),LoadThreshA-Num(10,3,4),SubmitC(15,3,11),LoadThreshB-Num(6,11,4),Set-6-Num(3,14,2),While-Num(7,13,0),TestNumGreater-Num(0,4,7),Floor-Num(3,5,15),SwapMem-Num(9,3,4),Set-0-Num(14,7,7),SubmitA(9,7,12),TestNumGreater-Num(4,4,8),Set-1-Num(12,6,2),SwapMem-Num(15,5,0),If-Num(12,8,4),Countdown-Num(11,0,15),LoadThreshC-Num(0,9,9),SubmitA(10,5,2),Set-5-Num(14,3,10),If-Num(15,9,6),Mult-Num(3,13,5),Set-13-Num(11,10,1),If-Num(7,9,11),Set-16-Num(2,12,3),CopyMem-Num(9,11,15),SubmitF(9,12,11),Set-10-Num(14,7,2),LoadGrade-Num(3,4,12),SubmitF(14,9,6),LoadThreshD-Num(3,1,8),LoadGrade-Num(4,2,6),LoadThreshD-Num(10,4,15),LoadThreshC-Num(7,3,2),Close(1,8,14),Set-6-Num(10,13,0),LoadThreshA-Num(10,12,1),SubmitD(4,5,4),TestNumNEqu-Num(12,11,1),Set-2-Num(14,12,12),TestNumEqu-Num(7,5,8),TestNumNEqu-Num(1,14,11),TestNumEqu-Num(13,12,5)]"
PROBLEM_grade__ARGS_NUM__MUT_1,3036,grade,Numeric,0.1,0,True,49,478,359,"[SubmitA(8,12,0),LoadThreshC-Num(14,1,2),TestNumLess-Num(4,0,13),Set-16-Num(15,3,7),CopyMem-Num(1,8,1),Countdown-Num(13,8,6),If-Num(0,5,9),TestNumLessTEqu-Num(14,4,9),SubmitF(9,14,2),IfNot-Num(6,4,4),Close(12,3,0),TestNumGreaterTEqu-Num(14,5,7),Set-1-Num(13,9,10),TestNumGreater-Num(8,4,0),IfNot-Num(0,1,9),LoadThreshC-Num(13,7,5),SubmitD(11,3,7),LoadThreshA-Num(15,3,5),TestNumLess-Num(10,3,10),Add-Num(15,0,11),Close(13,5,6),TestNumGreaterTEqu-Num(13,10,5),Set-7-Num(2,14,6),LoadThreshD-Num(8,15,4),Set-8-Num(10,11,13),If-Num(9,6,9),Set-2-Num(0,13,8),IfNot-Num(6,13,12),Set-6-Num(11,14,0),While-Num(0,0,8),IfNot-Num(6,1,4),Set-5-Num(3,3,2),Set-4-Num(7,1,14),Set-14-Num(15,10,11),Set-10-Num(5,13,5),SubmitC(12,2,5),Set-16-Num(0,4,4),SubmitB(10,2,4),Set-16-Num(14,1,4),Set-11-Num(12,2,2),Set-10-Num(13,13,11),Mod-Num(7,15,7),TestNumLess-Num(1,14,13),Floor-Num(2,1,14),Set-15-Num(12,8,2),Set-4-Num(1,3,11),Set-4-Num(3,9,7),TestNumGreaterTEqu-Num(1,12,13),SubmitC(7,2,1)]"
PROBLEM_grade__ARGS_NUM__MUT_1,3037,grade,Numeric,0.1,0,True,76,426,216,"[Set-11-Num(0,13,5),Close(4,1,2),Set-7-Num(10,14,6),Sub-Num(1,14,15),Add-Num(13,12,2),TestNumLess-Num(10,7,3),Set-12-Num(13,3,1),SwapMem-Num(13,0,14),Mod-Num(1,6,9),SubmitD(6,0,14),Set-3-Num(6,0,11),Set-4-Num(14,6,5),TestNumGreaterTEqu-Num(8,10,6),Set-9-Num(3,10,7),Close(3,8,8),Inc-Num(9,4,15),Set-13-Num(13,15,8),LoadThreshC-Num(5,11,0),LoadThreshB-Num(10,6,13),LoadThreshD-Num(4,7,2),Set-14-Num(13,8,2),LoadGrade-Num(5,6,13),TestNumLessTEqu-Num(15,5,10),Sub-Num(7,5,3),TestNumLessTEqu-Num(14,11,9),TestNumLess-Num(6,1,15),Set-11-Num(7,5,9),TestNumGreaterTEqu-Num(15,0,13),Set-3-Num(3,2,2),Mod-Num(9,5,7),Set-15-Num(7,13,8),TestNumGreater-Num(9,2,2),Floor-Num(10,15,7),Set-9-Num(6,2,13),Set-9-Num(12,11,7),Set-11-Num(6,4,5),SubmitF(2,10,3),SubmitD(14,14,12),TestNumGreaterTEqu-Num(5,7,9),LoadThreshA-Num(14,2,5),Set-13-Num(8,0,9),LoadGrade-Num(7,8,2),Break(5,10,8),TestNumGreaterTEqu-Num(5,4,1),LoadThreshC-Num(7,10,14),Div-Num(2,10,15),LoadGrade-Num(7,8,0),LoadThreshD-Num(13,9,11),Set-16-Num(13,15,9),SubmitC(1,10,0),Break(10,9,10),Countdown-Num(10,0,3),SubmitB(12,1,6),TestNumLess-Num(7,14,10),SubmitA(0,14,13),Close(14,7,14),TestNumEqu-Num(1,13,15),Set-15-Num(4,14,9),Countdown-Num(12,3,8),Not-Num(3,4,6),Set-13-Num(11,4,9),Set-4-Num(14,11,5),TestNumLessTEqu-Num(5,7,12),LoadThreshC-Num(5,7,1),TestNumGreaterTEqu-Num(11,12,6),Add-Num(15,2,14),Close(9,8,8),SubmitF(13,9,3),LoadThreshB-Num(9,6,2),Set-4-Num(0,2,1),Set-13-Num(9,11,8),Set-12-Num(15,9,11),Set-10-Num(2,2,4),Inc-Num(0,0,4),IfNot-Num(1,13,14),TestNumLess-Num(4,9,8)]"
PROBLEM_grade__ARGS_NUM__MUT_1,3038,grade,Numeric,0.1,0,False,NONE,NONE,NONE,"NONE"
PROBLEM_grade__ARGS_NUM__MUT_1,3039,grade,Numeric,0.1,0,True,57,311,270,"[Mod-Num(2,7,10),Set-8-Num(7,7,14),Mod-Num(4,3,11),SubmitB(5,5,10),Set-12-Num(8,7,1),TestNumGreaterTEqu-Num(11,4,5),Add-Num(4,3,14),Close(1,7,15),LoadThreshA-Num(2,0,11),LoadThreshC-Num(8,7,2),Set-2-Num(7,4,1),SwapMem-Num(5,2,9),LoadThreshC-Num(6,12,9),LoadGrade-Num(7,3,12),TestNumLessTEqu-Num(12,4,6),LoadGrade-Num(5,11,5),SwapMem-Num(2,9,0),Set-13-Num(13,7,0),Mod-Num(7,9,12),SubmitD(7,6,4),Set-7-Num(11,2,2),LoadThreshB-Num(12,10,3),Not-Num(12,14,1),Set-2-Num(8,10,5),While-Num(14,4,9),While-Num(6,12,11),SubmitC(13,1,12),Set-14-Num(3,11,15),SubmitF(10,0,3),Set-12-Num(12,7,1),Dec-Num(6,14,3),IfNot-Num(9,4,13),Set-3-Num(5,9,11),SubmitB(13,15,0),Dec-Num(15,6,4),While-Num(5,5,6),SubmitD(2,11,1),SubmitA(14,14,10),SubmitA(6,10,14),Sub-Num(7,12,2),SubmitD(7,5,9),Floor-Num(7,12,1),LoadThreshA-Num(11,13,15),Set-7-Num(6,9,10),Set-4-Num(11,15,2),Mod-Num(3,0,6),Inc-Num(9,15,0),TestNumGreaterTEqu-Num(4,1,5),Not-Num(14,0,5),LoadThreshC-Num(12,3,4),Set-3-Num(10,11,10),LoadThreshC-Num(7,10,13),Set-2-Num(14,15,9),LoadThreshA-Num(1,5,9),SubmitB(11,9,9),Set-0-Num(9,5,2),TestNumGreaterTEqu-Num(1,10,11)]"
PROBLEM_grade__ARGS_NUM__MUT_1,3040,grade,Numeric,0.1,0,True,20,486,338,"[SubmitF(5,12,7),TestNumLessTEqu-Num(3,4,1),If-Num(1,1,2),LoadThreshB-Num(14,12,14),Set-10-Num(1,15,3),LoadThreshB-Num(13,4,9),LoadGrade-Num(8,8,8),TestNumLess-Num(8,0,13),TestNumLess-Num(8,14,0),SubmitA(3,13,1),While-Num(13,11,11),SubmitB(7,5,10),TestNumGreaterTEqu-Num(8,2,13),If-Num(0,5,2),SubmitC(1,10,14),LoadThreshD-Num(1,10,0),Set-8-Num(15,14,11),LoadGrade-Num(0,8,4),SubmitD(2,12,7),Set-3-Num(6,2,11)]"
PROBLEM_grade__ARGS_NUM__MUT_1,3041,grade,Numeric,0.1,0,True,32,494,257,"[LoadGrade-Num(5,3,9),LoadThreshB-Num(13,10,3),TestNumGreater-Num(0,5,12),Close(12,6,11),Set-16-Num(6,14,6),SubmitA(9,3,9),While-Num(12,7,4),LoadThreshD-Num(15,13,1),Inc-Num(6,0,2),TestNumGreaterTEqu-Num(5,13,10),Div-Num(14,13,14),Mult-Num(9,11,13),SubmitF(9,1,15),Set-12-Num(13,6,14),Inc-Num(12,15,10),LoadThreshC-Num(3,7,13),Set-8-Num(4,6,3),Set-10-Num(3,7,15),LoadGrade-Num(2,9,13),CopyMem-Num(15,13,11),Mod-Num(2,1,15),LoadThreshA-Num(9,0,14),SubmitD(12,9,0),Countdown-Num(10,6,2),SubmitC(14,4,6),CopyMem-Num(8,9,14),TestNumEqu-Num(2,13,10),LoadThreshC-Num(13,1,1),Sub-Num(5,7,4),Countdown-Num(6,2,4),Set-4-Num(10,9,11),SubmitB(9,5,15)]"
PROBLEM_grade__ARGS_NUM__MUT_1,3042,grade,Numeric,0.1,0,False,NONE,NONE,NONE,"NONE"
PROBLEM_grade__ARGS_NUM__MUT_1,3043,grade,Numeric,0.1,0,False,NONE,NONE,NONE,"NONE"
PROBLEM_grade__ARGS_NUM__MUT_1,3044,grade,Numeric,0.1,0,True,70,495,488,"[Floor-Num(12,13,13),SubmitC(14,14,5),SubmitB(8,6,10),Floor-Num(6,9,15),Set-4-Num(11,12,6),LoadGrade-Num(13,13,10),SubmitB(8,12,14),Set-3-Num(3,14,5),Inc-Num(4,5,11),Close(3,7,0),Add-Num(3,0,2),Mod-Num(3,6,1),Set-4-Num(3,2,15),TestNumGreaterTEqu-Num(0,4,14),Mult-Num(4,6,10),LoadThreshA-Num(10,5,8),CopyMem-Num(10,10,9),Mod-Num(12,6,8),LoadThreshB-Num(8,5,9),SubmitF(4,4,7),LoadThreshC-Num(10,0,6),SubmitC(14,3,7),SubmitF(2,1,5),CopyMem-Num(2,4,0),SubmitF(3,10,5),Break(7,13,1),Set-4-Num(6,4,8),Sub-Num(1,14,10),SubmitA(4,5,12),Countdown-Num(14,6,12),TestNumEqu-Num(9,13,0),Set-9-Num(7,13,6),LoadThreshD-Num(4,13,15),Mod-Num(0,2,7),LoadGrade-Num(0,3,2),TestNumLess-Num(10,13,14),Sub-Num(0,13,15),Inc-Num(13,7,15),Mod-Num(6,0,10),Set-1-Num(8,7,3),LoadThreshB-Num(8,9,14),While-Num(13,3,2),SubmitD(0,14,3),LoadThreshA-Num(3,2,4),CopyMem-Num(13,2,11),Floor-Num(3,5,1),Set-5-Num(7,5,12),Mod-Num(3,14,0),Dec-Num(9,5,8),CopyMem-Num(10,9,10),Set-0-Num(15,4,14),SubmitC(0,1,3),If-Num(14,1,2),LoadThreshA-Num(6,4,9),TestNumNEqu-Num(6,12,12),CopyMem-Num(8,2,15),Mod-Num(2,7,6),Set-15-Num(12,4,7),CopyMem-Num(3,6,11),SubmitB(13,12,6),LoadThreshA-Num(0,10,8),Set-12-Num(2,10,9),Set-8-Num(3,3,11),TestNumLessTEqu-Num(14,14,14),Set-5-Num(15,10,2),Mult-Num(6,7,2),LoadThreshD-Num(14,4,8),Set-16-Num(14,10,10),TestNumLessTEqu-Num(3,0,3),LoadGrade-Num(1,14,3)]"
PROBLEM_grade__ARGS_NUM__MUT_1,3045,grade,Numeric,0.1,0,True,48,321,251,"[Close(12,5,12),Set-10-Num(0,7,7),Set-10-Num(6,15,9),Set-2-Num(15,12,14),SubmitB(12,6,9),Div-Num(1,8,10),LoadThreshC-Num(14,8,12),Set-14-Num(10,15,14),Set-8-Num(1,15,2),CopyMem-Num(8,13,14),Set-13-Num(9,8,8),LoadThreshA-Num(14,9,13),Set-16-Num(0,11,4),SubmitF(4,1,5),Add-Num(5,5,1),Dec-Num(9,0,0),SubmitA(10,6,14),Floor-Num(8,7,14),LoadGrade-Num(9,0,3),LoadGrade-Num(1,1,2),Dec-Num(1,4,5),Close(1,14,2),CopyMem-Num(0,9,10),Set-7-Num(4,13,1),LoadGrade-Num(8,15,2),TestNumLessTEqu-Num(3,8,13),SubmitF(10,0,5),TestNumGreaterTEqu-Num(8,2,3),Countdown-Num(13,10,12),SubmitC(12,2,5),SubmitC(1,1,3),LoadThreshB-Num(2,10,4),Mult-Num(10,4,11),Mod-Num(13,7,15),Floor-Num(12,1,7),Set-2-Num(6,2,6),SubmitD(0,8,0),Set-8-Num(8,0,2),Set-9-Num(14,2,1),Inc-Num(5,8,14),LoadThreshD-Num(12,3,3),Sub-Num(12,14,7),While-Num(3,14,0),Set-11-Num(11,13,7),SubmitC(1,9,1),LoadThreshA-Num(2,3,9),Countdown-Num(3,13,0),SwapMem-Num(9,3,9)]"
PROBLEM_grade__ARGS_NUM__MUT_1,3046,grade,Numeric,0.1,0,True,76,476,331,"[TestNumLessTEqu-Num(0,4,11),LoadThreshB-Num(8,6,0),TestNumGreaterTEqu-Num(4,8,8),Floor-Num(12,7,14),Set-9-Num(6,12,0),Set-16-Num(3,15,0),Set-0-Num(10,11,10),Sub-Num(5,4,9),Set-13-Num(5,5,10),LoadThreshA-Num(6,0,10),SubmitD(6,3,9),Mod-Num(11,13,9),Floor-Num(11,10,12),Set-4-Num(12,6,9),Sub-Num(4,10,6),SubmitC(4,13,3),Set-4-Num(12,3,7),Add-Num(4,12,13),Set-10-Num(0,4,5),Floor-Num(2,2,0),Set-10-Num(6,6,1),Set-13-Num(3,7,8),Break(10,13,11),TestNumGreater-Num(4,2,5),Set-2-Num(15,5,14),TestNumGreaterTEqu-Num(12,13,10),Set-9-Num(3,2,2),Sub-Num(9,2,13),SwapMem-Num(1,4,4),Set-2-Num(12,9,8),Close(0,6,9),Set-14-Num(5,8,2),Mult-Num(3,14,13),Countdown-Num(2,14,11),LoadThreshC-Num(0,3,7),Inc-Num(13,9,11),Mult-Num(8,3,10),LoadThreshD-Num(3,0,12),If-Num(11,14,6),Set-15-Num(14,7,2),Sub-Num(3,10,0),Floor-Num(5,1,11),SubmitF(3,4,0),Set-15-Num(13,0,6),Set-11-Num(8,5,12),SubmitD(6,6,9),LoadThreshB-Num(3,7,10),Close(11,11,5),Mod-Num(1,9,5),CopyMem-Num(5,14,14),Set-9-Num(11,11,10),LoadThreshB-Num(7,2,7),TestNumLess-Num(1,0,2),Mult-Num(2,0,4),Set-2-Num(7,5,10),Set-15-Num(5,10,8),TestNumLess-Num(12,9,0),Div-Num(5,9,15),Countdown-Num(10,10,8),Set-5-Num(5,7,5),Set-2-Num(0,9,8),SubmitF(2,2,12),Mod-Num(2,9,12),SubmitA(15,13,5),Set-4-Num(1,12,4),TestNumLess-Num(5,4,5),Set-15-Num(13,7,11),Set-1-Num(10,0,12),TestNumLessTEqu-Num(5,3,14),Set-2-Num(4,4,14),Set-2-Num(7,2,12),IfNot-Num(2,10,4),Set-12-Num(2,3,7),CopyMem-Num(8,8,11),Close(3,4,0),SubmitB(9,5,9)]"
PROBLEM_grade__ARGS_NUM__MUT_1,3047,grade,Numeric,0.1,0,True,93,483,343,"[Set-0-Num(6,4,8),TestNumGreaterTEqu-Num(4,1,7),TestNumLessTEqu-Num(3,4,12),LoadThreshA-Num(14,10,15),SubmitD(1,10,12),SubmitF(15,6,6),Set-6-Num(15,12,7),Add-Num(3,3,6),While-Num(12,3,15),SubmitB(14,13,10),Mod-Num(10,8,13),LoadThreshA-Num(15,6,3),Set-9-Num(6,1,1),Set-14-Num(2,6,4),LoadGrade-Num(4,3,3),Add-Num(4,1,14),Set-9-Num(3,9,4),TestNumGreater-Num(2,7,1),Dec-Num(11,4,4),Set-4-Num(0,15,2),Set-8-Num(1,3,9),LoadThreshC-Num(8,15,0),Set-16-Num(3,9,6),Set-3-Num(11,7,0),SubmitB(0,10,4),Set-1-Num(9,9,1),TestNumLess-Num(3,8,11),SubmitC(14,8,7),SubmitD(12,5,6),Floor-Num(1,14,12),Set-14-Num(15,4,14),Set-8-Num(12,11,2),While-Num(8,15,0),Set-1-Num(5,8,13),Add-Num(3,10,14),Set-14-Num(0,9,12),Set-7-Num(6,14,1),LoadThreshA-Num(9,7,12),LoadThreshA-Num(8,0,5),LoadThreshC-Num(14,1,6),Set-10-Num(9,2,5),TestNumEqu-Num(8,13,11),SwapMem-Num(15,12,5),Set-10-Num(9,8,6),LoadThreshC-Num(14,8,4),If-Num(3,7,0),SubmitF(2,8,6),SubmitD(3,4,12),LoadGrade-Num(4,7,7),LoadGrade-Num(9,3,0),SubmitF(7,8,9),SubmitF(14,6,11),TestNumGreater-Num(10,8,5),Inc-Num(9,12,11),While-Num(1,9,3),While-Num(0,13,2),SubmitA(5,14,8),SwapMem-Num(4,10,1),SubmitC(5,5,1),Set-8-Num(10,0,11),SubmitC(15,6,5),TestNumGreater-Num(14,8,0),TestNumLessTEqu-Num(9,8,0),Mult-Num(5,3,15),Set-4-Num(2,8,8),TestNumGreaterTEqu-Num(3,7,3),LoadThreshD-Num(3,7,6),Set-0-Num(6,1,2),Set-7-Num(15,15,8),SubmitD(9,7,2),Set-14-Num(10,14,1),Set-9-Num(14,12,9),Set-8-Num(8,6,13),TestNumLessTEqu-Num(14,11,2),LoadGrade-Num(3,15,9),SubmitC(0,14,13),Mult-Num(8,2,6),Div-Num(13,13,2),LoadGrade-Num(4,8,6),CopyMem-Num(11,6,8),Floor-Num(2,3,0),LoadThreshD-Num(8,5,8),LoadThreshC-Num(8,5,12),If-Num(7,12,13),Dec-Num(4,2,10),Set-1-Num(3,13,7),Inc-Num(11,1,15),LoadGrade-Num(10,8,12),SubmitB(0,3,2),LoadGrade-Num(3,9,13),SubmitA(6,7,1),Set-13-Num(12,1,6),Not-Num(3,4,14)]"
PROBLEM_grade__ARGS_NUM__MUT_1,3048,grade,Numeric,0.1,0,True,22,440,192,"[Close(15,9,5),LoadGrade-Num(14,6,12),TestNumLessTEqu-Num(2,14,9),SubmitA(4,5,3),Dec-Num(0,7,0),TestNumLessTEqu-Num(4,0,5),Set-8-Num(13,2,9),While-Num(5,14,1),TestNumGreater-Num(3,4,12),SubmitF(8,6,1),IfNot-Num(12,10,15),SubmitC(7,8,12),Countdown-Num(5,10,8),SubmitD(7,6,13),TestNumNEqu-Num(11,9,13),While-Num(9,15,7),SubmitC(15,15,0),LoadGrade-Num(4,10,10),LoadThreshB-Num(0,10,15),SubmitB(9,4,11),Countdown-Num(13,7,14),TestNumNEqu-Num(10,2,5)]"
PROBLEM_grade__ARGS_NUM__MUT_1,3049,grade,Numeric,0.1,0,True,72,476,147,"[Close(12,4,15),Set-4-Num(12,10,12),Div-Num(13,0,7),Set-2-Num(13,6,1),Dec-Num(7,5,6),SubmitD(10,13,1),Set-14-Num(5,9,14),SubmitF(13,6,6),Close(10,7,13),Set-11-Num(12,11,8),Floor-Num(12,1,0),Floor-Num(12,11,15),Set-1-Num(6,3,9),Set-6-Num(15,5,12),Set-15-Num(15,9,10),Div-Num(8,14,7),SubmitF(3,14,1),Set-3-Num(12,2,15),LoadGrade-Num(4,5,9),Inc-Num(7,12,6),TestNumLessTEqu-Num(2,4,2),Sub-Num(4,13,6),Set-8-Num(5,5,5),LoadGrade-Num(6,5,14),LoadThreshB-Num(13,4,11),Set-11-Num(5,9,2),SubmitD(6,5,11),LoadThreshC-Num(14,15,14),LoadThreshC-Num(3,11,7),If-Num(2,3,7),SubmitC(5,0,2),Sub-Num(14,2,5),Set-12-Num(11,9,8),TestNumNEqu-Num(3,8,11),Close(2,2,2),Break(6,6,9),CopyMem-Num(5,7,8),SubmitB(7,13,3),SubmitC(13,15,15),SubmitF(12,5,11),LoadThreshC-Num(9,7,10),Set-5-Num(15,15,6),TestNumLess-Num(4,0,8),SubmitC(11,13,13),IfNot-Num(8,1,2),Set-6-Num(12,10,7),Set-3-Num(4,0,1),Not-Num(8,1,5),Floor-Num(12,2,6),SubmitA(0,5,15),Set-11-Num(2,0,15),Set-10-Num(8,8,1),Dec-Num(0,3,2),Close(11,3,10),Set-0-Num(5,11,9),Set-4-Num(0,8,10),Close(8,14,1),Set-6-Num(2,4,12),SubmitD(13,9,4),LoadThreshD-Num(5,13,15),Set-7-Num(0,3,0),SubmitB(12,13,8),Set-1-Num(3,6,11),LoadThreshD-Num(0,0,1),Break(1,4,15),Set-3-Num(8,15,1),LoadThreshB-Num(2,8,2),SubmitC(4,9,4),Floor-Num(11,11,9),CopyMem-Num(2,2,11),IfNot-Num(15,9,12),Div-Num(7,6,8)]"
PROBLEM_grade__ARGS_NUM__MUT_1,3050,grade,Numeric,0.1,0,True,56,369,203,"[Sub-Num(0,4,13),Set-9-Num(7,0,2),Set-8-Num(5,4,13),Set-13-Num(11,1,14),Set-1-Num(10,15,4),LoadThreshD-Num(15,9,14),CopyMem-Num(11,11,14),TestNumGreaterTEqu-Num(13,10,14),Set-3-Num(3,7,11),Set-4-Num(9,11,0),Set-9-Num(0,3,12),Set-4-Num(7,7,6),SubmitA(13,3,10),Set-7-Num(6,3,6),Countdown-Num(14,3,1),Inc-Num(7,7,10),Set-16-Num(6,8,8),TestNumGreaterTEqu-Num(15,10,1),Set-16-Num(13,11,13),TestNumEqu-Num(6,9,5),Set-11-Num(1,7,9),LoadThreshC-Num(8,0,15),TestNumGreaterTEqu-Num(14,7,8),Set-8-Num(2,8,8),Dec-Num(15,11,2),Add-Num(9,5,11),Set-0-Num(4,4,2),LoadThreshB-Num(6,2,8),TestNumGreaterTEqu-Num(10,7,14),TestNumEqu-Num(4,13,4),Set-15-Num(1,15,1),SubmitF(9,12,0),Floor-Num(12,13,15),LoadGrade-Num(7,13,9),IfNot-Num(14,5,7),Set-10-Num(15,2,7),Set-16-Num(10,9,0),SubmitD(2,0,10),LoadThreshB-Num(8,5,8),Set-0-Num(14,11,14),LoadThreshD-Num(10,13,12),Countdown-Num(3,12,10),Dec-Num(8,14,14),SwapMem-Num(14,13,2),TestNumLess-Num(8,7,15),LoadThreshC-Num(8,6,2),Set-13-Num(12,11,15),Div-Num(9,12,14),LoadThreshC-Num(13,3,6),Countdown-Num(15,1,2),While-Num(0,14,3),Set-2-Num(15,5,5),SubmitC(11,11,13),SubmitB(10,0,13),If-Num(14,7,6),CopyMem-Num(1,0,2)]"
PROBLEM_grade__ARGS_TAG_BF__MUT_0001,6151,grade,Tag-BitFlips,0.0001,0,True,24,415,366,"[SubmitF(0010101111001111,1110110101010001,1100100111111101),Inc-Tag(0010100100001011,0111100111001011,0011010100010110),TestNumGreater-Tag(0010110100111111,1001001000011101,1000001110010000),If-Tag(1001100001011000,1100101011110110,0110111000001111),Mod-Tag(1111111001101110,0010101101001100,1000001000000101),SwapMem-Tag(0101001011010100,1000100000000101,1000100100001001),SubmitA(1101010110010111,1110011011000100,0101111000110100),LoadThreshC-Tag(1010011101001110,0100010111011100,1001111100000010),LoadThreshB-Tag(1111010010111001,1100000101111010,1011001011011001),LoadThreshA-Tag(0011110010110101,0001111110101111,0010010100011110),Countdown-Tag(0100111010011000,0111001111101010,0110001001011101),Sub-Tag(1110101110000100,0110001101010101,1011110011100001),Countdown-Tag(0000011000001100,1101010111000010,0010101000011000),Countdown-Tag(0010010011100011,0011001100101100,0001000101000100),LoadGrade-Tag(0000101110110010,0001011101111001,0011011001000100),SubmitD(1000010000100100,1011001111011101,1000111110101000),TestNumGreater-Tag(1011010100101011,1000101100010110,0011011101000100),While-Tag(1101110001010001,1000101010011110,0100100111010101),Countdown-Tag(0010010011100011,0011001100111100,0001000101000100),SubmitC(1010010101111101,0010101011110101,0011001110101000),Add-Tag(0100000110110001,0110011010100011,0000100100001110),TestNumGreater-Tag(1011010100101011,1000101100010110,0011011101000100),While-Tag(1101110001010001,1000101010001110,0100100111010101),SubmitB(1101100101100101,0010101111001101,0011111000101001)]"
PROBLEM_grade__ARGS_TAG_BF__MUT_0001,6152,grade,Tag-BitFlips,0.0001,0,True,51,455,290,"[CopyMem-Tag(0011110101000000,0111110000010001,0000101010011010),LoadThreshD-Tag(1110000101111101,0101110110101011,1001001100110110),Set-2-Tag(1111111101010101,1010000100111100,0011110101110101),Close(0000100101001101,0011000100000110,1110110000010101),CopyMem-Tag(0100011011110111,1001011111011000,1000000001011111),SubmitA(0000010001111110,1111011000010110,1101000000111100),LoadThreshA-Tag(1101100110101010,0000000100011100,1100100111101000),Set-7-Tag(1001101101001101,0010010000110100,0111111000000010),LoadThreshC-Tag(1101101101000001,0011011100100000,0011101111011101),Set-2-Tag(0110110010111000,1110101100101110,0011001001110100),LoadThreshA-Tag(1011100000000100,1000010001100010,1100001000000010),Set-4-Tag(0001010011111000,0011111000000100,1100000110111100),LoadThreshB-Tag(1110001000101100,1001000000000010,0001001011011100),Set-16-Tag(0001110100111011,1101110001001110,0001000000010101),Set-14-Tag(0001001000110001,0011001011011000,0110010111111110),Not-Tag(1011010110100001,1110101000110100,0101011000000101),Countdown-Tag(1110011001011110,0110111011100111,0100100111101101),TestNumLessTEqu-Tag(0011000000110000,0100101011111101,0011101110010010),Floor-Tag(0101000111110001,1001100010100110,1100000101101110),Close(1111100111010101,1010010101011100,1110000011011010),TestNumNEqu-Tag(0011000001111100,1100000000011101,0111110111100101),Set-7-Tag(1110001000000001,1111110010101001,1001101110011111),TestNumLess-Tag(0100000111010100,1101000000101100,1110001101000011),Inc-Tag(1000110011100000,0011011011011010,1010001111011001),SubmitA(1100100010010000,0010001100110111,1111110010011011),Set-10-Tag(0111110111001010,0110111100111101,0010010110101011),SubmitC(0110100111011111,0110100111010111,0111001000010010),Set-10-Tag(1001000010000000,0000011111011011,1111100001111000),If-Tag(0010000011000110,1001011010111000,0111101111001001),While-Tag(1101001101101010,0101001010100100,1110011010000111),SubmitD(1100111001000000,1110010101001001,1111011011010000),LoadThreshC-Tag(1101001000010110,0100111100110011,0111110011111011),Div-Tag(0101001001000100,0100111101101000,1001001100000001),Mod-Tag(0101111101111101,1010101101011011,0001010010011000),Set-8-Tag(1011111110001110,1111100000100001,0010100001001111),SubmitF(0100000111100101,1010010001001000,0010010011111111),TestNumGreaterTEqu-Tag(0100101100110001,1010100001000111,1001101011110110),IfNot-Tag(0001111101111100,1000001001000111,1001110111010010),TestNumGreaterTEqu-Tag(0000101001001111,1111110001001011,1001001010101000),Div-Tag(1110101000001111,0100100100001011,0010110001110100),TestNumLess-Tag(1100100000010001,1001111010000001,0100000110010010),Set-12-Tag(1101100011010000,0010001100100111,1111100001011011),TestNumGreaterTEqu-Tag(0100000100011010,0001101100110100,1010110001010000),LoadGrade-Tag(0111010101011010,1111101110000000,1001000111111110),While-Tag(1101001101101000,1101001010100100,1110011000000111),Set-1-Tag(0110100001011110,1000000010110110,0011010000110111),Div-Tag(0101001001000100,0100111101101000,1001001100000001),Inc-Tag(0010111100110101,1100111000110011,1011010101001110),TestNumGreater-Tag(0100101100110001,1010100000000011,1001111011110110),IfNot-Tag(0001111101111100,1000001001000111,1001110101010010),SubmitB(0111000110000001,0110111101111110,1110111011001001)]"
PROBLEM_grade__ARGS_TAG_BF__MUT_0001,6153,grade,Tag-BitFlips,0.0001,0,False,NONE,NONE,NONE,"NONE"
PROBLEM_grade__ARGS_TAG_BF__MUT_0001,6154,grade,Tag-BitFlips,0.0001,0,True,31,481,256,"[LoadGrade-Tag(1100001111000000,1100111100010001,0010110010111000),Inc-Tag(1100001100100111,1111010010010101,0100110011101100),LoadThreshD-Tag(0111001111110011,1011101110100000,1011101001100111),TestNumLess-Tag(1011011110100010,0111001111000010,0010111000011011),SwapMem-Tag(1010001110011100,1100101110110011,1100110011010111),SubmitF(1100011101011000,0101101100000110,1101101100110010),If-Tag(1001110101001111,0100000010000011,0010010101001111),LoadThreshA-Tag(0111001001001011,1000100100000101,1011111110111100),TestNumLessTEqu-Tag(0101101100011000,1000000000001110,0101000111010100),TestNumGreaterTEqu-Tag(1011111101010000,0111011100000000,0010101100001000),LoadThreshB-Tag(1100011000011101,0100100101001101,1001011010000110),LoadThreshC-Tag(1110111000101101,0010011000011110,0100000110011010),LoadGrade-Tag(1010100101001001,0000101010011100,0000010000001000),Dec-Tag(0111110111010111,1010111001000100,1011100100111101),Sub-Tag(0111100101100010,0001111011111010,0100001101100001),Not-Tag(0000001000000110,1101000001010101,0101110100101010),Mult-Tag(1101001110010010,0010110101101111,0111001101001100),Countdown-Tag(1000000100011010,0000111100011101,0110101000111100),TestNumGreater-Tag(0011010011011001,0111101101001001,1110101110010000),SubmitC(1010111010000011,0111101010000100,1110101011011111),Set-0-Tag(1010111010001011,0111101010000100,0110101011011111),Set-2-Tag(1110011100110100,1001010010110100,1100111101111111),TestNumLessTEqu-Tag(1110010101011001,0000010100011010,0111100000100010),LoadThreshA-Tag(1101110001000110,0100001110111011,0101010000000000),SubmitC(1011110011000010,1101001010100100,0111010110111101),SubmitD(1101110110101010,0111111000000000,1110101111100001),If-Tag(0000011010001000,0010010010010111,1000001011111000),SubmitB(1010001010011011,1111101100001110,0110001100001101),If-Tag(1001011100110010,1010111010111000,0011001010101001),SubmitA(0000110100011010,1110101001101011,0011010010000110),Set-0-Tag(0110011110011001,1100010110100011,1001111000011111)]"
PROBLEM_grade__ARGS_TAG_BF__MUT_0001,6155,grade,Tag-BitFlips,0.0001,0,False,NONE,NONE,NONE,"NONE"
PROBLEM_grade__ARGS_TAG_BF__MUT_0001,6156,grade,Tag-BitFlips,0.0001,0,True,20,375,336,"[While-Tag(1011111110110000,1010110101100001,1010100100000110),Dec-Tag(0000010111000111,1001011001101101,0000110000100010),Dec-Tag(1101010010111101,0110000011101100,0011011100111110),TestNumLess-Tag(0010111011111111,0100010100001011,1001101100111110),SubmitA(0000110110001101,0010110000010011,0110110001111000),TestNumGreaterTEqu-Tag(0111000001011100,1000101101000111,0100101110100111),LoadThreshD-Tag(0101000110101011,0011011001000000,0000010010001110),Dec-Tag(0001101000111000,1110000110110000,0011111111110000),Add-Tag(0110100100101111,1111001010100101,1100010001100101),SubmitB(0100011011100111,1001100000111001,0010101001010111),If-Tag(1000010001000100,0011110010111001,1100010111100111),LoadGrade-Tag(1100000111001011,0001011000101110,1111011101101001),TestNumLess-Tag(0011101111010001,1100011101011010,1011101010110000),SubmitF(1111100000100111,1001101000110111,0101110011110110),LoadThreshC-Tag(1001101110010101,1100100010011110,0011010101110101),While-Tag(0111011000110000,1001011101000101,1110000011101001),TestNumLessTEqu-Tag(1100000110011100,1101101011000010,1101010110110101),SubmitD(0010000111010101,0001100101001000,1111100011000111),While-Tag(0101011101011011,1111001000000101,0111100101010000),SubmitC(1000000001000010,1100011101110010,0010111000111101)]"
PROBLEM_grade__ARGS_TAG_BF__MUT_0001,6157,grade,Tag-BitFlips,0.0001,0,False,NONE,NONE,NONE,"NONE"
PROBLEM_grade__ARGS_TAG_BF__MUT_0001,6158,grade,Tag-BitFlips,0.0001,0,True,34,499,425,"[TestNumLessTEqu-Tag(1011100010000101,0100011101110100,0011111000001101),Close(1000100100110001,1110101111000101,1111101110100010),SubmitA(1011110101110010,0000100101111101,0000001101110100),Mod-Tag(1101101110001010,1000100001110001,0111010101110010),LoadThreshA-Tag(0011101000100100,1101010101000010,0010100000000110),LoadGrade-Tag(1110101011101000,0100010011011011,1010001100000011),SubmitB(1101110001100010,1001000011101101,1001100000111101),LoadGrade-Tag(1011001010111101,0100110101011110,1011011010011010),TestNumLess-Tag(1000010100010111,0111110010011111,1100101111000001),Countdown-Tag(0100001100001010,0111000100101011,0010100100011010),While-Tag(1111001100010101,1110111100100010,1100000001011000),Sub-Tag(0111011001111001,0011010111001100,1010101001111010),SubmitF(0110101101000101,0000011000111111,1010101111010000),TestNumLessTEqu-Tag(0101101110011101,1111110111001011,0011000110010101),LoadThreshA-Tag(1101110100100110,0000100010100110,1000101000110111),TestNumGreater-Tag(0111011010100101,0110010100101001,1111000010111010),If-Tag(0001010101111010,1111101111100100,0110001011111000),LoadThreshB-Tag(0101011011010000,1111010011011111,0001001011000001),SubmitB(0110010000011000,0110001010011001,0101111101101111),TestNumNEqu-Tag(1111111101010110,0110010001011101,0001110000000101),Inc-Tag(1101100010010000,1011001101001101,1000011010110001),SwapMem-Tag(1111100100000101,0000011000011011,1001110111001101),Set-9-Tag(1111101100011101,1101101001011111,1000101010000111),LoadThreshC-Tag(0100111011100111,0001010101010011,1010110111000000),SwapMem-Tag(0010001111101010,1100000111111111,1110001100010101),Countdown-Tag(0001000000010101,1010010111001010,1111010110000111),IfNot-Tag(1100011000000010,1010001100101100,1111110000011110),TestNumGreater-Tag(1001100010100100,0100100111101111,1011101000100000),Countdown-Tag(1101101010111010,0110010011010101,0011011000100000),SubmitD(0010011110110111,0111111011110101,1100101010110110),Mult-Tag(0011111100110100,0101000000111110,1010001111111111),Close(0110111110101111,0000001001111101,1101011011111001),SubmitC(0100101011011110,0100000011001100,0110111001011110),Set-8-Tag(0001010000011110,1000011101101100,1101000011111111)]"
PROBLEM_grade__ARGS_TAG_BF__MUT_0001,6159,grade,Tag-BitFlips,0.0001,0,True,81,449,310,"[TestNumGreater-Tag(0000010100100010,0001111100011011,0001110011010101),If-Tag(1101111001000111,0010111110011011,1100011011000011),Close(1101110101011001,1010010001000010,1010011110100111),Close(1001011111101001,0011111101110011,1010000001010101),TestNumLess-Tag(1011101010101001,0100101111000011,1000101111000011),LoadThreshA-Tag(1000000110010110,1011001010010011,1011011000001010),Set-3-Tag(0110000111111100,1010011111111110,1110111001111011),TestNumEqu-Tag(0010011111010101,1110111010101111,1000011001101110),Dec-Tag(0010111100101100,0000011110000110,0100000001000011),Set-9-Tag(0000110000111000,1000001110111011,1101101100110101),Mod-Tag(1000101011100100,1010101110000011,1011101110001111),Add-Tag(1111011101011011,1101110011110000,1101010000110000),SubmitC(0001111011100000,0111010011011001,1110010110001011),Set-4-Tag(1001101000111110,0111010101110000,1001111001111011),While-Tag(1011001100101111,1000111000011101,0110111010101010),TestNumGreater-Tag(1101101101001111,1010010100100001,0001001100001010),LoadThreshD-Tag(1110011010100101,0010111001010110,0110010001010110),Set-0-Tag(0000010000100001,1010100100111100,0001111111010011),SubmitC(1001111001010110,0110100100101011,0100111000110101),LoadThreshB-Tag(0110011011011110,1111100011110010,1011010000010010),SwapMem-Tag(1010011110100110,0011101110101000,1011110110111101),Close(1011010011100010,1011011111100101,1101100010111101),Div-Tag(1111000100000110,0000111000101100,1100110111010110),Set-7-Tag(1010110011111110,0101001001110000,0010111001101011),LoadGrade-Tag(0010001100111101,1101101010001111,0000110101111001),LoadThreshC-Tag(0110100111110100,1100100000101010,1011100111001001),Set-15-Tag(0110000001100101,1011010011001111,0101001101100000),SubmitF(0100011111011100,0101111111101011,0111111100001111),Dec-Tag(1010011011101011,1110010111001100,0001101101001111),TestNumGreater-Tag(1111100101100011,0111100001111000,0010110111100000),SubmitF(0111111000010001,0111100000001001,1111111001011111),SubmitB(1101000001000111,0000110011110100,0001001010100101),LoadGrade-Tag(0101111100011011,0000001001010010,1001000000101111),LoadThreshB-Tag(1111101110010010,0011010011111100,0001011110101010),Set-6-Tag(0100011010100110,0010000001110001,1110001011100100),SubmitD(0111010110000110,1110011100111001,0000011100001111),Set-8-Tag(0110011000100100,0100111101110111,0100000000111011),Set-2-Tag(0000101010110111,1010001000100110,0000100111010010),LoadThreshC-Tag(1000001011100110,0011000001001101,1001111001101110),LoadThreshD-Tag(1001001100010111,0010001110101111,0010000101111010),TestNumLessTEqu-Tag(1111100110011110,0001011000000111,0110101110010000),IfNot-Tag(1100011101110100,1011011110001111,0001101011001011),LoadThreshA-Tag(1001101001000110,0010110100100110,0111110101110010),TestNumNEqu-Tag(0001001001101001,0010001001111000,0011011110101010),Close(1001011111101001,0011111101101011,1010000001010101),LoadThreshC-Tag(1100110000101011,0111110111111111,1110101111101010),TestNumGreater-Tag(1101000100011011,0001111110101010,0000100110110001),Div-Tag(1001110000100000,0000101001011101,0110110110001101),Countdown-Tag(1101000101000011,0100001000110011,1010101101100110),TestNumGreater-Tag(0110001010001011,1001110100001101,0000000010000110),TestNumNEqu-Tag(0000010000100001,1010100100101100,0001111111010011),TestNumGreaterTEqu-Tag(0001100111110110,0000111010111110,1001001001001001),TestNumLessTEqu-Tag(0110011110110011,1110111100100101,1100010101010011),Floor-Tag(0110100111110100,1000100000101110,1011100111101001),SubmitF(0100001111001100,0101101111101011,0111111100001111),LoadGrade-Tag(1100010011111010,0011110000100110,1100100011111111),LoadThreshC-Tag(1011111101010010,1100111110010000,1111101010110001),TestNumGreater-Tag(1011011100111000,0010111010010110,0110110101011101),Set-10-Tag(0010110001001001,1101111110000000,0110011001111011),Set-7-Tag(1001111000000110,0110010010100011,1010011010010011),TestNumGreater-Tag(0110011100111001,0101101010101011,1110001000111010),SubmitA(1111001001010111,0110011000111100,1101010100100111),Set-4-Tag(1100011100011011,1110010100000111,1000100011100101),Mult-Tag(0010101110110100,1011001110110010,0011101010100111),SwapMem-Tag(0010110001001100,1000000001000111,1010110011011100),SubmitB(0100000111010110,0110111011001011,0010001101110110),LoadThreshC-Tag(1000111001001001,1101011100110111,1100010000001011),Inc-Tag(1111100110011110,0001011000000111,0110101110010000),Floor-Tag(1100110010110110,0001100001011001,0011111110000100),IfNot-Tag(1100011101110101,1011011110001101,0101101011001011),SwapMem-Tag(0111111100001111,1101001011110110,1000001111010100),TestNumNEqu-Tag(0100110110001000,0110111111011000,0011011110001100),SubmitA(1010111011011001,1110011111011001,1000110011101111),Mod-Tag(0010111010101011,0010010010000101,1111000110110001),TestNumGreater-Tag(1011011001011011,1001110000000101,1111110000101111),LoadThreshB-Tag(1111101001001101,1101111101011000,1101100000000010),Close(1011110110100010,1001110010000011,0100010010010001),If-Tag(1011111010010100,0001000111101100,0101001011101000),IfNot-Tag(0000001000111011,1011111001100111,0011000101011011),SwapMem-Tag(1001101110101000,1110111001010011,0110000011100111),Mult-Tag(0110010001011010,1100110010010101,1111000101110011)]"
PROBLEM_grade__ARGS_TAG_BF__MUT_0001,6160,grade,Tag-BitFlips,0.0001,0,True,29,380,123,"[TestNumGreaterTEqu-Tag(1111100011110000,0000110000001101,0001100011101000),LoadThreshD-Tag(0000110001010100,1100101000111000,1111110101001011),SubmitA(0100010101011111,0010110111001010,0110100110100110),While-Tag(1001100010001000,0001101101110010,1010010100101111),LoadGrade-Tag(0110100111101111,0111101110010110,0100100110110101),Dec-Tag(1100100111010101,1011001111001101,1011000000001100),Sub-Tag(1011010111001110,1001110100001111,0101001111010011),TestNumGreaterTEqu-Tag(1001000100110100,0110101101001100,0110001110101010),While-Tag(1010001010110011,0101011001001001,0001100111100111),SubmitF(0101101011111001,1100111000011010,0110010110011110),Close(1101011011001100,1101001011101100,1100100000111111),LoadThreshB-Tag(0100000110001001,0111000110100001,1100001010000001),LoadThreshC-Tag(1111010011001110,1001100100010110,0011001011110100),While-Tag(1100000001000111,1001111100001011,0100001011101000),TestNumLess-Tag(0010100101111111,0000000110111001,0000011011010010),Set-15-Tag(1001110011000000,1000001001000011,0001110010111011),SubmitC(1100010011001111,1010010101101110,0100010101001011),TestNumGreater-Tag(0010101011111011,0011110010101000,0111110100100000),Set-1-Tag(1111110010110001,1010111001001011,0010101111101111),Dec-Tag(0110000011001010,1110110011001001,1110011000100011),TestNumGreaterTEqu-Tag(0110110100100011,0011111000101011,0101001000010111),LoadGrade-Tag(0111011110100000,0110111001011000,0000000111011110),SubmitB(1011101101011001,0110101011110110,0001110001001001),While-Tag(1011010001011101,0001111000100100,0000001100100111),Sub-Tag(1111100000000100,1101010010110010,1110111110000001),Mod-Tag(1100001001101001,1101000000000000,0010000101000110),SubmitD(1100101100001100,1001010000111011,1011010110011101),While-Tag(0011100011100011,1101000100000110,0111111011101010),TestNumGreaterTEqu-Tag(0110110111100101,0000100100110111,0011110010000111)]"
PROBLEM_grade__ARGS_TAG_BF__MUT_0001,6161,grade,Tag-BitFlips,0.0001,0,True,62,499,486,"[Set-8-Tag(1010110011110011,1111110011010011,0100000001101001),Set-9-Tag(0010000111110011,1101011010111101,1100101111101100),TestNumEqu-Tag(1100011001100111,0010001010100001,1101011101010110),Dec-Tag(0101011100100111,0110110110010110,1001111111011101),Mod-Tag(1100111101001111,1001010100001000,0000010101100100),LoadThreshC-Tag(1100101111011001,0000101110111101,1111111101101001),Set-3-Tag(1010011010011100,1111110110000000,1011001011010101),TestNumGreater-Tag(0001101001101110,0000010111000100,0100000011000011),Set-9-Tag(1101110010101011,1100110010101010,0011100101001111),LoadThreshA-Tag(0111101000111101,0000111100100111,0101100111000110),Set-7-Tag(0101011100011011,0001011110000011,0101001010111010),Set-5-Tag(0110110110100101,0100110000011110,1100100011000111),Set-16-Tag(0001100000100011,0010001100111010,1100111100101001),TestNumLess-Tag(0011111100000100,1110100101010110,1100011001000101),Set-2-Tag(0101100010000010,1101100111010101,0001101011010111),Dec-Tag(0000100100010001,0110100000110100,1101011011000011),Dec-Tag(0000010011011110,1011000010010110,0010010000001100),Not-Tag(1010011110000110,1000001110001100,1101111110000001),TestNumLess-Tag(1110101110001100,1111010111111011,1101111101101011),Set-1-Tag(1110010110010010,1110111100101010,0111110001000111),Close(1100111001110011,1111110011101011,0100000001101001),LoadThreshD-Tag(1101000111110110,0110010101000010,1011101000011100),Dec-Tag(1100010100111111,0000110111101111,1010011101100101),SwapMem-Tag(0110001000011001,0000010011001100,0111110110000111),Set-11-Tag(0111111110101010,0100000000100000,0000101100101111),Floor-Tag(0110011101010101,1011001000000011,1000000110100001),Set-1-Tag(1101010010101100,0111111001000010,0101011011000011),SubmitF(0001110111110000,0011110101010111,1001110001111011),Set-16-Tag(1011111010000111,1100100010100101,1101110101101011),Set-4-Tag(0001101011000100,1010001010100111,1110011100001011),TestNumGreaterTEqu-Tag(0001000010001001,0001110100100111,0001111000000101),Countdown-Tag(1100011010000110,1100110100000111,0000010101100001),Set-9-Tag(1101001000100110,0110010001110001,0001000011000110),SwapMem-Tag(1111000101110001,0110001010001000,0111101110110110),Mult-Tag(1001001010110111,1111001001011000,1001111011110101),SwapMem-Tag(1111111100110111,0101001100001100,0001001011111110),Set-13-Tag(0000000011111101,1100101101001010,1000100101001111),LoadThreshB-Tag(0100000000000100,1110010000100110,1110101110111000),SubmitA(1101100011010001,0010101100000010,1010101001100011),Set-11-Tag(1110110000111011,1111000101111101,0010111110100010),Set-0-Tag(0101100011111111,0001100110111110,1000111011110101),Sub-Tag(0000000110001101,1001100011101110,0110001011000100),Set-15-Tag(0011101011000001,1110101110011000,1000100111001111),Countdown-Tag(1101101100101010,1101110101010101,0001110001101010),Set-11-Tag(1101011111001000,0000101110101011,0010110111010100),Set-9-Tag(1111010010001110,0011010010110111,0110000001101101),SubmitC(1101001111100111,1111010000010111,0000010000101001),LoadThreshA-Tag(1101010101101100,1100001111011100,1110010000110011),TestNumGreaterTEqu-Tag(1110110111110100,1001111111011001,1111110101001100),LoadGrade-Tag(1001110010000101,0111100110011001,0110100001000000),Mod-Tag(1101011101101111,1011001011010011,1111010100111001),SubmitB(1100000000001000,1000001001111110,1010111111100001),While-Tag(0010101100000111,0111010101100010,0110010011010010),TestNumEqu-Tag(0000101100100010,1110010011011101,1001101011000011),While-Tag(0010101100000111,0111010101100010,0110110011010010),Add-Tag(1111010011001010,1100000011111001,0000000101011110),LoadThreshD-Tag(1001011001010001,0100101101110010,1110101111110111),Add-Tag(1011100101101001,1011001100100010,0111011000101011),SwapMem-Tag(0110010010110101,1101011000001101,1000110100110011),SubmitD(0001001000100111,0110010011101101,0111110100010111),Div-Tag(0111010011000010,1000110010001011,0010011110001011),Set-7-Tag(0101011111011011,1010000001001101,0000010110101111)]"
PROBLEM_grade__ARGS_TAG_BF__MUT_0001,6162,grade,Tag-BitFlips,0.0001,0,True,23,340,265,"[LoadThreshA-Tag(1001001111100100,0111011100010010,1000110010110111),LoadThreshC-Tag(1111011101001010,0110111100110010,1101100000101111),SwapMem-Tag(0010010110000101,1010111111001100,0100110110111000),TestNumLess-Tag(0010111110101001,1101011111111010,0011000110000111),SubmitA(1001101111010001,0001001100001110,0011010000010001),Countdown-Tag(1101001100110001,0011001101000000,1000110001101101),Set-3-Tag(0110111010111010,0000001110100011,0010100001100100),SubmitB(1010100111100001,1001110010011101,1110100111110011),LoadThreshB-Tag(1111011101001010,0100011100100010,1101000000101101),Set-8-Tag(0111100001000010,1001001111110110,1001111100010010),SwapMem-Tag(0010010110010101,1010111111011100,0100110110111000),TestNumLessTEqu-Tag(1010101100110000,1000000101011100,1100000001111110),LoadThreshB-Tag(1011001000110100,0100011100001001,0110010101100011),TestNumLess-Tag(0010111110101001,1101011111111010,0011000110000111),SubmitC(0000011100101111,1001001110011111,1100111101000010),Dec-Tag(1101110100101000,0100011100011010,1010100100101001),CopyMem-Tag(0001101010010000,0011100001011110,1101100111010101),Not-Tag(0100001000110010,1110000101100111,0001100110011111),While-Tag(1100000111110100,0100011100100100,0000011010000010),SubmitF(1110110010011101,0011000100111001,1000100100011100),TestNumGreater-Tag(0000001000001000,1100000000111111,0001110001011100),Countdown-Tag(1101001100010001,0111001001000000,1000110001101101),SubmitD(0110111010111010,0000001101100001,0010100001100110)]"
PROBLEM_grade__ARGS_TAG_BF__MUT_0001,6163,grade,Tag-BitFlips,0.0001,0,True,33,497,281,"[Inc-Tag(1101111100001111,0001000001100111,0110010011011101),TestNumLessTEqu-Tag(0010010011101011,0101110111111110,0100111011011001),Add-Tag(1110011101101110,0100101010010001,1111000001111000),LoadThreshC-Tag(1101100011011011,1100110100011111,1111000111111100),TestNumLess-Tag(0101111110001011,1111100011100000,1100011111011010),TestNumLessTEqu-Tag(0100101100100110,1001101010010001,1111010000011101),Set-0-Tag(1011110110111011,1001100110101100,1010010001110011),SubmitA(0001011100110100,1011000101110111,0101101100101100),Close(0101110001101011,0101110111010111,0001000011000011),Set-11-Tag(0011110110101101,0101110100101111,1111010111110001),LoadThreshD-Tag(0000100101101100,0111101000000011,1101111110110100),TestNumLess-Tag(1110101111001110,0100001110000111,0111011011111111),TestNumNEqu-Tag(1101000011100100,1000110011100111,0001101101100011),Add-Tag(0001000101101111,1111001011100011,0101110010100100),TestNumGreater-Tag(0100110011001110,1010100000101000,0010000011100011),TestNumNEqu-Tag(1111111101010110,0011111010110011,1110111001000110),While-Tag(0011111010110101,0101100000010101,1101001001110111),If-Tag(0100010001100110,0111100000100100,1001000000101001),Set-10-Tag(1111000110011010,1110000010101010,0001011000100000),SubmitD(0111111111001110,1111011000111111,1101110011000110),TestNumGreater-Tag(0010011110001100,0101010100000110,1001101101100000),Mod-Tag(1110111100101011,1111000000101010,1100001001101110),IfNot-Tag(0110111000010100,0111010011010010,1110110001010100),Mod-Tag(1011111110010010,1111101110111001,0011001100001010),SubmitC(1010110110011101,1101010001000000,1100010101101000),SwapMem-Tag(1001010110101011,0100000110001110,1011110001111010),Set-5-Tag(0101010110000010,1100111101001101,0000011100110100),Div-Tag(0011000000110110,1111101101000011,0011100101010101),Countdown-Tag(1010010001101011,1001000100100110,1100010000001101),SubmitB(0000001111011110,1001001111001010,0100110111011111),While-Tag(0100010001100110,0111100000100100,1001000000101000),While-Tag(1010101011110001,0111100001100111,0110000001101011),SubmitF(1100011000010011,1000001100111001,1111100000000101)]"
PROBLEM_grade__ARGS_TAG_BF__MUT_0001,6164,grade,Tag-BitFlips,0.0001,0,True,40,452,222,"[Countdown-Tag(0111001111100000,1111111011001101,0001100000010100),While-Tag(0101111001101110,1011001000000110,0000001110001110),TestNumLessTEqu-Tag(1111100001010100,0110101111001100,1111011000101111),Set-2-Tag(1001100001000101,1110101010111000,0010011110100001),Set-5-Tag(0101000000001100,1100000111110001,1100100100010110),Set-13-Tag(0110000001011011,0100010110110001,0101000101011100),TestNumGreaterTEqu-Tag(1101110110000011,1111011101000010,1000110000100111),TestNumLess-Tag(0010110001101110,1001101011001101,1100010100110101),CopyMem-Tag(0101101101110000,0111011000101000,1101000110111110),LoadGrade-Tag(1001110010001011,1111000100001010,1111010111010111),Set-0-Tag(1010001101011001,1110001011111001,1110100100100110),Mult-Tag(1010000011000101,1110011100001001,0101111011100100),TestNumGreaterTEqu-Tag(0010001100011000,0101110010011010,0011101010110010),Inc-Tag(1010011011101011,0011011100010010,1101100111110111),Set-10-Tag(1011001001010110,0001100000000100,0100001110010001),LoadGrade-Tag(1100001000111101,1010101101110001,0110011011101110),LoadThreshB-Tag(0010001011001010,1010111010001001,1111010010000111),SubmitF(0000001011001111,1100101111111110,0010001011010000),TestNumLessTEqu-Tag(0001000010111101,0101010011101111,1011101000000000),TestNumLess-Tag(0111011010110100,1110001010010100,1001110111100000),While-Tag(1011000100010001,1111001111100101,0000110111001001),While-Tag(1101100011001011,0011101001110001,0011110011100111),SubmitD(1100000011100110,1100011010110000,0111101111101100),Close(1000001101111111,1111011000001001,0011111101001000),Close(1011111000101110,1111000011001110,0110001010001011),SubmitA(1111101100101100,0110101001110110,0001111011010100),SubmitC(0011110110000100,1100000011000101,1100111011101110),IfNot-Tag(1110000101000100,0011011110111110,1110100111111100),Not-Tag(1000010100010101,0011100000110111,1111110110100101),LoadGrade-Tag(0110100001011001,0101110101100100,1010001100111110),While-Tag(1011110001110101,1111000111110010,1000100000000000),Set-2-Tag(1010000110110100,0110110100101010,0011010000011001),LoadThreshB-Tag(1101111110000001,0000010001111111,1110001000111100),Not-Tag(0000000000110100,0010101111000101,0100010000010111),SubmitB(0000001110110010,0000100110011111,0000010111001010),CopyMem-Tag(0000000000111101,1010111001111100,0000011101100111),Countdown-Tag(0110110100110011,0000000100010011,0000001101110000),LoadThreshA-Tag(1001000010100001,1001101000001100,1101100000100111),Set-13-Tag(0001011011010111,0101111100011010,0101110011110100),SubmitA(1011011001010110,0111010100010010,0111011101101101)]"
PROBLEM_grade__ARGS_TAG_BF__MUT_0001,6165,grade,Tag-BitFlips,0.0001,0,True,20,421,281,"[SubmitF(0100001000010100,1100101110101000,1000010011010001),Dec-Tag(1101101110011000,0110111001011001,0110000111010101),Add-Tag(1110011001011100,1001100000000101,1101111011001011),TestNumLess-Tag(1110011101101010,1000011101000110,0011100101110001),While-Tag(0011000011110010,1010111001000100,1100011100011111),Inc-Tag(0100110110101101,0101110100100100,1001001000110111),SubmitD(1111010100101011,1000011110010000,1000010110110011),LoadThreshC-Tag(1111001101010111,0110001110100100,1111001011101100),TestNumLess-Tag(1110011101101010,1000011101000110,0011100101110001),While-Tag(0011000011110011,1010111001000100,0100011100011111),SubmitC(0101111101110100,1110011101010010,1010010010001011),LoadThreshB-Tag(1111001101010111,0110001110100100,1111001001101100),TestNumLess-Tag(1110011101101010,1000011101001110,0011100101110001),Countdown-Tag(0011000010110011,1010111001000100,0100011100011111),LoadThreshA-Tag(0110000010101100,0001111110111001,1101110111100001),TestNumLess-Tag(0000010010100100,0101111010001011,0010110100010101),SubmitA(0111100001110011,0101001011011101,0011001010110110),While-Tag(1101110101000110,0011111101010000,0111001111001100),Close(1001110100001010,0101000100010101,1111001101001101),SubmitB(1010001011101001,1010110010110011,1110111111101001)]"
PROBLEM_grade__ARGS_TAG_BF__MUT_0001,6166,grade,Tag-BitFlips,0.0001,0,True,66,424,163,"[TestNumEqu-Tag(1000001000110000,0011000111111001,1011100100000100),TestNumGreaterTEqu-Tag(1000111100001001,0001001100100001,1110110011101010),LoadThreshD-Tag(0111111100100010,0011101111001111,0111101010011011),If-Tag(1111100011011100,0011100101101010,0001000000101100),LoadThreshA-Tag(1011011100000011,1101000010111000,1111011001111110),Close(1110000001001100,1111100011011111,1000101111010011),Add-Tag(1011101101001000,0001010000101110,1011011111000111),Countdown-Tag(0110110111110101,1101110011000101,0011111000000101),CopyMem-Tag(1100000010101111,0100010110011011,1111001101110011),Add-Tag(1100101111111101,1110010101101010,0110011110110000),Set-10-Tag(1110001111001111,1010110101011100,1001110011101001),Set-4-Tag(1100101001111101,1011110010100001,1101001101111000),SubmitC(0011111010011001,1100010011011010,0010000000110010),SubmitA(1001000110001110,0100110101101100,0010100000010101),Inc-Tag(0111110110011011,1100100101011100,0101010001110000),TestNumLessTEqu-Tag(0011110010100001,0101101110011101,1101100010110010),Set-4-Tag(1100100110001101,0001001111101110,0000111110001101),LoadThreshD-Tag(0001111111111111,1100011110011101,1100000111000110),Mod-Tag(1000010011001101,0001111001111000,0000101101010000),Set-7-Tag(0101101111011000,0100101101111000,1111101000100100),TestNumGreater-Tag(0001111111000000,1001101110001110,0011110000111101),Inc-Tag(0001111111010011,0010011011101011,0101001101110000),Set-5-Tag(1000100010011010,1110101001001110,1110110010111100),SubmitD(0101101000010101,1001001000000011,0000100111111100),Set-9-Tag(1100010100011100,1001011001100010,1011000011100000),Set-1-Tag(0111000011110110,1001111000110111,1001010111000010),Set-2-Tag(1100011000111101,0011101100111001,0001010111110001),Set-11-Tag(1100111101101110,0111001100110101,0110100010011010),SubmitB(0001011010100101,0101011111100000,0001111110001011),Set-0-Tag(1110110011101001,0011111111100101,0100000010001000),TestNumGreater-Tag(1010100010110011,1101111101100010,0100101111010110),SubmitB(1101010110001111,1000011011111100,1110100111100001),Countdown-Tag(0000011101110000,1110110100010010,1011111110010001),Set-4-Tag(0111110010100010,0111111011101000,1110000101101000),TestNumGreater-Tag(0000100111000111,0001111111111010,0000000110101000),TestNumEqu-Tag(1000001000110000,0011000111111001,1011100100000100),Not-Tag(1011111010111010,1011000110101011,0110101001011110),Set-10-Tag(1000010111011001,0110000000100010,0001110100101011),TestNumGreaterTEqu-Tag(1000111100001101,0100001100100000,1110110011101010),Countdown-Tag(0110000001110100,1110000001111010,0100011111010011),TestNumGreaterTEqu-Tag(1000101010000101,0000111111110110,0000001011011011),Set-10-Tag(0100100111001101,1100101101011011,0110111011101010),LoadThreshC-Tag(0110111100100010,0011101111000111,0110101000011011),If-Tag(1111100011011100,0011100101001010,0001000000101100),TestNumGreaterTEqu-Tag(1110011101001101,0110000101101110,0000011100001011),Mod-Tag(1110000111110010,0110010110000000,1001110011101110),Not-Tag(0110010100000101,1101111111100111,0010110011110100),Close(1110000001101101,1111100011011111,1000101110010011),Mult-Tag(0101010111100101,0101101000001110,1100110100001001),LoadThreshC-Tag(0111000110001010,0110000010010111,0001001010101010),TestNumGreaterTEqu-Tag(0110001100001001,0100010001110110,0010100001001100),Countdown-Tag(1101010111001000,0111010101010110,1000110001010001),Sub-Tag(1111001111100100,0110010010100011,0111101100000111),Dec-Tag(1100010110110001,1110001010010011,1111010010101011),Floor-Tag(0000011100011110,0011010000001010,0111001100000001),LoadThreshA-Tag(1101101011101110,1011000011010011,1110101111110110),Set-0-Tag(1111001011000000,1001100110101110,0110001100110111),Mod-Tag(0010101000110110,1100000000101100,0000010101101101),TestNumGreaterTEqu-Tag(0011010100000111,0000110100000010,1000110011010011),SubmitF(0000100010000010,0100011111000100,1000110101100001),Mod-Tag(1000101011001110,1111011111001001,1000100001010101),SubmitC(1001001100000101,0100000001111101,1100111001110100),Floor-Tag(1001011100100101,0000101010101011,0111111100011111),LoadGrade-Tag(0110001000000101,1101000100010010,1010011010111001),LoadThreshB-Tag(0011100101110111,0000011000111100,1011111001000011),Set-3-Tag(1001010110001110,1110011011111001,1100110111111110)]"
PROBLEM_grade__ARGS_TAG_BF__MUT_0001,6167,grade,Tag-BitFlips,0.0001,0,False,NONE,NONE,NONE,"NONE"
PROBLEM_grade__ARGS_TAG_BF__MUT_0001,6168,grade,Tag-BitFlips,0.0001,0,True,72,438,262,"[Inc-Tag(0100101100101100,0001110100100100,0000010010000010),LoadThreshC-Tag(0111110011111000,1110001110000111,1101000110000000),Close(1011111110010010,1101010110101100,0000010000100111),Not-Tag(1011011000100011,1000100110101011,1010101101111011),Break(0000000111000101,1101111001001000,0100101111101001),Countdown-Tag(0100010101000000,0011001011000100,1010110011011100),LoadThreshA-Tag(1100100001001010,0001011110100100,1101111110000111),SwapMem-Tag(0001000100110011,0011110101011110,1011100110011001),Mod-Tag(0110100010110011,0111111000110010,0101000100001100),Floor-Tag(0101001110110010,0000010100111001,0101011010111110),Floor-Tag(1110011000100011,1111000101001101,1000001010001110),Set-8-Tag(0111110111000010,0100100011010001,1101100001010010),Div-Tag(0001001101000100,1001111101000010,1010001100010101),Set-9-Tag(1000100010001100,1000011000010101,0000101111000001),Set-8-Tag(1001100000000110,0110100010111110,0001111100010001),While-Tag(1001000100010001,0111011110101001,1000101110011000),Add-Tag(1110101111101001,1010000011100100,1000001000111101),CopyMem-Tag(1011000010000100,0011100101001001,1011100001100101),SubmitB(1000010000101101,0010111101101100,0111001111010001),TestNumLessTEqu-Tag(0000011101000010,1110010101000011,1101111101001101),TestNumLess-Tag(1000001100011011,1010111100100111,0000000110101110),Mod-Tag(0001111001110100,0001111000100110,1111011011101111),Set-3-Tag(1010000001001010,0100010000011010,0010000010001000),SubmitD(0110001110000001,0111010000011010,1011111101001000),Set-5-Tag(1111011101001001,1000001100000010,1110010111000111),Set-0-Tag(1010110000010100,0000001010111111,0110000110000011),Countdown-Tag(0010101000111001,1100100001111110,1101110011111010),SubmitB(0010111010010110,0100000000010000,0101010101100111),Floor-Tag(0111101110111011,1011001011110100,0101100010111000),Mult-Tag(1100010111110011,1010101011101110,1110100011000101),Set-12-Tag(1001101110000010,1011010011101111,1111000101111010),LoadGrade-Tag(1010110101101000,1011101000000000,0011111010100111),IfNot-Tag(1000000001110100,1001001001101000,0100101101000111),LoadThreshD-Tag(1000011101000001,1111100101011001,0011001001110100),SubmitD(1001111001101111,0001101110011011,1001001000111110),Set-11-Tag(1010100101100100,1001011111000111,1110110101000000),Set-14-Tag(0111111101110001,0010111000010000,0100110101101001),Close(0001000111100000,1111010101001001,0000100010111110),Set-7-Tag(0110111001111111,1100100111010011,1011011100000001),CopyMem-Tag(1100101111000000,0101110010010111,0010000110110010),Not-Tag(1001100000000110,1111110000010010,1011010111000011),LoadThreshD-Tag(1011111111110101,0010100000011100,0011110011110101),Set-15-Tag(0010101110101011,1000001110100101,0101000111110100),Set-3-Tag(0000111011010001,0100011101110010,0010001000111001),TestNumLess-Tag(0111100101111011,1111101010101110,1110111110000010),Inc-Tag(1110100101110011,0100001100011110,1000011111000100),TestNumLessTEqu-Tag(1011001001000111,1100110010111101,0010100000111110),Set-1-Tag(0110100010110011,1111111000110010,1100000100000100),LoadThreshC-Tag(1001100000000110,0110100000111110,0001111100010001),SwapMem-Tag(1100001100011000,1100100011101000,0100001100100101),LoadThreshD-Tag(1011100000101110,1111100011011100,0101110110011101),Set-7-Tag(0011100010001010,1110101101011101,1001110010001001),LoadThreshD-Tag(1111111111101011,0111010110010011,1110010000100100),Set-9-Tag(1010001001001001,1010000011001011,1001010100101010),TestNumGreater-Tag(0000001100101110,1010000101000110,0110100000111001),Not-Tag(0000001100000001,1100011110101110,0001000001100010),Set-10-Tag(1011000010000100,0011100101001101,1011100001100101),LoadThreshB-Tag(1111110111111111,0101011111100000,0100110111011101),SubmitC(0010000111001001,0111010111110110,1001001000111000),Close(1000001100001011,1010111000100111,0000100110101110),TestNumLessTEqu-Tag(1011100110110000,0001101101110101,1011010110011010),Set-6-Tag(1100010000010010,1000110111001111,0011111111110001),SwapMem-Tag(0010000011101100,1100101100001001,0001110111110010),Set-13-Tag(1010110101101010,1011101000000000,0111111010100111),SubmitB(0001001010011111,1010001111111010,1110001101010100),IfNot-Tag(1000000001110100,1001001101100000,0100101101000111),SubmitA(1111001111101110,0011110011000000,0001011010100011),Close(0001010110110100,0101110010100110,0000111110101010),If-Tag(1110100101101111,0100010001101000,0011011110011100),TestNumGreaterTEqu-Tag(1001101111101111,0011011011110101,0001100001110101),While-Tag(1100010011001110,0111101110100000,1001010101001001),SubmitF(0010111110110100,1011010000010111,0100000001111000)]"
PROBLEM_grade__ARGS_TAG_BF__MUT_0001,6169,grade,Tag-BitFlips,0.0001,0,True,77,499,477,"[Set-11-Tag(0001110111001011,0001111100001100,1111111011011001),Set-11-Tag(1011100101011011,1100111101111010,0001101001011101),TestNumGreater-Tag(1111101111000110,1100111100001011,1000100101110101),Set-3-Tag(1111110011011111,1011001100011101,1011000111111101),TestNumGreaterTEqu-Tag(1011010001000100,0100110010000110,0111101100011000),LoadGrade-Tag(1011010010100110,0000010100000001,0111001001111000),IfNot-Tag(0011100010000100,1111011000111100,0000010100101111),Close(0111011000000010,1001011010110110,1001001011000110),LoadThreshD-Tag(0111001010100111,0100100101101011,0011111110001010),Set-5-Tag(0101010010000011,1001110111100111,0010101111100001),LoadThreshB-Tag(1100111011100111,1101011111001001,0000101110100101),Mult-Tag(0101010101001101,1110011111101001,1111001111000100),Set-14-Tag(1001110110000100,1111110110010010,1101110010100110),If-Tag(0011110100010000,1111111011001010,1011011111111010),Set-10-Tag(0000001001101110,0100000101000000,1010011100101110),TestNumGreater-Tag(0011011101111111,0100000110001111,0011001111101000),Mult-Tag(0101010110001101,1100011000100000,0000100111101010),Floor-Tag(1010011010101001,0101101111010111,1000100001001100),SwapMem-Tag(0101100010010100,0100011001010010,0001001101100010),SubmitC(0010001100001101,0111101011001111,1111110011011000),If-Tag(1111111111101011,0110100101001111,1010001001110011),SubmitF(1111010010010101,0111000111100011,1010000110111000),Not-Tag(1000001111000111,1110000000000010,0101010011101110),LoadThreshB-Tag(1100000111101110,1100101001000011,0100011001010100),Countdown-Tag(0001011101111110,1111110001001010,1010011101011110),Mod-Tag(0011101100010100,1001101111000000,1110011011010000),SubmitC(0111011000010001,1101000010110101,1010000001010111),Set-4-Tag(0100111000000001,0111011010101010,0111110001010010),LoadThreshA-Tag(0001100110010100,1011100111010110,0110001101100111),While-Tag(1000110101101100,1110011110100110,1110010111101100),Inc-Tag(1010010000111110,0000101110001101,1011101010100000),LoadThreshB-Tag(0001001100110000,0001010111110101,1100100101001000),Break(1111101111100111,1100101111010110,1111000001110010),Close(1101001000100000,1011010111001100,1101011001011001),Set-12-Tag(0111111101001000,1111100011101000,1000001011011011),SubmitB(1111001011001000,0001101011011110,1000001100101101),Countdown-Tag(0010011010001010,0000010110011100,1101000100100001),SubmitB(1100010010001011,1110011011110100,1111100010010101),TestNumLessTEqu-Tag(1000010111001100,0101000100000101,1110100111010011),Set-7-Tag(1110110001110111,0000010100011000,1000110011100101),If-Tag(0000100000011010,0110111111101110,0100101000111101),SubmitA(0101111001110100,0100001010000010,0010110001010000),TestNumNEqu-Tag(1100001010011111,0010010100001101,1011010110001001),If-Tag(1011101010001100,0001111111001111,0010000100111011),Set-6-Tag(0110100000011101,1110001101110110,0011111000001001),LoadThreshB-Tag(1110001110010100,0001011100000100,0001101100001101),LoadThreshA-Tag(0111000000111011,1011010010101100,0111111010101001),Set-2-Tag(1010111110010111,0110111100000011,1000111100001011),SubmitD(1101001111110010,1000111111011110,1111111000011100),SubmitF(0000000011010111,0010001110011001,1001000101001011),Set-13-Tag(1000010110010111,0000111100010000,0101011100100011),Set-1-Tag(1000111100100011,0010110010100101,0101001000100011),Mult-Tag(1010110100100110,1110101101000000,0111100000000001),TestNumNEqu-Tag(0001011101110110,1000011100100111,0010010110000100),LoadGrade-Tag(0001010101101111,0111001101111000,0111111001011110),Div-Tag(0000111000011101,0101000101101010,0010111010110010),TestNumNEqu-Tag(1111110010110000,0010111101110100,0111100111111101),If-Tag(1001100001000000,0111000001010101,1010011000010110),SubmitD(0000101000110100,0011001101111110,0101101111010100),LoadThreshC-Tag(1110000111110010,0101000110010100,0001110101100011),Set-9-Tag(0011011010010011,0001000001001100,0010100111100010),Set-11-Tag(0010100011010010,0010011010111010,0011111000000000),SubmitF(1001101100001000,0010110001011010,0001100010010110),Set-7-Tag(0101100100001000,1100100110010111,0100000011100111),Set-7-Tag(1100110010101010,1100000110000000,0001001011000000),LoadThreshC-Tag(1010010010001110,0101000001111101,0101000100101011),IfNot-Tag(0010111011011100,1010111110101000,1100000011010100),Set-14-Tag(0010001000111010,1010100100011001,1111101101010001),Not-Tag(0010110110111111,1011000000001100,1001101011010110),SubmitC(1100100011010011,0010011001011000,1100000000110010),SubmitA(1111010000100111,1000100000111011,0100010001100011),LoadThreshC-Tag(1110111011010010,0011110011011010,0011000010111011),Set-5-Tag(0000011100000001,0011011100101001,0011010001111101),Close(1100011100001000,1100001011100010,1001111000001011),IfNot-Tag(0110100010101100,1111001101101110,0100100001101001),Set-5-Tag(0001010000111001,0110101011110100,0100111101100010),IfNot-Tag(1011101000010100,1100000110000100,0100010011011011)]"
PROBLEM_grade__ARGS_TAG_BF__MUT_0001,6170,grade,Tag-BitFlips,0.0001,0,True,33,491,453,"[Set-8-Tag(1001100010100010,1011111110001000,1101101110011011),LoadThreshB-Tag(0001001011101010,1101000111111110,1011010001111001),While-Tag(0111010001111110,1100101100110010,0010010111100010),SubmitD(0011111001010011,1101001011000011,0100101111001111),Sub-Tag(0100111110100110,0101001000111000,0000100000110010),Set-3-Tag(1010011001111100,1101100110101000,0100010110100110),LoadThreshA-Tag(1110101100000011,1110101000011001,0010110011001110),While-Tag(1001110100001001,1111100110000100,1111110110110010),Sub-Tag(0011000111111101,0011000000111001,1100101010100101),Set-15-Tag(0001001110010110,0010111110101101,1110011001111010),Inc-Tag(1100100000110101,0011101001001000,0110001011010100),LoadThreshD-Tag(1100011111010101,1011100011110110,0101101010000101),TestNumGreaterTEqu-Tag(0111100001001000,1111111110001010,1001101100000001),TestNumGreater-Tag(1100110000010010,1001000000111000,0111110101100011),LoadGrade-Tag(1011111110011001,1001110001011000,0000010010011110),Inc-Tag(0100101110010001,1100010010110100,1111100111011111),TestNumLess-Tag(0100100101011101,1001100001010011,1001010111001110),SubmitF(0001101001000001,1011011100000111,1000101101110100),TestNumGreaterTEqu-Tag(1100101011000100,1111000110011001,1011011000011001),Mod-Tag(1110100010000111,1010101011001111,1000010110001000),While-Tag(1100000001101001,0011101100111110,1110001001101000),SubmitA(0111111000110111,0001000000101100,0010100101011001),Countdown-Tag(0110111011111001,1101100011000011,0011101001110100),SwapMem-Tag(0111110100001110,0110010000110011,0101110010101011),Countdown-Tag(0111000100110011,0001001001011110,0000111010010000),SubmitC(1000110111010011,1010111000010001,1010010001101100),Inc-Tag(1011100110110101,0001111101000100,0100100010011011),Set-9-Tag(1100110001101101,1101111010010111,1000110101001100),TestNumGreater-Tag(0010111100101100,0101101100111101,1010010000000111),TestNumLessTEqu-Tag(1100001010100111,0010000000001110,1001110111000001),Countdown-Tag(1000001110101101,0110110111110100,0110010010000001),While-Tag(1110101001111001,1111011001011001,0110010101101111),SubmitB(0000100111011101,0011011101101010,0101011111011101)]"
PROBLEM_grade__ARGS_TAG_BF__MUT_0001,6171,grade,Tag-BitFlips,0.0001,0,True,73,500,464,"[TestNumGreaterTEqu-Tag(0000011110010101,0000111101010110,1010100011100110),Mult-Tag(1010011100101000,1000110000010001,1000001011011100),LoadGrade-Tag(1001000111100000,0011000010010011,0100010100101110),Set-15-Tag(0100000001100101,1111100110000111,1101100001100010),Inc-Tag(1001111110101000,1011111100001011,0000101111010100),Countdown-Tag(0101010100100011,1011001010011101,1011111111001000),SubmitB(0011101111111010,0011101010110110,0010011010000010),Set-15-Tag(0100011010011000,0011011011011001,0011000010111000),TestNumEqu-Tag(1011010011100010,1011100010100111,1001001000101001),Set-0-Tag(0111000001110001,0010110110101111,1111010110010110),TestNumGreaterTEqu-Tag(0011000100010110,1001110000111001,0010010011101100),Div-Tag(0011000110010001,0011111111111111,1110111001010110),Sub-Tag(1011000111001011,0101011111010111,1101100001110001),LoadThreshB-Tag(0010001010000111,0011011111001100,0111101111000111),Sub-Tag(1100011001001111,1011011010100011,0011101100000110),Countdown-Tag(1011111010010000,1010000010000011,0101100101011001),While-Tag(1001000001101010,1000110000001001,0001111110010111),Div-Tag(1101110110101000,0001011001001101,1101011001010110),Set-6-Tag(0000111011001001,1100101000110011,1011010011010111),LoadGrade-Tag(0001010011110000,1000100111111101,0101011111111000),TestNumGreater-Tag(1100101000111010,1111001110110100,0011000000100111),Mult-Tag(1010000110110001,1001111100001001,0111110101010011),Floor-Tag(0010010001101110,1110110110111110,0000111000110010),Break(0000010011011100,0101110001110011,1110100001101101),Close(0001110010000011,0011010101001111,0100011011110000),Countdown-Tag(0010100010000100,0110100101001110,1001101111110000),Close(1010100110101000,0100000100110000,1011111011101100),SwapMem-Tag(1101000101100011,1001110110101001,0010000111000010),Floor-Tag(1001010110110101,0101000111101000,0010101111001010),Set-15-Tag(1011001110101111,1101010001000111,0101110010111100),Mult-Tag(1111111011101100,1101100000110100,0110111101111001),If-Tag(0011100010110010,1000111000000110,0010001110001001),SubmitD(0011011101010001,0000101001011001,1011001100100001),Countdown-Tag(1010000000011101,1011110001111001,0001010111011110),Set-16-Tag(0100101111111001,0101000001010001,0100110100100011),Floor-Tag(1001011111010011,1111111110010000,0111000110001010),LoadThreshD-Tag(0001001101011101,0010110101110110,0010111100110010),Set-0-Tag(1110011100101100,1110110101001101,0001110010010110),SubmitF(1011111111110001,1000010100111001,0111001000010001),LoadGrade-Tag(1011111100110101,1000011101101111,1001001111000100),Inc-Tag(0111011101101100,0010010001000001,1000010111101001),Mult-Tag(0100001001110111,1000000100010010,1000101101101011),TestNumLessTEqu-Tag(1101101100101111,0111110100001110,0100010111010000),TestNumGreaterTEqu-Tag(0100010110010111,0001111001101110,0011100011111111),Floor-Tag(0000011001111011,1000011011010000,1001111000110100),IfNot-Tag(1001110101000111,0101110111010111,0111001000001101),SubmitA(1101110110101101,1110111000000100,1010110111111111),Set-7-Tag(0010110000010101,1010101011000000,1001110011010111),Set-14-Tag(0100110100110111,1110101100000101,0010001110100100),Set-14-Tag(0110011101110111,0011011111001100,1000011101011000),SubmitD(1101000100110110,1011000111001101,0101110011011011),Set-9-Tag(0111001110000101,0011011010001101,1011111111001010),LoadGrade-Tag(1111111011101011,0010101111110010,1100111001010110),If-Tag(1101110001001010,1000011011011010,1011101111111000),Set-13-Tag(1110100111011011,0110000001010001,1010000001101110),SubmitC(1001001010101100,0101110001000110,1001110000111011),Set-5-Tag(1000111010100111,0110111111011111,0000000101011010),Set-2-Tag(1000111000111011,1010110001010001,1111001110111110),SwapMem-Tag(1011101110000001,0100000111010101,1010100001110011),Set-3-Tag(0000110000111101,1101110100011111,0111101000010110),Set-12-Tag(1000110101010000,0001000101101101,1111011010001011),Set-5-Tag(1111000110100111,1101100100000111,1010001110100000),LoadThreshD-Tag(1011001100010101,1101000101110101,1101110110101100),Set-1-Tag(0110010011101111,1100110110111111,0011111011111001),CopyMem-Tag(1100110011011111,1111101100100110,0001101100111101),SubmitD(0111010100101000,0101111011101100,0101101101011101),Set-0-Tag(0001010110100001,0001110011101010,1100000010111100),Set-10-Tag(1110000001110010,0010101110011110,0111100111100001),Sub-Tag(0010011011000000,0011010111000000,1101101010101000),Add-Tag(1000011101000000,1111101011110110,0010001110011101),TestNumLessTEqu-Tag(1101001100001100,0001110000001101,0111100101110000),Set-13-Tag(0100111101001101,1000100000011011,1001100110111000),LoadThreshC-Tag(1111111110101110,0111000010101100,1000011001011001)]"
PROBLEM_grade__ARGS_TAG_BF__MUT_0001,6172,grade,Tag-BitFlips,0.0001,0,True,42,439,175,"[TestNumLess-Tag(1111110100101110,0100011011001110,1010000000101101),SubmitA(1011011100011100,0100011011110110,0001000000101111),TestNumEqu-Tag(1100111000011111,1110001011011111,0100001001101110),IfNot-Tag(1011000110110100,1001110001010101,1011101101011010),Set-1-Tag(1111111011100110,1100110010010111,1110010111001100),Countdown-Tag(0111111001011011,0011000110010100,1011010010001011),Set-6-Tag(1111100101001101,0000101100110011,0010001010111000),Set-16-Tag(0111110010101010,1000111110111011,1011000111101010),Dec-Tag(0100010111010100,0110001011010111,0001000011110100),IfNot-Tag(0001010010101111,1001101011000100,0100111100111000),Set-15-Tag(1101001001101110,0101101100010110,1110100111110000),LoadThreshB-Tag(0101100101100101,0101000001010000,1011101000000000),SwapMem-Tag(1111101100101011,0011001010011010,0111011110001011),TestNumGreater-Tag(1010010000010101,0110111010110101,1100100101000010),TestNumEqu-Tag(1011001110001100,0000110010101010,0101011010001000),SubmitB(0011010111010010,0100101010011110,0010011000100000),Inc-Tag(0011110000001110,0010001000111100,0100010110001001),TestNumLessTEqu-Tag(1111111000111111,0100011011001110,1010010010101101),TestNumLessTEqu-Tag(0000011000000011,1111111100010000,0110111101011101),Set-13-Tag(1000010010100001,0000010100101101,1110001011101100),SwapMem-Tag(0111111001011011,0011000110010100,1011010010001010),SubmitC(1100001100111111,1000101011101000,1110101010111100),Countdown-Tag(1011000011100110,0101010001010111,0000001111000000),TestNumLess-Tag(1101110100101110,0000011011001110,1010000000101101),Set-10-Tag(1101011111111001,1110001110011110,0110010000001010),Set-13-Tag(1101110111111001,1101100111100011,0111101100001110),Dec-Tag(0000010000000111,1111111100010000,0110111101111101),SubmitB(1001010010000000,0110100110111010,0100010110101001),LoadThreshD-Tag(0111001000000000,1101111011111001,1011000011101101),Countdown-Tag(0101100111000111,1110001111111000,0110101100110101),SubmitD(0110010011010011,0001111100111110,1011111001010011),Set-8-Tag(0101100101111010,1011011000110110,0010001101001100),SwapMem-Tag(1111101100101011,0011001010011010,0111011110001011),Inc-Tag(0001110000001110,0000001000101100,0100011110001001),TestNumLess-Tag(1111111100101110,0100011011001110,1010000000101101),SwapMem-Tag(0000010000000011,1111111100010000,0110111101011001),IfNot-Tag(1010001110111100,0101001001011011,1010000000000100),Countdown-Tag(0110100111010000,0111011100101011,0010100111111101),TestNumEqu-Tag(0010011100001000,0010110000010101,0101101000101100),SubmitF(0101000101100101,0101000001010000,1011101000000000),Inc-Tag(1111101100101011,0011001010011100,0111011110001011),Set-13-Tag(0010010000010101,0110111010110101,1100100101000010)]"
PROBLEM_grade__ARGS_TAG_BF__MUT_0001,6173,grade,Tag-BitFlips,0.0001,0,False,NONE,NONE,NONE,"NONE"
PROBLEM_grade__ARGS_TAG_BF__MUT_0001,6174,grade,Tag-BitFlips,0.0001,0,True,18,476,353,"[TestNumLess-Tag(0100001110001111,1111010110011001,1100100001010100),SubmitA(1100001111000000,1001101000101000,0010101011100010),TestNumGreater-Tag(1110111110101001,0100111100101011,0000100101000111),If-Tag(1000111101010010,1101110000101000,0000010000101011),LoadThreshB-Tag(1101101101110100,0100100100111110,1111001100101101),SubmitF(0101101111001100,1011000100000101,1011000011111011),LoadGrade-Tag(0110111000001111,1001011101000101,0110110011101000),TestNumGreater-Tag(1110111110101001,0100111100101011,0000100101000111),While-Tag(1000001001001100,1000000000001010,1100000101000011),Close(0011011001111111,0011101111111110,0000110100000101),SubmitB(1111111000001111,1001000000000010,1110000101011110),LoadGrade-Tag(0010011001111001,0010001100100011,0101101100001100),TestNumGreaterTEqu-Tag(0111010010010001,0001101100110010,0111100111101000),If-Tag(0000111101011010,0010110000110010,1000101011010110),SubmitD(1010011100010011,0100110000011100,0001011011000111),SwapMem-Tag(0100100101111011,1011000011111100,1110100010010011),While-Tag(0010101011110110,0001000010001001,0011011101001101),SubmitC(1110100001001111,0011011011111010,0011100111110000)]"
PROBLEM_grade__ARGS_TAG_BF__MUT_0001,6175,grade,Tag-BitFlips,0.0001,0,True,54,327,131,"[Close(1001001011001010,0101111101001000,1011100001100011),CopyMem-Tag(1000011000000010,1110100101110000,0111010011000101),Set-16-Tag(1100001001010111,1001111101110111,0100100100110111),TestNumLessTEqu-Tag(1000111010011011,0000011010000010,1010000001110110),While-Tag(1100001001011111,1101011110001010,1101011100101101),LoadThreshA-Tag(0011000000101000,1101100001000111,1000101000101000),TestNumLessTEqu-Tag(1001000000100000,1000111010010011,1001000011010011),TestNumGreater-Tag(1110111101001110,1101110000100111,0100100010001001),Set-7-Tag(1000001111110110,0111100101001100,1000010101101101),TestNumGreaterTEqu-Tag(0000100101101000,0111000001010010,1010000001100011),TestNumGreaterTEqu-Tag(0001111001110110,0001101000110101,0110101100010100),TestNumEqu-Tag(0010000101110101,1010011100011111,1101110100000010),Set-5-Tag(1111101101100000,1010100011000001,1010001010010110),LoadThreshD-Tag(1011110100101000,1100011011011011,0010110011100111),SubmitF(1001011101000110,0111111001100000,1001000100101101),Set-15-Tag(1001100110011110,0011101111100101,1100110000000010),TestNumGreater-Tag(0100011111101001,0110000000000110,1001111010011100),Dec-Tag(0110101001001100,0110000001000001,1100100011111010),LoadThreshC-Tag(1010000101101000,0110010100101111,0111100000011101),Floor-Tag(0011110110000010,0101001001100010,0001011011111010),SubmitF(1000110101100110,1100010111100110,1111110111001010),Set-10-Tag(0101001100000101,0010111001100101,1111011100111011),Set-3-Tag(1011110011000000,1000100011000010,0010101011000001),SubmitA(1010000011101001,0011111011010111,0111001000100000),Countdown-Tag(1001001100100101,1100001111010110,1000011101111111),Mult-Tag(1101011011101011,0100101101000000,0111001101111010),Inc-Tag(0010111110101011,0111110101011110,0001100101011110),Set-5-Tag(0100010100100010,0001011010100011,1100110011001100),SubmitD(1011110011010100,1100101111111100,0101011101111001),Close(1101100111110011,1101111111000101,1000001000100000),If-Tag(0001100001011111,1100001100111011,0100111011000001),SubmitB(1100010100001010,0110110001001010,0111110110000110),TestNumGreaterTEqu-Tag(0001101110101001,0110000110110001,0001001001001000),Set-9-Tag(0001000011111110,0110101101100000,1001001001000011),TestNumNEqu-Tag(0111100000011011,0110101111101000,0100101100110101),SwapMem-Tag(1000010110111101,1110001111010000,0001010001111110),TestNumLess-Tag(1110010011111101,0010100000101111,0000010110100001),Set-8-Tag(1110110000010010,0111111011001101,1111110001100011),Set-9-Tag(1110110001010111,0100010000000100,1000100010010111),SubmitC(1001000011010110,1110110110010000,1001000101100010),SubmitC(1111101101111011,1010101110111001,0011110001101111),Set-3-Tag(0101111010101001,1110110001000111,0111000010110111),Dec-Tag(1000001010101011,0010010111100010,0000100101100110),Set-10-Tag(1000011101101101,0001110000100001,1011101010100110),Inc-Tag(1001010110100101,1111011010101011,0000100000010101),Sub-Tag(1111110010011100,1000010111100100,1110110011100110),Dec-Tag(1010000101101010,0010100011101011,1001100111000001),Set-7-Tag(1000000010001101,1111101000000111,1000101100000100),Close(1011000110100011,0001111101100010,1110001011010100),Dec-Tag(0110001110001010,0101101110110000,0101011111011001),SubmitF(0010011001011101,1110000001100100,1110010110001010),Set-12-Tag(0110001010001001,1010101000111001,1010001110100100),LoadGrade-Tag(0100000101010110,0110101111011010,0101111100101000),Set-6-Tag(0110000110100010,1001100000001010,1001100100100010)]"
PROBLEM_grade__ARGS_TAG_BF__MUT_0001,6176,grade,Tag-BitFlips,0.0001,0,False,NONE,NONE,NONE,"NONE"
PROBLEM_grade__ARGS_TAG_BF__MUT_0001,6177,grade,Tag-BitFlips,0.0001,0,False,NONE,NONE,NONE,"NONE"
PROBLEM_grade__ARGS_TAG_BF__MUT_0001,6178,grade,Tag-BitFlips,0.0001,0,True,65,488,399,"[TestNumGreaterTEqu-Tag(0100011101001011,0001011000111011,1011110000001011),Not-Tag(0100011000110100,0001010000111001,0111000100010010),Set-3-Tag(0001011000011110,0010111111001110,1011001101000011),LoadThreshA-Tag(0100110110110111,0100001010100010,1010011110101111),SubmitA(0000000101010111,0011001000110010,0011000000000000),Sub-Tag(0000100000000001,1111011010011101,0001110001000000),Countdown-Tag(0101101100000111,0001111010001000,0110011010011000),SubmitD(1001001100101010,0100110001101010,1010001111001001),LoadThreshD-Tag(0001100001110011,1010001100010001,1000110010101000),Set-14-Tag(0001110001000111,0100010000011111,0001111100110001),Set-4-Tag(0101001010110111,1001110001001110,0000101101000100),TestNumLess-Tag(0001000010110000,1100001011011001,1001100100000010),LoadThreshA-Tag(1000100100000010,0010011110110011,0001100011000011),Add-Tag(1011000101001000,0001001101010100,1100101010001110),LoadGrade-Tag(1111101101001010,1101100001110100,1111001111110101),Set-10-Tag(1100100101101100,1000000110000010,1100110001100101),Set-10-Tag(0100111100010110,0100111101101010,1000111100000000),LoadGrade-Tag(0001011010011111,0011110001000010,1010001111010110),Set-10-Tag(1000101011110101,1001111101000001,0011101000110101),Set-0-Tag(0010110110010000,1110011111111110,1001011011001010),Add-Tag(1010000101000011,1011011100001011,0010101001101100),Set-10-Tag(0100000110011101,0011001101010100,1001110101101111),Add-Tag(0111110011000110,0110110111110000,0100010001010001),If-Tag(0100010011111000,1001010101011110,0100100101110100),Close(1100101111011100,1001111010010000,0100111110000110),IfNot-Tag(0111100000011001,1001001101110101,0000101110100100),Set-14-Tag(0010111101101111,1001011111100010,0001001100110010),Inc-Tag(1011101111110101,0111000100111011,0011100001100001),Sub-Tag(1111001000011110,0000110100110110,0111011100000101),Set-13-Tag(0101101011100010,1011011001100111,0110111110110111),SubmitF(1000010100110000,0001101101111011,1101010100110111),Set-14-Tag(0010000001010011,1100011010010000,0101011001011000),Set-11-Tag(0000110010011001,1110100000110111,1101011011110101),Set-4-Tag(0111101010110011,1111100100111110,1000011110001001),While-Tag(0101011000100010,1010110001110010,0011000111101101),Set-1-Tag(1001000110011011,1101010111100100,1111000011000001),Mod-Tag(0010011010000111,0111110100011001,0101101100110001),SubmitF(1000101111000100,0000011010011100,0001010000101101),Set-10-Tag(0101110011010010,1101101110011001,1101100011011100),TestNumGreaterTEqu-Tag(1100110101101000,1101011111010110,0000010001111010),Set-4-Tag(1100111011010101,0100001101000000,0101110011010011),Inc-Tag(1100111011110001,0010001010111010,0100001011101110),TestNumGreaterTEqu-Tag(1011101011111000,1100110000011000,0101011110111000),Set-7-Tag(1011101011000101,0010011011000100,0111110010010101),If-Tag(0101011100000110,0110000011001111,1111100101011101),Countdown-Tag(0111101100000000,0000100011000100,0100100100100000),SubmitF(1110000101000000,1110111011100101,1001101110011111),Set-5-Tag(0100001110110001,1100101100110011,0111010111000000),Div-Tag(1110000101010101,0101111000110111,0101101001001001),Mod-Tag(1001100101111100,0010101110000101,0110010001100001),Set-6-Tag(0111010110011110,1101101101110101,1001110100100011),SubmitB(0110110010010100,1011011000000001,1100111100101010),Set-11-Tag(1000000000101010,0110001111110100,1111011111100110),Add-Tag(0000010110011000,1001101010100011,0100011101011010),Set-9-Tag(1100111100101010,1010000101101111,0010001100111010),SubmitA(1000111010101001,0110001110001001,1111001010001100),IfNot-Tag(0110111011110000,1000100000101100,0101010011100100),Set-16-Tag(0110101011010100,0100100110111001,0101100000111111),LoadThreshB-Tag(1100011101101100,1100100111011101,0010101000110100),SubmitC(0101110100010000,1011010111100011,1001111101110101),Countdown-Tag(0100001000100010,0101101010010110,0100100110000110),Mod-Tag(0001010000111101,0011101010011101,0000000100011010),Set-11-Tag(0110111101101100,1111011111111011,1100110101010110),LoadThreshB-Tag(1111010001100010,0010111001101011,1101011110011001),CopyMem-Tag(0110100010101101,1001110000001011,0010111001111110)]"
PROBLEM_grade__ARGS_TAG_BF__MUT_0001,6179,grade,Tag-BitFlips,0.0001,0,False,NONE,NONE,NONE,"NONE"
PROBLEM_grade__ARGS_TAG_BF__MUT_0001,6180,grade,Tag-BitFlips,0.0001,0,True,19,403,210,"[Dec-Tag(1111011100111000,1110100000111001,0100101011110100),LoadThreshC-Tag(1001010010101101,0011001010010011,0101001110011011),SubmitF(0001011101000011,1000100100111001,1100011000110011),TestNumLessTEqu-Tag(0010110110111001,0010110100000001,1010000100000011),While-Tag(1010101100110010,0011011111000100,1101111010010000),SubmitD(0000100110010010,0000111011110101,0001110110011111),LoadGrade-Tag(1010101010111100,1011011011100001,0001100011111111),Inc-Tag(0000001010111111,0000110101100000,1011101110100000),TestNumGreaterTEqu-Tag(1000001101001100,0010110010000100,1111001000001101),TestNumGreaterTEqu-Tag(0101100101111111,1000111101000100,0000011100100111),SubmitA(1000011010010000,0000111011000100,1110011101101001),Countdown-Tag(0111100010001011,1101010010001001,1100000111111110),TestNumLess-Tag(0110000000010110,0101111000101110,0001001101110110),While-Tag(0001000100110111,0110011111110010,0110100000110000),SubmitB(0110101100011101,1000001011110010,0000111001001110),Sub-Tag(0101011100000010,1001111001010100,0101100000111000),SubmitC(0010011110101101,0101001010011010,1001111011101000),While-Tag(0100110001000100,1110001001010001,1010101011110100),TestNumGreater-Tag(1010110000011001,0110011000110000,1101010011010110)]"
PROBLEM_grade__ARGS_TAG_BF__MUT_0001,6181,grade,Tag-BitFlips,0.0001,0,False,NONE,NONE,NONE,"NONE"
PROBLEM_grade__ARGS_TAG_BF__MUT_0001,6182,grade,Tag-BitFlips,0.0001,0,False,NONE,NONE,NONE,"NONE"
PROBLEM_grade__ARGS_TAG_BF__MUT_0001,6183,grade,Tag-BitFlips,0.0001,0,True,83,478,227,"[Close(1111100010110001,1001011100001111,1010111000010001),Add-Tag(1101000010001001,0000001010001101,0111110100101101),Close(1110001110100000,0011100101100000,0010001101000111),LoadGrade-Tag(0011101001010010,0000001111000110,1001110001100001),SubmitA(0111001000111000,1010101110110110,1101110101101110),Add-Tag(0010000000110110,1110000001111111,0001000111101000),Inc-Tag(1011110110001001,0101110010111110,1110000101101101),LoadThreshB-Tag(0001000111110101,1100000001111110,1001010100010010),TestNumLess-Tag(0111111100000000,1100100111111001,0010110100000001),LoadThreshA-Tag(0010000001001110,1001001111000001,0110000101011001),TestNumLess-Tag(0010001100100011,0000110001111101,1001001000001101),TestNumLessTEqu-Tag(0001110101011011,0000101000101101,0000100111011110),Set-15-Tag(1010011101100000,1111101000001011,0010010110100010),Not-Tag(0010101110000001,1001001101001111,1100111001001000),LoadThreshC-Tag(0011010110010010,0110111111101001,1001110100111101),Countdown-Tag(1101100010011001,1110010110010111,1111011000010101),IfNot-Tag(1011101111111110,1001100111011001,0010111100000110),LoadGrade-Tag(0111010011010000,1111111111010001,0011011001010100),LoadThreshD-Tag(1011010011110000,1111010110011111,1100001000000001),Set-7-Tag(1000000100010000,1101110101011011,1001001100100110),TestNumGreater-Tag(1110010100001000,0010011101010110,0000001000101101),Dec-Tag(1100010111000000,1100010101011010,1011110010101110),Close(0110111000100011,1100111011110110,1001111001011111),LoadThreshC-Tag(0111011110110010,0100111010000110,1110110101001101),Set-1-Tag(1111110000000011,1110000001010100,0101001100010001),SwapMem-Tag(0011011111111000,0100001001001010,0011111010010011),Mod-Tag(0011110101000010,0010111010111001,1110110101110100),Set-8-Tag(0110001011010111,0111011110110001,0001101100001111),Inc-Tag(0100001011000000,0000111010101100,0010001110110000),If-Tag(0111101101101011,0010100101110000,1010101010001101),LoadThreshB-Tag(0110011111000000,0011000110010100,0011101111100100),Set-1-Tag(1100110100110111,1000001010110101,0111001100110100),TestNumGreaterTEqu-Tag(1111010100010001,0011101000110111,1110110001011000),CopyMem-Tag(0000111011110101,0001111100111011,1110100011110100),LoadThreshC-Tag(1110000001000011,0101111111101010,1110100000100010),Set-12-Tag(0101010110011011,0101000001011001,1101001110110001),Set-3-Tag(0001001110111011,1100011001010101,1111011111010111),LoadThreshB-Tag(0011110101100101,0100101111010100,1110100001111101),LoadGrade-Tag(1110010000011000,0101100010111010,1111001011110111),Set-0-Tag(1110011001010000,1000010110111101,0100101101110011),SubmitD(0110110111101100,1000111000011100,0010110101110011),SubmitC(0100101001100100,1111011111010100,0000001101010001),Set-12-Tag(0001011010011011,1001101011111110,1111000000010101),Set-12-Tag(0011000001111000,1011111000010101,0000000101100111),SubmitC(0110101011111110,1011001101111110,0100000100011111),Not-Tag(0000101010011101,0100010100110111,0001100001011111),Set-0-Tag(1101010011000011,0100111100100100,1111000010001001),Close(1000101000011110,1011010110101011,1100101001000011),Sub-Tag(1010000000101000,1001110110111101,0011111010011011),SubmitD(0001100111110111,0100011001100011,1101110101111000),SubmitD(0101001011111000,0001111000100000,1000100000100011),Set-8-Tag(0110111001010100,0100110011100111,0110100011011010),Set-10-Tag(0000110001000001,0010101111011110,0100101100010001),TestNumNEqu-Tag(1111101001111110,0011111100000010,0100110000010011),Set-10-Tag(0011001001100100,1000001101010101,0001011001001010),Floor-Tag(1001111100100000,0000011100001111,1000110100100101),TestNumNEqu-Tag(1001100111101111,1101010010100011,1100100100011010),Set-13-Tag(0101001001000111,1011001000100001,0101100110011101),TestNumGreaterTEqu-Tag(0000011101100100,0100001011100011,0011110001001010),CopyMem-Tag(0101000100110011,0011110011011100,1001001101100001),Set-14-Tag(1100010100000001,1111010110110110,1000011010110100),Set-4-Tag(0011001100101101,1001110111000011,0100011010011111),Mult-Tag(1111101111011110,0101010110101101,1010100001111110),Floor-Tag(1000010111101000,0100100111000110,1110110011110010),Set-9-Tag(0101001100100010,0001101100000101,1011110000101101),Set-11-Tag(0111011011011101,1011101001011111,1110101100101011),SubmitC(1010111100010010,0111001011101001,1101100000101010),LoadGrade-Tag(0100001010010010,0011010100110000,0000011011111101),Countdown-Tag(1100101100001110,1110100001101010,1010001010001000),Set-14-Tag(0111100000001000,0000110100111101,0101011011011001),TestNumGreaterTEqu-Tag(1000110101100000,0100011001110011,0010001000000101),SubmitF(0010001011101010,1010101100110000,0110101001010010),LoadThreshA-Tag(0111011001111111,1100000010010101,1101101011000111),Set-10-Tag(1000000111100100,1010110101010010,1111001001101010),Not-Tag(1000011001101000,1100000001010000,0111010010010110),LoadThreshC-Tag(1001101011001110,0010011000001001,0010010000110111),TestNumGreater-Tag(1010101000011001,0111000010111100,1000101010011010),Div-Tag(0011000100111100,1100010111010110,1101110010101110),Set-16-Tag(0000011111001000,1000111011010001,1001111100110100),Set-0-Tag(0110001000111110,0000101111100111,1011100001000001),SubmitB(0011010101110111,1011010011111010,1110001001001100),If-Tag(0111011110101010,1011111000100101,1010111001001000),While-Tag(1101011000011111,1000001000100101,0001100000100010)]"
PROBLEM_grade__ARGS_TAG_BF__MUT_0001,6184,grade,Tag-BitFlips,0.0001,0,True,81,490,312,"[Close(1011110101110110,1111010010111011,0000110000111100),Set-12-Tag(0110011100101001,1100100000000011,1001000110010111),CopyMem-Tag(1110111100011101,1101100101000001,0100010010000011),Set-0-Tag(0001110100101110,1011111010011110,0110110001110101),Set-14-Tag(1010111011000100,0000101000001001,1010111100111110),Floor-Tag(1010100001101110,0000110011010001,0000101011101111),SwapMem-Tag(0011110110011011,0101101101101000,0111111010100110),TestNumEqu-Tag(0111101010010111,0000000000111100,1111100110010100),Set-0-Tag(1100010010010110,1011110101111010,1101011000111000),Div-Tag(1110000111000001,1111111101101001,1100100100011010),Sub-Tag(0100000000100101,1001111100000101,1011101110101010),LoadThreshD-Tag(0110100111101101,1000111111100100,1101010000001011),TestNumLessTEqu-Tag(1011100100110001,1001001000101000,0111011110100011),TestNumLessTEqu-Tag(0010011111001100,0100101011011011,1010111000011010),LoadThreshD-Tag(1100001000101001,0111000010100011,0110010110010110),TestNumGreater-Tag(0000010111011110,1111000110001010,0011110011000111),LoadThreshD-Tag(1101101100101100,0010000011110011,0110100010000000),Set-12-Tag(1000000101011001,0011001110100001,1101101111101000),SwapMem-Tag(0101000100011000,0010011001000111,0111010001001000),Set-6-Tag(1010011110001000,1101000111010001,0000011111111010),Set-10-Tag(0010001010100101,1011100001101001,1001101110100111),Div-Tag(1111000110010111,0111100110101101,1000001000010010),Set-4-Tag(0110011111001100,0010100010001111,0010101001010111),Div-Tag(1100110101010011,1011111011001001,0000111001000110),Set-1-Tag(1011011101010011,0001000110011101,0101111111011011),Set-14-Tag(0100110011111010,0000111001011010,0001100001111000),Set-8-Tag(0111110011111101,0100001110000111,0101101011100111),Floor-Tag(1100010010011100,0110010110101101,0111101001011101),Set-8-Tag(1100111101111111,1100101001011111,1101000100111101),TestNumEqu-Tag(0101011100111101,0010001110010101,0101000100000111),Add-Tag(1001001110011000,1000001111001001,0000010100100110),Set-5-Tag(0111111111100000,1111011101110110,0100010000000110),Set-4-Tag(1001110001011111,1100111110010010,0101100010011011),Set-15-Tag(0001000111000101,1111111110110101,1001001001000011),Set-6-Tag(1111111101000100,0110010111101100,0010100111011110),Set-7-Tag(1001111111100101,0001011000000101,0100111011001110),LoadThreshA-Tag(1010101100101001,0111011011011101,1111100000101011),TestNumGreaterTEqu-Tag(0001110010101010,0011111101000011,1110010101000011),Set-1-Tag(0111010110111110,1001000111110010,0101001001000010),LoadThreshD-Tag(0111010001111011,1000010010111011,1010101000100011),LoadThreshD-Tag(0110101011001111,1000000110111101,1111101001111111),TestNumLessTEqu-Tag(0000100101001001,1001000011011111,1100010100010000),TestNumEqu-Tag(0101110100010100,0011111000111001,0101000000011010),SubmitC(0001000011100011,1101111011011000,1001000101111101),Set-11-Tag(0001100111011000,1101110000110111,1010000011010010),Not-Tag(0111101100000010,1100110110010100,0111111111100000),SubmitA(1110000000010000,1001100001000110,1001111111111101),Set-0-Tag(1000101101001011,1000001001111001,1000000010101101),SubmitD(1111001111001110,1100101001110101,1010011000011010),LoadGrade-Tag(0010000001110110,0100100011100010,0000000000001011),LoadGrade-Tag(1110001000111011,0110001001101101,0100001000111010),LoadThreshD-Tag(1001000101001011,0010101000101101,1000101110100001),Dec-Tag(0010100110011000,1010011100110101,1100110101001011),TestNumGreater-Tag(1100010011110111,0001100010011000,1110010000100000),SubmitB(0101101101110111,1110101001101100,0101100001000011),SubmitF(1010010101101001,1001111000110010,1100000000011110),While-Tag(1011011111000001,0111110011011101,0000011110111000),SwapMem-Tag(0011001111111000,0010111010110101,1101001000011111),LoadThreshA-Tag(1011111000110111,0101010001101010,1010001111001010),Dec-Tag(1100000011100111,1101011101010011,1000011000100000),LoadThreshC-Tag(0000110101000111,0000011110000111,0011000100000001),TestNumGreater-Tag(0111101101100110,1100110110110100,0111101111100000),Dec-Tag(0001100011000011,1001101111101110,1100111011111000),Countdown-Tag(1101001111110101,0101000011010000,1010001100000111),Inc-Tag(1100011011010011,0111111010111001,1011001110110011),Dec-Tag(0010110001001101,0001111100101011,0011010000111110),Mult-Tag(1101000101001010,0010101000101101,1000101110100001),SubmitB(1010101100001111,1001011010111111,0110101110011000),TestNumGreater-Tag(1100010011110111,0001100010011010,1110011000100000),Mult-Tag(1010010011011100,0000100000101000,1000111011000100),TestNumEqu-Tag(1010100011001100,1111011011111110,1111001001110111),Inc-Tag(1010000101011100,0110110100011010,0110101100101110),Countdown-Tag(1011011111000000,0011111011011111,0000011110111001),Mod-Tag(1100001010001101,1000101011010101,1010111010101110),LoadThreshB-Tag(1000001101011111,0111011111100111,1010011000101101),Inc-Tag(0101001001111111,0010100000001111,1110100110001101),Close(0100011000001110,1001000111111010,1010101001011010),Mult-Tag(1000001101001010,0010101000101100,1000101110100001),TestNumGreater-Tag(1100010011110111,0001100010011000,1110000000100000),While-Tag(0111111001101100,0111111001001110,1100000111010001),CopyMem-Tag(1011010111000000,0111111110011101,0100011100111000)]"
PROBLEM_grade__ARGS_TAG_BF__MUT_0001,6185,grade,Tag-BitFlips,0.0001,0,True,66,484,163,"[Set-3-Tag(0110110110100101,1001100001111000,0000010101011000),TestNumGreaterTEqu-Tag(0111011101111010,0000001011011011,1000111101001111),LoadThreshB-Tag(0100111011010110,1010101110101110,0001010001110101),Set-10-Tag(1000111110100111,0010011010000111,0100001001101001),Set-8-Tag(0111110000000010,1001010001101100,0011011111101001),Set-2-Tag(0110011010011001,1001101110010111,0101111100010010),LoadGrade-Tag(1100110010110111,0010000111110110,1101101111111110),TestNumNEqu-Tag(0010011001010101,0010101001101010,1110111100111101),SubmitD(1110100001111110,1010010000010011,1101000001100111),Sub-Tag(0000001000111101,1100000000000101,0011000110001010),Dec-Tag(1101000110011011,0100011000100001,1001111001100110),LoadThreshA-Tag(1111000010101010,1100001100110001,1100000010101010),SubmitC(0111011011101001,0101010110100010,1111000110000000),LoadGrade-Tag(1001111110011111,0010100001001101,0110010101011010),Inc-Tag(1000111110100111,0010001010000111,0100001001101001),TestNumGreater-Tag(1010111101100110,1011001110011001,1010101011000110),CopyMem-Tag(1011000100111111,0011100101011001,1111011110001011),CopyMem-Tag(0000101011111101,1101001110010100,1101111110011111),TestNumEqu-Tag(1100001100011011,1000010110101001,1011100010110101),Sub-Tag(1110100000001011,1111100000111011,0100001010111010),Countdown-Tag(1110100000110100,1110111100000010,0000101010101010),LoadGrade-Tag(0000111111110111,0000010011110101,1100010111001100),Close(0111110010010001,0111011001110111,1010111100001100),Not-Tag(0000110101000001,1100100000001100,1111110101100110),LoadThreshB-Tag(1000000000001001,0111001110010110,0000101001111100),Countdown-Tag(0001010110001001,0111100110111010,0111101010100101),Set-3-Tag(0011011000011110,0001100011111110,1001011010000100),TestNumLess-Tag(0110110000000100,1111110101110001,1000001101100101),Dec-Tag(1110111100101111,0011100101110110,1110110101010110),LoadGrade-Tag(1001111110011111,0111100001011101,0110010101011010),Set-11-Tag(1000111110000110,1010111101010111,0001110000000110),Set-8-Tag(0111011010010000,0111100110111000,1011101101000100),Floor-Tag(0100010101000101,1010011000110101,0100101011000110),SubmitD(1000011110000101,0010011010000111,0100001001101001),TestNumGreater-Tag(1010111101100110,1011001110011001,1010101001000111),TestNumGreaterTEqu-Tag(1011010110111111,0011100101001001,1111011110001011),Set-12-Tag(1010100001101011,1101101001110000,0101000010010011),Set-13-Tag(1110100010110111,0100000111110110,1101111111111111),SubmitF(0100110110110001,0111001010100111,0011110001111011),LoadThreshC-Tag(1001110100011100,0100000100111011,0110100011110001),Set-2-Tag(0010110111000001,0111110010100101,0100011101010111),Set-11-Tag(1001001111000101,0100001111010001,1001010001011001),Countdown-Tag(1011111000110101,1101000100000100,1010110101111011),Set-6-Tag(1110100001111110,0010010000000011,1101100001100111),Add-Tag(0001101011101110,1101100011101111,1100111111111001),Set-6-Tag(0111011010101001,1100010110100000,0111001110000000),Mult-Tag(1011101111100111,1001011100011101,1101010000011110),TestNumGreaterTEqu-Tag(1100011010001000,0110011111101111,0111011011101111),TestNumEqu-Tag(1010010010111111,1011010100111111,1111101110010111),Set-13-Tag(0101001111110000,0000100100010110,1010011011000111),While-Tag(1100100011001011,1011001100101100,0010111100100111),Set-2-Tag(0001000001101110,1001111000011011,1111011000000111),LoadThreshB-Tag(1000001001000111,1001101001000110,0001111001011101),Set-13-Tag(1010000010110110,1110111001001011,1100011010110111),Set-1-Tag(1001010110100001,0001110110001000,0001000110001101),SwapMem-Tag(0100101000101010,0010100011001110,1010101001011001),Inc-Tag(0100001110101011,1110110000011110,0001001111110111),Set-5-Tag(0001011010110001,0101010001100101,0111110010101001),Set-8-Tag(0010010110001101,0111100010101101,1001111011011110),Div-Tag(1010101111101100,0111110110010101,0111110110111110),Add-Tag(0010110010101101,0010011100000001,0111011100001010),SubmitA(0011111100100101,0100111010110110,0100011100001110),If-Tag(1001100111111001,0001111110101001,0010100111111110),SubmitB(0100101001110100,1010000101001111,0101000111001101),If-Tag(1001111010111011,1101000010100101,0000011001101110),SubmitC(0001110011001010,0001001010101101,0101111111000111)]"
PROBLEM_grade__ARGS_TAG_BF__MUT_0001,6186,grade,Tag-BitFlips,0.0001,0,False,NONE,NONE,NONE,"NONE"
PROBLEM_grade__ARGS_TAG_BF__MUT_0001,6187,grade,Tag-BitFlips,0.0001,0,True,23,463,280,"[Set-15-Tag(1001110110010001,1110111000000101,0101110000101011),Dec-Tag(0001011100010110,0100100000110110,1001000011001010),SwapMem-Tag(0101110100101110,1101011110110101,0101011110100000),Set-16-Tag(0111100101110001,0111101101010110,0100101011010000),LoadThreshA-Tag(1100101000110001,0110010011001001,1001011010100100),TestNumGreater-Tag(0000111010101101,1111010010000010,1110010111011000),TestNumLess-Tag(1111111101001001,1000001100010111,0110100111000111),While-Tag(0100110011101001,1110111111110000,0110111001100100),SubmitF(0010110011110010,1011000111010111,1101001100010011),Add-Tag(0111011000010000,1111100110011111,0111111011110001),LoadThreshD-Tag(0000111100101111,0010110101110010,0110100110110101),SubmitD(1011010111111110,1110111110010110,1001100110111000),Countdown-Tag(1000110110111010,0100101111100110,0000101101111000),TestNumGreaterTEqu-Tag(0000110001101100,1011101110110111,0101100111101001),IfNot-Tag(1101000001100010,1011100011000101,0011001100010111),SubmitC(0101000001010011,1110011100111101,0111111111010001),If-Tag(0001101100101011,0110011100011100,0110001000100111),SubmitB(0011110110001001,0010111110110110,1101101000101000),LoadGrade-Tag(1111010001111111,1010100101111001,0110110000111111),TestNumGreaterTEqu-Tag(0101111011111000,1110100010111011,1100000111000101),TestNumGreater-Tag(1101101000111111,0001100000010101,0011100100100111),SubmitA(1001001011000100,1010000100110101,0001011100010110),SwapMem-Tag(1111000111101111,1001101100000100,1000110010110101)]"
PROBLEM_grade__ARGS_TAG_BF__MUT_0001,6188,grade,Tag-BitFlips,0.0001,0,False,NONE,NONE,NONE,"NONE"
PROBLEM_grade__ARGS_TAG_BF__MUT_0001,6189,grade,Tag-BitFlips,0.0001,0,True,70,468,370,"[Break(1001010000010100,1110101110010110,0000011110110010),TestNumLessTEqu-Tag(0001010100100101,1010100110001011,1000001100110110),Set-15-Tag(0010010011101100,0010110010001111,1011000100010010),Close(0000110101111111,0001000001100110,0000010100101000),SwapMem-Tag(1000000011000011,1100000011111011,1001111100001111),Set-0-Tag(1001001111001111,0100001100011100,1011101011111001),Mod-Tag(0111111100110000,1111100110110101,0100111000000111),Floor-Tag(0111001100100000,0000111010000010,0000110011010101),SubmitD(0110100010011111,0011000010001010,1100001101100001),TestNumLess-Tag(1100010000000000,0100100001111011,1110101001000000),Set-2-Tag(1011010110100111,1001100110010011,1110010100101010),Set-13-Tag(0100000001110111,1010011110100011,1010001000101111),TestNumEqu-Tag(0001111001001100,0101101110010111,0001011100100010),Set-16-Tag(0101101011011100,1101001101100110,0010101101011010),Div-Tag(0001101110001011,1101001100101101,1001011011111101),Dec-Tag(1111011101101001,1100001110110111,0110111001001000),SubmitA(1111011000101101,1111111001110100,1001011001010011),Set-13-Tag(1111001100010011,0111101000001001,0010110111111110),Add-Tag(0001101100011010,1001000101110000,1100100000101010),Sub-Tag(0011100001100001,0001111011100111,1110100111001100),Sub-Tag(1110010000010000,1111110101101101,0100000000001100),LoadGrade-Tag(0001000100110011,0000101110100010,1111000011101010),Set-7-Tag(1011011101111011,1010000001001100,0010011110111010),SubmitF(0110101110101101,0010010011011101,0000110011000111),Countdown-Tag(0000000010011010,0000001100101001,1100001101000011),IfNot-Tag(0001101100001101,1001110001011010,1110110101000000),Set-6-Tag(0000010000101011,1110100111011000,0001101110010100),Close(1010101111111000,1011101001101110,0110111000001100),TestNumLess-Tag(0100110111110010,0011011001010000,1000001110010010),Set-13-Tag(0000110001101010,1001010000101001,1011110101000110),Set-16-Tag(1111111011011000,1010110101000010,0101000000110010),Set-10-Tag(1010101010111110,1111011100111001,0110110011011000),LoadGrade-Tag(1110011100000110,1011010111011000,0101100101011101),Div-Tag(1100010100110101,1110110100011111,0010111000010101),LoadThreshC-Tag(0110100110100011,0110101010010101,0100100000100100),Set-2-Tag(0011100000101001,1111010100111110,0101010010100010),TestNumLessTEqu-Tag(1010010101100000,0110110011011000,0000100010101010),Floor-Tag(0011001010110010,0101010010101111,0001000001011110),Not-Tag(0101010011100000,0100101111110010,1111110011011110),Close(0001110101111111,0001000001100110,0000010100101000),LoadGrade-Tag(0000010100010100,1000101100101001,1100000010000110),Set-16-Tag(0101101010011100,1100001100100010,0010101101011010),TestNumNEqu-Tag(1111011011100011,0000001111000001,0011111111011001),TestNumLessTEqu-Tag(1000010011001001,1100000101011111,1101100011101101),TestNumGreater-Tag(0011000011011000,1011001010110001,1001001010000010),LoadThreshD-Tag(1000001101111111,0110011110010011,0100100001010000),Add-Tag(1010101111111111,1101011001111010,1000110111100110),Sub-Tag(1001100010111000,0000000111101010,0101000010100111),SubmitB(1011100011110000,0010011011100000,0001100001010101),IfNot-Tag(1100101011010011,0110100000110100,1101100010001001),Set-9-Tag(1010110011001000,0001111010000110,0000110111011000),SwapMem-Tag(0101010111010111,0101111011010100,1001001111110001),Set-16-Tag(0100111010010010,0001000100010001,0111110101111111),LoadThreshA-Tag(1000110010101000,1011011000001001,0111101001101010),LoadGrade-Tag(0101101101011101,1011001010001111,1100111100101000),LoadThreshA-Tag(0001100000100000,0100100101010100,1000011101011011),TestNumLess-Tag(1011100110001000,0000110100011010,0001010000011010),Set-3-Tag(0110010111010111,1011001001000000,0000000010101111),CopyMem-Tag(1100011111101100,1110001011111101,1101101001010001),LoadThreshD-Tag(0101001001101110,1110010111101100,0010011010001110),TestNumGreater-Tag(1000111000001000,0110011001101000,0001111001110000),SubmitC(0111101001001101,0100101111001110,0000110110011101),Floor-Tag(1010110011101100,0001111011111110,0111101111000001),Close(1110111100100101,0101001011101111,0110111100001111),TestNumGreater-Tag(0011100001011000,1011011010100010,1001001011000011),LoadThreshB-Tag(0101111011111010,1101100001110100,1010101100001100),LoadThreshC-Tag(1001100010111000,0000000111111010,0101000010100011),TestNumGreater-Tag(1111111011011010,1001001101001110,1011001101110010),IfNot-Tag(1100001011010011,0110100000110100,1101100010001001),SubmitA(1001101000000011,0011110000110001,0111011111010100)]"
PROBLEM_grade__ARGS_TAG_BF__MUT_0001,6190,grade,Tag-BitFlips,0.0001,0,False,NONE,NONE,NONE,"NONE"
PROBLEM_grade__ARGS_TAG_BF__MUT_0001,6191,grade,Tag-BitFlips,0.0001,0,True,61,498,469,"[TestNumGreater-Tag(1110111011100101,0000100010001111,1000111110111100),Set-1-Tag(1001000010011110,1110101001110111,1101010100011011),Inc-Tag(0010110011010000,1100000111100111,0101000000010111),Set-16-Tag(0001010110100000,1110000001111100,0110000011110011),Add-Tag(0000101010010110,0001100110001111,1100110110000111),LoadThreshD-Tag(0010001001010011,0110111011010101,0100000010000100),SubmitA(1101111111111111,0101000111000011,1011111010011011),While-Tag(0100111101110111,1001100110010111,0101011001010111),Countdown-Tag(0001100110110000,0111000011110001,1101011111101010),Add-Tag(0000101100110011,0010101101000001,0101100111000111),SubmitF(1000001100111000,1100001001110000,0110011010000110),IfNot-Tag(1001111111011001,0100111111100000,0000100111001100),TestNumGreaterTEqu-Tag(1101100101000111,0000111000110110,1110001111001110),Set-4-Tag(0001111110001010,0001110101011100,0000010111001011),LoadThreshD-Tag(1101111010010110,1100110010010001,1101101000110011),Floor-Tag(0001100111010101,0001000000100010,1100011011110000),Set-13-Tag(1111110011010101,0101011011000100,1110001001111000),TestNumEqu-Tag(1100111110000010,0100011000010110,0100110110110001),LoadThreshC-Tag(0010001010000101,1001101010001010,0101011100001010),TestNumNEqu-Tag(0010001010111011,0011101010011001,1010000010110011),Set-8-Tag(0001100001110011,0110110111100111,1010001110100001),Not-Tag(0101000100111001,1100010101100011,0010011101010101),Mod-Tag(1111100100010101,1111011110000010,0011101111011101),Set-8-Tag(0010101010010100,0010000000011010,1100111110110100),Set-4-Tag(1000100000011110,0101000110001111,0110011010010001),While-Tag(0100111101110111,1001100110000111,0101011001010111),TestNumEqu-Tag(1110011101111011,1100110100111000,1001110011011101),IfNot-Tag(0010100001100010,0110011101101010,0001111000011100),LoadGrade-Tag(0100010010000000,0100100101001001,1001000011101100),SubmitF(0000101011110001,0101111100000010,0100111010101000),Not-Tag(0011101011101101,1011111000010111,1110100110011001),Set-1-Tag(1001110111011001,0100111011110000,1000100111001100),Inc-Tag(0010001010001110,1010010101010011,1100001111101010),Close(1100001000101000,1011111010110011,0001100010011001),Mult-Tag(1101001011101011,0100100100100001,1111100110101110),SwapMem-Tag(1001010111111001,1001110100001101,0110111100101001),Set-3-Tag(0101010110110011,1001001000001000,1011101111001011),Sub-Tag(1011111101110010,0000000110011101,0010010000001111),LoadThreshA-Tag(0100001101100011,1011001110001011,0100110010000100),TestNumLess-Tag(0111001001011001,1000010011110001,0111101001100001),SubmitB(0001000110011010,1010110110001100,0101110110001110),Set-5-Tag(0001110110101010,0000101101011110,1001010111001011),SubmitB(0111110010100110,1101100111000001,1111010100101001),Set-8-Tag(1001001101111000,0100010110011001,1101101000011111),Mult-Tag(0001011011111001,1100110110001010,1101110010000010),Set-12-Tag(1110001111111101,1101010010111110,1000110101100101),Dec-Tag(1101111010010110,1100110010010001,1100001010111011),Set-15-Tag(0101001001101000,0101101010111100,1101101110010000),TestNumGreater-Tag(0010001010000101,1001101010001010,0001011100001010),Set-13-Tag(0101000100111001,1100010101101011,0010011101010101),Add-Tag(0000001100110111,1011101000101011,0010110101000010),SubmitC(0100110110111010,1011011010110000,1010101101001011),SubmitC(1101100100010101,1110011111010010,0010001111011101),Set-7-Tag(1100011011001011,0101100100001110,1000101100111110),SubmitD(0110111011000000,1010010101110111,1001100100100011),Set-9-Tag(0000100011011011,1111100110100100,1101011011111011),Set-8-Tag(1100001100101011,0010000111100011,1000001011001111),Set-11-Tag(0001110101011001,0110101010110001,1111000000010111),LoadThreshB-Tag(0010000011100000,1100000001011001,0101110110001110),Set-12-Tag(1000111101001001,1011111110011111,1000010011111101),Countdown-Tag(0110001000100110,0100001111010100,1101110111010101)]"
PROBLEM_grade__ARGS_TAG_BF__MUT_0001,6192,grade,Tag-BitFlips,0.0001,0,True,61,435,435,"[SubmitB(1000110011000100,1111111101100100,1011110011101010),LoadGrade-Tag(1110111101001110,1000110101111001,1000100100001100),Break(0110110100100000,1111001110011010,0111011001001100),Mult-Tag(0111111111001010,1110011110001100,0111110000001001),LoadGrade-Tag(1100010011111111,1110000000101001,1101110011101110),SubmitF(0111010011010011,1100110000000011,0110010101110100),Set-16-Tag(1110000001000110,1011111011111110,1110100110110001),Floor-Tag(1000000010000000,0011111000000100,1011010111010101),Div-Tag(0001111101001010,0101101111010000,1011000000101100),Set-8-Tag(1000001001110100,1011111010101010,0111000110011110),TestNumLessTEqu-Tag(1101100011101001,0101101100111111,1101110110000110),IfNot-Tag(0110111100110110,0001101100100011,0110110110110000),Return(1001010001111000,1110011101000001,0101010000100101),Close(0100101100100011,0001000001111101,0110100000010110),Set-2-Tag(1010000110000001,1111111111011110,0011100010101010),Countdown-Tag(1010101101100011,1000101011000010,1100100111000110),TestNumGreater-Tag(1111010111000001,1011111011111100,1000100100101000),CopyMem-Tag(0010011001011110,1011111100011110,1011001100100110),LoadThreshA-Tag(0110110001000011,0000100011011101,0001001001111110),TestNumGreater-Tag(0111010111011011,1101000101101011,0001010010001110),Inc-Tag(1100011010111011,0110110100100111,0000111011111000),TestNumEqu-Tag(0010010010110111,1011101110111001,0001001111001011),TestNumLess-Tag(1011000100100001,1101110110100110,0101011010100101),LoadGrade-Tag(0110101000101100,0101000100101100,1111000111001001),Floor-Tag(1101111100011010,0010000110100010,0011111010111000),Set-13-Tag(1000111010000100,0101100101110010,0101001111111011),SubmitC(1000000111010001,1101010000010101,0010001000011100),Floor-Tag(0100110110101100,1010111000100111,1110101100111011),Set-6-Tag(1000001100111100,0000010001010010,1010100100111101),Not-Tag(1001001110011100,0001101111010111,1101100110000011),Set-5-Tag(1010011011101010,1111100011100011,0101100100101010),SwapMem-Tag(0001110111001100,0001000011101100,0111101110011111),TestNumLessTEqu-Tag(0001110001001000,0001001001010001,1101011111111101),Countdown-Tag(1010001100000110,1100111000101110,0000000000011000),Mult-Tag(1001100010110011,0111111000101100,1001000011101011),Div-Tag(1000111001000010,1011110011111100,0101001110011000),Set-8-Tag(1100100001000001,0011110011000011,1000001100110110),Mod-Tag(0011111000100110,1101011000001011,1110100001010011),CopyMem-Tag(0010000000110101,1100000100100101,1111110100101101),Inc-Tag(1001110011111011,0011001100100100,0100011110000101),SubmitB(0110100100001100,0111110000101100,0011110010000010),TestNumGreater-Tag(1110100010001100,0111110010100110,1010010000111000),SubmitA(0000100100010010,0000110101111011,0000110000001100),LoadThreshD-Tag(1001011000111001,1100101101011011,0110100011000110),LoadThreshB-Tag(0110000111101011,1101000100101000,1110101010100111),TestNumGreater-Tag(0111101100101011,0000101001111110,0111001010011000),Mult-Tag(0111101010111001,1001001000001110,0000000100111011),Set-10-Tag(0100010110001000,1101000000000100,0010101101100010),Close(1010011000011101,1100000001001010,0101101101110010),TestNumEqu-Tag(1101100101011111,0100101010000001,0000101001101010),TestNumGreaterTEqu-Tag(1111010000011100,0001110011110001,1011011110110111),CopyMem-Tag(0100100010000000,1001000100001011,0001110110111010),SubmitD(0101010111011010,1111010001001100,1111000110111010),Countdown-Tag(0001000110001110,1111011001111101,1001101001101001),SubmitB(0000110011001001,0101000001111110,0111000000001000),Set-7-Tag(1001101000011000,0001001001101001,0000100000001000),TestNumGreaterTEqu-Tag(0110111100100001,1100110111110011,0110101011000111),SubmitA(0001000101000011,0101111011000100,1011011000010010),IfNot-Tag(0010000110110100,0100101111000001,0111010100110011),While-Tag(1010111001000111,0010101100110000,1000000000100111),SubmitC(0001111001101110,1001000101010011,0000001000010100)]"
PROBLEM_grade__ARGS_TAG_BF__MUT_0001,6193,grade,Tag-BitFlips,0.0001,0,True,44,313,267,"[Countdown-Tag(1101011010111011,0000111100011010,1100011111100010),Mod-Tag(1101111001011110,0110010011100110,1001001001001110),Mod-Tag(0110010110010011,0001101100110101,1100000101101011),Sub-Tag(0111011101111100,1100011000110010,0101100010111011),SubmitC(0111111101011111,1001110000111110,1000100011001101),Set-9-Tag(1000010011110110,0000110000010110,0010101001010001),CopyMem-Tag(1000010010001101,0111111111010001,1011010111101101),LoadThreshB-Tag(0110011001000001,1010101110000010,0100000010000100),IfNot-Tag(1010010110000111,1110011100001111,1110100010010101),SubmitD(1000100101100001,1001011011010101,0100010110100100),Set-4-Tag(1000011011010101,0001100111110100,0101110111011111),Countdown-Tag(1001110101011000,1100110100111100,1011011110101001),TestNumGreater-Tag(0110000001000001,1010111111101001,0111010000001100),TestNumEqu-Tag(1110101110100001,1011101101110000,0000100011111110),LoadThreshD-Tag(1110111111001110,0010010111100011,0000111001010000),CopyMem-Tag(0101101111001110,0011010000100100,0000001000000011),Sub-Tag(0111000110110110,0010111110101110,0100101111101101),IfNot-Tag(1101111111001111,0100110110011101,0011101010000111),Close(1110001110010001,1000101110011001,0111111000010001),LoadGrade-Tag(1001001100110000,1110111010111011,1001011001100001),TestNumNEqu-Tag(0100110110000011,0000010110100010,1001100101001011),Mult-Tag(1011100000000011,0010010011000100,1101000010101000),Close(0100011001101011,0000101000101100,1011101011011111),Set-16-Tag(1010101100001001,0111001100011110,0011101011101011),IfNot-Tag(1111000100001101,1000100100110000,0011000110010011),LoadThreshB-Tag(1100111010101110,1100011000010011,1011001101010010),Set-6-Tag(1111101001001101,1100110100111011,0000110110100000),SubmitF(1100101101001000,1100110011011111,1101010010001011),Mult-Tag(0011100011110110,0001001101000010,1001110111101101),TestNumLessTEqu-Tag(0100000010001001,0110101100000111,1101100101010100),TestNumLessTEqu-Tag(1110101000001001,1000011111111000,1110010000100101),Set-1-Tag(1010111001111101,1010110000011000,0100010110000110),Set-13-Tag(1110101111100001,0111100010111101,0110000011000000),Set-0-Tag(1010111101001111,1001001001011100,0111010111000111),Inc-Tag(0101001101111110,1000111111000011,1101110000111110),While-Tag(1111010101000000,0111110110100100,0001111001110110),TestNumLessTEqu-Tag(0100011001011011,0111011010100010,0001011101110001),Div-Tag(0011100100010101,0111001011001100,0101101110011100),SubmitB(1111111000111000,0011010100010110,1111011111000111),If-Tag(0111010011010001,1101100111101010,0110010011010110),SubmitA(0111100101101110,0101100011111100,0010110110000000),LoadThreshA-Tag(0000010010011000,0001100001110110,0001011100111010),Set-14-Tag(0001111111000110,0111111001010100,1011000100100111),TestNumGreater-Tag(0011010110001000,1110100011000101,0100111010111111)]"
PROBLEM_grade__ARGS_TAG_BF__MUT_0001,6194,grade,Tag-BitFlips,0.0001,0,True,63,412,261,"[Close(0001011100001011,0110010010000010,1101011100010100),Countdown-Tag(1001110101011111,1111000100010111,1011101010011101),Set-8-Tag(1100010000001101,1100100100100000,1100101011111001),Set-4-Tag(1001101111100101,0011000101101000,0101111111000010),TestNumGreater-Tag(1100101111100111,0000000011010101,0100101011101101),SubmitA(1000100101010001,1100110111110001,0110010101000011),Sub-Tag(0001010100000101,1111010010000000,0111011111010111),Not-Tag(0010100111101100,0010110010101110,1010100010111110),LoadThreshA-Tag(0100100011100001,0100001110101101,0100001111010001),LoadGrade-Tag(0101111010101001,1001000000101110,1011110110111010),Set-16-Tag(0010001011011001,0010110111111100,0110110010000110),While-Tag(0011000100101100,0101000000110101,1011110001011111),LoadGrade-Tag(1001000110010010,0100001001000100,0101110100011000),TestNumEqu-Tag(0100000011101100,1010001001111000,1010010010101101),Set-11-Tag(1100011010110001,0010100010001000,0010100001100000),While-Tag(1011010101001011,1011101111111100,1111000000101110),SubmitA(0110100110101101,1100110001010011,0110111000100010),Add-Tag(1001100110110010,1101001100111111,1010110100101000),SubmitB(1001111001110011,0110110010001000,1111010111011000),Mod-Tag(0010001100011111,1110110101111010,0100100100001000),Div-Tag(1100001101101110,0100010010100110,1001100010101101),Dec-Tag(0110111110110101,1001001100000000,1010011111001110),Set-3-Tag(1001001100101001,0011110101000010,1111110101101111),TestNumLessTEqu-Tag(1111000101001001,1100101010111101,0010000110001011),LoadGrade-Tag(0101010000000001,0101101010100011,0001101110010001),LoadThreshD-Tag(1100000110011100,0111011000101001,0110000110110100),LoadThreshC-Tag(0011011011100111,1100111110111100,1000100010111101),While-Tag(0011000111011010,0100110010011111,1001110000000011),TestNumGreaterTEqu-Tag(1010010111011111,1101001101100101,0111011101110000),LoadThreshD-Tag(1110001100011111,0000111101110011,1110011011111011),LoadThreshD-Tag(0100100011111001,1000011101010010,1000111110011000),Set-0-Tag(1001011111100101,0011011101000111,1000100000100010),Mult-Tag(0110110000000010,0110001110000111,1001100000000100),Mod-Tag(0101001111011101,1011101010101001,1101100010010101),Sub-Tag(0100011110010110,0110010010111011,0011101111101011),TestNumLess-Tag(0001011010100010,1001000000010100,0110010100001011),Set-5-Tag(0001111010000010,1010100000101111,1001001010101101),Countdown-Tag(1111010101001000,1000100111110111,1011110110010110),Mult-Tag(1000101011010111,0111000010111101,0100000011101010),Set-2-Tag(0111011001011100,0000001011101111,0111100100111111),LoadThreshD-Tag(1011011011011100,1110111110111001,1111011101001011),Set-16-Tag(0100100100010000,1011001100111110,1100011001001111),TestNumLess-Tag(1011000000111101,1100000001001001,0000010100010110),Set-14-Tag(1100100011111001,1000011101010011,1000111110011000),SubmitA(1000011100100000,0100100011011011,0010101000000100),SwapMem-Tag(0010011011010111,1010001101010011,0000011110100011),TestNumNEqu-Tag(1110011101011001,1110011001010101,1000111000001010),Set-7-Tag(1001001111100101,0011011101000111,1000100000100010),LoadThreshA-Tag(1011001010101011,0011100100011000,0011011010011100),SubmitC(1001000010111111,0011000011110000,0001110001110111),TestNumGreaterTEqu-Tag(1111001000111110,0100100110110101,0101010111011011),Mult-Tag(0001100101110110,0101110110100000,1011001100111000),Set-14-Tag(0011101110110011,1111100001001001,0100101100110011),SwapMem-Tag(1011000001001110,0000000001001000,1000100010111001),Countdown-Tag(1111010101001000,1000100111110011,1011100110010110),SubmitF(0100000100010000,1010000100111111,1100011001001111),Close(1011110101101101,1111011010111111,0100001000101111),LoadThreshD-Tag(1000101111000001,0101010011000100,0000011111101100),Set-12-Tag(0110001101000101,1110101100010001,1000001100001000),Dec-Tag(1111100010011111,0000011101001001,1000101011100011),SubmitD(1011001011000101,1010001111011001,1011000000110110),Sub-Tag(1101101111000001,1101011000000011,0000010000101110),Set-13-Tag(1011001010101010,0011110010011000,0011011110011100)]"
PROBLEM_grade__ARGS_TAG_BF__MUT_0001,6195,grade,Tag-BitFlips,0.0001,0,True,19,477,135,"[LoadGrade-Tag(0010000101000111,0000011000000100,0111111100100100),SwapMem-Tag(0100101100010100,0011111010110010,1001010010100001),SubmitA(1111001010001100,1110000111011100,1101110111000110),TestNumGreater-Tag(1110111101101010,1011101100100111,0001001101111110),While-Tag(1111001100100110,0010111000101000,0110011010100101),SubmitB(1110111101101010,1011111101100111,0000001101110110),LoadGrade-Tag(1001111100110001,1101110010110010,1100011100001111),LoadThreshB-Tag(0001110110111110,1001000110001000,1111011100000011),TestNumLess-Tag(0101011100110011,1101101001111100,1001010000010101),SubmitC(0011101010101111,1001110101000101,1111011010001100),Countdown-Tag(0101110011011101,0011010100000010,0101010101010100),LoadThreshC-Tag(1111100001111111,0110001010111011,0011001110101001),TestNumGreater-Tag(1110111101101010,0011101100100111,0001001101111110),While-Tag(1101001100100110,0010111000101000,0110011010100101),LoadThreshD-Tag(1111101111100110,1000111000110000,1000100000000010),SubmitD(0101100000011111,0111111010010011,1000000110110010),TestNumGreater-Tag(1110011101111010,1010101100101111,0001001101111110),Countdown-Tag(1110001100100110,0000011000100000,0010011010100101),SubmitF(0011000100111010,0111110000011011,1110001011011011)]"
PROBLEM_grade__ARGS_TAG_BF__MUT_0001,6196,grade,Tag-BitFlips,0.0001,0,False,NONE,NONE,NONE,"NONE"
PROBLEM_grade__ARGS_TAG_BF__MUT_0001,6197,grade,Tag-BitFlips,0.0001,0,False,NONE,NONE,NONE,"NONE"
PROBLEM_grade__ARGS_TAG_BF__MUT_0001,6198,grade,Tag-BitFlips,0.0001,0,True,23,399,254,"[While-Tag(0001111000110010,1110100000110111,0000000010000110),Inc-Tag(1000011010000110,0001111011010100,1100011010111110),SubmitA(0110101010001000,1010100000011101,0001011110010000),Dec-Tag(1001000001011100,0101000111100011,0010001111011100),Div-Tag(1001100100101100,1010101000001111,1101011110100000),IfNot-Tag(1110011000011101,1101001000101110,0010101000010000),Sub-Tag(0101001100001110,0001011101111110,0110011111101100),SubmitB(0100110001010010,1000010001111100,0001011110010001),LoadGrade-Tag(1100101001100100,0111000110010010,1000000010111111),TestNumLess-Tag(0010000010000000,0111000111011110,0110001000111100),TestNumLessTEqu-Tag(1010010001010010,0011010111110101,0000110100111101),Set-15-Tag(0111100111001110,0111101101100001,0110000000101101),Mod-Tag(1110100000000110,1010010100010000,0001010111100100),While-Tag(1000111110101101,1100001001001001,1111000111001011),SubmitF(1011011011000111,1000100100000010,0010101000111100),If-Tag(0111111001010000,1101000100010010,0001111100100000),LoadThreshC-Tag(0111111001010000,1100000100010010,0001111100111010),Dec-Tag(0111011001010000,1100000100010010,0001110000101000),SubmitC(0110010111100101,0001000001101000,0101111000000101),While-Tag(0101110110111111,0010001010111010,0110110000001110),TestNumLessTEqu-Tag(1010010001010010,0001010111100101,0000110100111101),While-Tag(1000111110101101,1100011011101001,1111000101001011),SubmitD(1010110001010110,0000100101000000,0111000110110000)]"
PROBLEM_grade__ARGS_TAG_BF__MUT_0001,6199,grade,Tag-BitFlips,0.0001,0,True,24,477,179,"[Set-11-Tag(1011000111001111,1100110111001000,0011111111100001),Countdown-Tag(0001010100000111,0110111111111110,0010110000010100),LoadGrade-Tag(0111100100110011,1011001001110111,1011001000001111),LoadThreshD-Tag(1100010100001111,0101011100100111,1110000011011001),SubmitF(1111010100110111,0100110001110010,1000111000000010),TestNumGreaterTEqu-Tag(0101000110111010,0100001100011111,0111101001010111),While-Tag(1000100001010110,0010011100110111,1000001101110001),Div-Tag(1111011000010101,0000101100011000,0010011111011011),LoadGrade-Tag(1000111111001010,0100011111010001,0111011110101111),LoadThreshA-Tag(1000110011011111,1010011011000101,0001000110111110),SubmitD(1000000001111101,1011010001111101,1110010101100111),SubmitD(0001001100110100,0100110010101000,0110110011011110),Set-13-Tag(1111010101100111,0100110001110010,1000111010001010),TestNumGreater-Tag(0101000110101010,0100000100011111,0111101001010111),LoadThreshC-Tag(1101010100111101,0010000110110001,1000100101101001),While-Tag(1010100000011100,1101010010010101,1101001110100011),SwapMem-Tag(0100011101010000,0011101000001111,1100010100001010),TestNumGreaterTEqu-Tag(0001010100110101,0010000011110001,1010100100101001),SubmitB(1000100001010110,0010011100100011,1000001001110001),Countdown-Tag(1110110100111101,0000111111100011,0011011001000000),SwapMem-Tag(0111000001001100,1110010110111110,1000110101100101),SubmitC(0011101101000010,1111101011110110,0001101000001000),While-Tag(1010100101111000,0000111010111001,0110000111010000),SubmitA(0111100010111110,0000011000111011,1001101111100111)]"
PROBLEM_grade__ARGS_TAG_BF__MUT_0001,6200,grade,Tag-BitFlips,0.0001,0,False,NONE,NONE,NONE,"NONE"
PROBLEM_grade__ARGS_TAG_BF__MUT_001,6101,grade,Tag-BitFlips,0.001,0,True,68,374,134,"[Set-5-Tag(1100101000001111,0000000100101101,0110001000100101),CopyMem-Tag(0000100011000111,1011111000110110,0111011000110111),Countdown-Tag(0000011100011100,1111000110010010,0100100111001000),CopyMem-Tag(1000111000100111,1001001111001011,0111001001001000),Inc-Tag(0110111111111000,0000100010111110,0011100110101010),Set-0-Tag(1000000100110100,0100010011110011,0101000010010001),LoadGrade-Tag(1011110110010011,0100101100111101,0111101010111111),LoadThreshD-Tag(0001001000000011,0010001110100101,1000110001101100),SwapMem-Tag(1010111110100010,0000011000001100,1111100011010110),Set-4-Tag(0101100000100110,1111110011111110,0101010110111011),TestNumGreater-Tag(0011000110010101,1001100010100011,1000000100011111),Mult-Tag(0011001110110110,0100011111100001,1010000010000001),SubmitA(0001000001111011,0100000110000111,0000110110001110),LoadGrade-Tag(1100001101110100,1100101001110011,0001000001101110),Sub-Tag(0000110011000011,1010111001000011,1110000111010010),LoadGrade-Tag(0010110110011111,0101000101001111,1100101100000100),Add-Tag(0010011000111001,1011101001111010,1010111011010101),Sub-Tag(0001100111011001,1101110000001110,1001101001110110),IfNot-Tag(0010111010101000,0101101011110111,0110010011011110),SubmitA(1010101110100111,1011011110010010,0010010011101111),Sub-Tag(0001001100000010,0101010111101111,1001011111000111),LoadThreshA-Tag(1000011101010100,0010000100110110,0000111110101101),Set-13-Tag(1011101111100001,1111001010000100,1100011001111010),Set-6-Tag(0011101100010000,0010001001101111,0011001111111101),LoadThreshD-Tag(0011001111101101,0110101111100100,0110101010011100),Add-Tag(0111100010111110,0000110101001100,1111110101000011),TestNumLess-Tag(1100001011001000,0010010001001111,0000111101101110),Countdown-Tag(1011100000011011,1100001100011101,1001001001110100),SubmitF(1010101100110101,0100001000010110,0111101001110000),Countdown-Tag(0000011000011100,1111101010010000,0001100111100011),CopyMem-Tag(0000111010001001,0001000001100011,0010100001101010),Inc-Tag(0110011110110000,0101100010011100,0101100010101000),Mult-Tag(0101100011110011,1001111101011101,1100010011110111),Set-12-Tag(1110010011110000,0000101000001110,0101101000010000),Set-14-Tag(0110001001111100,1110100010100000,0100101110000101),Div-Tag(1010111110000111,0100011001101110,1001110011011010),Set-11-Tag(0000000010000100,1101100000011111,1010001000000110),TestNumGreater-Tag(0011010011110101,1001111001101011,1001000010001001),Countdown-Tag(1110011000001101,1011001000010000,1010011001011001),Set-6-Tag(0100111101011000,0000010001000110,1111001101010100),Mod-Tag(1001101111001010,1110101100110110,0001010010110010),Set-15-Tag(1111011010111110,1110110101001101,0011010000101001),TestNumEqu-Tag(0011111011001110,1010101101000000,0110111101001010),Set-16-Tag(1001000001110011,0111001110100111,1001001110011111),Mod-Tag(0101111011011111,1100001111001000,1110100000001110),Set-6-Tag(0100110101001110,1100101100001110,0110111111100101),Close(0111100011110100,1000010010100110,1100101010100111),Set-12-Tag(1101111000101101,0100110000000011,1110001100011100),Mult-Tag(0101101111001101,0010101111111001,0111110000011100),If-Tag(1001110000001001,1001010101000110,0000000111001111),SubmitD(1100110100010001,0111011011111000,1010110011101000),LoadThreshC-Tag(0110010100101110,0111111111111101,1000010010101010),Set-0-Tag(1100011101110010,1111100001010010,0011101000000010),Set-7-Tag(0001110001000001,1111000100011001,1010110011111111),Set-1-Tag(1101100001001001,0001010110101001,1111000100001000),SubmitB(1110010001000100,0001111000101011,1010111101101000),TestNumNEqu-Tag(0010110100101100,0110001000010111,1111110010100000),If-Tag(1001100001011000,0110111101111011,1101000100010110),While-Tag(0010001111110110,1011100011110100,0101000111111101),SubmitD(0110011101100010,1000000100010101,0011000110000111),While-Tag(0000011101111010,0101000000001001,0001000001110010),Add-Tag(0111000011111010,0001111001001010,1111011000101011),TestNumLessTEqu-Tag(0000011000011101,1010010110100110,0001101100010010),SubmitC(1111100101101100,1101100111011101,1110000010101011),LoadGrade-Tag(1001000110100000,1100011010011101,0011000100110100),Sub-Tag(1101100110011000,1111100100001010,0100010101011101),While-Tag(1100010001000100,0100111101011100,0001111010000101),Break(0011011100111010,0011100001010100,1110100010101000)]"
PROBLEM_grade__ARGS_TAG_BF__MUT_001,6102,grade,Tag-BitFlips,0.001,0,True,58,489,346,"[LoadThreshD-Tag(1001111110011110,1111000100010101,1100010110110110),LoadGrade-Tag(1000011111001011,1001000011111000,0110001110011011),Close(1110111011011011,1000001100010001,0100100111100111),SubmitB(0110010101111000,0000110000001100,1001011111101100),Close(1001110101111111,0000101011010101,1100000100110101),LoadThreshA-Tag(1011110000010000,0000010101000110,1010001101000110),Sub-Tag(1110101101100110,1110100011000000,0001011000110110),SwapMem-Tag(1111000001001010,0010011101111010,1011100111100101),LoadThreshC-Tag(0001110011111100,0001111110001111,0111001000101011),Set-14-Tag(1000110010101111,1110100101000110,0001000011000001),TestNumLess-Tag(1101001011001001,1001110110011100,1010000101101111),Close(0101001000000110,0010100110110010,1100110011000011),Floor-Tag(0100111110110000,0111100111000100,0010010011010001),TestNumGreaterTEqu-Tag(0110001011100111,1001011011010111,1101100010111100),Set-16-Tag(1011001111011010,1001011001011110,1111011100010001),Set-6-Tag(1110100111100100,1001111010001101,1000000111010100),Set-16-Tag(0110100001010100,1111000110110101,1101111010010110),LoadGrade-Tag(0101000111010110,1101011011111100,1001110010011010),Set-16-Tag(0000010000011110,1001110001001101,0100000000100100),TestNumLessTEqu-Tag(1000011000000000,1000010011011000,1011101100000001),Set-13-Tag(0110101100101010,0101100101001111,0011001111110110),Set-12-Tag(1010010001000000,0001110010101100,0110000101110100),LoadThreshB-Tag(1010110111111110,1001111111101100,1100000101110100),Not-Tag(1010011000001100,1100010010100011,1010101000100001),Set-0-Tag(1100011001101100,0101000000101111,0010001100100111),Break(1001100101111000,1010011101101011,1100101110011011),Countdown-Tag(0001010010011010,1001110110100010,1110011001010001),Dec-Tag(0110011010101111,0010010111000010,1011011011101010),TestNumEqu-Tag(1110111001100010,1001101010111110,1100111001011110),Set-8-Tag(0111000001100010,1011100111111100,0010001001011001),TestNumLess-Tag(0100110011001101,0110000001110111,1001001110001000),SubmitD(0010000011110010,1111000110001011,1110010000100110),Close(1110111011000111,0111001110011101,1001000000111101),LoadThreshA-Tag(1010010011111010,1010010010111111,0010011001100110),Set-15-Tag(1011000001100001,1110011111100010,1011011101000101),SubmitC(0111010010000011,0101100101010110,1100011111101011),Sub-Tag(0111110000001011,1000001000010011,0100111100111101),CopyMem-Tag(1101111110000010,1000011111010010,1001011110101111),Countdown-Tag(0110010111101111,0001010001110011,0101010101101101),TestNumEqu-Tag(0010001010111101,1000001101000001,1100100110100110),SubmitF(1000010010010111,1111000100100110,1110101001101101),Set-5-Tag(1100101001011010,1101111100001101,1111011110011101),Set-11-Tag(1101011111001101,0100101011000111,1110101010001101),Set-13-Tag(0101011010110011,1100101011000101,0011100111011100),SubmitC(0110000000110001,0010100001010110,0101111101110010),Add-Tag(0011001010011001,1000111011101111,1111001010000001),Close(1101001000101101,0110111011010100,1100000101101100),Mod-Tag(0010110100011010,1100111011100111,0010111000011010),Set-4-Tag(0100101000011101,1111111100011111,0101001011011001),Set-7-Tag(0110010101011011,0101111101100000,0011111000001110),LoadGrade-Tag(1101000100001000,0111110001111000,1110000000011101),While-Tag(1000111110001011,1000010001001001,0011110101110110),LoadThreshA-Tag(0111101000001001,0010011101110001,0011111100011111),Set-15-Tag(0011000000011000,1101001110000110,0001111111101101),Set-6-Tag(1111000010010101,1100111110001101,0111111100001100),SubmitA(1111111001011101,1111011111000000,0101111100000000),TestNumLessTEqu-Tag(0100110101101011,0101100110101010,0011110100000111),LoadThreshB-Tag(1111100111010010,0111100111110110,0010001000110111)]"
PROBLEM_grade__ARGS_TAG_BF__MUT_001,6103,grade,Tag-BitFlips,0.001,0,False,NONE,NONE,NONE,"NONE"
PROBLEM_grade__ARGS_TAG_BF__MUT_001,6104,grade,Tag-BitFlips,0.001,0,True,46,375,268,"[Inc-Tag(0000111110011100,0001011001001001,0000110100110001),While-Tag(0011000111111000,0010101001001100,0010100101110011),Floor-Tag(0111011100000001,1101100011111110,0001000000011010),Countdown-Tag(0000111010110111,0110101101101101,0110101111011011),Sub-Tag(0001111001011010,1011000110100000,1110000011000001),LoadThreshD-Tag(0110101101010111,1010101100111011,1101011010011001),CopyMem-Tag(1000011000011011,1111010010101010,0100110001110100),Set-7-Tag(0001011000010011,1110010110100000,0001100100100001),Break(1010011011010011,1011100110011111,0000101100110001),Close(1111111101011000,1111111001011110,0101101100010111),Set-4-Tag(0101000000101101,0010001100110000,1011110000111101),Set-16-Tag(1011110011000010,1011111111110010,1000011110100000),TestNumGreater-Tag(1101111010001011,1000011010001100,1011011010001110),Set-4-Tag(1010010100110001,0100001010010011,1000100101010100),TestNumGreater-Tag(0100111011100010,0111111010111011,1101011100010001),SubmitD(0001000011100000,1101100010010011,0010000011101100),Sub-Tag(0111011111110000,1110100101100110,0100100100100000),Set-13-Tag(0111111011010001,0001010100010111,0111110001001000),LoadThreshC-Tag(0011110000001000,0100100111010100,0001100001011011),TestNumNEqu-Tag(1100010010010101,1111111101100101,0100001010010101),LoadThreshA-Tag(1110101100001001,0001101011101100,0101011110101000),SubmitD(1010101010111000,0010001100000110,0111010100010111),LoadThreshD-Tag(0100100110000101,1001011110000100,1001010101110110),Add-Tag(0101100100000101,0011000111100101,0001110001101101),Dec-Tag(0011101010101111,1011011001110110,0001111110011101),Set-1-Tag(0011010010111001,1111101010011101,0100011100000111),TestNumGreaterTEqu-Tag(0010111000101110,0010110000000011,1110100100110101),TestNumGreater-Tag(1011110111111000,0101100110000111,0100001000111010),SubmitF(0110010101001000,1000011111010001,1010010101100111),TestNumLessTEqu-Tag(0011010001011100,0111111110110001,0010100001111100),Mod-Tag(0100010011101100,1111101010010111,1001100000110010),CopyMem-Tag(1010101010010010,0101011010011001,1101010100111000),LoadGrade-Tag(0111111110101100,0111100011011101,0110001100111001),Set-2-Tag(0000111101101011,1111101000010010,0110000110010010),Set-15-Tag(1101111010010000,0000101010011100,1111111101000101),While-Tag(1101010110100001,1100011100010010,1010000000110001),SubmitA(1000011101011111,1000101000110100,1101011111001101),Countdown-Tag(1111001100011111,0010100111101000,1101011100010010),SubmitC(0101000010001000,1101001010011011,1110100000011111),Close(1011100001100000,0111001101000101,1010011100010111),LoadThreshB-Tag(0010010000010011,0000100001110111,1011011101000101),TestNumLess-Tag(1100001100001010,0011110100111000,0110001111110010),Mult-Tag(0010100111011010,1010000100000010,1111010000001010),While-Tag(0011111010001111,0111000100000111,1000100100110010),SubmitB(1000001100110001,1101011011101010,0110110011110010),Break(1010100010001110,1010001100010100,1000100110011110)]"
PROBLEM_grade__ARGS_TAG_BF__MUT_001,6105,grade,Tag-BitFlips,0.001,0,False,NONE,NONE,NONE,"NONE"
PROBLEM_grade__ARGS_TAG_BF__MUT_001,6106,grade,Tag-BitFlips,0.001,0,True,25,454,366,"[LoadThreshC-Tag(1111010010101010,0100101001001100,0101100001101110),LoadGrade-Tag(0100101011010110,1110000111000001,0010111000001000),LoadThreshD-Tag(0001101001100101,1110110001010001,1000100111100111),Dec-Tag(1011110101001101,0000010100000001,0100111011110000),Sub-Tag(0110000000011100,0001001111001010,1001101100110001),SubmitA(0011011101110101,0100001101011101,0111101000110100),TestNumLessTEqu-Tag(0100000001000010,1110111001011010,0111011010000101),While-Tag(0111011011001001,1001100011011011,0011111101100110),SubmitF(1001110111111001,0101001100000110,1001011010111010),TestNumGreaterTEqu-Tag(0101111111000010,0001001000000101,0111110101111011),While-Tag(1001001111101111,0011011111001000,1000110001001101),TestNumNEqu-Tag(1011111101110110,0010100111101100,0000111110010100),Div-Tag(0101010100101011,0001100100100001,0011100000000101),Add-Tag(1010111101001101,0010111001011001,1110001010011110),SubmitC(0000101011111001,0000100011101000,1101011001010001),IfNot-Tag(1001001111101001,1111001010010010,1011111101010101),Mod-Tag(1110101011100000,1111100010010111,0111010101001100),Floor-Tag(0010010010001011,1010010001010111,0101010000000101),Dec-Tag(1000001100101000,1111111101100100,1100001110101001),SubmitB(0010100111001110,1011100101011000,0110010110101010),TestNumEqu-Tag(1101000101110100,0110001111011011,1111100111011111),Countdown-Tag(0000111100110100,1101001101000111,0100000001001101),If-Tag(0111011101101111,0110111111101011,1110011001110110),Set-4-Tag(0000100101001111,0111110101001000,0101101010101100),SubmitD(0011110101010101,0011111010110010,1010001101001001)]"
PROBLEM_grade__ARGS_TAG_BF__MUT_001,6107,grade,Tag-BitFlips,0.001,0,True,20,273,208,"[Inc-Tag(0000111000000010,1011011011100010,1001101110111010),SubmitA(1101011011111101,0100101011001100,1000100011010111),TestNumGreaterTEqu-Tag(1011101010111100,0100111011001011,0010000000110101),While-Tag(0011010100100110,0000010000101110,0001011101011011),Div-Tag(1011011110011100,1001001010010011,1010001111101001),LoadThreshD-Tag(0111001000001000,0111011010000011,1000010011011100),Sub-Tag(1100101100101111,0011010110010100,1110110011111111),TestNumGreater-Tag(0000110100101111,0110001010010110,1011000101110111),SubmitF(1000011100100001,1010110100000111,1001110101001000),Countdown-Tag(0011011110111001,0011011101010001,1101111101101100),SubmitC(0010010101110010,0100000001101000,0101011000011010),Countdown-Tag(1000010110100011,1011011011010100,1000110101100001),Add-Tag(0101001110010110,0011011101011001,0010010010001101),SubmitD(1011011100101111,0000010000001010,0111011001111101),LoadThreshC-Tag(0110101010011000,1001001011011001,1111111101001001),While-Tag(0100010110001100,0111110010000110,0111110111010100),TestNumLessTEqu-Tag(0101111111110101,1101000000101011,0001011001011110),TestNumGreater-Tag(0110110100100110,0110001110010000,1011000101100011),Dec-Tag(0101001101001100,0101101001000000,0110110110001110),SubmitB(1000000110101001,0111010101110111,0110100110011110)]"
PROBLEM_grade__ARGS_TAG_BF__MUT_001,6108,grade,Tag-BitFlips,0.001,0,True,29,197,142,"[Sub-Tag(0110010000101001,1101001011101110,0011110000110001),SwapMem-Tag(0000010101001011,1011001110100000,0111110101001111),TestNumGreaterTEqu-Tag(0010001101011000,1000101110101011,1111001110010011),SubmitF(0000100110001100,0101011010010100,0011101011001111),LoadGrade-Tag(0111000000101100,1011010111111010,0100000110110100),If-Tag(0010001111100001,1111101011010110,0001000101011110),SwapMem-Tag(0100101100000101,1011100110111011,0010111011000101),LoadThreshC-Tag(0010111010010110,1101010010001001,0101001000010110),Not-Tag(0101011010111011,1100011001101001,0010000110010101),Countdown-Tag(0001011010011000,1110110101110100,1011010000000000),Add-Tag(0111000101001110,0111100110010001,0000010001001001),Sub-Tag(0000011001001010,1011001001001011,1111101100111001),TestNumGreaterTEqu-Tag(1010101001100111,1110110101010111,0110011011000111),LoadGrade-Tag(1000001010011111,0110100001011101,0010001001011001),LoadThreshB-Tag(0010010100101010,0010010100101110,1101110101001010),SubmitD(0001011000111110,0010010101011011,0001100010101010),Not-Tag(0101011010111011,1110101001100011,0000000100110101),Countdown-Tag(0000111110101010,1110110011001100,1110011001000000),Sub-Tag(0011000011101110,1100000100000111,1100111001001101),If-Tag(0100001111100011,0111110110111010,0001101011110100),Sub-Tag(1000011101110010,1111011001001011,1111101110110101),TestNumGreaterTEqu-Tag(1000100001001101,1111110101000111,0110011011000111),SubmitC(1110011101011110,1000100000111101,0100110000010001),Mult-Tag(0001111110001011,1001011000001010,1010100001001111),Not-Tag(0101011010111011,1111101000101001,0010000100110001),Countdown-Tag(0000011110011001,1100111010110100,1111111000000001),SubmitA(0110101011101100,1110110111011000,0110101010010101),Set-16-Tag(0010100001101010,0011001111101010,0011011000011101),SubmitB(0111111110010011,0101110111001010,0101011010110101)]"
PROBLEM_grade__ARGS_TAG_BF__MUT_001,6109,grade,Tag-BitFlips,0.001,0,True,54,493,397,"[TestNumLessTEqu-Tag(1011011010010010,0010011100001011,1100111011101000),LoadThreshA-Tag(1010001000010010,0010110101101001,0001011100100110),LoadThreshD-Tag(1100000010111011,1100110001011100,1011000010011100),SubmitB(1010111011101011,1110101101000001,0110100111100001),LoadThreshB-Tag(1101111011011111,0000010000110111,0011011111111001),LoadGrade-Tag(0110011101000000,1010011110101111,0001101110011010),LoadGrade-Tag(1110011111010100,0111101011001011,1111000111011111),Sub-Tag(1000101011111000,1101010010000100,0010011010010101),LoadThreshB-Tag(1100011000010001,0011111010111100,1001111110001100),SubmitA(1100000100111011,0110110111110010,1101001101000111),SubmitF(0111010010111000,1111101101001110,1000011010011111),Set-12-Tag(1100110011110001,0100101010011001,1101110100000101),CopyMem-Tag(0001101100111011,1010101010111110,1101000111110110),TestNumLessTEqu-Tag(0011111011011001,0101010001101000,0111110010111010),SwapMem-Tag(1110010000101010,0000111011111100,1000110011000111),Set-2-Tag(1110110111001000,1111110000101011,0100001110001000),Not-Tag(1110101001010001,1010111110111001,0000111100000011),LoadThreshB-Tag(0111010000011010,0110010011110101,0100111110000110),Countdown-Tag(1110011010111100,0000010010101000,0100010010011101),While-Tag(1001101010110011,1000010111010100,0010000000001111),Sub-Tag(0110111101110111,1000101001101010,1000000110100001),TestNumGreaterTEqu-Tag(0001010111110101,1011101110100010,0110100101111010),SwapMem-Tag(1010100111101010,1100101010011110,1010111001000011),SubmitF(0000111010111101,1001001000010000,1110111110011011),CopyMem-Tag(0110110011111111,1011000010001000,1001111110001000),Set-11-Tag(1110111001110100,1011010011101010,1011101010101001),Not-Tag(0110110110010101,0100110001111001,1011011110011011),TestNumNEqu-Tag(1111001100101001,1101100111110100,0110010000010100),LoadGrade-Tag(1010100001001111,0111001011000011,1111000111010001),While-Tag(1000010000000100,1001100110101011,0011100110011011),SubmitD(0000000111010110,0110010101001010,1100010011001101),LoadThreshC-Tag(1010011110111011,1101111101000100,0001101011000111),TestNumGreaterTEqu-Tag(0110011011001011,1110001010010100,1101110000010001),Set-11-Tag(0111010111111101,0001001111001000,1000010100001111),Set-14-Tag(0000001000101011,1111101110000010,0001011100010100),Countdown-Tag(1001001100101001,1010000101101101,1000001100010100),Set-10-Tag(1010110011100111,1111111011111100,0001011000010101),Mod-Tag(0000110011111101,0110101011011110,0000011000000001),SubmitA(1101011000010011,1111001101000111,0100011000101010),SubmitC(1100110001010010,0001001010011100,1101110000111011),Div-Tag(0000100011010011,0011111101111100,0111011010000000),Sub-Tag(1110011000110011,1000110101000100,1101111100100111),Set-16-Tag(0001000011101101,1011000111100111,0000011101000011),Set-10-Tag(0000100010011101,0110011001110100,0011100101100000),SubmitF(0111000011001011,1100011100100110,1110010001001011),SubmitB(1111101101011110,1001100011011001,1111011000001000),Set-0-Tag(0110011010111110,1100110110101001,0010010001100000),LoadThreshC-Tag(1000011101110010,1010000001111001,0000011111101001),Div-Tag(0011000001100110,1110011101000111,1011101001100110),Set-10-Tag(1001111010101011,0111111000000010,1001101101110100),If-Tag(1001011000001111,1101000010000011,1100110111001111),SubmitC(0000011011010011,1010010111001001,0100101110001011),LoadThreshC-Tag(0010111110110101,0101011111010110,0000010100101101),Set-13-Tag(1010111001111101,1110110001110101,0001100000110111)]"
PROBLEM_grade__ARGS_TAG_BF__MUT_001,6110,grade,Tag-BitFlips,0.001,0,True,52,487,254,"[Set-14-Tag(1000000101110010,1101100000101111,0101111001110000),Set-4-Tag(0010100101101101,0100010000101011,0101000101010000),Inc-Tag(1110011011100010,1110000100111110,1011001111001110),Sub-Tag(1000000111101001,1101001110100000,0110011011111100),TestNumLessTEqu-Tag(0100111000100110,1110011010010000,0100111100110001),Set-7-Tag(0001000011001011,1001111001100111,0000001111100001),CopyMem-Tag(1001011011111010,0001011010011110,0010110011001001),Set-13-Tag(0101011010101010,0110011100101100,1101101001011111),LoadThreshC-Tag(0010010101001011,1000110001111110,1110010100100100),Countdown-Tag(1000010011111100,1011111011101110,0111011110101110),Set-6-Tag(0000110011100101,0100111001011001,1111101000110110),SubmitB(0111101100101000,0001101101010101,1001111001001011),TestNumEqu-Tag(1110110110001011,1011110111110000,1010001010000011),Set-9-Tag(0111011001100001,1100101011101011,0011000110101110),TestNumNEqu-Tag(1100000000010111,0101001111101100,0000101111000001),Mod-Tag(0001001110001001,1000100001100110,0001111000001000),Set-15-Tag(0000011111001011,0111001111100001,1010110110001101),Set-16-Tag(1010011000110110,0000001001000011,0000010101010001),Set-0-Tag(1100010010010111,1111100001101000,0100011010110111),SubmitC(1000010010100111,0001001100001010,1111100100010110),LoadGrade-Tag(1111011001110110,0000110000111000,0111011000101111),Set-7-Tag(1010110000000011,0011110101100000,0011111110010101),Set-4-Tag(1111100110010010,0011010011000100,0001110101001111),Sub-Tag(1011110111011000,0000001101011110,0001001101111000),Set-14-Tag(1001000010110110,0110001001001111,1111101000110111),LoadThreshB-Tag(1110110001011000,0100110011011001,1001000010111011),TestNumEqu-Tag(1101101110100110,1000000001000011,1111110100110110),TestNumEqu-Tag(1001000111011001,0100111000001011,1101100010000001),While-Tag(1011000101111010,1100110010011010,1101111110111111),Set-1-Tag(1100111000111110,0100011101010011,1010111111011111),Sub-Tag(1101110110100111,1001111000110011,0101101110110011),LoadGrade-Tag(1101011001011110,0101010100000011,0111101001001000),SubmitD(0011011101110010,0000000111110101,1100011010100011),Floor-Tag(0011101101110110,1011100101111110,1000000110110101),Set-10-Tag(1010111110000000,0000101001001110,0111001101010000),TestNumLessTEqu-Tag(0110010001010100,0010101111111011,1011100111111011),Floor-Tag(1010000001011010,1001111110000001,1000011110010000),LoadThreshC-Tag(0101010110100000,1010110100101101,1101100011110000),SubmitF(0001110110001011,0001110100000001,0001110101001011),If-Tag(1111001011110000,1000101111011010,1000101000110000),LoadThreshA-Tag(0100001011111001,0011000011011101,0000001100000001),TestNumLessTEqu-Tag(0100001001001011,0001111110111010,0100010011100001),CopyMem-Tag(0100101000010101,1010010110001000,1010101111011011),TestNumLessTEqu-Tag(1000000110100101,0100100001101011,1001111011100110),SubmitB(0001010100100010,1110101010011001,1000001000010000),Set-13-Tag(0011111010110100,1111010001111001,0111000100110100),LoadThreshD-Tag(1001100010010011,1110001111110011,0101110111001001),LoadGrade-Tag(0011010101010011,1111011110001011,0111001100101111),TestNumGreaterTEqu-Tag(0101001100010000,0000000001010010,0000111010111001),CopyMem-Tag(1110000011011001,1110010101001011,0101010000110010),While-Tag(0000101111100010,1000001011010000,0011000111101101),SubmitA(1110110111011010,1110000001110010,0100110110000101)]"
PROBLEM_grade__ARGS_TAG_BF__MUT_001,6111,grade,Tag-BitFlips,0.001,0,True,76,489,400,"[SubmitD(1011110101010001,0001000001001010,1110011001101100),Countdown-Tag(1011100101100110,0111111011101001,1101101110110110),TestNumEqu-Tag(0100001011001111,1101101101001101,0000110101010001),Set-16-Tag(1011100111001011,0111000011110111,0010001000010111),LoadThreshB-Tag(1010111010110010,1011110010111011,0110000010111110),TestNumLess-Tag(1111000100011111,0001000100101011,1000101100101001),Add-Tag(1111111101010000,1110101100100111,1001000101111111),LoadGrade-Tag(0000101011011111,0000010111011111,0001111111000001),Set-11-Tag(0001110101000011,0000111010001101,1000110101111001),LoadGrade-Tag(1101011111011000,0101011111101001,1101111110111001),Set-5-Tag(1111100000101110,1011100101100110,1011001001000010),Add-Tag(0100000000000000,1011010001011100,0000010010100111),LoadThreshA-Tag(0101100001010010,0101000101111100,0110110001110010),Set-5-Tag(0011001101011001,1011100110110100,1101100011110100),Set-7-Tag(0001110011100010,0001101011100111,1011011010101001),Set-9-Tag(1000001001100100,0111011101101101,0100011110101101),SubmitC(1100111000101001,1001110000010001,0101110001010111),Mod-Tag(1110010001111001,0111111011101010,1010101010111110),SubmitD(1011011000001001,0110010111001111,1111110010111100),While-Tag(1001101100001101,1010011111101111,0101110110111111),Mult-Tag(0100101001001110,0111110001000101,0001001001100011),Mod-Tag(0011111010001101,0100010101001111,0111101000110111),Mod-Tag(1000101000000000,1101000101010001,0100111100010110),Mod-Tag(1101001110001111,0000001111010100,1010101101010110),LoadThreshB-Tag(1001010010100111,1111000001100101,0100000100111001),LoadThreshA-Tag(0101001110111111,0001111000000000,0101011110100011),LoadThreshD-Tag(1101110011001001,0111011010110011,0000001101110000),If-Tag(0111010110011111,1100111100111100,0001111010001101),Mod-Tag(1011010011100110,0111100110111110,1011110101110000),IfNot-Tag(0100111010100100,1010011110111001,1110100101101010),LoadGrade-Tag(0111010110110010,0000000001100010,0000000100000110),Set-10-Tag(1011110001111010,0011101110100110,0010110001010110),Inc-Tag(0010001000010111,0010000001100111,0110101110101011),SubmitB(0100000111010010,0111000110110111,1100000111010010),SubmitB(0100101101100011,1110101011000100,0100111010100110),SubmitF(0100011000110000,0111001000110000,1100010011010101),Set-15-Tag(0010100011010111,1101010111011111,1001001001101001),Set-0-Tag(0111111000110110,1101010111110011,1010010000111101),TestNumLessTEqu-Tag(1110101010111000,0001100110110001,1111111101000011),Set-13-Tag(0111101010100100,1110110001011110,0010100100010000),Sub-Tag(0000000100010011,0101000011001001,1001001001110101),TestNumLess-Tag(1101100011001000,0000010100111011,0001111011110000),TestNumLessTEqu-Tag(0000101100111000,0001000111001001,0101000110010101),Mult-Tag(0100011001010010,1101110110110100,0011000100111001),LoadThreshC-Tag(0101011111111111,1010101011010101,0110110101001000),Mod-Tag(0111101101010000,1111011101111101,0110011110010011),Close(1001100101001000,1110010100010111,0111010111110110),SwapMem-Tag(0011000110100110,1011111010100010,1110001110100011),LoadThreshB-Tag(1100101001000111,0101011011110100,1010000110110010),LoadGrade-Tag(0000011000000101,1001011100010011,1011110110001101),Set-4-Tag(0011111011010110,0010001010010110,0010111111110110),Add-Tag(1111110001010001,0100101101101111,1000110110011111),CopyMem-Tag(0111101001110101,0100100011110010,0000110110010100),LoadGrade-Tag(1001111001100011,1100101101000100,0101101110111100),Dec-Tag(1100110000011010,0110011000001010,1100110111101010),TestNumGreaterTEqu-Tag(1011000011010001,1100000110110100,0110001100100110),TestNumNEqu-Tag(0001001100101100,0110010100000110,1110001111100101),TestNumGreaterTEqu-Tag(0100001100011110,0111001011111101,0101100101111100),SubmitC(1110110101100011,1001111111110000,1101101000010000),Set-3-Tag(1001001000101010,1000000001100110,0101110001111111),SubmitF(0110110000100101,1110100100101000,1101101010011110),LoadThreshC-Tag(0010100111110111,0001110011111111,0010011000110100),Mult-Tag(1101001100010110,0001000010011111,1010101110011001),Inc-Tag(0001111101101101,1000011111000011,1110101101000111),CopyMem-Tag(1110011011111010,1100111111010100,0010101110100100),Set-16-Tag(1111111100001100,0001100111101000,0011100000110101),TestNumLessTEqu-Tag(0011001111001000,1010100001111101,0000101110011111),Mod-Tag(0011110101010110,0101100000100111,0111000110100011),Dec-Tag(0100000111010110,0001100110110011,1100001100010011),If-Tag(1100000010001111,1010100110110001,0011100100010011),Not-Tag(1000100100100110,0001110000100011,1111011110001010),SubmitB(0110000001100110,0000111011100101,0000101011010111),If-Tag(1010000110000000,0010000111100110,1011000010011000),Set-8-Tag(1000101111110001,1101000111001101,0100101100101101),SubmitA(0100100011010011,0110000101001011,0100101001111000),Mod-Tag(1000010000001011,1101100000010001,0110000101000111)]"
PROBLEM_grade__ARGS_TAG_BF__MUT_001,6112,grade,Tag-BitFlips,0.001,0,True,29,498,355,"[LoadThreshA-Tag(1000100000111010,0101111000100110,1010111110101111),TestNumGreater-Tag(1001101011010010,0100111011000111,0100011110011011),Inc-Tag(1100111000001001,1000010010110110,0111100011011110),TestNumGreaterTEqu-Tag(1001110111111110,0100111000001101,1001100011111001),SubmitA(0101111000111110,1100011010000110,0011110110001100),While-Tag(1001001110111001,0110101000010001,1000000000100010),Set-8-Tag(1011101110110001,1010111110000111,0000000110101010),Mod-Tag(1010111001010011,0111000000100111,1111010000100011),LoadThreshB-Tag(1101001111010001,1100101011110011,0110100111010101),Countdown-Tag(1111110100110000,1001101001100000,1111011110000011),SubmitB(0101101111100100,0101001111110000,0010011110001000),Not-Tag(1110110110110010,1010111111001000,1000011000110100),Close(1110110011111001,0100010110110101,1000001101010000),TestNumLessTEqu-Tag(1101011000010011,1110110001101010,1111110110111001),LoadThreshC-Tag(1111100101011110,0110101000011000,0000011000111111),SubmitD(0000101101111101,1100101101111001,0101000100100100),Div-Tag(1001010010101010,1101000011011111,1101011100010101),Add-Tag(0011100010011011,1100100101000011,1101101000001010),Set-15-Tag(0000100000010100,0101111111010010,1011011011000000),TestNumEqu-Tag(1100111100100000,1110011110000000,1100000001000001),Set-4-Tag(0001100111011011,0000100110001111,0110000000111100),TestNumLessTEqu-Tag(0000001110000110,0001111111111000,0101000101000101),Div-Tag(1000111010010110,0111011000101111,1010101010000110),Set-0-Tag(0101101000101000,1110111101101110,1010011111011110),Mod-Tag(0111010110111000,1011001111111010,1011111110110100),SubmitC(1010101101000111,0000000101000011,1100010011101110),If-Tag(1000010100010001,1110000000100000,0111011010010000),TestNumGreaterTEqu-Tag(1011010011010001,1101011111101011,1011110100001010),SubmitF(0011111010010111,1100001110101001,1010100101110100)]"
PROBLEM_grade__ARGS_TAG_BF__MUT_001,6113,grade,Tag-BitFlips,0.001,0,True,18,389,158,"[SubmitA(0000011000111011,0101000101010001,0100110010100101),SwapMem-Tag(1001101101010010,0000110110000111,1111111000101110),TestNumGreaterTEqu-Tag(0010011000100011,1100111111110011,1101001001000010),Sub-Tag(0100001100110001,0001101011000110,1000001001101000),LoadThreshB-Tag(1111010100111101,1100101100100010,1111100111110101),IfNot-Tag(1100111001000000,0110111111010011,0000010001000001),SubmitB(0111011001100110,0001000101100111,0101001000001001),Inc-Tag(1011010100011010,1100001000111110,0000001100010110),TestNumGreaterTEqu-Tag(0000011001100011,1110111001101110,1100101001000001),IfNot-Tag(1100011111010000,0110111110010010,0000010001001001),TestNumLessTEqu-Tag(0011000000100110,1001100010001010,0110010010111001),TestNumGreater-Tag(0010011000100000,1010011101001101,1100001110100100),SubmitF(0001011100111011,0100000101000000,1011111100100101),IfNot-Tag(0110011000000011,1110110101111011,0001111100110101),SubmitD(1111001111100111,0001010101011011,1010110010110011),Sub-Tag(0111000000000000,1011000110000111,0011101111100110),Countdown-Tag(1011101110010111,0010010010011011,0010000011100110),SubmitC(0011110100011101,1001010001000110,0001010011100011)]"
PROBLEM_grade__ARGS_TAG_BF__MUT_001,6114,grade,Tag-BitFlips,0.001,0,True,41,460,357,"[Set-6-Tag(0110100110111101,0000001110100001,0110001000100010),Set-14-Tag(0010010111101011,1111011100111101,0001100001011101),SubmitD(1101100010011001,0001110100101010,1100010000110111),CopyMem-Tag(0101000001100101,1111010100101010,0101001001011111),TestNumLessTEqu-Tag(1000100110100010,0001111000011100,1101010101100010),Mod-Tag(0100110101000011,1001001000110011,0110110010111100),Inc-Tag(1100010110110001,0001011100101000,1100111110011011),Set-14-Tag(1000110010001101,1011011011000011,1110010100011000),SubmitF(1001001001010010,1011001100011110,1111000001111001),SwapMem-Tag(0110111011111011,0001010100110011,0000011010000010),Break(0101101000110011,0001010111001111,0011001101100001),Add-Tag(0110110111101110,1100011001010000,0001101110010001),Mult-Tag(0110111100100100,1100001011000011,0100000000000001),Set-8-Tag(0100001100011100,1011000111101011,1001001000110111),SubmitC(1110110000000001,0101010101011001,0101110000100101),Mod-Tag(0010111010110010,0110001110100001,1010010101110001),Inc-Tag(0110101000101111,0000010001011011,0101100000000100),TestNumLessTEqu-Tag(0001111110101100,0110111001110111,0111101110110010),If-Tag(0011111000100010,1011000010111110,0111101001100111),While-Tag(1100111100100110,1110001100001111,1000010100001011),Div-Tag(0110010011011000,1010101100001000,1010000011011110),SubmitC(1111010111111100,0111011011101000,1010001110111101),SubmitF(0000000101011011,1000110101110110,1000100100100000),Set-15-Tag(0001110011000010,0001110110010101,1000010100010110),SubmitD(1001111001111010,0101101010010000,1000000011101000),If-Tag(0100010000111110,0111001101101010,1100011010010011),Close(0110011101111101,0110011011101100,1111101110110011),Set-3-Tag(1111100100010100,0000110000100011,0011010011110100),Set-4-Tag(0101011111011111,0011100110000001,1010000001011101),Set-16-Tag(0010110110000010,1001110111011000,0000010001100010),Inc-Tag(1111011111111010,0110000111001000,0010000111111101),Set-1-Tag(0001111111000010,1100010010100000,1011010001011001),Close(1100010100111011,1000010111101100,0000000010110000),Close(1100001000001100,1110011110011101,0101100101111001),Countdown-Tag(0001001101010000,1101011010101101,0000010001001110),TestNumGreater-Tag(1100111100101111,1110011000101110,0110001110100011),If-Tag(0010011010110110,0110110001101111,1110111010100010),SubmitA(1011100100100001,0101111111101010,0011110101000100),Countdown-Tag(0110100110110000,0111001011000101,0001101110110001),SubmitB(0001111010110101,1000100100001100,0101110100110011),LoadThreshA-Tag(1111001000000101,1111100110111110,0011100011101011)]"
PROBLEM_grade__ARGS_TAG_BF__MUT_001,6115,grade,Tag-BitFlips,0.001,0,True,56,477,368,"[SwapMem-Tag(1101110010010001,0111111110010011,1010010111110101),LoadThreshB-Tag(1011000100010001,1001001000111111,0010010001101100),Close(0001010011110100,1110100111100110,1100010000011001),Close(1011110001101001,0000000010101011,0011001010000100),Set-16-Tag(1100011000001001,1111011111101100,1000111000101010),Break(0001011011110100,1001011001000111,1011011000010101),Floor-Tag(1001100110000100,0111010111111101,1101011000101111),LoadThreshC-Tag(1010010011010111,1100011000001111,1111011111010010),TestNumGreaterTEqu-Tag(0001111101011101,0111001110101111,0100010110000111),Set-6-Tag(0010010000011000,1011000100000100,1001010001000101),LoadThreshD-Tag(0100010000110010,1110010110110101,0011101100101101),LoadThreshA-Tag(1001010000100000,0100010111001110,0100100111000101),TestNumLess-Tag(0111101001100101,0001110011010011,0011010111101000),Set-6-Tag(0100001110000100,0110100110100001,1100101111010100),Dec-Tag(1110111101101010,1000100110000100,1010101110101001),Set-10-Tag(1110001100001000,1111101110010111,0101101101110001),Break(0101101010011101,1001110110111001,0100000001000011),TestNumEqu-Tag(0001110001011100,0100110001010101,1001101100101101),Set-1-Tag(1100001110100010,0001101001000000,1100111010000010),LoadGrade-Tag(0101111001000101,1100011101001110,1111001100110010),CopyMem-Tag(0100000000011111,0000011010111110,0100100000000100),LoadThreshB-Tag(1101110001100111,1000111001001100,0110110111011001),LoadGrade-Tag(1110100110001001,1111110100001000,0111110011110000),Mod-Tag(0011101111001000,1111110100010001,0100001011010111),LoadThreshB-Tag(0000100111100101,1010011000001010,1010100010101010),Set-3-Tag(1111100110100001,1010100011110010,1001000011101010),LoadThreshC-Tag(1010101110010101,1110001110100111,1100010111001010),SwapMem-Tag(0010110001010101,1000010000111010,0000100100101000),TestNumGreater-Tag(0001010111110000,1111011011110001,0001011111100111),LoadThreshC-Tag(1010001011101101,0010011001100110,0000011011101011),SubmitB(0111100110110011,0110101110100010,0101101111011010),Set-1-Tag(0011010000101100,1000100110000100,1111000010111101),Inc-Tag(0100010001011110,1010000110001011,1001000000100110),Countdown-Tag(1011011111010011,1101110110111101,0000011011111110),SubmitD(0101110111101100,0101110111011110,0110000101011011),Set-8-Tag(0111010010101011,1111111000100000,1000101101010101),CopyMem-Tag(0100111001101110,1100000100100000,0000111000100000),Close(1111000001001100,1010011110101011,0000100011101001),Add-Tag(0110011001110101,1001001010100110,1110110110011000),Close(1100001110101001,0100110100111110,0010011110010011),TestNumLess-Tag(0001111000011011,0110101010110010,0000010111111110),TestNumLess-Tag(1011110010110011,1001110000010000,0010010100111001),SubmitF(0101000000011011,0001001101010111,0111010010010011),TestNumGreaterTEqu-Tag(0000010010000111,1001011000101011,1010000110000001),If-Tag(0001000100001010,1001000101000101,1011000111100001),TestNumEqu-Tag(1000010000000000,0011101111110101,0001010111110100),IfNot-Tag(0000000010100110,1100011011110100,0011100101111110),SubmitA(0001110101101000,1110001100110100,1111111000001001),IfNot-Tag(0101000000011000,0111011110111101,0110110000100111),Return(0000111110010000,0111010100101011,0111101001010100),Close(1000101011011110,0110100100010000,0100100110111111),SubmitB(0101000001001011,0100111101111100,0000001010110010),While-Tag(0100110111010010,1001111000000000,1111001010010011),Close(0110011001001111,1101011000010111,1111110101000000),Close(1001100100110100,1011100100111011,1110110111110011),SubmitC(1001000000110001,0110011111110000,1101010011111010)]"
PROBLEM_grade__ARGS_TAG_BF__MUT_001,6116,grade,Tag-BitFlips,0.001,0,True,115,500,489,"[CopyMem-Tag(1011010101010111,1101110001010011,1110001001111101),TestNumGreater-Tag(1101110010100100,1001001110010110,0010100111101111),LoadThreshB-Tag(0100011000110000,0100000100101011,0101011000111001),Set-16-Tag(1101000000000011,1011111011011100,1110111100000010),Floor-Tag(0011000011000011,0110010010101000,1000011010101101),CopyMem-Tag(1100110111111100,0010101000111101,1010100101010000),Div-Tag(1010011110100100,1100010110011111,0111111110100001),Mult-Tag(0110000000011000,1010000101010111,0011001000111111),TestNumLessTEqu-Tag(0010100110010110,0100001011101000,1000110110010000),CopyMem-Tag(1011100011011010,0100010011011001,0100001101101101),TestNumGreaterTEqu-Tag(0010110101000111,1010001101011000,0001010111001001),Set-2-Tag(0001111011011101,1100101110101110,0001011011110111),LoadThreshD-Tag(0101100001011010,0010110001111111,0100011011000111),Not-Tag(1011011000101110,0011011001101111,1010000001000110),Set-14-Tag(1001001111110111,1010100000101000,0001100010001010),Close(0101011001100010,1110011111011111,1110010000010000),Inc-Tag(1001000111001001,1110110100101110,1100011011100101),Set-8-Tag(1010010000111000,0110111111010100,1101110010111101),Set-0-Tag(1010001011001001,1111001111010100,1101110011100100),Set-5-Tag(1100001000001100,0000110110100111,0111100101110000),While-Tag(1111100101111011,1101111010100000,1110000100100010),Set-6-Tag(0000010011111110,0001101110101110,0110011000001101),Set-9-Tag(1110110001001111,0101000000000011,0001000111101100),Add-Tag(0100101001111010,0100111001001100,1000110010000000),SubmitB(1110111111010011,0010101001011011,0100010111010001),LoadThreshB-Tag(0110111100010000,1110011011101001,0000001110010110),LoadGrade-Tag(1111101110110110,0110011011110001,1110111100101101),SubmitC(0101000001101100,1110001001000111,1011010101100010),SubmitD(0101110001111111,1100101001110001,1111010111110101),Set-6-Tag(1101010000111000,0000001111000111,0010000001101110),Set-2-Tag(1010000001100000,1010010001101011,1011111100010011),Sub-Tag(1001100111010101,0001011100100010,1010010000111011),Inc-Tag(0001111111101100,1111011111000010,1110010001110000),Set-11-Tag(1111111110101111,1010010110100101,0010011101110110),Set-2-Tag(0010000000000000,0100100011110010,0100010000010011),LoadThreshB-Tag(0000010111000010,1110110111110100,0000101010000111),LoadThreshB-Tag(0110011001100000,0010000111101000,0110010110001100),TestNumGreaterTEqu-Tag(1101100111001001,0101011000110110,0100111111011100),TestNumNEqu-Tag(1001110011001110,0001101000000100,1010011110011001),TestNumLessTEqu-Tag(1001001111011111,1011001101111110,0100010101100000),TestNumLess-Tag(1100110100110111,1010000011000010,1001100011101111),TestNumGreater-Tag(0001111011011100,0111100110111111,0000011101110110),SubmitF(0000110011110100,1110011011110110,1010011110111010),IfNot-Tag(0010010101111110,1111111100011010,0000101010110111),Div-Tag(0010110010001011,1100000101100000,0110011111010100),Dec-Tag(0101111001110000,0100010000001011,0111001010000010),Dec-Tag(1100011001010100,1101110001011010,1100101100000110),Set-9-Tag(1101101110111001,1011001001011110,1000001000000111),IfNot-Tag(0110111000111011,0100100111000000,1101101100101000),Not-Tag(1100101001100011,1100110100000111,1111001001001010),LoadThreshA-Tag(0011110000011101,0000101011110001,1111101101011111),Close(0111111100110001,1111011101001001,0100100010101101),Set-9-Tag(1000111011101110,1001111000100110,0001001000100101),Div-Tag(1100000011111111,1011100111001100,0101000100111001),TestNumLessTEqu-Tag(0001011101000010,0000001011110111,1000100111110110),LoadGrade-Tag(0001100000011010,1000101001010110,1010000000111001),Set-0-Tag(0101000011101001,0100011001111010,0100101101101000),Sub-Tag(0111000010100100,1110100111100100,0010110010111111),LoadThreshC-Tag(1110101110111110,0011101110010100,0100001111110111),LoadGrade-Tag(0011010101110100,0010001010110001,1100111000100011),Inc-Tag(0011101100000100,1100011101111011,0111011000100111),Set-10-Tag(1101101000000011,0110110011000111,1100101100011001),SubmitA(0101001001000101,0000001000110111,1000100111101000),Sub-Tag(0000100001011010,1010111111100100,1111001000111100),TestNumLess-Tag(0101101101010000,0111110111011110,1010000010000011),SubmitF(1000111110101111,1010000011011111,1100001011101111),Add-Tag(0100100001111011,1001111001000101,1001110000011000),TestNumLess-Tag(0010001100100000,1001010110101001,0110111011000101),If-Tag(0001010011110110,0010110011111110,0111001101000001),LoadThreshC-Tag(1001011001111000,0010101011011011,1110011101110110),SubmitF(1010110011011001,1011001011100110,1110110001010111),Add-Tag(1101011111001001,0011000000100101,0010100001010011),Floor-Tag(1110010110011100,0001111101000110,1110110100110001),LoadThreshA-Tag(0010100111010111,1110000001110110,0000011110111001),Set-3-Tag(1000100101010110,1110101010011001,1100001011111100),Not-Tag(0100110010001011,1011010001011000,1001100100111001),TestNumGreater-Tag(1101100111000001,0101000000010011,0000111111111110),TestNumGreater-Tag(1000011110101001,1111011111000111,0010011010100010),SubmitF(1011110111001000,1011111000101010,0111111101001010),Set-3-Tag(1110100011100001,0110010101110111,0010010001000101),Close(0100110101011101,1001100001011000,0011100110001110),LoadThreshD-Tag(0010100011011111,1011010100010110,0111110001101010),Set-7-Tag(1001000110110111,1111100100001011,1011110011111010),Div-Tag(1100001000011000,1010110011100101,1011110010011000),Countdown-Tag(1001101000010001,1101011001100001,0011101011101100),IfNot-Tag(1111100111110000,0100100111101101,1110110001111101),Set-14-Tag(0001111010010011,0001100111101100,1100001010010010),SubmitF(1000101101100110,0111000001000001,1110110010101001),SubmitB(1001111000010101,0111010010010111,1000100111011000),Set-12-Tag(1001000101110101,1111000001110110,1100101011111111),Set-2-Tag(0010001010010011,0100000001001100,1100110000111101),Close(0111010010111101,1000010001101100,0110000011101100),Set-11-Tag(0000011001001011,0100100101001101,0110001111010110),Set-14-Tag(1010101011000000,1101100111101111,0011011101011011),SubmitB(0011011001100000,0010001010110110,0001011111100111),LoadThreshC-Tag(0000011001011010,1110110110011001,1000011101010010),LoadThreshC-Tag(0011110101010101,0000100000111010,0010100111100001),Set-2-Tag(0101110110100100,1011010010011100,1111001111110001),Set-7-Tag(0110011000011001,0110101001110101,1011001110100010),SubmitF(1010110111000000,0001101010011000,1000000010100010),If-Tag(1111010001111001,0011010111110000,1101111111111010),SubmitA(1101011001111101,0111010110100010,1001011110111111),LoadThreshD-Tag(1111000100001000,0111100011100001,1100100100111101),Set-9-Tag(0001010001000110,1000101110001000,1100110111110111),Set-9-Tag(1010010001000001,0110101011000111,0101010010010101),Set-9-Tag(1011110101011001,1010001100101001,1101010110001000),SubmitC(0000101101010011,1111011110100100,0011100001001010),SwapMem-Tag(1001011001111011,0001010011010011,0111011001010100),Mod-Tag(1010110111011000,0000011011011000,0001001100111110),Add-Tag(0001101000100001,0111010011111000,1000110001111001),SwapMem-Tag(1011111100111001,0100101010100011,1111001111111010),Set-14-Tag(1110110111001111,1001111001101101,1100010000010001),Sub-Tag(0010101101100100,0110011011011100,0100110000010000),Not-Tag(1101101000100000,0110000010010110,1011010111011111),SubmitA(1100010000101011,0101001101011100,1110010010001100)]"
PROBLEM_grade__ARGS_TAG_BF__MUT_001,6117,grade,Tag-BitFlips,0.001,0,True,45,432,150,"[Set-13-Tag(1110100110011001,1100101101101000,1001110000101111),LoadGrade-Tag(0001101001010100,1010100100010000,1111010100011100),LoadThreshD-Tag(1111000001000110,0010101010101011,0110100111110010),TestNumEqu-Tag(1110000101000111,0110110010110000,0101010100110110),Inc-Tag(0000111110001000,1101110000011110,0101110011001110),While-Tag(0110111101011100,0100000011010110,1000100110001000),SubmitD(0111101111100111,0000100001111011,0010101001111000),If-Tag(1101101100000001,0001011100001101,1011110010010011),LoadThreshA-Tag(0010101110001001,0011010000111010,0101100010001011),Div-Tag(1011000010010110,0100000111010010,0001100101110100),Set-16-Tag(0100001101101011,1110010111011000,0001111100101011),TestNumLessTEqu-Tag(1010111100000000,1001100001010001,1100110111101110),Countdown-Tag(0011011101011100,0001111011001010,1100100110101011),SubmitF(0101011110001110,1011111010101000,0101110110001001),While-Tag(1011101000011101,1010100000100001,0011000100011110),SubmitA(0100110001101111,0100011101111101,1011100011101011),TestNumNEqu-Tag(0000010110101101,0001111110010010,0101010111111001),If-Tag(1111100011101110,0101111010011111,0010000111101101),LoadThreshB-Tag(0101010101110000,1001111100010100,1100010011011110),Floor-Tag(0011001000100000,0010110011101011,1111101001101110),Dec-Tag(1101111101111100,1111001110010010,0001100001000011),Mod-Tag(0100010011000100,0111111001111001,0111101100011110),SubmitC(1110100111011111,1111100101101100,0110011101110010),Div-Tag(0101100000111010,0100101100101011,0001001010111100),TestNumGreaterTEqu-Tag(0101000110000111,0010111100000111,0011110010000001),Mod-Tag(1110011001001110,1010000001011000,0000101011011001),Set-0-Tag(1110000111101101,0010010111111000,0001111010101101),Set-6-Tag(1010010001110110,0110101101101000,1101111111100111),Set-3-Tag(1010100011101001,1010001011111001,0011000100100010),Dec-Tag(1111010011100010,0100011111111011,0001110110001110),Not-Tag(0110101111010001,0100011011111100,0001110100111000),TestNumEqu-Tag(0011110111010101,1000010101011110,0100000100110001),LoadThreshD-Tag(0101111111111100,1100111111101101,0001111111001011),SubmitB(1011001100101010,1011110110000110,0110111110111111),SwapMem-Tag(0011110110001011,1110111000111111,0100000011000111),Set-9-Tag(0010100101110010,1000000000111001,1001000011101110),IfNot-Tag(1000111111011101,0001100101100010,0010001010110000),Countdown-Tag(0110010100010111,1100111000000000,1101011000110010),TestNumLess-Tag(1010100011010110,1010111011000010,1001101111011011),Floor-Tag(0101101001000010,1001011111000101,0001001011111011),LoadThreshC-Tag(1101001111011010,1000011000001011,0110001111000100),CopyMem-Tag(1010111100100111,1011011010101101,0101000110001101),TestNumLess-Tag(0110001101010101,1000111000111101,0111011101001110),TestNumGreater-Tag(1010110101100000,1101001100000010,0110101101010111),TestNumNEqu-Tag(1101011111000101,0011000010110010,1000000100000101)]"
PROBLEM_grade__ARGS_TAG_BF__MUT_001,6118,grade,Tag-BitFlips,0.001,0,True,61,456,156,"[Dec-Tag(1111111000111101,0100011111101110,0110001010101001),LoadThreshD-Tag(1100101101010010,0100010000010111,1000011000100010),TestNumLess-Tag(0111000101111110,0100111100111111,0100110101110100),TestNumEqu-Tag(1000110101100010,0101001000010111,0011100001001101),SubmitA(0111011000001110,1101000101101111,1000110010001010),TestNumLessTEqu-Tag(1100111001000000,0110110100011011,1001111100010001),LoadThreshB-Tag(1011010111100000,1101110000000010,0100010110111000),Close(1001011111000001,1000010011001100,0001001101010010),Set-6-Tag(1101001111000110,1011111000100000,1101011110110100),Countdown-Tag(0110000111100001,0100011111110110,1111010010111001),Inc-Tag(1001010001110101,0001001010100010,0011010100110110),Div-Tag(1011001100111111,0000110100100101,0100001111101010),TestNumGreaterTEqu-Tag(0101110001010011,1111110110010010,0010101111110011),LoadThreshB-Tag(1110100001001001,1001010111011111,0000100110011000),Add-Tag(1100101111011010,0010111110110001,1011001101001000),Set-12-Tag(1101111110111000,1110101010011111,0000110010011011),Set-4-Tag(1010111010011000,0000001000111011,1000100111110110),TestNumLess-Tag(1010001011110100,0100010111011000,0101110010110011),TestNumEqu-Tag(1011101010111010,1101100011111110,1000111111101101),Set-14-Tag(1011001001101110,0101001000010101,1010110001011110),TestNumLessTEqu-Tag(1011110001000101,1111001100011000,1000000010101010),If-Tag(1101000101010010,1010010101110101,0000001010110110),SubmitB(1111010110101010,1001100000001011,0111111101000111),SubmitD(1001001100110111,1000010110110110,0111011000101011),SubmitB(1001001011011000,0101100010001011,1010111001100000),Set-2-Tag(1010111101011110,0010111011001111,0101011111011101),Close(0001000001101101,0001110011001101,1110100000011000),Set-3-Tag(1100001011111111,0001110111110111,0010010011110111),TestNumLess-Tag(1010110110010100,0111111000100000,0110010001010100),Set-14-Tag(1101010010001011,1010111100011111,1100100100001011),Set-8-Tag(1010101100101101,0011110000001100,0000101010110111),SubmitF(0011100010010001,1100111000110101,1000111000100011),If-Tag(1011100000010001,1000101001000110,0110010010110101),Floor-Tag(0100111110000110,0001010000001100,1001110110101101),LoadGrade-Tag(1000100010110111,1101001101110110,1001101110000101),TestNumNEqu-Tag(1000011111110111,0000101011010011,1001000010000111),Set-14-Tag(1011011101100111,0010111110101100,1011100100111010),SubmitD(1100100111011101,1100011000110011,0011100111001111),Dec-Tag(0010110100010111,1110100000011000,0010001101110001),Set-0-Tag(0100111010000010,1000010111011101,0100000101111011),SwapMem-Tag(1001100001011100,1011000110001011,0110011110000001),Set-7-Tag(0100111110011000,0100000001000101,0100010110110110),Sub-Tag(0001100111001100,1000111111010011,0011000111100000),TestNumLessTEqu-Tag(0000101100001001,0010100000110000,0000010000000010),TestNumLessTEqu-Tag(0001011001011110,0100100110001100,0000111000110011),LoadThreshA-Tag(0011111111101001,0101100111000000,1011011011010011),Dec-Tag(1110011111110010,1000011011111000,1101111001100000),LoadThreshB-Tag(1101110100010000,1000011010110001,1010001011100100),Set-15-Tag(1011111001110001,0011111111110100,0111001111111110),TestNumNEqu-Tag(0100000010100011,1110011001101100,1111100011110011),Set-7-Tag(1110101011010011,0001011101010001,0011001101100100),Countdown-Tag(1100111100001011,1110010111100110,1110000100001000),IfNot-Tag(0111101010000000,1111101100101100,0101000000100100),Close(0101010001110000,0111010011110001,1101100001000001),Sub-Tag(0000000011011001,1010011110100010,1101111010011101),LoadGrade-Tag(0001101001111000,1101111100110110,1000000010101111),SubmitC(0110101000011110,1100011011010000,0000101100100111),Mod-Tag(1001111101011010,0001000100111101,0010110000001000),TestNumGreaterTEqu-Tag(0100010010010010,1111101100111011,0001101111010001),Set-11-Tag(1010011100110111,1001101001111011,0110010100000001),Break(1110010100111010,1011000010111110,1111011001111010)]"
PROBLEM_grade__ARGS_TAG_BF__MUT_001,6119,grade,Tag-BitFlips,0.001,0,True,32,432,142,"[Countdown-Tag(1011000100010111,1100110011010001,1011101110001010),LoadThreshA-Tag(0001001000000101,1000000000000110,0010101110010010),Set-2-Tag(0011100111000110,0111110001010110,1101010100111101),Dec-Tag(1101001000100101,0010000001010100,1001010110000111),SubmitF(1110111000100100,0101100110010100,0111010110111001),Dec-Tag(0101001001000000,0000101001000100,0001101100000011),IfNot-Tag(1100110010010010,1110100001000100,0000101100000011),SubmitB(0011001100101010,0010111111011000,1111011011110110),Set-6-Tag(1011110010100001,0100111111000010,0111010000101110),LoadThreshD-Tag(0101001011111101,1101100100111110,0000100000011010),Set-15-Tag(1011001100100110,1111001110110110,1110001110001010),SwapMem-Tag(1101010001001101,0011100010110100,0011111101110010),CopyMem-Tag(0000011111000100,1100010011011001,1010110011001111),SubmitD(0000100000000000,1000111100001010,0111111010000100),If-Tag(1010000100100101,0100110000010001,0100011101000000),Div-Tag(0110111100000000,0011010011110100,0110000111001011),If-Tag(0111011111001010,1011000000010100,1101101011010110),TestNumLess-Tag(0001011000011110,1001000010111110,1101110010000011),LoadThreshB-Tag(1111010111011011,1010110101101010,0111011011100001),TestNumLess-Tag(1000111100011111,1100101101111011,1111111101110110),LoadThreshC-Tag(1101001000110100,0010000010110000,1101101111010100),Not-Tag(0111111110111100,1010011111010110,1001010100010011),SubmitC(1010100111111111,1011100111100001,1001101100100101),Dec-Tag(0000100111110100,1011001000111011,1100110011110100),TestNumGreater-Tag(0111101011001100,1100111001000110,0111001110011010),While-Tag(1111111110011010,0000101110001001,0100100001000100),LoadThreshD-Tag(0111011101101111,1011010011000000,0111101111001011),Sub-Tag(0111101011001111,1100001011101101,1010001010110110),TestNumLessTEqu-Tag(0000011011101110,0111101101010011,0110101110110001),Set-2-Tag(1100101101111110,0001000010011100,1000100110010100),SubmitA(0101110110110011,1001110000110001,1110111111100111),Countdown-Tag(0111110011101111,0100000111001111,1101011100010101)]"
PROBLEM_grade__ARGS_TAG_BF__MUT_001,6120,grade,Tag-BitFlips,0.001,0,True,17,398,150,"[Sub-Tag(1001000011010000,1011011010111000,0000001110110110),SubmitF(1000010111100000,0101011100010001,1110000111000010),TestNumGreater-Tag(0011011101111010,0100011110001101,0011000001000100),IfNot-Tag(0100010111010111,0100011001011101,0011100100101001),LoadThreshC-Tag(0000001011000101,1110100101011111,0100010111010111),TestNumGreaterTEqu-Tag(0010111101011110,1101011111001001,0011001001010101),SubmitD(1100110010110011,0101000000001101,0001100000100111),If-Tag(1010101001001011,1000110000010011,0111100110010110),SubmitC(0011000011001111,0111010000100010,1000110110000111),SwapMem-Tag(0110011000101110,1001000011001010,1011000111111110),LoadThreshB-Tag(1101000111100101,0000111111101101,1101100110110101),TestNumGreaterTEqu-Tag(1111100000111001,0001111111010101,1110100111000000),Countdown-Tag(1100111111001011,1011010011111000,1010010101101001),SubmitB(1101011011011011,0101010010100111,0010100001011001),TestNumGreaterTEqu-Tag(1101100000101001,1011110011111010,1111001111000011),While-Tag(1100110111001011,1010010011011000,1010110101101001),SubmitA(0010010011100111,1010000111100111,1010111101001010)]"
PROBLEM_grade__ARGS_TAG_BF__MUT_001,6121,grade,Tag-BitFlips,0.001,0,False,NONE,NONE,NONE,"NONE"
PROBLEM_grade__ARGS_TAG_BF__MUT_001,6122,grade,Tag-BitFlips,0.001,0,True,39,405,240,"[LoadGrade-Tag(1001010000100011,0101000100110010,0001111010101001),SwapMem-Tag(1111111011100111,1111110000110101,0110110111100111),Sub-Tag(1110111001001011,1110110101110010,1110001110111011),Inc-Tag(1110110010011111,1110001011010011,0010100000111110),Set-1-Tag(1001011111000000,1010110000110000,1100101011111000),Countdown-Tag(0101000101010010,1100001111110101,0110011110011101),SubmitB(0011100011010111,0100011001111111,1101001000111011),Sub-Tag(0011100110011011,1110001011110000,1011001101000111),Div-Tag(0010000101010100,1010100001001001,0000111110111111),TestNumGreaterTEqu-Tag(0111010010001001,1110110011001100,1011000010101010),Set-15-Tag(1111101000111101,0100000000010011,1011100100110101),Set-8-Tag(1011100110001010,1101001010011000,0100011110110010),Mod-Tag(0010100011100110,1101100001011000,1110011100100100),IfNot-Tag(0100000010111101,0011100010000010,0000100000000001),LoadThreshC-Tag(0101011010111100,1000100001001010,1011000001000100),Floor-Tag(0110010111110111,0010101010100001,1110100101011100),SubmitC(1010010001101001,0011000101100010,1100010101100000),Mod-Tag(1100100010010100,0010000000100010,1111110010101111),Set-12-Tag(1101011010010011,1010110000001111,1011010101010000),Set-16-Tag(1001101111011011,0101000011111100,1110001110001110),While-Tag(1111100000001101,1101100110011100,1011001110000111),SubmitF(1111101110110100,0010011000101010,1010111110010011),Inc-Tag(0101010000011110,1111011001101010,1101101111101100),Dec-Tag(1110101010011000,1111011101000011,1010010100111010),Set-14-Tag(1110110001001001,0001011001010000,0010101101111110),TestNumGreaterTEqu-Tag(1000001000000110,0111010101100011,1011100001010000),IfNot-Tag(1010000100001100,0101101111111011,0011000100000001),TestNumLessTEqu-Tag(1111100100101111,1000111000001101,1000011100110100),Not-Tag(0101110010011001,1000001110100100,0000100000001011),LoadGrade-Tag(1011110110101011,1000000100011101,0100000001000010),TestNumGreater-Tag(0110010110101110,0101101111001101,0111011101110101),TestNumLessTEqu-Tag(1101111101001100,1110001100101010,1111000101101110),Countdown-Tag(1110001110000001,1010110011110001,1011001001101001),Set-12-Tag(1000101110110010,0101101110100000,1000100101010011),Mult-Tag(1011010001111100,0100000111001110,1011000010000101),SubmitD(0101001111001101,0010010010111001,1110010001001110),If-Tag(1010001101011101,0110010001101100,1010000000111100),SubmitA(1010110101110001,1001101100100011,1011010001111000),Set-4-Tag(0101010110011101,0001110010001011,0001010101111101)]"
PROBLEM_grade__ARGS_TAG_BF__MUT_001,6123,grade,Tag-BitFlips,0.001,0,True,28,460,135,"[Sub-Tag(0110111100101111,0111001110111111,0000111001101010),TestNumGreater-Tag(0100000001111001,0000111001100111,1111100001001011),TestNumEqu-Tag(1001000001001110,1001010100100000,0010001110110101),SubmitF(1100011101110000,1110101000111010,1111111100101111),LoadGrade-Tag(0100011101111011,1111101001110010,1111110010101011),Dec-Tag(1100110010011001,0110010100100101,0001111100110111),TestNumGreater-Tag(0011011111010111,1001100100011000,1000111000100101),Countdown-Tag(0010011000001101,1011101100111101,0110010101101001),LoadGrade-Tag(0001110101010001,1101000010001100,1111011110001000),TestNumLess-Tag(1101110101000000,0010111000101111,1101000010110110),SubmitB(1010110000010010,1011110000001100,1100010000000001),While-Tag(0001000100000011,1110111010010110,0000011100011101),SubmitA(0001101101100010,0110000011111100,1000100111011011),Close(1001011001011111,1010011001110110,0111000100100000),Set-2-Tag(1000011111111111,0111110000001100,1110111101100110),Div-Tag(0000000011000011,0000101011111111,1110001011111010),IfNot-Tag(1101001111100011,0011111001111001,0110000000110110),SubmitD(0010001110000011,1110011111101010,1000110000000001),While-Tag(1110100111111110,0111101101001010,1010010111111100),Dec-Tag(1110101110001110,1101101001110111,0111011000100010),SubmitC(0010011010011000,0101111011111000,1010110001100010),Close(1001001111001001,1011111000000100,1100101100000100),LoadThreshC-Tag(0000011111001110,1000101001001011,1110011100101001),LoadThreshB-Tag(1100110111110101,1110101111100110,1011000010100100),LoadGrade-Tag(0010001001110010,0000110010101101,0000101010100111),TestNumGreaterTEqu-Tag(0101000110101010,1110111111011011,0110000111100010),Inc-Tag(1000101001001110,1111001111111001,1001000000101001),TestNumLess-Tag(1100011000001010,0010110000001010,0110101000110000)]"
PROBLEM_grade__ARGS_TAG_BF__MUT_001,6124,grade,Tag-BitFlips,0.001,0,True,50,492,199,"[CopyMem-Tag(1111011100111001,1110011110000000,1010001001110111),Close(1001011010100110,0011100001101001,0111100110101011),Inc-Tag(0000100111111100,0000100111111001,1001000100101001),SubmitA(0011110011100010,0111010000011111,1101111001101111),While-Tag(1000101011111100,1110110100101001,0101011010110111),LoadThreshD-Tag(0000010111001001,1100000111000110,1001100100110000),Dec-Tag(0101110110000100,0111010010101100,0110101110000010),TestNumGreaterTEqu-Tag(0100111101101111,1010001111110101,1010001011111010),LoadThreshB-Tag(1101001110000100,1011011100000000,0100011011001101),Dec-Tag(0001000100110000,1101111000110100,1011111000001000),Close(1011001110011100,1001010010101110,1100010101101010),SwapMem-Tag(0010001101011100,0000101111001100,0010000101010010),Set-8-Tag(0110111111100101,0011111011001101,0001101001110111),Set-9-Tag(0010110001101111,1100110010001010,0110001100011110),SubmitF(0111110010101111,1011010110010010,0011011001101001),Set-12-Tag(0100101001111110,0111001100101100,1101000100101100),TestNumGreaterTEqu-Tag(0011011100001001,1011110001010111,1011011010110001),CopyMem-Tag(0101111000110001,1001101100101110,0111101001111110),Dec-Tag(1110011111101011,0010001011101110,0111101010101000),Sub-Tag(1110110110010011,0001101000010010,0110000100001111),Countdown-Tag(1101111011001100,1101000011000000,0101101101110101),SubmitD(1101110000110111,0100111000111110,1000011001010110),SwapMem-Tag(0000101101100101,0100001010010110,1101011100011111),TestNumNEqu-Tag(0000100101011101,1110101010010001,1000010110011001),Countdown-Tag(1100000100000000,1010011100100010,1110001110001001),SwapMem-Tag(0011101011110011,0000101111011100,0011000111000000),Set-3-Tag(1000000001111000,1011000010011001,1101000100111101),Set-9-Tag(1011110111001011,0111111010011011,1111000011111011),Mult-Tag(1001001000101010,1100111001011110,0010111110001000),LoadThreshB-Tag(1110010110000101,1111110111111111,0111111011010011),TestNumNEqu-Tag(0111100011100111,0111000101001111,1111100100111011),Set-4-Tag(1111110100011101,1110001001111001,0101101011001111),Set-4-Tag(0001011110000010,0000111101111111,1000011010110010),LoadThreshC-Tag(0001100101100011,0110101000000100,0000000010000100),SubmitB(1101011101101110,0100011100001101,0100001100100111),CopyMem-Tag(1001101101101001,1101110101110010,0110010111011100),TestNumEqu-Tag(0011110010010000,1010011000001000,1100011011101110),Set-4-Tag(1101011001111101,1111001000110001,1010111101010010),Set-15-Tag(0001111001111110,1010010011100001,1110000111011000),Set-14-Tag(1111100111010011,0011101110010110,1011000001110111),TestNumEqu-Tag(0100111111001100,0001100000011001,0101001000010011),TestNumGreaterTEqu-Tag(1101010111010100,1011110001010101,0000000111000001),Set-15-Tag(1001100110111011,0111001101011001,1011110101010011),SubmitF(0110111011010100,0001111011111011,0010001100001101),TestNumGreater-Tag(1010111111100000,1000001001110000,1110101110111110),Countdown-Tag(1011101100001011,0111010010101111,0110110101111001),Mod-Tag(0000101010111111,1111010111111110,0011001100100111),IfNot-Tag(0111001110010010,1000011111010010,0011001110011110),SubmitC(1010000101100111,1101001000100110,0011001001000101),Set-10-Tag(1110001000100000,0110100010110001,0010000010000110)]"
PROBLEM_grade__ARGS_TAG_BF__MUT_001,6125,grade,Tag-BitFlips,0.001,0,True,28,407,188,"[Mult-Tag(1010101110111111,0010100111011100,1001110001000011),Mult-Tag(1110110111101101,1111011011101010,1110100011110101),LoadThreshA-Tag(0011111001011000,0001011100100101,1101011000010111),Set-8-Tag(0011101100001001,0100110110100111,0010010010010011),Dec-Tag(1011111100111011,1011111001001110,0001110110100111),TestNumLess-Tag(1011110101100111,1000101011001110,1100110001110011),LoadThreshA-Tag(1111100100001111,0100000000110110,1000100010101110),LoadThreshC-Tag(1111100010001000,0000100010001111,0001001100000101),Inc-Tag(1000101001001011,1000000011110001,1100001001011011),SubmitA(1011001001101010,0101010010011001,1101101101001101),LoadGrade-Tag(1010101110111110,0001010100100101,0001001100111000),TestNumGreaterTEqu-Tag(1011111110011111,1011000110001010,0101010011011100),SubmitA(0000010001001011,0010101010111000,0000000001101110),Set-9-Tag(0010001011010110,0000101011100010,1011100101110101),IfNot-Tag(1110110000101111,1101011101101010,0110011100110111),While-Tag(0010011001010111,0010001001011100,0110100100110110),SubmitB(0110000111001100,1110011001100001,1010100110010111),Sub-Tag(0101000110000110,1101011100111000,0111101111000010),While-Tag(1000011111010110,0110100101011101,0000100100001110),Dec-Tag(1100010011000010,0110000010111001,1100101101110010),LoadThreshB-Tag(1101010111111111,0000010001010011,0010100110010110),Close(0111011011101110,1101011110010101,1111101111110011),TestNumGreaterTEqu-Tag(0101111011010111,0000011111101111,0111010000000100),SubmitD(0001110001000111,0100010100100001,1011110000100100),LoadThreshD-Tag(1110111111011000,1100010010010000,0110111001100010),While-Tag(1100011001010111,0100001001001111,0010110110100110),SubmitF(1110110111000010,0110111000011001,0110101100111011),SubmitC(1011011110001110,1101010111111000,1101010010010110)]"
PROBLEM_grade__ARGS_TAG_BF__MUT_001,6126,grade,Tag-BitFlips,0.001,0,False,NONE,NONE,NONE,"NONE"
PROBLEM_grade__ARGS_TAG_BF__MUT_001,6127,grade,Tag-BitFlips,0.001,0,True,72,438,147,"[Set-2-Tag(0010100110010110,1101011000100101,1101000100010101),Countdown-Tag(0100010100000000,0001110000000110,1001100000001001),LoadGrade-Tag(1010001000101111,1100101111101011,1100011001110000),Dec-Tag(1100001111011010,1010011000100110,0010111111001011),IfNot-Tag(1100011010110010,0111111111011101,1111100011010010),Countdown-Tag(1010001100010010,0110001110100011,0101101000101101),Set-2-Tag(0111001011010110,1111011011001011,0101000111001111),TestNumGreaterTEqu-Tag(0111111011110100,0011100001101111,0101011111101111),Set-9-Tag(1110010111011101,1111110010010101,0101111100110000),SubmitB(1100100000100000,0001001110000011,1100110000100111),TestNumGreaterTEqu-Tag(0011001111011111,0011100101101011,1101101100010100),TestNumLessTEqu-Tag(1010101111110111,0000001000100001,1011111110101100),Set-3-Tag(1110001000101110,0100101111010111,0000010111001100),Div-Tag(0111111011100001,0110011010000101,0100111111011100),Close(1011110011111011,1001111010100010,0110001110011110),LoadGrade-Tag(1010000110110111,1000100110001001,0011010011110001),LoadThreshC-Tag(1000000010111100,0011101011101101,1100101110000010),SubmitB(0011101010100000,1011101001001001,1100001010010100),LoadThreshA-Tag(1000011100111001,0111101100101110,0010110001000011),LoadThreshC-Tag(1101111011000000,0000101101110001,0000110100001001),Set-5-Tag(0000110011110101,1110100010000111,1111101001010001),LoadThreshD-Tag(0001000101011001,1101110011101001,1101101100100000),Floor-Tag(1101101011001110,1001001111011111,1011100110000101),TestNumLessTEqu-Tag(1100000110010000,1111010000100000,1011000100100001),SubmitD(1111101011101001,0001111100101101,0101111001001111),SubmitB(0101010011101000,0000011110001000,0010101101101110),Countdown-Tag(0011000111010010,0110010100100010,1101000110100111),Close(1010001100100010,1101111010110101,1111111100001000),SubmitA(1001000011101010,1100000001010100,1010010010011100),Add-Tag(1001011011010100,0100001110011001,0000100011010110),Close(1110011011000011,0001111100000110,0001001110011111),Mult-Tag(1101010001001011,1101101111001111,1000101101110001),LoadGrade-Tag(0100100011000000,1110001101111010,1001011011110100),Set-3-Tag(0001000110100000,0010010011001101,1110010000111110),LoadGrade-Tag(0110110110000101,1110011101111111,0111111000001010),Set-11-Tag(0000000110110000,0001111110000011,0010110010111111),Set-0-Tag(1100001101100010,1101001101001001,0001010111110001),LoadGrade-Tag(1101000101101011,1100000110010010,1011111111111110),Set-12-Tag(1001100100011100,0111110111100111,1010010011110101),Set-3-Tag(1110101101111010,0100111101011010,1000110000101100),Set-2-Tag(0011100011101011,1111001010101011,0110111101101000),TestNumNEqu-Tag(0111001010010000,0110010101110100,0111101000000010),SubmitB(0101000000101110,1001011000100100,1000001111011010),Set-15-Tag(0100110100000110,1100101100010010,1010111101011000),Inc-Tag(0000011011001011,0001011001001101,0101111110100110),Set-16-Tag(0010010011000110,1101101100000010,1001101010010010),SubmitC(1010001110100000,0111011001101100,1000000000011111),LoadThreshB-Tag(1100101110011000,1010011011000101,0101100100001111),Set-6-Tag(0101111000110110,1101110010000100,1110100100001011),TestNumNEqu-Tag(0010110100011011,0001100011111010,1101100111011000),LoadGrade-Tag(1010110110010001,1111100100000111,1100010111100101),LoadThreshC-Tag(0101001001100010,1001100111010001,1011101111000100),TestNumLessTEqu-Tag(1100011010011010,0001000101100111,0010100010010011),TestNumLess-Tag(0011110110011000,0000011111010100,1100110100110100),Div-Tag(0011100000100111,1000111011111000,1100001001110110),Set-16-Tag(0100111001011011,0110010110000011,0010100001011011),TestNumGreaterTEqu-Tag(1100111010001100,0000111100111100,0100110110001111),Set-10-Tag(1111101011110011,1011001011011110,1100111100111011),Inc-Tag(0001101110011101,0110111100101000,1011101101010111),LoadGrade-Tag(0001101011111100,1111110001010011,0111101111000000),TestNumGreaterTEqu-Tag(0001011110110011,0001000111011011,1100101000111010),LoadThreshB-Tag(1000110000011100,0000101011010100,0101001011100101),Div-Tag(0001000110000100,1101100100011001,1101011010101111),Countdown-Tag(1011110001011011,1101001011011100,0010110010100010),Sub-Tag(1001000010011000,0100111011000011,0101110110111011),Set-15-Tag(1001010100101110,1100011111000001,0011101011100011),SubmitD(0010010100111101,1000011101110110,0111001101111010),Set-13-Tag(0101010101000000,0000001100010010,0100101110010110),TestNumLess-Tag(0001111011101111,0000000010100001,0001011110110011),TestNumLess-Tag(1010110100001100,1000100000111101,1010010011011111),SubmitF(0010100100110111,0001110010110101,1101001111010000),LoadThreshA-Tag(0000100110110100,1010100011011101,0110000101111111)]"
PROBLEM_grade__ARGS_TAG_BF__MUT_001,6128,grade,Tag-BitFlips,0.001,0,True,48,434,316,"[Sub-Tag(1001110110110111,0100100100001010,1011001000001010),Set-6-Tag(1110111010001010,1001110111001111,1000010000011010),SubmitB(0111100001000001,0000011001011100,1101100100101100),Set-3-Tag(0111101101000000,1110101010011010,0111110111101100),Dec-Tag(1111100000001001,1011000010111001,1101000011011010),Add-Tag(1101010101001011,1010101010111001,1110100000111111),Div-Tag(1111000100101010,1101111100011110,0000011100111001),LoadGrade-Tag(1111100100100111,1010101011110000,1110011110110111),Floor-Tag(0001000000000010,0110000101110101,1101110111010111),SubmitA(0110110001011110,1110100010110100,1001011101100001),Countdown-Tag(1000001100010110,1110111011011000,0101101101000100),Close(0011101100001110,1000100001001100,1011100000101101),Break(0100011100000010,1110010101001100,0101100100111101),Div-Tag(1110010000001010,1110010101010011,0010011100111001),LoadThreshC-Tag(0110001011001100,1010000110001011,1100110010000011),LoadGrade-Tag(1111110100100110,1111001100101000,1010111101010011),Floor-Tag(0001010100110010,1110001111111101,0101110111101001),Set-0-Tag(1100100111111000,1111110100001001,1010001101111111),SubmitF(1101110011010100,1000011111100110,1110110000110101),Inc-Tag(1110100100111111,0111000001110001,0001111001001001),While-Tag(0100000000110001,1110000010111011,0110110000010111),TestNumNEqu-Tag(1110111010010100,0010011100110100,1000101001000001),Add-Tag(0111010101111110,1010101011101111,1000011000101100),If-Tag(1000001100010000,0100100110011000,0100100101000100),Set-5-Tag(1100111011001001,0001100011100011,1110000001101100),CopyMem-Tag(1111101001100100,0111101001110111,0111100000101010),Close(1011101111001000,1110100000000110,0000000000110101),Set-1-Tag(0001011000000000,0000010110101001,0101110011011101),Set-8-Tag(0011100000111001,0111110010110000,0010000111000111),TestNumLessTEqu-Tag(1011001111001110,0110111011110000,0001000101101101),While-Tag(0011000001010110,0010010111110111,0101011001001001),LoadThreshD-Tag(1010111110010010,1011001110100100,1101110000110101),Div-Tag(1110010000001110,1100011101011111,0000011100110001),LoadThreshC-Tag(1001110101101000,0001101001100111,1110100010101110),Floor-Tag(1001101100111010,1101100011111100,1100100011101011),Countdown-Tag(1110101100010011,0000100100111000,1001101110010100),SubmitD(1101100100101110,0001010101000101,1001111100101110),Not-Tag(0110110101100110,0100100010110100,0111011101101000),If-Tag(1100001110010000,0110101010010100,0010100110010100),Set-7-Tag(0010000110000110,0101101001111000,1011000001101010),SwapMem-Tag(1001110100010111,0100010010011010,0011110101110010),While-Tag(0100011010001001,1001110111110010,1101001001001000),TestNumGreaterTEqu-Tag(1111110100101011,0001110010001011,1001110111100110),While-Tag(1001011000100111,1100000001110110,0010010100010100),SubmitC(0011011010100111,0000000110110100,1010000111001111),TestNumEqu-Tag(1100100110001110,0111001011010101,0111001011110010),CopyMem-Tag(0100101000010011,1010010101000011,0100111111010110),SubmitB(1101111110011111,1001001001100111,0100101010101000)]"
PROBLEM_grade__ARGS_TAG_BF__MUT_001,6129,grade,Tag-BitFlips,0.001,0,True,20,467,352,"[Set-10-Tag(1111110000110000,0110101100111100,1100100101000111),SubmitF(0001011001000001,1010010000011110,1010110011110010),Dec-Tag(1000110011001101,0111100010100000,1001011110110001),TestNumLess-Tag(1101110110100000,1100111100000101,1001100111000100),TestNumGreaterTEqu-Tag(1100011100000111,1101110010011111,0110011000010001),Mod-Tag(1001010110000000,1000111110110010,1000101100101101),While-Tag(0100111111000110,1100100010110100,1000110010000100),LoadGrade-Tag(1111101000110011,1110001001111010,0011100000111101),SubmitD(0000000000000110,0101110000001101,1101110100100101),LoadThreshC-Tag(0011110101101101,0111001001110001,0110101001001100),TestNumLessTEqu-Tag(0111100111001011,1011000100110100,1110111101101110),While-Tag(0101111111111100,0001110011011000,1000010011000000),Inc-Tag(0011001100001010,1000101100000111,1100111010100111),LoadThreshB-Tag(0000100010101111,1000011110110000,1001101000101110),SubmitB(0010001011000001,1110110010000011,0110101110101101),TestNumGreater-Tag(1010101110010010,0010000010001011,0100111100001010),Not-Tag(1111111101100011,0101011111100001,0100011011000000),SubmitC(1001001100011010,1011111000011111,0010110001111000),If-Tag(1010011010011000,1111000111111010,1100000111000111),SubmitA(0100001000101100,1000010100011011,1000011000100001)]"
PROBLEM_grade__ARGS_TAG_BF__MUT_001,6130,grade,Tag-BitFlips,0.001,0,True,68,450,312,"[LoadThreshA-Tag(0100000101010001,0110011111100011,1110010111100110),LoadThreshC-Tag(1100101100111101,1000100010010101,0011100110101010),TestNumNEqu-Tag(1100110100001110,1101111101111110,0001110001010110),Countdown-Tag(0000010101110100,1010000110110101,1000101111000101),Inc-Tag(0000011000000110,0111001001101111,0000011110001001),SwapMem-Tag(1000000001101100,0001111000101011,0001100111110011),Close(1101001100001001,0110110100010001,1101011110011110),Set-11-Tag(0111100000011011,0110011111001011,0011111000110010),LoadThreshA-Tag(0011000001000001,0110110001001100,1110110110111110),While-Tag(0101001000001010,0001001001110001,0011100001000100),LoadThreshB-Tag(1101110111111101,1001101010100100,0011000001011011),LoadGrade-Tag(1000010001010111,0111011100101001,0101111100100110),Inc-Tag(1110011110111010,0000101101010000,0100101100100010),Not-Tag(1011010100111000,0110100111000100,1011111100010100),Countdown-Tag(1011010000100011,0110001011101110,1011110100101111),Not-Tag(0000001110001111,1000101001100000,1111100110000111),Set-12-Tag(0000010000001010,1011100000111111,1110000011100011),TestNumLessTEqu-Tag(1111001111011111,0111001101111001,0101100010011001),CopyMem-Tag(0011110001000011,0010110011001111,0011001001000001),SubmitB(1000011101000001,0111100111101100,0000010010000111),TestNumLessTEqu-Tag(1010101010111110,1000100001111010,0000001000011010),Set-3-Tag(0001111110010000,0110000000010100,1011101110000110),Not-Tag(1100101010111110,1010011110000100,1111110100111010),TestNumLess-Tag(1000001100011001,0001000010110000,1010100001101001),Set-14-Tag(1100111110001110,1101011001111011,1100101011101000),TestNumLess-Tag(0101001101010010,0110000011101010,0100111100001000),LoadThreshC-Tag(1101111010011000,0001110010011101,1010110101010001),Set-4-Tag(1101011001101100,1110011000011000,0111000101011111),Set-10-Tag(1111111101001100,0100101001000111,0110100001001111),LoadThreshC-Tag(1111010010111011,0111100011011110,1000000010011111),TestNumLessTEqu-Tag(0100001100011010,0101111100000000,0010010110010111),Dec-Tag(0010110110111100,0011101010110101,0001001111111100),IfNot-Tag(0010100110000110,0010110000001100,0001110110111101),Close(0010111111011011,0011101000100001,1011100100100110),Set-1-Tag(1010010001001111,0110101011001011,0001101100000111),Set-6-Tag(1101001011001000,0100101100110110,1001110110111010),LoadThreshB-Tag(0101100000011001,0010011000100000,1100000101001110),LoadThreshC-Tag(1011001100001100,0110011000111000,0000111110110000),TestNumLessTEqu-Tag(0100111111101101,0111100111000100,1101100000000001),LoadThreshA-Tag(0111000001000110,1011010000011001,1100010100110001),TestNumGreater-Tag(0100110100101010,1111110100011010,0001110101100100),Set-4-Tag(1100111010011110,1100111110111110,1001100101110101),SubmitC(1000000110010110,0000001100000110,0001101111001111),Set-13-Tag(1111011110010000,1110110000101100,0110000110101000),Set-9-Tag(1110001001100011,1010111001111110,1111000110110000),IfNot-Tag(1001101110000011,1100000110110000,0101101010011001),TestNumLessTEqu-Tag(0000000010111011,0011101011101011,1001001111001110),LoadThreshD-Tag(0111000110011010,0110101111000010,0101011010101000),Set-13-Tag(1101111001100010,0000001010100111,0001010101000110),SubmitD(1110011110000101,0111000101100001,0001010001111011),SwapMem-Tag(1100000011011101,1011100011111010,1111000111011111),LoadThreshA-Tag(1011101001000100,0001000111110000,0110100100011011),TestNumGreaterTEqu-Tag(0110101100110010,1111101101111001,0001100100110000),Set-11-Tag(1011110100101110,0000010010001110,1101111110001001),Add-Tag(1111100100110100,0011000101110111,0001010001000010),Set-8-Tag(0001110110010100,0111111000111101,0111111000100001),Set-16-Tag(1101101100001111,1010100000101011,1001010000000000),Add-Tag(1011010000000000,0001100110111011,1101001111010101),Set-7-Tag(1110011001110110,1011101100100110,0100010100011010),LoadThreshB-Tag(1111101010010110,1111000110100110,0100101100010000),IfNot-Tag(1001110100111001,0111111111100010,1011010101001010),LoadThreshC-Tag(1001011100011110,1011000000010110,0110110100011110),SubmitF(0001101100011011,0000011101010111,1110011001101111),Set-15-Tag(0001111101111011,0000001110101110,1100111100111011),TestNumLessTEqu-Tag(1111000110011000,0011001010001011,1111111111101111),Set-12-Tag(0001101010110110,1010111000111100,0000011100101110),TestNumLess-Tag(1010101000100011,0100101111000111,0111100011001111),SubmitA(0000101110000100,1011011010011100,1110101101000111)]"
PROBLEM_grade__ARGS_TAG_BF__MUT_001,6131,grade,Tag-BitFlips,0.001,0,True,55,449,159,"[Countdown-Tag(0111111000010111,0100101110010100,0101100011010010),TestNumGreaterTEqu-Tag(0100101100001110,1111100111011000,0110101001101000),TestNumLess-Tag(1100111110111111,0000100101000111,0001101110000110),Countdown-Tag(0100100111001100,1001111011110001,0001101010110000),LoadThreshB-Tag(1111110001010011,0111100001011000,1010110000110000),Close(0000001000100011,1111110101100000,1001111010010110),While-Tag(0011001100011011,0111101100011100,1101000000010100),CopyMem-Tag(0010111011100110,1101110011101011,1110100001101001),Set-0-Tag(1011000011101110,0111001010011010,0000101111111111),Dec-Tag(0110011110011011,1000001000101001,0000100011101001),Dec-Tag(0011011101100011,0000001101011001,0110000101011011),Set-9-Tag(1100110110000000,1110101110100100,0101100011111110),Set-14-Tag(1001011101011111,0111111000000100,1101111101101110),Dec-Tag(1101110010111010,0111001100110101,1011100111110110),Set-8-Tag(0001110000111000,1000100010100111,1101011101110110),Set-13-Tag(0000101100110010,0110100011011110,0111011010111011),SwapMem-Tag(0000111101101010,1011110000000101,0011100001100100),TestNumLessTEqu-Tag(0100110001011010,1010110010110101,0010011111111101),Set-13-Tag(0010100111101110,0010111000101000,0001110011011111),Div-Tag(1110110100100001,0011000101011011,1011110111000111),Set-14-Tag(1000111011110001,0111101010101111,0111110111111010),Set-13-Tag(0110101110101101,0000111110111010,1110111111111001),Set-4-Tag(1111010111000100,0100101110000001,0001010000011110),LoadThreshC-Tag(1010110001010001,1100000101110100,1111100000110010),LoadThreshD-Tag(0000101000100001,1000101011010000,1111100100001101),Mod-Tag(0111110000010101,1001110111111010,1001110110101010),Set-10-Tag(0111011001111000,0000111010101000,0100010100000001),Set-4-Tag(1110111111111010,0010111110000000,1011101101111010),Set-15-Tag(0110010100010000,0011000010001100,0100000010100110),Mod-Tag(0110110100010000,1001001111001010,0100011100000101),LoadGrade-Tag(1000110011100111,0010100111101101,0101010101011001),SubmitA(0000101110010010,0100010001101100,1001101010101010),LoadThreshB-Tag(0010000101111000,0010111000101000,1111100110111000),Set-1-Tag(0101111100111101,0111100101111101,0100111101110011),Set-16-Tag(0111111000111011,0111010000011100,1001001010100010),IfNot-Tag(0011110001011111,0100101101011100,1010111110011010),Set-11-Tag(1111000010111101,0100101111010010,1111001010001010),TestNumGreaterTEqu-Tag(0100011111110101,0001100000000101,1110011100101010),TestNumLess-Tag(1000111010110001,0110011000100100,0000000101001111),Set-0-Tag(0101000111011010,0001100100101110,1110011110100101),TestNumEqu-Tag(0000001010110000,0111111001110010,1010111101011101),Set-16-Tag(1110010101001011,0011110010111101,0011011001101010),SubmitD(1000111111010111,0101010100010010,0110010100001001),Set-1-Tag(1101000101010100,0000111010100100,0100110000001110),Set-13-Tag(1111101101111111,1110111110101101,1011110111010100),Set-5-Tag(0111011111100001,0001011110010011,1101111001111001),LoadThreshC-Tag(1001000001000110,1100011110001001,0110101010011001),SubmitB(1000101001011100,0111111110101100,1100101100011001),LoadThreshC-Tag(0011010100001101,0101111111101110,1000001101001100),TestNumLess-Tag(1010010000010111,0101100000010111,1101110101010000),Sub-Tag(0101101100001010,1110000101010100,0001111110101111),Mod-Tag(1010001010001010,1000101110100111,1110011110110001),SubmitC(0011100000010100,1111100100011110,1001100010001111),Countdown-Tag(0101000001011111,1100000001001110,1100100100101001),SubmitF(0110011011101000,1101100101101010,0000111110000010)]"
PROBLEM_grade__ARGS_TAG_BF__MUT_001,6132,grade,Tag-BitFlips,0.001,0,True,63,483,423,"[LoadGrade-Tag(1101111110100110,1101010101101010,0000111100000001),Close(1110110101000110,0111101101010100,0100101100111110),TestNumGreater-Tag(0101101000011001,0010101110001101,1111100011010000),Close(0001100101010100,0100111000000111,1111001110100110),Set-15-Tag(1100110010110110,1110111011011000,0111010111110110),Div-Tag(0110101101110000,0101110000010001,1101000001000110),LoadThreshC-Tag(1011110111100100,0011110111010000,1010110000001101),LoadThreshB-Tag(1101100011100011,0110001111011011,1010010010111011),TestNumGreaterTEqu-Tag(0110000010100000,0110011011011010,0111100101011111),TestNumGreater-Tag(0000010011100110,0011010101001000,0111101010111000),Dec-Tag(1110101111010001,1111101001111100,0110010100010111),TestNumLessTEqu-Tag(1001111100001100,1000101111010010,1000000001110000),Set-13-Tag(1001101110110110,0000010011101101,0111111101010111),LoadGrade-Tag(1100111011100111,0011011001010010,1001100111000100),Sub-Tag(0011101110111000,0011110001000011,1110001100111010),Div-Tag(1011001011000101,1001101110011000,1010010101000101),Mult-Tag(1101101010101110,0111101011100011,1011000011000111),TestNumGreater-Tag(0101111101001001,0100010010010000,1010111000010010),SubmitC(0010101010101110,0110011001111011,1011010100010101),If-Tag(1100000111001001,1110000010101011,0011111100010101),SubmitA(1110001110011000,1000000111011111,1111100110011110),TestNumGreaterTEqu-Tag(1100101111011111,1110100110100011,0111110010011001),SubmitC(1001101101000110,1000110100000110,1101100010101101),Set-16-Tag(1110100111001001,1111010010111010,1111000010001001),Inc-Tag(1111001101000001,1110011110101011,1011101100000001),Dec-Tag(0100011010111001,1101010010000101,0110011001110100),While-Tag(0110111010110100,0110110100111011,1000010100110100),SubmitD(0110011110000111,1101000100010010,0100110101010000),Not-Tag(0000001011100101,0001011100100011,1000000001000100),TestNumLessTEqu-Tag(0001110010011000,1100111000101110,0001000001100100),LoadGrade-Tag(1001101010111111,1011010000011001,0011001011101111),SubmitF(1011100100000101,1110000110101001,1001101101111111),Close(1011111111011001,1111000000101001,0000101000000000),TestNumNEqu-Tag(1000101011011000,1101011110111000,0011011110011001),LoadThreshD-Tag(1101001010010011,1000000110000100,0001011000111011),Set-11-Tag(1001110000010101,1001101010011111,0110000010011001),Inc-Tag(1111100110101100,1010010110010111,0100100100001101),LoadThreshA-Tag(0000001111000011,1001010101000010,0001001001010110),LoadThreshA-Tag(1101101100011000,0100001100110100,1110111110111110),Set-11-Tag(0000111110100001,1001100101100010,1011101111011000),LoadThreshC-Tag(0010111001000110,0010110011101000,1101100010101000),Mult-Tag(0011101101111100,0100100000001101,0111000101011101),TestNumLess-Tag(1011100110010100,1001111111101011,0100101001010100),Set-9-Tag(1110011101100100,1000111111010101,0101101111111111),Set-13-Tag(1011011100101110,1111010001100001,0101111000111011),Set-14-Tag(0010011110010000,0111101001101110,0110100011100100),Div-Tag(1110110111010111,0000000010000111,0000011010101010),Set-5-Tag(1100110001100110,1100001111100101,1110101110111110),Countdown-Tag(1111010110101101,1010000011101110,1111111010001111),Add-Tag(0100100111001111,1001011110001001,0101101001000111),Set-9-Tag(1110111101011010,1110111000110101,0011011011001111),Mod-Tag(0000111100000001,1011001000110100,1110001111111100),SwapMem-Tag(0000100011011110,1010011110000001,1011000101000001),Set-11-Tag(0011001101000101,1010010100011111,1000010110100010),Set-8-Tag(1011110000110110,0101101001000000,0110011010111000),Mult-Tag(0001110010101100,1111001000010010,1111010001101100),TestNumLess-Tag(0111011100111101,0111011101100001,1001110110100010),Mod-Tag(1111011011111011,1000001001111101,1011011000101110),Not-Tag(0010001010010111,1000010010100111,1101000001010011),SubmitB(1101011101011011,1011010000001001,1110111100101100),Set-15-Tag(1001110100000100,0100001101000010,0111110010010101),Countdown-Tag(1010011101011101,1011011100101100,0010110101101010),SubmitA(0110010001101111,1110110100011011,0101000100101011)]"
PROBLEM_grade__ARGS_TAG_BF__MUT_001,6133,grade,Tag-BitFlips,0.001,0,True,53,393,236,"[Set-5-Tag(0001101011111001,1111010010011101,0011001111101101),Sub-Tag(0100011001001010,1100111001100100,0000010011000110),Div-Tag(1001011101000100,0001011100001100,0111101110001011),LoadThreshD-Tag(0010011001001000,1100001010111110,0000110010100011),Countdown-Tag(1000101100000001,0011101011001011,1011100011111011),Div-Tag(0100000100110001,0001010010100111,0000111001111100),Set-8-Tag(1011001011001100,1110111010010000,0001111101100010),SubmitB(1111001011100101,1110011100000100,0001101110010100),LoadGrade-Tag(0101000111100011,0010000000100110,1110100110100000),TestNumGreater-Tag(0100000110010100,1100001011010000,0100011011101110),If-Tag(0010111010010001,1111100010001111,1111100011110101),SubmitA(0001101111010001,0101010111110011,1010000111010101),Close(1000001111101011,1000000110101101,1100010011101001),TestNumGreater-Tag(0011011110001010,0100101000001100,1101011110001011),SwapMem-Tag(0100011011001010,1101011101100100,1111011000100111),LoadGrade-Tag(0001100010000111,0100101101000010,0110110011101011),Set-2-Tag(0110000010000011,0100010000111110,1110010000011111),CopyMem-Tag(1000001001110010,1001010011000111,0100010111100011),Mod-Tag(0011100100100110,1101100101101010,0010001010011100),Set-3-Tag(1010010001100101,1100101110000101,0111010111101000),Mod-Tag(0000100100110001,0101000011000001,1000011011010101),SwapMem-Tag(1111100111100111,1011101001101100,1010001100000010),IfNot-Tag(0000110000111101,0111101100101000,1000110000010001),Set-16-Tag(0010100000000000,0001111000010100,1011101010100110),LoadGrade-Tag(0001010000000101,1001011001111011,1011011101010101),LoadThreshA-Tag(0100101010011000,0101110101111001,0100010101011100),Close(1111100110000010,1101011011110000,1011100000011101),TestNumLess-Tag(0010100101111001,0010101111001100,0010101100001000),Add-Tag(1110100001111100,0101101000101011,0110110000111100),Mult-Tag(1011110010000010,0101110011001110,0010001110000001),Mod-Tag(0111101010101011,1110011110010000,0011001011100110),Countdown-Tag(1100010010111111,0010011011100111,0111001000010001),SubmitF(1100110011111000,0110111001100101,1101111100101011),Set-5-Tag(1100001011001101,0000001101011110,0011111111100001),TestNumGreater-Tag(1100111111011011,0100001110100001,1111010000000100),TestNumEqu-Tag(1110000101101001,0111001110000001,0111101010110010),If-Tag(1101111000011001,1010101111010110,1000111001011000),Close(0000000110001010,1101011111010001,1111100010000101),SwapMem-Tag(1110101111001000,0111110000100110,0010100000100100),Countdown-Tag(0010000100101011,0010001001101110,1000101110011001),While-Tag(1101100000111001,0100011111101011,1011001001000011),Close(1101011111000111,0001010011000010,0000111000100011),Close(0101011111110111,0111011010001010,0001100111111001),Set-7-Tag(0000001010011101,0101000111111000,1100100011101000),TestNumNEqu-Tag(0000100001011100,0001111110111010,1010110100011111),TestNumEqu-Tag(1011010011000110,0000010001000011,0111111000011011),SubmitD(1101100000000111,0011001110001110,1001000010101100),Mod-Tag(0010110001101110,1001100011011100,1101000010011111),Set-1-Tag(0010101011111111,0010001111101101,0101111100101111),Dec-Tag(0100110010110101,0110011110010111,0000001110010011),Countdown-Tag(1001101110101110,1110010101100011,1110000000100001),Set-5-Tag(0110111100111011,0001000000011001,0111001111001110),SubmitC(0100010000100100,0101111110111001,0010100011001000)]"
PROBLEM_grade__ARGS_TAG_BF__MUT_001,6134,grade,Tag-BitFlips,0.001,0,True,72,498,121,"[Close(1111111101001011,0010101100000000,1110110010101001),Div-Tag(0101100101011100,1110000000100111,0101011110000101),TestNumGreater-Tag(0000110001101010,1011001111001110,0100110000100101),Set-4-Tag(1011010101111011,1000000110001010,1011111100110100),TestNumGreater-Tag(1101010011011110,1001111011000111,0101011011000111),LoadGrade-Tag(0010101011111111,0110111001001100,0100010011010001),Set-10-Tag(1111011100000101,0000001000101110,0000000110101011),Set-14-Tag(0101101000101111,0001101010010111,1011101011111101),LoadGrade-Tag(0011101001000111,0001010100011101,0001100111010010),Set-15-Tag(1011001001010111,0101111111100101,0111001010111101),Floor-Tag(0011001101110000,1000001111101100,0101101111111010),LoadThreshA-Tag(0001011010100111,0001011101110111,0111100101111000),SubmitB(0110101011101111,1111110000011000,0010101000010111),TestNumLess-Tag(1011001111011111,1110100011111010,0011101010100100),Set-15-Tag(0111100010100100,0100010011001011,0010001110101000),Inc-Tag(0010010000110010,1100101111101001,1000101101010111),LoadThreshA-Tag(1101111101010000,1111011111000110,1011101001101101),LoadThreshB-Tag(1000000001000011,0100011111110001,1010111000011001),SubmitB(1100101111010001,0111110110100100,0001110101111011),Add-Tag(0000000110011110,1110111101100011,0001101100001001),Set-14-Tag(1101001110011011,1010011110101111,1101101001101001),SubmitD(1101001110000100,1010010010011000,1111001101001111),Set-9-Tag(1010001111111000,1000010111111010,1010010011101011),Add-Tag(1100011000011111,0000100111001001,0001000111111111),Countdown-Tag(0101001001001100,0011100010110100,1000011101100111),SubmitC(1000000100110001,1000101000100001,1010110100101011),Set-14-Tag(1010100000000100,0110101001110111,0010001000001010),SubmitC(0000011101011110,1000100101101101,1110011111110100),LoadThreshB-Tag(0100010110101101,1011001110010011,1100111101001100),SwapMem-Tag(0000000001001000,0011110000011011,1101111100111101),Set-5-Tag(0100011100110010,0010011111101010,0101011111011000),Set-9-Tag(1011011011111110,1001101101000001,1111011111010001),Set-0-Tag(1010000001111000,0101001001101111,1110100010010110),LoadThreshA-Tag(1011000011110000,0011111001100000,1101001000011100),Not-Tag(0000000011101001,1111111110101110,0000101100100010),Set-8-Tag(0011010011111111,1111010001001001,0010110100110000),LoadThreshC-Tag(1010011001010100,0110101011100010,1000101101111110),TestNumLessTEqu-Tag(1000111001101110,0101010000111110,0001000010111000),Floor-Tag(0101111010110011,1110000100001101,0101010010100101),Not-Tag(1010001100111110,1011111011100111,1101011100001001),SubmitD(1011010010011000,1001110001010111,1000110110111110),TestNumLess-Tag(1101100010101111,1011110101101111,1100110001101110),Set-7-Tag(0100000101111110,0000010011100001,0001100000001011),SubmitA(1101010111011001,0110001110010001,1101111100011111),Set-4-Tag(0010100010100001,1111001001110001,1001101000100011),LoadThreshD-Tag(0110110011000001,1011110010111000,1111101011100010),LoadThreshB-Tag(0100100011001001,1000001100101111,0111010001000101),Floor-Tag(1101000011011000,0101110000001110,0010111101010111),TestNumGreaterTEqu-Tag(0100111001000111,0011110010001001,0100000000110110),Countdown-Tag(1001100000110101,0010101110011100,1110001110110001),LoadThreshB-Tag(0101000110101000,0000100111000101,1001100110110101),SubmitF(0001010000100110,0001010101100001,1100101111110110),Countdown-Tag(0110000000111111,1001100010100100,0111001010000011),Add-Tag(0110001110010011,1100001001101011,0001111010011101),SwapMem-Tag(0100010010110001,1001010110110110,0001011010100010),Countdown-Tag(1011000110000100,1011100000101010,0001011010111011),Close(0100001110001010,1011101101111011,1000110101100100),Mod-Tag(0001110101101100,1011010100000110,0111001100000111),TestNumGreaterTEqu-Tag(0001010010001111,0010100110011000,0100000011101010),Sub-Tag(0000111011001010,1001111000111100,1101001000110001),Countdown-Tag(1001110000110100,1110000100111101,1100111101111001),Add-Tag(1110100010111011,1101100000011101,0010100110000010),Set-9-Tag(1111010000010100,0001010100000001,0100010110110111),Add-Tag(0100001010011110,1011000001001000,0001101010111100),Close(0000111011001010,1111101110000001,1010111011111011),TestNumLess-Tag(1011000110101010,1011100001000101,1100010101001101),TestNumNEqu-Tag(0110000011011101,0101011000011100,1110011000101010),Inc-Tag(1110011010000111,1010101111111001,1101100011111000),IfNot-Tag(1101000011101110,1110111111110001,0000000001100001),IfNot-Tag(1100010000101110,0000100010101111,0110111010001000),Div-Tag(0111110101100101,1101110110000011,1101111011110011),Break(1111000110111010,1100001100001011,0010011000110001)]"
PROBLEM_grade__ARGS_TAG_BF__MUT_001,6135,grade,Tag-BitFlips,0.001,0,True,52,473,288,"[Countdown-Tag(1111111011111000,0000011010010111,1111000110100010),TestNumGreaterTEqu-Tag(1110111100100110,0100001101101110,1101010000000101),SubmitA(1111011010010000,1010010110110111,1010100110111100),If-Tag(0101011111011101,0011011101000111,0100101101110000),Sub-Tag(1010001010010010,0100010100101010,1001010001100011),Set-1-Tag(0001101110000111,0001011010010111,1001011000101110),Countdown-Tag(1100111100011100,1111101110010000,0011000010101001),Not-Tag(1111010101101000,0110001011111101,0111100100000011),LoadGrade-Tag(1101100001110100,0110011110100111,1100110001110001),SwapMem-Tag(0101011100010000,0110101101101000,1100100101000010),SubmitF(0001101100111001,1101010010100010,0011011100001101),Set-2-Tag(1011100011110111,1110000100000101,0100100010111111),Not-Tag(0110101011001110,0001100000000111,0001110010000110),SwapMem-Tag(0101001000111111,0111011111010001,1111001000111001),CopyMem-Tag(1111111100000111,1000011110101111,1001001000000001),Set-9-Tag(1100111110101010,1011100011011011,1010000101101001),Div-Tag(1011110010111101,0010000100100001,0110011011010110),LoadThreshA-Tag(0100111100111011,0100101001111001,0100010111010100),TestNumLessTEqu-Tag(1101101010001001,1101100001101100,1111000001110001),While-Tag(1100010111001100,0111001110000111,0001011000010011),Set-2-Tag(0011000011100010,0100010001101110,0000100000001001),Floor-Tag(0001000010111101,1001011010110101,1001100100001010),Set-9-Tag(0001011100010010,0001011010111010,1110110100011001),SubmitD(0001000000100011,1100111001110110,1100110111101001),Countdown-Tag(0011010001100010,0100100111000111,0100101101010111),LoadThreshC-Tag(0011000111111101,1110100100100011,0000110011001101),SubmitC(0101000010010011,1100011100101010,0110000000011101),CopyMem-Tag(0001111101100111,1101101111010001,0010110100100001),Div-Tag(0011000111001010,1100110100000010,1111000101111111),Countdown-Tag(0101110010111000,1010011001100110,0101011000011000),Sub-Tag(0011110000000010,1000011100000100,1011010100010010),Set-6-Tag(1110101010110111,0010101111100001,0010101001101010),Countdown-Tag(0001100111001110,0001100110111101,0111100010100101),Set-3-Tag(1011001111100000,1110101000000100,1011110001110011),Sub-Tag(0101010101101011,1110101000011100,1111100101100110),Div-Tag(0111101100110001,0101111100110100,0101011001011001),Not-Tag(1101000010100110,1100011111011001,1000010100111000),Set-11-Tag(1101110011101101,1101010111011100,0111001100001110),LoadThreshB-Tag(1111001110111100,1110110101011001,1110101111111010),SubmitD(0111101110100111,1101111001000010,0100101100011000),Countdown-Tag(0100100110111011,1101101111100010,1100111110100110),LoadGrade-Tag(1100100111100111,1100111000000011,1010011110110000),LoadThreshC-Tag(0000001101101100,1010110100101101,0011100100100111),Add-Tag(1101110011100101,1110101111110011,1110101110101001),Set-7-Tag(0111010001110001,0010011111011001,0101100001010110),Not-Tag(1111100000110001,0010101010100001,0011101101111000),SubmitB(1110101010110011,0100011100110010,0101110111000000),TestNumGreaterTEqu-Tag(0100100110000010,0011110100111111,1101100100101011),Set-1-Tag(0101010111011001,0010111000111111,0001011001111100),TestNumEqu-Tag(1110000001101011,0000101111001110,0111101000100010),LoadThreshB-Tag(0010111110101110,0110000111010110,1010010010001000),TestNumGreaterTEqu-Tag(0110001001100011,1001011000111010,0001001100011101)]"
PROBLEM_grade__ARGS_TAG_BF__MUT_001,6136,grade,Tag-BitFlips,0.001,0,True,30,495,314,"[Set-11-Tag(0100001111010110,1110010101100111,0000000111010100),TestNumGreater-Tag(1001010110111110,0010110111001100,0011011101010101),Inc-Tag(0100101000000110,1001010010000111,1000000001111111),LoadGrade-Tag(0011110101000011,0011111001011101,1000000011011100),Div-Tag(1011101110010011,0100110000101100,0100001000000101),SwapMem-Tag(0100110111011100,0000100111000010,1111000111000000),SubmitA(0101001101111001,0110111010011100,1000010101110110),LoadThreshB-Tag(0011100000010111,0011001011011110,0111110111101001),While-Tag(0000001011001010,1100101001011011,1111110111011010),Sub-Tag(0011111000110011,1001010011101000,0100011010001001),LoadThreshD-Tag(0010010001100001,0101001101101110,0100110000000100),SubmitD(1100010001100110,0101100110101010,0110011000001010),TestNumGreater-Tag(0000111001010110,1010010000100010,0000111000110111),Add-Tag(1001010001111100,0101001101101010,1110000000001001),While-Tag(0010010001011001,0011111010111111,0001000001101011),Dec-Tag(0111011011000100,0101111000110001,0110101001111001),Sub-Tag(1010000011100010,0000011101001001,1101010111111111),LoadThreshA-Tag(0111000111101101,0110011010111011,0011110000110111),If-Tag(0000001000001101,1110101000011000,0101101101101010),SubmitB(0110110101001011,1111001011011111,1011000000101010),TestNumGreaterTEqu-Tag(0011111010000011,1101010000011110,0110111000001101),Countdown-Tag(0101010110001011,0101001010001111,1000111000000000),Close(0101110000101010,0011011110010010,0001111111101000),Not-Tag(1111110000001011,0000101111010110,0000110110011011),Mod-Tag(1110000000001011,0111100011000101,0110011010100011),Set-15-Tag(0100010101111010,1110100111010010,0111000011110101),SubmitC(0000101010110101,0111101110010101,0111001101110000),Close(1011100110010110,1011100100010000,0101010011010110),IfNot-Tag(1001000101110111,0011111010111011,1100010110100110),SubmitF(0000000101000010,1000000010101111,0000111101000010)]"
PROBLEM_grade__ARGS_TAG_BF__MUT_001,6137,grade,Tag-BitFlips,0.001,0,False,NONE,NONE,NONE,"NONE"
PROBLEM_grade__ARGS_TAG_BF__MUT_001,6138,grade,Tag-BitFlips,0.001,0,True,36,431,198,"[Set-4-Tag(1111010001100001,1010001100100000,0101011101101100),Inc-Tag(0100001100001111,0001101000110011,1100110100101100),TestNumGreaterTEqu-Tag(1100010011110101,0000101010101111,0111000111101001),Dec-Tag(1101001000000011,0001010001010000,0001011100000111),Mult-Tag(1000110011100001,0101001101111011,0010111011000010),Div-Tag(1111001010100001,1111111001001010,1001000110101100),SubmitD(1001000111001010,0100010001111010,1010101000110001),TestNumNEqu-Tag(0001111010110110,0111101111110101,0001111010100001),TestNumEqu-Tag(1110001011001100,1001110011001010,0111010001011001),TestNumGreaterTEqu-Tag(1100001111001011,1000001110100011,0110010001100110),Add-Tag(0011011000001110,0101000010101101,1111000011011100),Set-6-Tag(1011101000100111,0001100011000010,1010011000110111),SwapMem-Tag(1100101010001011,0000011001100010,1100000111011000),Sub-Tag(1100101110101011,1111101100001000,0110100010001110),Div-Tag(0010011111011110,0000010110001110,1111001001001111),Countdown-Tag(1101110010001110,1101111101111010,1011011111101001),Set-1-Tag(1101110110010110,1110110111100010,0110100011111110),SubmitA(0010010101000111,0011001010100100,1101110111001101),Set-0-Tag(1100110001010001,0011010111100100,0011001010001111),Mod-Tag(0000100000100000,0011110100110000,1101110010011110),LoadThreshB-Tag(1101111011100110,1100100110101010,1101000111000011),Floor-Tag(0110010001001111,1000101111011001,0001110110011011),SubmitB(0100100110000000,1100010110010101,1001111100100101),While-Tag(0111100101101110,1001111001011000,0000011110110000),LoadThreshD-Tag(0100010010001101,1001110111000011,1110101101001100),SubmitF(0010110111111011,1011001001111111,0110001011011100),LoadGrade-Tag(0111001101100010,1110101101011011,0000111111000100),TestNumEqu-Tag(0000101100101110,1100110010110011,0101010110110001),SubmitC(0111001001111101,0101001010001111,1111000110010100),Sub-Tag(0011101000000000,1001000011101001,1100000110010000),TestNumLess-Tag(0100011011011000,0001111110001000,1001110110001101),Set-4-Tag(0010011000101110,0100111110000110,1110111100010100),Countdown-Tag(1111100010000001,0011110011001001,1001101011101111),SubmitD(1010001001111111,0100000000100010,0001100101011000),LoadThreshC-Tag(1111111010000110,1001101010010110,1000100111100000),TestNumLess-Tag(0011101100001000,1001101011111100,0000000110001000)]"
PROBLEM_grade__ARGS_TAG_BF__MUT_001,6139,grade,Tag-BitFlips,0.001,0,True,46,377,287,"[SwapMem-Tag(1110011111001110,1000100100011111,0100110111000001),Close(1100000111101111,1100011000011111,1000010110101010),SubmitA(1000010100101001,0111011011111110,1111001000001011),TestNumNEqu-Tag(0010111100011110,1001101010010100,1011101101011101),LoadGrade-Tag(1110000101101111,1100101011111011,0010111100001100),Countdown-Tag(0100010111000001,1110111110101100,1100000100110111),Add-Tag(0111011001011011,1110011100010101,1001101001011001),TestNumLess-Tag(0110100111001001,1011001000011011,0111011001101010),TestNumLess-Tag(1001111101001100,1101100001001001,1100010101001001),TestNumNEqu-Tag(0010100001001110,0001001010001001,1100111010001101),Close(1111011010001111,1100010010010110,1110100111000000),Div-Tag(0001010010010111,0100100000110010,1011000001000101),Countdown-Tag(1001001001001100,1001110100101101,0010110001110010),Set-4-Tag(0101011000110111,1000010110000001,0011001011110101),LoadThreshB-Tag(1010111000011101,1010010010110110,1101011011010000),LoadThreshB-Tag(1100101101110100,1101000100111111,0100011110001011),SubmitB(1000110000011111,1010000010011100,0101000001101110),Mult-Tag(0110010111110011,0010100111010001,1001101101000101),SubmitD(1011011110110001,1001111000111010,1010110111011001),Set-3-Tag(1000011111100000,0111110110100110,1011010001000101),Set-15-Tag(0010010001001111,1110110001000001,1011011101010110),LoadGrade-Tag(0100111100001111,1001001001000001,1110010011110010),Set-3-Tag(0000100010000001,1111100000011001,1101011111111100),SubmitF(1100111001001011,0100100000010001,0100000111100100),CopyMem-Tag(1101010010101011,1000101000101000,0000011100001000),LoadGrade-Tag(1100100100010010,0000100101100000,1001101011100011),TestNumGreaterTEqu-Tag(1101110101110010,1111101010111100,0000111111001100),Close(1101010010011010,0101010001110000,0101100111001100),If-Tag(0010101001110111,0110010101011011,1001010010110001),Set-13-Tag(1111110100100010,0001111110101101,0110000010000011),SubmitB(1111011110010001,1000100010101010,0111011001001011),Set-14-Tag(0010101011011010,1000100001101001,1001101011001010),Set-16-Tag(1110100110010110,0101011101110111,1111111011000111),Set-15-Tag(1000111000100000,0101010001001100,1100010000011100),LoadThreshC-Tag(0100010000010110,1110101011000001,0010110100000010),SubmitC(1010101110001111,1111101100111101,1000110100101110),Close(1101011001001111,0110110010110011,1000110110011100),Dec-Tag(1101101101100111,0000101001001001,0001011001101110),While-Tag(0001110000001100,1100110111000100,1011000000101011),While-Tag(1001011010010101,1100000111110000,1011000110011101),LoadThreshA-Tag(0111001010101011,0000011010111001,0010001000100011),Set-12-Tag(1011101111100100,1100010101000011,1000011010000000),If-Tag(0010100111011001,1011011011010110,1010001101000111),LoadThreshB-Tag(0100001000001111,1001010101100000,0001011000010101),Countdown-Tag(1011110111000011,1001001001100011,0100110010100000),Floor-Tag(0011110100100100,1101010010011011,1111011111011100)]"
PROBLEM_grade__ARGS_TAG_BF__MUT_001,6140,grade,Tag-BitFlips,0.001,0,True,29,344,214,"[LoadGrade-Tag(1100110000101001,0011110010100100,0101100011111111),TestNumLessTEqu-Tag(1100100101010110,1101110010010111,1000110011111000),Dec-Tag(0010001100110011,1000111010101110,1111110100100010),TestNumGreater-Tag(0111111100000100,0101000100101011,0011100000001111),Countdown-Tag(0111000001001111,0011111001101110,0101010010000111),TestNumGreaterTEqu-Tag(1110101100010010,0000111010101000,0111111100100111),If-Tag(1111101100001000,0010011110101110,0101001000101000),TestNumNEqu-Tag(0010110000000100,1100100000010000,0010001001011010),LoadThreshA-Tag(1000110001011100,1000101011110111,1110101010010100),Set-4-Tag(1111000100001101,0101100110010010,0000001111111010),Close(0010100010101100,0100000010000000,0000000001110100),Add-Tag(0100101100110001,1110110000110111,1000001000100100),SubmitA(0011111000011011,0001110001110010,0100101010100001),Countdown-Tag(1110111111100110,1110111100110111,1101011001000010),SubmitB(1110101100100110,0011000100101001,1111011011011111),Set-2-Tag(0111010110011001,1011110001110011,0101000011001000),Close(0101110110101000,0100110010010001,1010100010101011),Div-Tag(1010001110101000,1111001001010001,0001101110000110),SwapMem-Tag(0110010100011000,1001110011010010,1111000011100010),Close(0001010100001101,1010100000010011,1110111010111101),SubmitC(1000000111000001,0110000110000010,1010100111011100),TestNumEqu-Tag(1001100101001111,0101110111100010,0001001100100011),IfNot-Tag(0001011000000011,0010100010000101,0010100111000001),LoadGrade-Tag(1111001111011110,1110111010101101,0101000100011011),SubmitF(1001101100001100,0111001001110011,1010010000011011),LoadThreshD-Tag(1101000111111001,1101111111110101,1000111000111110),TestNumLessTEqu-Tag(1000101110010010,0111101011111110,0110011111101111),Countdown-Tag(1111101111100110,1010010000110110,1000001101000100),SubmitD(0101010110010101,1100111110101110,0000101001111110)]"
PROBLEM_grade__ARGS_TAG_BF__MUT_001,6141,grade,Tag-BitFlips,0.001,0,True,20,391,136,"[Countdown-Tag(0001100100111010,0110101111101111,0010101111100111),Dec-Tag(0001000101010110,0000101100100000,1101100011010101),TestNumGreater-Tag(0000101100111111,0000001100010110,1000001110000011),LoadThreshD-Tag(1010011101011011,0110111010000111,0101001010110000),SubmitF(0111011001101010,0011000110001000,1001000010110011),TestNumGreater-Tag(1000110100111111,0100100111110100,1000100011111001),If-Tag(0001010011010001,0001001010011101,0001111100111101),TestNumGreaterTEqu-Tag(0000110100010110,1011101111100101,1010111111001000),TestNumGreaterTEqu-Tag(1010001001111100,1101010001111111,1011001000110000),TestNumEqu-Tag(1001001100110010,0100001111010001,1100110100000111),SubmitD(1111111011100000,0100110100010110,0010100000000000),LoadThreshA-Tag(1100010110000110,0001101111100001,0011001000011011),IfNot-Tag(0101101100001111,0010110001101010,0100100011101100),SubmitC(0000100010100001,0000001010010101,1011000100111111),Countdown-Tag(1001101100111000,1010100011100000,0010111001101010),LoadGrade-Tag(0100110001010000,0000001110100111,0110100100100111),SubmitB(1110110001001101,0001101111000001,0101000011011000),TestNumGreater-Tag(1010111110110101,0100001101100101,0010101110101100),IfNot-Tag(0100011100011110,1000010110001000,0100100101011101),SubmitA(1011010100100111,0001111110000100,1110011100000011)]"
PROBLEM_grade__ARGS_TAG_BF__MUT_001,6142,grade,Tag-BitFlips,0.001,0,True,25,439,294,"[Close(0101010111011011,0101111001111100,0100000011010011),TestNumLess-Tag(0000111000011100,0011010001110000,1000000100011010),Countdown-Tag(1110000111011101,0101111110100100,1010100010100001),TestNumGreaterTEqu-Tag(0101111100111101,1000101100011111,1101010100010101),Set-13-Tag(0010010000110101,1000110000010011,1111010110000001),LoadThreshD-Tag(1101111001100101,0110100001101100,1000001101010000),Set-9-Tag(0110000010010000,1010001111011110,0000000101010101),Div-Tag(1000100101010011,0000011101110011,0101110101101001),TestNumGreater-Tag(0001111010110011,0100011101001110,0111101100011000),Mod-Tag(1011111011100101,0001001110101110,1010110101101110),Set-15-Tag(0101101000111010,1011010010001101,1001011100110100),SubmitD(0100110010001100,1011010011000111,0100011000011100),While-Tag(1100100111011111,1001000011001100,0111110001111101),SubmitB(1101011101011011,0100110110111111,1111011001010100),Countdown-Tag(1111100100010100,0100011111111101,1000110001100010),While-Tag(0100110101111000,0001010100100010,1110101001010011),SubmitC(0100101110100100,1000101100010101,0010010011000011),Close(0000111101110011,0101000110111101,0111111100100100),Close(0110001110001001,1001001111110101,0100110000110001),SubmitA(1011110101001110,0000010110010000,0101000101111101),Close(0111011001000011,0100111100000110,0000110001100011),Countdown-Tag(0101101001110100,0000101100101000,1011110101100111),TestNumLessTEqu-Tag(0010110110001011,0001101010101111,0001000000111001),If-Tag(1011100000110010,1000001111000101,0010010001111011),SubmitF(0001110000000000,0101010011110100,1110101111011011)]"
PROBLEM_grade__ARGS_TAG_BF__MUT_001,6143,grade,Tag-BitFlips,0.001,0,True,74,462,417,"[Floor-Tag(1011011011010110,0001111101111000,1110101011000111),SwapMem-Tag(0011000100000110,0100101110111111,1011101001111010),TestNumNEqu-Tag(0011110001100110,0101010101110011,1100011100110110),TestNumNEqu-Tag(0100101111010101,1101100111110010,0100010011111111),Dec-Tag(1101100001000001,1011110111110000,0001000111001101),TestNumLessTEqu-Tag(0010110010011110,0111000100100100,0010000011000110),LoadThreshA-Tag(1000101101111100,1101110000100001,0101110011000100),TestNumLess-Tag(0001110101001010,1111111001000111,1101011111001100),Floor-Tag(1001110111100111,1100000000011100,0110110101011111),Set-10-Tag(0011100000010010,1100111001001101,1000111101011111),Countdown-Tag(1101110001010001,0010000000110101,1000001110011000),Set-12-Tag(0110001100101010,1011011010101000,0110100001000010),Set-1-Tag(1011101000000001,1000110111110011,0010110010001010),Not-Tag(1011110001000000,1101100110100000,0001101101000011),Set-5-Tag(0010111010011000,1100011011011001,0111111111011001),LoadGrade-Tag(0111000110001111,0011111101010100,1111101000001111),Set-2-Tag(1111011100100010,0011000111111010,1101101011101010),TestNumGreaterTEqu-Tag(1011001010111111,0000010001110110,1000110010011010),Set-0-Tag(0101101011010111,1100011111000000,1110110010110110),Inc-Tag(1111001000001101,0010000011111001,0100101100001100),Set-14-Tag(0000110101111111,0110000111101100,0001110100000000),Set-13-Tag(1001010110101110,0000101111011001,0000111001110000),IfNot-Tag(0100001000000100,1101110110100001,0001110110001100),Set-14-Tag(0101111000000100,1011101101010101,1011101100111110),Set-12-Tag(0101011011101111,1000111010101000,0100000111100010),Countdown-Tag(1010110100100001,1011001100010111,1100000111110110),Set-1-Tag(0000100001000111,1110110110111000,1100010101101001),SubmitA(1000100000001110,1010101001010010,1010000010101011),Mod-Tag(1101000001101010,0000011001101101,0011110010001011),If-Tag(1010100000110100,1000110111011000,0001010011110001),LoadThreshC-Tag(0111001101010101,0110110101111100,1110101111000101),While-Tag(1011001000100011,1110001011100001,1110110100001000),Set-3-Tag(1111010101111011,1010111011111001,1100101100010110),IfNot-Tag(0110000001111001,1000010011011010,1101001101110011),If-Tag(1011010110010001,0010111010011110,0111110101011001),Set-1-Tag(1000001000000111,0100100111101011,1010010000001110),SubmitF(0110010111101110,0010011110110110,1111011000101011),TestNumLessTEqu-Tag(1011011111100111,1011100001001000,0110011011001010),SwapMem-Tag(1110101000101011,1101001101111100,0110011101010011),Close(1010000101110001,0010110110111001,1000011011011010),Floor-Tag(1000101010110011,0111011001010101,1010100110000100),LoadThreshC-Tag(0110101011001101,1001111100111111,0001001010011001),While-Tag(0101111010111100,0011100100110001,0100100101001001),TestNumGreaterTEqu-Tag(0000011011000001,0101010011010110,0001101111100111),LoadThreshA-Tag(0100110001001111,0100111011100011,1001111111000001),Inc-Tag(1000100010011110,1010000010000010,0010010101000101),Set-15-Tag(1001100110000110,1111101001101001,0111101111110111),TestNumLessTEqu-Tag(1111001000100111,0000101100101111,0011010100100010),Div-Tag(0010110101111101,1110101000101101,0100111111011001),Div-Tag(0101000100110111,0010000101011110,1111000111010111),SwapMem-Tag(0110100111100101,1110111110100110,0001101000011011),SubmitC(0010100111100101,1011110101010101,0110110101101101),LoadThreshD-Tag(0101110111000111,0001111101010101,1011011010111000),Close(0010010100110000,0111100111101010,1001011001111110),SubmitA(1111100110101111,0111011110000010,0110011111101001),Add-Tag(1001110110111000,0010001110011110,1101011000010011),LoadThreshA-Tag(0110010001111000,0111000100000001,1111110000001111),SubmitB(1000100100100011,1100111000000101,0000111110010010),Mult-Tag(0100010111100010,1100011110010111,1100101101001000),Set-13-Tag(0100101010111001,0001111101100000,0011011010011000),Set-0-Tag(0101101101101101,0000111111011101,1001100011111100),While-Tag(0001100011010110,0010100010111100,1101110110111100),TestNumLess-Tag(1111100010001010,1111110011010011,0000011000000011),Add-Tag(0111111010011001,1111110111011010,1111111111011000),SubmitD(0100000110111001,1001110000011110,0101100000110111),SwapMem-Tag(0101111000100100,1110001011100000,1101010101111110),TestNumGreaterTEqu-Tag(0011010111001101,1110001000001011,0111010101111110),SubmitC(0110001101111111,0010110011011111,0110101110100010),Set-5-Tag(1010011011000110,0001010001111101,1100011111101111),LoadThreshD-Tag(0110101000000001,0001000011010111,1100100101010011),SubmitF(0110001011100001,1111000001001110,1111011100001111),SubmitC(0101100111001101,0011010101101010,0110101100100100),Countdown-Tag(1110001110111011,0000000011011101,1111001011110111),Div-Tag(1111001001011011,0001011000100000,1001100001111011)]"
PROBLEM_grade__ARGS_TAG_BF__MUT_001,6144,grade,Tag-BitFlips,0.001,0,True,40,496,326,"[Sub-Tag(1111010010110110,1001011010001110,1010111100011101),LoadGrade-Tag(1101100011111010,0010000111101110,1011111000010101),SubmitA(1110110101101110,0001111101000001,0110110000000010),LoadThreshB-Tag(0010000111111010,1100100011110110,1010011101110100),TestNumGreater-Tag(0000111111101000,0100100100101000,0101100110111011),If-Tag(1111001110001000,0110001100101110,0100011011000010),TestNumLessTEqu-Tag(0111000100010110,1111101110010010,1001011100100101),While-Tag(0100101000101110,1111100101000000,0010010110101010),Set-13-Tag(1000100101010111,0111001111001100,0000111011011101),SubmitD(1110110101011110,1010110100011000,1110000111101000),Set-5-Tag(1111000100000101,0011001000101101,0111001101100000),TestNumNEqu-Tag(1001010110001111,0111001011111110,1110101001111111),Div-Tag(0000010001111110,1111010111000001,0100111100100011),Set-0-Tag(0100001000111111,0110101010110011,1101000000011001),Set-16-Tag(0001000101000111,0111001010100101,0001001100010010),Not-Tag(0001011011010101,1000010111001010,0010111110000110),If-Tag(0110110110101111,0011100110011011,0110010110111011),Set-16-Tag(0101001001100110,0000101110010011,0000110010000000),LoadThreshB-Tag(1010110100010111,0011011000001011,0100011011110100),While-Tag(1011010010100011,0001010000000110,1001111111000001),SubmitB(0000001010001010,1111111001101011,1101010001100100),Close(0000000011010001,1100001111111101,0110000111101000),LoadGrade-Tag(0111001000101100,0010100111010001,1010111011100110),SubmitC(1000110000000001,0000010111011110,1011110111110111),TestNumNEqu-Tag(0110101100010011,1001101010010110,1010100001000001),TestNumLessTEqu-Tag(0011110010111011,0000111100011011,0100010101001011),LoadGrade-Tag(1111100100010000,1000011101000000,0010101010011011),Close(0010001111111000,0000010110101011,0100111011101100),LoadThreshD-Tag(1100010101011000,1011110000010101,1101001011100110),TestNumLess-Tag(0000001111011001,1101010110010000,0010111101001101),LoadThreshB-Tag(0001101101010001,1110010000100101,1111000001001101),Sub-Tag(1000011000100001,1010001000010000,1000101011101101),Countdown-Tag(1010101000100101,0000111100110110,1001001001001111),If-Tag(0111111110111111,1001010111101111,1000000000101010),SubmitF(0010011111100000,1000011101010011,0010001110100110),LoadGrade-Tag(0011100011000011,0000100100110011,1001111001100001),Set-4-Tag(1000101101000001,0100010111011001,0100011010000100),Dec-Tag(0000101000100110,1111100100111010,0011110010000100),LoadThreshC-Tag(1100001001000101,1101100101100010,0110011011100010),Mod-Tag(1011000000011000,1000001111001001,1001110110111110)]"
PROBLEM_grade__ARGS_TAG_BF__MUT_001,6145,grade,Tag-BitFlips,0.001,0,True,31,413,293,"[Countdown-Tag(1101010010010101,1000001001000001,0101011111100111),LoadGrade-Tag(0000111100100010,0010110111110110,0000011110110000),TestNumLessTEqu-Tag(0000111111011101,0110000101010111,1000111110111101),SubmitB(1110110101010110,0101101101010100,1101010010101010),Inc-Tag(1110011110100001,0011100010000000,0110000000111011),Set-6-Tag(0101100011010111,0100110101011100,1010101001000101),Add-Tag(0101101100010101,1111001100011111,0100001111001111),Add-Tag(1111000101010001,0011011010111100,0111000100010111),TestNumNEqu-Tag(1110010110000101,1010101000110001,0000101110100101),Inc-Tag(0001111000100111,1010110101000100,1011011100010000),Set-15-Tag(1010111001100010,0110011000101111,1010100111101110),TestNumGreater-Tag(1110000010000101,0010110000110000,0110001110100001),SubmitA(0010000111000111,1110111001111100,1000100101101010),LoadThreshA-Tag(0101110011010100,1100101101001101,1010111101001001),Mod-Tag(1011101000010000,0010011010010011,0101111110110010),Sub-Tag(0001001100000100,1111011010110011,1000011001011000),Sub-Tag(0110111101010000,1101001011011000,0100001100100001),Set-9-Tag(1011111011100011,1001110110100100,1101011000001101),Set-2-Tag(1001001000111010,1010000001011110,1101011000101100),Sub-Tag(0010110101111100,1001110011111010,1100010010111101),Countdown-Tag(1101001011000010,0101010000101010,1100010110111011),While-Tag(1110101010111110,1000111101011110,1101110110101011),Countdown-Tag(0001101000100010,1000001110001001,0011011111110001),TestNumGreater-Tag(0010110100000110,1011100011011000,0010001001100010),SubmitB(0010010001000101,1111010111010110,1110110011111110),SubmitC(0111000010001101,0011100101111011,1100101001010010),LoadThreshC-Tag(1011110111010000,1011010011101111,1011100101001011),Set-6-Tag(1011100101100001,0100010001100000,0011100001111110),SubmitD(0010000101011101,0100000000010011,1101110001010110),Countdown-Tag(1010101010000100,1110101001011101,0001111100110001),SubmitF(1001101010010001,0110011001010111,1100011001111001)]"
PROBLEM_grade__ARGS_TAG_BF__MUT_001,6146,grade,Tag-BitFlips,0.001,0,True,22,325,297,"[LoadGrade-Tag(0011010000000001,0010010111110101,1011101101111010),SubmitF(1101101100101111,0010111011111100,0011111000010001),Sub-Tag(0100111101011011,1101011101000001,0110101101111000),Inc-Tag(1110000010100110,1100010110011110,1101100001110100),TestNumGreaterTEqu-Tag(1010111011100010,1010110100011101,0100001010101101),Sub-Tag(1011111000001101,1011100100101010,1011011000010110),If-Tag(1100101010100111,0101100001010000,1110110110001110),TestNumGreaterTEqu-Tag(0011110101000111,1001111110010111,0001110000101000),SubmitD(1111000010010111,1000110100010010,1010011110001100),TestNumLessTEqu-Tag(0110011110111100,0011101001010011,0011011001010001),While-Tag(0100000111100100,0111001110110101,1011101000101010),Mult-Tag(1100011100101000,1010010001101001,0111011101100001),Div-Tag(0100010111100111,0000100100001011,0100100110101110),SubmitB(0100101110001111,1110011110011001,1101111101001001),Countdown-Tag(0101101000100011,1001000010111101,0110100100101110),SubmitA(1000000000011000,0110010101100111,1101001001111101),Set-14-Tag(0101000110000101,0111101111100111,1111011010100100),Countdown-Tag(0010001110100100,0100010001111111,1010111100010010),SubmitC(1001001011110101,1111011000111011,1111001111101100),Add-Tag(1000010100001011,1010000100111100,0011001010101101),CopyMem-Tag(0110100000101000,1000001100111111,1001011111010000),Countdown-Tag(0011101000111011,1101111001111000,0110111010000111)]"
PROBLEM_grade__ARGS_TAG_BF__MUT_001,6147,grade,Tag-BitFlips,0.001,0,True,34,459,270,"[LoadThreshB-Tag(0010000110110111,0011111001110100,0011000111101110),Inc-Tag(0001110110001111,1110011100101001,1110010001101101),LoadThreshC-Tag(1100001100101000,0001010100100011,1011010111000100),TestNumLessTEqu-Tag(0010011101000111,1011011111101100,1000100100011010),Dec-Tag(1000010110001111,0001011011000111,1100101000010010),TestNumGreater-Tag(1010101010000010,0000111011011011,1110100011101110),Mod-Tag(0011111001111100,0001100010011000,0000000000000100),SubmitA(0100100110110011,1100001010111110,0010110111011101),Close(0111010101100001,0101000011101001,0001111001000111),Countdown-Tag(0001111101011100,0000011001110100,1001110101001010),Set-11-Tag(0110110101110100,0110110101100001,1111111011110110),Close(0010111111111001,0110100100000011,1100110101000010),Close(1111111001101110,0110000000001110,0110110001011110),While-Tag(1110001011000101,1011101001000100,1111100011010010),Dec-Tag(0101011010110011,1100100110101000,1000101001110100),SubmitC(0111110001111101,0101101100000011,1010010100110110),TestNumLess-Tag(0011011100100110,0000100101001110,0000110000001110),LoadGrade-Tag(1111011100100001,1011101100100111,0000101111111110),While-Tag(1100100110111001,0001100101010000,0111001010100010),SubmitD(1000110001010010,1001011110101111,1000100010010111),IfNot-Tag(0101011111111011,0000000001011001,0101010000000100),Add-Tag(1101110101000001,1100110000000111,0001100111001101),Close(1101110000110111,1100111111010001,1100111100101110),If-Tag(1101000111101101,1001110011111010,0001010100010001),LoadThreshD-Tag(0001000011001110,0000010001001000,0111011111010100),TestNumGreater-Tag(0000101011111000,1110001100111001,1001001000010011),Mult-Tag(1110010000110100,1101100111111101,1101010000101110),Set-15-Tag(1101111000001100,0001111101010011,1001110101100000),Close(1111111011110101,0110000010001111,0111101101001100),Countdown-Tag(0010100100011111,0010100011010110,1011000101001010),SubmitF(0001001000101011,0000000001010010,1010000110110010),While-Tag(0011010001110011,0011111110110000,0101111011011101),IfNot-Tag(0000111010101100,1110000011010101,1110011001010010),SubmitB(0000010110100101,1010000010001011,1100100000101101)]"
PROBLEM_grade__ARGS_TAG_BF__MUT_001,6148,grade,Tag-BitFlips,0.001,0,False,NONE,NONE,NONE,"NONE"
PROBLEM_grade__ARGS_TAG_BF__MUT_001,6149,grade,Tag-BitFlips,0.001,0,True,55,335,312,"[Inc-Tag(0100011010001111,0110111101101001,1111011111001100),Set-15-Tag(0001101110010110,0010000100110110,1101101000101110),TestNumGreater-Tag(1001010101011010,0011101001000101,0101001110001100),TestNumGreaterTEqu-Tag(1000011001101101,0011001100111101,1011001111100101),Set-7-Tag(1011101001101101,0010011000100010,1011110101100101),TestNumGreater-Tag(0001001001001110,1011010101110111,1110011100110001),Break(1101110010001011,0110000000000101,0001111100111100),TestNumGreater-Tag(1110000011010100,1010100100001110,1111100111101001),Close(1100111101000111,1101011100111101,1100000101001110),SubmitF(0110111010011110,0000110111011001,0010000000001101),Div-Tag(1100101111111101,0000001110010111,1110110011100111),While-Tag(0101101010111010,1001111011001111,0111111100101100),Set-14-Tag(1010110100110010,1001101111010010,0110100001110010),TestNumGreater-Tag(0000111000110111,0101010111111000,0000101111011100),Not-Tag(0001110001101000,1111111111001001,0000110111110010),Mod-Tag(0011011100101000,1111011100101111,1111011010100111),TestNumEqu-Tag(0111110011001001,1110111101001010,0111110010101011),SubmitD(1010111000100010,0000000000101111,0000100010100110),If-Tag(0011010110001110,1111100111001001,0001111010101111),Set-2-Tag(1011011101100101,0001111010100001,1111111011101010),Floor-Tag(1101100000100001,1101111110110001,0111010011100101),Set-4-Tag(0101001110100001,1100111001011010,0110000110100010),Set-8-Tag(0011111010011100,1010100111010100,1011011101110100),TestNumGreaterTEqu-Tag(0101010100001001,0001001000010111,0111100111110011),Add-Tag(1010100010111110,0011010000101111,0101010111110111),Div-Tag(0011110111011011,0010111111101110,0011111110010011),Mod-Tag(1001101000111000,1111000000101010,1000111010100011),Set-16-Tag(1001011110111010,0001001010000000,1000110000010111),Set-13-Tag(1000000010100110,0001111000000001,1100010110000000),Set-14-Tag(1100100011000100,0101110101100001,1000100000100011),Dec-Tag(0011001010100000,0110001011011011,1111110001101111),SubmitB(1010000110110011,1000010010100000,1111110100000110),While-Tag(1000000010010101,1111101100110111,0100000101101001),SubmitC(0110101011110000,0100000100111011,1010010101000101),Inc-Tag(0011101000101111,0001110101011001,0001010010111101),Set-3-Tag(1111100000100100,1011010100111111,1100001110010001),Set-15-Tag(0101000001100101,1010001110100101,0000101100111011),LoadGrade-Tag(1010100010111110,0011010110110011,0011110011110001),Floor-Tag(0011111110011010,1010111011101110,0001101110111000),If-Tag(0010011000110111,0100110000011100,0010010110010010),Mod-Tag(1111100011111100,0101010000001110,0110101110110011),LoadThreshD-Tag(1011111100010001,0110100010101010,1110101111010111),LoadThreshC-Tag(0010010101110101,1101001100000001,1101010110001000),Div-Tag(0110100010000101,0011111000111110,1100011110110001),While-Tag(1001000011010001,1011101100011011,0101100001111100),Set-13-Tag(0110110001101111,1100101111000011,1010011001001010),LoadThreshC-Tag(0100100010100011,0011101001000001,1111111101111011),TestNumGreater-Tag(0100111100101001,0011111101110010,0100101000110101),CopyMem-Tag(1000111110110111,0110000110101101,1001111110011001),Set-13-Tag(0110111110101101,0001101100111010,1001111110001000),LoadThreshA-Tag(1000000011000010,0111111001001100,0111100010110000),SubmitA(0010011101110001,0110001011001001,0010001011111001),SwapMem-Tag(0101001010110011,0010010110100001,1101001011000001),Mult-Tag(1101011001101111,0000100000000000,1101101111011000),SubmitB(1101101000001010,0011101001011001,0110111001011110)]"
PROBLEM_grade__ARGS_TAG_BF__MUT_001,6150,grade,Tag-BitFlips,0.001,0,True,101,500,492,"[Set-7-Tag(1110011111001110,1100001011000010,0110111110010101),Countdown-Tag(0101010111011001,0100001011010010,1100101101010000),TestNumLess-Tag(0010100100001111,0010000000100000,0100011101011011),SubmitD(1010100111010000,0010100011101101,0001110111110000),Set-3-Tag(0000001000111110,1101101010110011,0000101100000010),Add-Tag(1101001011110100,1010010001010100,0110010010001101),LoadThreshC-Tag(1010001110010100,0110110000101110,1101000001000010),While-Tag(0111111011010101,1010001011100000,0010110101101111),Inc-Tag(1110101100100001,0100001111110001,0110100101101100),SubmitF(1101101001011100,0100000111111101,1110101000011110),Set-13-Tag(1010101010011000,1110101101100011,0110000111111100),LoadGrade-Tag(1111000001011010,1111000100000010,0110010011010101),Add-Tag(1001001111010001,1100001001101011,0110001111011100),LoadThreshD-Tag(0010010101101011,0100011011011011,0101000111111011),Set-15-Tag(1000101110000100,1001010001110110,0110011101111100),Set-6-Tag(0001001010000101,1101001100101100,0110111010111010),Set-6-Tag(1111111001100000,0000100011010001,0101011111111101),Set-11-Tag(1110001001001101,0001101010100111,1111011110101101),TestNumEqu-Tag(1111111010011110,1000110100000111,1010111100111110),SubmitF(0011000100100101,0000110011010111,1001110010011111),Set-7-Tag(1101001100101000,1010001001110110,0101111000101000),TestNumNEqu-Tag(0111100100101100,1010001001111001,0010011111010000),TestNumLessTEqu-Tag(1111001111101101,1101011100110010,1011010000001100),Inc-Tag(0000100011111001,1110110101001101,1001111010101100),Dec-Tag(0000110001100000,0011100000111001,1111101110110100),Set-4-Tag(1010000000000011,0111101010001000,0011110111011111),Set-10-Tag(0100011111011101,1101001000100000,1100111011100100),TestNumLessTEqu-Tag(1000011100111111,1011100101101011,0111011101111000),Sub-Tag(1111010001001011,1000000110001111,1011101010001011),Close(1001000001110110,0110000111111101,1110001101010111),Set-3-Tag(1100110011100011,1110000010111010,1001111001110001),LoadThreshD-Tag(1100000111100110,0011100101001111,0010101100000010),Set-15-Tag(1100110000011110,1001101111111001,0111100010001101),Set-11-Tag(1110001110010001,0111000110010010,0011111110001010),LoadThreshC-Tag(0011110000000111,1010100011001010,1001100000111110),Close(1111111110000001,0010000101011101,1001000111111111),LoadThreshB-Tag(1010111111001110,1111000110001001,1001001101111111),TestNumGreaterTEqu-Tag(0000110010000111,1101011111110101,1000000111001101),SubmitC(0110100010111011,0110110111001011,0101100100101010),If-Tag(1000111110011001,0001000011001110,0111001011100110),SubmitD(1110101011011001,1011001101101100,0101101100001000),Mult-Tag(1011000001010100,1101011010101110,1000001111111111),Set-10-Tag(1000111101011110,0101011101101001,1111101011110101),Floor-Tag(0110110001011100,1010000000111011,0111101111101000),SubmitA(0100011010011100,1100001111100010,0111011000011001),Set-4-Tag(1111100010111001,1010110011001110,1001001001001001),TestNumLessTEqu-Tag(0110010101101101,0111100110100001,0110100011011011),TestNumGreaterTEqu-Tag(0000011111010011,1111110100010010,1011000000000011),Set-16-Tag(0101001100000110,0011011110100001,1101000111101111),LoadThreshD-Tag(1111101110101101,0110000001111101,1111100010010100),Mod-Tag(0010100000111100,0011100011000000,0101111100110110),Set-2-Tag(0100000100110100,1011101110010100,1101101110011110),Mod-Tag(0010101100001100,0100001010001000,0100100100011101),LoadThreshA-Tag(1010000010010000,1100110011111011,1001001111100101),SubmitB(0100100001000111,0000010111100101,0110010011011100),Set-4-Tag(0010000000010010,1000010111110001,1101100101101011),While-Tag(0110100000011011,1000000001101011,1111000000111011),Set-10-Tag(1100110001000100,0101101001100010,1000000000101011),LoadGrade-Tag(1100110110111001,0100111010010100,0100011000111001),Mult-Tag(1001110010110011,1110100001111101,1000010110100010),Floor-Tag(0000111100100100,0100011011100000,1011000100100110),Set-8-Tag(1000111011101100,0101101111101101,1011110011101011),LoadThreshA-Tag(1010111011110011,1001010101101000,0010010111010110),Dec-Tag(0110101001111010,1111000111101101,1101110111101101),LoadThreshB-Tag(1111000110000010,1000111100101111,1000010001101011),Countdown-Tag(1111001011111100,0100001110010010,0001011111011100),Countdown-Tag(1101110011001000,1110001110011011,0001011001001010),Set-5-Tag(0010110111100000,1111010010011001,0101001001110101),LoadThreshB-Tag(0010100100000001,1101101010011001,0010001010010110),Set-5-Tag(0010100101010001,1000110001011110,0111001101100101),Set-11-Tag(0010110101100001,0011101111001101,0000101010001011),TestNumGreaterTEqu-Tag(1100100100011001,0100111111101110,1110011111100110),SubmitA(1010011001011110,1111000000110101,0011101110101001),Set-6-Tag(1100001111101101,1111010100011110,0000101010010001),Set-4-Tag(0001010001011000,1000011000101111,0000000111001111),Set-13-Tag(0001101001101000,0010000111010001,1000000001111111),LoadThreshD-Tag(1010111000101111,1100111001101110,0001110101001111),Set-1-Tag(1110100010001010,1111111011000000,1001001011101110),TestNumLess-Tag(1010110000000100,0000100111111100,0000001010110001),SubmitB(0000110101110011,0100000111011101,1111011111101110),TestNumNEqu-Tag(1111000110000001,0111001001110000,1101010010000110),Break(0000010010010000,0110111101001010,1100101010111010),Set-5-Tag(0011111101101101,0010101001011000,0111110000011011),CopyMem-Tag(1001111101111111,1111101111001000,1111100010101111),Dec-Tag(0001101010010111,0000001001000011,0001100000111001),TestNumLessTEqu-Tag(0110100101000001,1111110110000011,1101001111011100),Set-14-Tag(1110000101011010,0000100000011111,1111001010100101),Set-8-Tag(1101011111111100,1110011101001100,0000101100101111),While-Tag(0000111110010000,0111110001110010,1011001101101011),SubmitA(0010110101011010,1001011100000100,0101010111000110),TestNumGreaterTEqu-Tag(1011111000011000,1110111011110011,0000000100101000),Inc-Tag(1001110100001011,0011010101010011,0011111111001111),Set-6-Tag(0100010000100010,0010000111111000,1100011010111100),Set-3-Tag(1010001000101001,0111010010011000,0111000101100001),While-Tag(1110100000111111,0010010000110010,0101010001101001),Inc-Tag(0111010000011010,0100100111101100,0011110110100101),Close(1001000010000111,0110110101000110,1101110001000111),Set-8-Tag(1110000000000011,0010001110100110,1101010100000111),Countdown-Tag(0110110001100010,0000000001101110,1010101011110010),Set-7-Tag(1100010110110010,1010011100111110,0011111101001011),If-Tag(0101100100010110,1000011010111111,1000110000110010)]"
PROBLEM_grade__ARGS_TAG_BF__MUT_0025,6451,grade,Tag-BitFlips,0.0025,0,True,29,489,456,"[LoadGrade-Tag(0011001110101001,1000100111001011,1011110100110111),LoadThreshB-Tag(0010000011100000,0010101011000001,1110000011110110),Set-1-Tag(1101000010010010,1001100010101000,1001101101110110),Set-5-Tag(0010110100101010,0101100010010011,0011000111010111),CopyMem-Tag(1010011011110101,1111101001001100,0100011111001011),Sub-Tag(1011101110110101,0011101010110001,1001001101001110),Div-Tag(0100000010101000,1110010100000111,1001111111011010),LoadThreshC-Tag(0000010010010100,1100010001010100,0000011110011010),LoadThreshD-Tag(1011010011011100,1000010111011111,1110001001000111),Countdown-Tag(0011100110010101,0000100000110100,1011000111011110),Close(1011101110000101,0001111010010111,0110010000011010),SubmitF(1100101101001010,1100000111100000,0111010111011111),TestNumLessTEqu-Tag(1110101011011010,0011001100111110,0001101111011100),LoadThreshB-Tag(0110011011010110,0101111010010101,1001111100001111),Sub-Tag(0011011010010011,1101000011001100,0011101010010010),Countdown-Tag(0101000100001100,0110101010001101,1000010101010101),TestNumEqu-Tag(0010000010001100,0011000100101000,0101100000010011),While-Tag(1110100110011000,0111000011001111,0101010110111101),TestNumLess-Tag(0011010100010001,0000011000110010,0110101001000011),SubmitC(1100111000010111,0110000001110100,1101011000110011),TestNumGreaterTEqu-Tag(0010000001100011,0111001010011011,0101110111000000),Add-Tag(0101010010001110,0000000111010011,0001001111011001),SubmitD(0000000100000010,0010110100100011,1101010111010111),If-Tag(0110000111011100,0000110010101100,0100111100110110),While-Tag(0110011000001001,0011010001010101,1011100101000011),SubmitA(1001001010101000,1100010110100010,0011111000010100),Countdown-Tag(1100101010011001,0010011001100011,1101101100011100),TestNumGreater-Tag(0010001111001100,0000001010101101,0000100111011011),SubmitB(1101100011110010,0001111011101101,1011111000011101)]"
PROBLEM_grade__ARGS_TAG_BF__MUT_0025,6452,grade,Tag-BitFlips,0.0025,0,True,45,326,210,"[IfNot-Tag(0100011001110010,0001101101101001,0111001000011010),Close(0001001110110011,0110110011110010,1011011010000100),Close(0010100011100101,1001001110010100,1101110110001010),Set-8-Tag(1111100111000000,1010110010001111,0101101010011101),LoadThreshC-Tag(0111100100101001,0000000011101010,0101110011010011),Close(0111011111110110,0000110011101110,1101110100110001),SubmitC(1101101100000000,1011011011110111,0101101010000110),Set-10-Tag(0111111111000010,0001001100001000,0000000001011111),Floor-Tag(0101011000100111,0000100101110000,0000001001010101),Mod-Tag(1011010100111101,1110101101101101,1100001011010111),LoadGrade-Tag(1000110010101110,0000101001111100,1011100110000011),Floor-Tag(0001100000110000,1100010110110001,0110111011101000),Countdown-Tag(1000011110011101,1100110001000001,1010111100010001),SubmitD(1000000000111100,0100000110101101,1000011000010000),Set-8-Tag(0111101001011100,0101011001100011,1110110010101101),IfNot-Tag(1100001010011111,1011001001000111,0100011011000100),Floor-Tag(0101001110000010,0010100111101100,1001101110101000),Close(0110110110101100,1000011111101001,0111111100001011),SubmitD(1100000010101001,0100100011011100,0111100101101111),LoadThreshC-Tag(1001111110011110,1111010110100010,1101010010010110),Set-4-Tag(0011101000101110,0000010110001101,0010001011100011),TestNumGreaterTEqu-Tag(1101001001101101,0101110011100010,0111001101100111),Div-Tag(0001011100001100,0110111110110110,1101001101100110),Set-2-Tag(0110000000001011,1010000101011010,1100110111110100),TestNumLessTEqu-Tag(0111000100100100,0010011101101110,1111110001101000),Inc-Tag(0101101000001111,1000010100100010,1010101100000001),LoadThreshD-Tag(1000010001000001,0001101101010000,1011001101010000),LoadGrade-Tag(1011100100110111,0010010011010101,0000111100011101),TestNumGreater-Tag(0010101000010100,0011100101110101,1110111000111100),SubmitF(0010101011010001,1101110000011100,0000111110101001),Set-6-Tag(0110010110001000,1010110100110111,0110100100100101),Mod-Tag(1110110000110001,1000001111000110,0001100010001101),Set-2-Tag(0110001001000001,1000001010011000,0100000111001010),Set-4-Tag(1100000110000111,0000101010011111,0011001111111010),Set-2-Tag(1101110000000111,1100000100011000,1010110001011000),TestNumGreaterTEqu-Tag(1000111001111001,0000101110011110,1110101111001011),LoadThreshA-Tag(1110111110111001,0000101001001001,1001111101000100),SubmitB(0110110110100110,0010000101010010,1100100110011111),Countdown-Tag(1110110101011000,0101101101000111,1110011011000001),If-Tag(0100101111011001,1011011011000111,1100010011000111),SubmitA(0110111000111001,1010001100010110,1111001111000110),Close(1111011011001111,1101011101001101,0110011111111011),TestNumGreaterTEqu-Tag(1101011111111000,1100001100001110,0111010111000000),While-Tag(1000010101110000,1100000001010001,0110010101111011),Floor-Tag(1100100001010000,0010001011011000,1010101110000110)]"
PROBLEM_grade__ARGS_TAG_BF__MUT_0025,6453,grade,Tag-BitFlips,0.0025,0,True,75,348,319,"[SubmitC(1101100111101011,0010101001110110,1111100011101000),TestNumLessTEqu-Tag(1010000011011111,0010011100110111,1011110100111001),Mult-Tag(1110010111111110,1011111101000001,1110000011000101),Set-6-Tag(1110010000110001,0011000011010010,1011010001110111),Set-12-Tag(1010011100101010,0000010011000101,1011011100111110),Not-Tag(0000110001101001,0010100010110110,0110110011011100),Dec-Tag(1101000101001001,1011100000101001,0110101110011101),While-Tag(1101111001010110,0001110011110111,0010100010010000),Set-8-Tag(1110110100000010,1110011100100101,0001101101101111),TestNumLessTEqu-Tag(0100110010001011,0000010100111000,0001011101000001),SubmitB(1001110111000101,0100011100110101,1110010001110110),Set-1-Tag(1101011000011000,0000110010101011,1111010111011010),CopyMem-Tag(0001010100000110,1011110000000110,1100101000101100),Add-Tag(1101011011001101,0010110110110001,0110001100100111),Inc-Tag(1000111000010101,0011001111110101,1111111110111111),Set-4-Tag(0100101000111001,1110010111010001,1000001101011011),TestNumEqu-Tag(1010011001111111,1001101011011100,1110101010110110),Countdown-Tag(1101111100011001,1010101011100101,0111011000100111),Mult-Tag(1110001001011100,1011001011000011,1110011011000100),Dec-Tag(1110110000100110,0100011111001000,0111000101111111),TestNumNEqu-Tag(1100101100010100,1111000000110110,0010111111110000),Set-12-Tag(0010011101100000,0110011001101100,1100010000110101),TestNumLess-Tag(0100000110011100,1011111100001000,1011101100110010),LoadThreshA-Tag(1000011001010001,1101001100110101,0110000010001010),TestNumGreater-Tag(0001000011100111,0110001101001101,1001110001100111),Set-4-Tag(0100101001100011,1011011001101011,1000100001101000),Set-5-Tag(1110101010100001,1110000101000101,0110111000101101),Set-3-Tag(0101100111110111,0111011001111101,1100011010011101),LoadThreshA-Tag(0101001111011011,0001101011110101,1100011011100010),Set-10-Tag(0100101000110101,0100011000001000,0000111101111101),Floor-Tag(0011011011010010,0010111010010011,1001011101011000),Set-0-Tag(1101110101000001,1111100010100111,1101011111011111),SubmitA(1001001101001001,1000110000000110,1110111000100000),Close(0011001001000101,0100101111110001,0010110011010000),LoadThreshA-Tag(0111000111101110,1011110101001011,1101111100111001),Set-1-Tag(0110000111111001,0111101101001110,0000011101011110),Set-2-Tag(1101001111110010,0000101100010001,0110010001010100),TestNumEqu-Tag(0000000011110101,1101000000001001,1111011111000011),Set-9-Tag(0111101100101001,1010011101011100,0010110011001010),Mod-Tag(1001010000100011,0000100101010100,0010001110100100),Set-16-Tag(1110101100101101,1010111110001111,1111001000011011),Set-7-Tag(1010111101011001,0101000101000110,0101111000011001),TestNumGreaterTEqu-Tag(1111001101101101,0110001101001011,0110001010110110),Sub-Tag(1101001000101110,0100000001011001,1000000000000100),Dec-Tag(1100011010001010,0101010101011100,1110011011010110),Add-Tag(0010000000001001,1000110111111101,0101110101000100),TestNumEqu-Tag(0000111100000011,1111101010111101,0001100001001010),SwapMem-Tag(0001110100111000,1001101001110001,1100000101100011),SubmitA(1111011011011011,0110001110001010,0000110110100011),TestNumLessTEqu-Tag(1101111100110101,0010111110010100,1001110100010011),Set-2-Tag(0001010111010001,0010111111100000,0001111100111010),While-Tag(1110101110000111,1010110100100101,1111001011100000),Mod-Tag(0000110000101111,1010110101000010,0010010100110000),Set-7-Tag(0011111101110110,0001110110100110,0111011010000001),TestNumGreater-Tag(0110011101000100,0011010101101010,0101100110010100),Set-14-Tag(1000010101111010,0000110101111011,0010011101000100),Set-13-Tag(0011100100010001,0011101011101111,1000001110100011),Inc-Tag(1111111001010011,0110100010001101,0100011010001010),Set-14-Tag(1110101111011101,0110111001000100,1010000101011101),SubmitF(0011111101010101,1000101111001011,1111011011010011),SubmitD(0010000011001110,0011101001111110,1000001111110110),LoadThreshD-Tag(0010001010100111,1011111000000011,1010110111101010),Sub-Tag(0011011111100011,0000111100111111,1101011100100010),TestNumGreater-Tag(1101110011001011,1011110101000010,1101001001001111),While-Tag(0001010101110101,1011000111111011,0011001000000001),SubmitC(1010110101101100,0111010101010010,1111110111011000),LoadGrade-Tag(0000111110001010,0100000111011101,0101011010111011),LoadThreshC-Tag(0011110110111100,0111010101010011,1101011100100011),Inc-Tag(1010001010001000,0100010110010000,1010110000001101),TestNumLessTEqu-Tag(1110001110101111,0000111011001001,0110110101000110),If-Tag(0010000110001010,1100010011001011,1110000001101110),TestNumLessTEqu-Tag(0101111010101100,1010101100101110,1111001100101010),Set-9-Tag(1101111011110111,0100101010110011,0001000110000011),Set-15-Tag(0011001010110011,1011000011101111,0110010111100001),While-Tag(1001010100010101,0100111111011100,1001111001110111)]"
PROBLEM_grade__ARGS_TAG_BF__MUT_0025,6454,grade,Tag-BitFlips,0.0025,0,True,54,496,480,"[Mult-Tag(0100010000000010,1011000011000101,1000011000001101),Set-3-Tag(1100101110101010,1011001111101100,0000111101001000),Set-3-Tag(1000111100001101,1000101110011011,1110101110001010),Set-4-Tag(0000101110110011,1010010101001001,1000101101011011),Set-9-Tag(1111000110100111,1101100100100100,1110010001011100),Add-Tag(0010010011000000,0110101011110010,1110001011111001),Set-10-Tag(1001101011000011,0111001001001100,1011111110011101),LoadGrade-Tag(1100100101110000,1111010010110010,1111101011010101),TestNumLess-Tag(1110100000110000,1111100100000101,0010001101100100),Set-4-Tag(0101100110100001,0111100010001110,0101000100001100),SubmitF(0100011100010010,1100011101001001,0110001011101101),SubmitA(1101001100001000,0010000100000100,1110110100011000),Countdown-Tag(1000110101100000,1000100110011000,0111110000000110),SubmitF(1100000010010001,1011110101010111,1010010101011000),SubmitD(0110100110101001,1001010110111110,1011100001001011),TestNumGreaterTEqu-Tag(0101000101101011,1001001100100011,1111010001111100),TestNumLessTEqu-Tag(1100010100111101,0100111101100000,1001011100000010),If-Tag(1011111111100101,1110011111110100,1100100110110111),LoadThreshA-Tag(0101010010110111,0000010010001110,1110001011101101),Dec-Tag(1111010111000100,1111100100001111,1011110100111010),Set-3-Tag(1000100001100100,0111101110000000,1000110111111110),Set-6-Tag(1110000110111010,1010100000100110,0100100110010011),Set-13-Tag(1110000111100100,0011101100101101,1100000011101001),LoadGrade-Tag(0110110110010011,0101000000110101,1101011000010101),LoadThreshC-Tag(1101101110000101,0110111001011110,1101000101010010),LoadGrade-Tag(1101001000001100,1100100010010110,0001111010000110),Set-12-Tag(1111011011000010,1000001000111001,1100101010000011),SubmitC(1101100001111011,1011010100101000,0101001111010100),SubmitC(1101101010101100,0000110100111111,0000011100101111),LoadThreshB-Tag(1101000001001011,0001110100011100,0101010111000100),Floor-Tag(0110101001101001,1001101100001100,0001000101111000),CopyMem-Tag(0000111101110010,1010001001101100,0010111101011100),Set-0-Tag(1111000010110110,0101001011011000,0001101110111001),SwapMem-Tag(1110011011010001,1000010010111110,1000101001101000),LoadThreshC-Tag(0011111100111010,0011101010011011,1010100010110110),TestNumLess-Tag(0110000011000100,1010110000111001,0100101110101110),TestNumLessTEqu-Tag(0010011011100001,0010100010011101,1101110100110110),LoadThreshB-Tag(0000000010111111,0000101110110110,0100010000010111),SubmitD(1101010101000101,0100000101010011,1110101110110010),TestNumGreaterTEqu-Tag(1010000100110101,1100010010001000,0100001011001111),TestNumLessTEqu-Tag(0001101010101101,0010100000010010,1001001001101010),SwapMem-Tag(1000100111111010,0111000110011010,0110010001010010),Dec-Tag(0100111011101100,1100001100101101,0111010111000110),If-Tag(0010001001100101,0011101111000100,0110100001101001),TestNumEqu-Tag(0101001101111111,1010110011000010,1011101001000100),SubmitB(0011101101010111,0001010010111001,1110010001000010),Set-0-Tag(1100111101100010,0010010100101110,1010011001001010),Set-16-Tag(1101111011010000,0101111011001010,1000010011000110),Dec-Tag(0100001111000110,1001110000000110,0010001100111000),SwapMem-Tag(0101110001010011,0010010101101000,0101001010001100),If-Tag(0010111101001111,0010000110101010,0111010110101000),SubmitA(0110111110011001,1100010111010101,0011000011001000),Sub-Tag(0101100011101011,1110100101010111,0111011000111010),Set-13-Tag(0010001000001110,0111100010010001,0001010010110000)]"
PROBLEM_grade__ARGS_TAG_BF__MUT_0025,6455,grade,Tag-BitFlips,0.0025,0,True,13,403,175,"[TestNumGreater-Tag(0111001101101110,1011111100000110,0011111011001000),TestNumLess-Tag(0000111111000111,1111001101010000,0010111011111101),SubmitA(1110100100100011,1001000011001101,0010110001100100),If-Tag(0011100011010000,1100101000100100,1010100000100011),SubmitB(1110111010010111,1101111000011111,0011110111100011),While-Tag(1001100111100111,0111101100111011,1111101010010011),SubmitC(1101011001100111,0110101001001111,1100110001001100),TestNumLess-Tag(0000111010101010,0111001000010000,1110111001111111),While-Tag(1101110101011010,0101010100010010,0100010010001111),SubmitD(1011110111011011,0101100010000110,1010111101101001),TestNumGreater-Tag(1010101110001011,0010001100001100,1001101011001101),While-Tag(0100100110011010,1010101000000100,0110001100110110),SubmitF(1110111101011111,1011010110111100,0000000110001100)]"
PROBLEM_grade__ARGS_TAG_BF__MUT_0025,6456,grade,Tag-BitFlips,0.0025,0,True,78,473,461,"[Countdown-Tag(0101110111001000,1010110000001000,0011001001010100),Div-Tag(1100000110110010,1010101001001111,0011001101001001),Floor-Tag(0101100110001111,0110100000111110,0101011011000011),Dec-Tag(0111011100100000,1000001011010011,1000011011101011),While-Tag(1010011110000011,1100011110010010,1011110111110010),Set-10-Tag(1100110001001001,1100111110111100,0100010001100001),Return(1110100100011100,0100010111110110,1001110100011010),Close(0001110000001110,1011001111000101,1110011000100010),Add-Tag(0011001110110001,0111110011011000,0001001011010110),TestNumGreaterTEqu-Tag(0101111000001110,0101111110111110,0100101001011101),SubmitC(1110010010100000,0001011101100001,0110111111100101),SubmitD(0110000110111101,1101000101010101,1100000110011000),IfNot-Tag(1000010001011100,1100011101110110,1001101110111011),Dec-Tag(1000111001101011,1110111000110111,0111000111000010),LoadThreshB-Tag(0111000100000111,0011000101000000,1000111011000111),Set-8-Tag(1110101000100001,1111100111011010,1010010001110110),SubmitC(1000010111010000,1111110100101101,0110011010001010),Dec-Tag(0011001110010010,0101100111010100,1010100000011001),Dec-Tag(0001010000010111,1101101111010000,0101111100111000),Set-3-Tag(1001111001110010,0000000000010001,1001100011001110),LoadThreshC-Tag(1111100110111010,0000010110010111,0110000110011111),While-Tag(1111000011000011,0111011000100100,0010000111100011),Div-Tag(0101110110100010,0110011011010100,1010000000010001),Not-Tag(1110100010001100,1010110111100000,0011011101000000),Sub-Tag(0000011101100001,1010101010011011,1100111100001111),Set-8-Tag(1001101100011011,1100001101111001,0101011111100111),Floor-Tag(0101110111110010,0011110111010111,0000111100111101),LoadGrade-Tag(0011000100000100,1101010010000010,0000111110100110),Break(0010111001100011,1101011101100000,0100011000110111),TestNumLess-Tag(0110111110101110,0110110111111000,0000000111100001),Close(0100010111110000,1001010111010111,1010101111010000),SwapMem-Tag(0101000000011000,1000011100111010,0111100011111011),Set-1-Tag(1101001110001000,1110100101111011,1101000000011000),Mult-Tag(1001001011011100,1000001110101111,1101001011110000),Sub-Tag(1101101110111110,0101001011011011,0111011010111100),LoadThreshD-Tag(0111000110011101,0010100000101010,0010001101110010),Set-15-Tag(0010001111000110,1001001011000001,1101101001101000),Close(1010011111111101,1001111111101001,1011110001001111),TestNumLessTEqu-Tag(0001000110010110,1010001100110111,0011011110111001),Set-2-Tag(1101110100010000,0101101101000100,0010000000011011),LoadThreshB-Tag(0010111111010110,0100110011000010,1011000010011110),IfNot-Tag(1110101100110001,0001110100101111,0110000110100001),TestNumNEqu-Tag(0101000000011001,0100111011101111,0000010111011001),While-Tag(1110101010010110,0101001010010000,1111011000000011),Set-4-Tag(1101000110100111,1000010111111011,1111101110011011),SubmitF(1011010100101101,1000000001111101,0100001101110010),Set-6-Tag(0000100101011001,1011010111111111,0010111010110001),Inc-Tag(0111011000001011,0110000100010101,0001101111000011),TestNumEqu-Tag(1000111010000111,0011100111100000,1110111100101101),Set-12-Tag(1101000100000101,1111011101100100,1111010001011011),If-Tag(0000011101110111,1011110011110111,0100100110011001),LoadThreshB-Tag(0000101011010011,0111110101101111,0010100101110110),If-Tag(1110110011010001,1010011111111011,1010010111001011),TestNumEqu-Tag(0111010001010110,0101001000111110,1010101011101110),Set-2-Tag(1100001111010111,1110001011100011,1100101111000111),TestNumLessTEqu-Tag(0000000011110011,0111111011000001,1010111111101101),Set-9-Tag(1110011011000101,1111100101010111,0001010101101100),SubmitA(1000011000111001,1111000010101000,1110111111101000),If-Tag(1111010000111101,1111011100001111,1100010111010000),SubmitC(1111001100101000,1111000101101010,0101110011000111),CopyMem-Tag(0011001010010110,1000000000101111,0011100000011001),Set-12-Tag(1101100111011100,0111100100001110,0011101011101010),Set-14-Tag(1001010001011111,1100011010111100,0111111110100111),Set-5-Tag(1100101100010000,0110010000001000,0111010101101110),Set-7-Tag(1100011101110010,0010101110010000,1000111010110100),SubmitD(1010010010101100,1111001001000011,0000001010100000),SubmitB(0110010111011001,1011000111011101,0010111100100001),Set-7-Tag(1111001100101100,0011100000010010,0101001000000011),While-Tag(0000010001001010,0110001100110011,0010101011011110),Sub-Tag(0111101110110110,1111011000101110,1011001000000000),TestNumLess-Tag(0101111010001011,0011110001111110,0110000111000001),SwapMem-Tag(1100011111010111,0101011111101001,0111101100111101),Return(0011100100001101,0010000100111111,1110111000110111),Countdown-Tag(1100001100110101,0111011010101100,1111110001100000),Set-2-Tag(0001010000100110,1111110000101101,0001101110101101),Set-2-Tag(1100101100110101,0011101000111110,1101111001000100),Set-15-Tag(1111001010111001,0111101100110101,0011100000001101),SwapMem-Tag(1000111101010100,1101100010000001,1010111000101000)]"
PROBLEM_grade__ARGS_TAG_BF__MUT_0025,6457,grade,Tag-BitFlips,0.0025,0,True,40,465,243,"[LoadGrade-Tag(1001100110000000,1001011011010000,0001111111000111),SubmitA(1101010011000000,1110010110010010,0001011100100101),LoadThreshB-Tag(0100000100101001,0010101110000101,1000011011110011),TestNumLess-Tag(1100101100001111,0011001110111110,1110011101010000),Div-Tag(0000100010010010,1101110110001111,0101000011111111),SwapMem-Tag(0100010001101111,0011101101011011,0111100110100110),LoadThreshD-Tag(1111101100110100,1000010101011111,0011000011101000),Mod-Tag(0111111001100011,0110000100110111,1000000110001011),Inc-Tag(0111111000001100,1010100001100011,1011010111011011),If-Tag(1101000001010100,1101101111001001,0011000001010010),SubmitD(0101100000111010,0000100100101010,1111011100010111),TestNumGreaterTEqu-Tag(1011111101011000,0000000101001011,1010110111011000),Close(1011110000111011,1000101000001101,1100100100101010),If-Tag(1011100111001000,1001011010001111,0101100111000111),While-Tag(1110000101001100,0001010101100001,0011001000000000),LoadThreshA-Tag(1100110010111110,0011111111010100,0010001110011001),SubmitF(0110101000100110,1011101010111010,0000110101110111),Set-12-Tag(1001100010101100,1011001100111000,0000101110101101),TestNumGreater-Tag(0000011110011110,0000111011100010,1101110110001001),Set-2-Tag(0110000000110111,1101100000110000,1101100000100101),Set-1-Tag(1010101111001111,0000010101001010,0101010100101010),Dec-Tag(1010100110100110,1011110001111110,1001100011101010),Add-Tag(1011001000101100,1100101111110111,1101100010100101),Not-Tag(0011100110110011,1001110011101001,1101100100100000),Set-8-Tag(1000000100110001,0100001111111011,0101010111011001),SwapMem-Tag(1110001101100101,0101101110111010,0010000000001100),Set-0-Tag(1001110001101011,1010011001001000,1001011000011110),Div-Tag(1001100100011000,0001010011110101,0100010110010100),SubmitC(1010010111001001,1100001010010010,0010101111110000),TestNumEqu-Tag(0110101000000111,1011001111000100,0011100010110010),TestNumEqu-Tag(0011111101010101,0111010000100110,0111001000100100),LoadThreshA-Tag(1100100010010111,1100101000010010,0110101001000110),LoadThreshA-Tag(1101001101110000,1111001101101100,0100110011001000),Mult-Tag(1011111110011110,0010100101101101,0101110110100001),Mod-Tag(0101100011101100,0000100100101111,0010011000101101),SubmitF(0001000101110011,0011100101001110,0101010010111101),TestNumGreater-Tag(0000101100001010,0101110110100001,0111111100010011),IfNot-Tag(0010001101111110,1101010110110111,1000010000001011),SubmitB(0100001111111111,1000010010011011,1110011101011110),Countdown-Tag(0001101001001100,1110001100011111,0101111100100110)]"
PROBLEM_grade__ARGS_TAG_BF__MUT_0025,6458,grade,Tag-BitFlips,0.0025,0,False,NONE,NONE,NONE,"NONE"
PROBLEM_grade__ARGS_TAG_BF__MUT_0025,6459,grade,Tag-BitFlips,0.0025,0,True,22,444,273,"[TestNumLessTEqu-Tag(0101110000011101,1001111100001010,0111011110001000),SubmitA(1001011001110011,1101100010011001,1001000010110110),TestNumGreater-Tag(1011110111010101,0000111011011111,0011011001111100),LoadThreshD-Tag(0011000111001100,0011101111000001,1000010110110101),Dec-Tag(0011010101101100,0101110010001111,0001010101001101),TestNumGreater-Tag(0000110000001111,0101011101011000,1001101010010110),Div-Tag(0001011101101101,0111011101001111,0000010101010110),Dec-Tag(1001110100111101,1111010111010011,1001101011010000),IfNot-Tag(0101010110001010,0011010010101011,0010111110000110),Return(0101110011100110,0101111001000011,0110111111001000),Close(1110000111010001,0000010011001110,0101110100111101),SubmitF(0000001100100001,1100101000100010,0011011111000000),Mult-Tag(1011111011011111,0110101010111100,0001010101100001),IfNot-Tag(1101000111011000,1101111000110001,0110100101100000),SubmitB(0000011001100110,0010010111111011,0001010000010010),IfNot-Tag(0000000101000111,0001100110000010,1010100111010101),LoadThreshC-Tag(0110100100000000,1010011011110101,1110101011010110),Sub-Tag(0110000111101100,1100101010001111,1101101100000000),SubmitD(0001000001111011,1100010001011011,1000010110110010),TestNumGreater-Tag(1001010000000001,0001001111001000,1010100011011010),While-Tag(1000110010011110,0100110111000010,1100100100101111),SubmitC(1111011001001111,0100110101011110,1110110101001011)]"
PROBLEM_grade__ARGS_TAG_BF__MUT_0025,6460,grade,Tag-BitFlips,0.0025,0,True,82,469,367,"[Set-6-Tag(1011011100001010,1101010001011110,1101001010101001),TestNumEqu-Tag(0010100100100000,0001010010101010,0111011111001111),LoadThreshC-Tag(0010111011101011,0000000111101011,0111101000100101),CopyMem-Tag(0101001110001110,1001010100000010,0000011110011011),Inc-Tag(0100010101001110,0101011111111011,1101010000000100),LoadThreshA-Tag(1011010100100010,0000100010101001,1101101100101110),SwapMem-Tag(1111111011011110,0010011000111101,0010111000011100),Set-1-Tag(1111000010110100,1011011011110011,0110100111001110),Sub-Tag(0100000011011110,0000110100110111,0010101011100000),TestNumGreaterTEqu-Tag(0011010000010011,0011011101011000,0111001110100000),SubmitC(1000000100000011,0000000000111001,1000011111111001),Set-2-Tag(0111010010100001,0011010000000001,0110111100010011),Close(1001100011011011,0111011110011000,1001001001001101),Set-7-Tag(1000110111011100,0110100001001010,1100110011000010),LoadThreshD-Tag(1011110101011100,1100001001000011,0011100001111111),Close(1110001111111000,0001010001100111,1101100101011010),CopyMem-Tag(0111000010110110,1010001001111110,0010001010111011),Close(0110110010101011,1100011011001000,0101000001010001),If-Tag(1000101101010100,1001010000111010,1100011010111000),SubmitD(0011010011000000,0010001011101000,0110000010111000),LoadThreshB-Tag(0011101111010111,0101101110010100,0000101100101000),Close(1000011010110000,0110110011000001,1001111001101110),Mod-Tag(0110010101111001,1110101110110010,1010010100011101),Set-10-Tag(0100110001000000,1101010110011100,0010011101001010),SubmitB(0000001011000111,0101000010111010,0111010111100111),TestNumLess-Tag(0111110010010111,0011011001011010,0101000100110101),TestNumGreaterTEqu-Tag(1100001000001101,0010010001111111,1100010111111010),While-Tag(1011101111011010,0000100000101110,1111010101100101),Set-7-Tag(0100100001101000,1011011101000010,1001100111110010),Dec-Tag(1111101011010011,0010010011011011,0100110101011001),Close(0101001111011000,0110111000010100,1011110000101010),SubmitC(0000100100001010,1011100000101111,0101110111001101),Set-15-Tag(1010001001011011,0010111111111000,1000000100111100),Break(1111010111010010,1001110110001011,0101100111101110),Sub-Tag(0001010110111010,0101110000011000,1101000110111000),SubmitB(0001010010111010,1111000111010001,1101001101010110),LoadGrade-Tag(0111011110100110,0010010000101110,0111011010011000),Set-6-Tag(0100000011100010,1100111011001101,1011011010011000),TestNumGreaterTEqu-Tag(1100110111101000,1010100010100110,1010001000001011),Set-4-Tag(1100011111101000,1000110000010110,0010000110011000),Floor-Tag(0001110110000101,0001111100100101,1001101110000101),CopyMem-Tag(1110110110111110,1010010001101101,1001110001000001),Set-6-Tag(0011010000100100,1010110001001001,1001011100100110),Set-3-Tag(1011110000110100,0110100000100011,0100111000110000),Set-2-Tag(1100000110100110,0011111101001101,1111111101010011),Add-Tag(1000000010011101,0111011111101010,0101001010010011),If-Tag(0100110011000101,0111000011001111,1010001001000000),Close(0100101010111110,0001111101010111,0100110100001011),Set-14-Tag(1101101011110011,1011111001000110,1111110010000001),TestNumGreaterTEqu-Tag(1001101001010110,0010100110100100,1100111101100011),SubmitA(1110111111100111,0100000100101001,0111000110111010),Mod-Tag(1101100011110110,0111111110110011,1101101101110111),Set-4-Tag(1111011110111110,0000011111000000,1111101001110111),Set-6-Tag(1010100001001100,1010111111000101,0010100110111111),SubmitF(1101111000001001,1111110100101110,0010101100000000),SubmitB(0001101010110010,1111110011011011,1101101101000101),Div-Tag(0000000110011101,1101011001000100,0001100110110100),Mod-Tag(1011101000001110,0000110101001111,1111100010011101),Floor-Tag(0000110101011111,1101000000100000,0011000101001011),Dec-Tag(0111011111010110,1000001100101010,1010001101001010),Floor-Tag(1011100100010010,1001100001111010,1011110110100011),Set-11-Tag(1010111011111010,0111011101111110,0011101011110011),While-Tag(1111110001001010,1011101000011101,1011001110110110),Mod-Tag(1111110101111110,0001101100010010,1111100011000011),SubmitF(1101100011011101,1101111001100111,1101111010111100),TestNumLessTEqu-Tag(1100000011001111,0111011100101111,0101001100110110),Not-Tag(0111010011001000,1110010010000000,1010000011100111),SubmitA(1001001000111100,1101001110010000,0010110101011110),While-Tag(0010010111100010,0010001111110010,0110011110001010),Set-9-Tag(1110110001110001,1000000010000011,0111110011111001),Set-10-Tag(1110010001011101,0001110001010010,1010010111111100),TestNumNEqu-Tag(0011110111001010,0001010111100010,0000000110110000),Set-5-Tag(1111110100111011,1111110011100110,1001111011010100),Set-15-Tag(0001101101001011,0000110101001101,1001000001010010),TestNumGreater-Tag(0001011001100101,1011110101011100,1001011100000000),TestNumLessTEqu-Tag(1011011100101110,1001111010100001,1001101111101101),Set-16-Tag(1110110100101010,0000011010010001,1100001010100000),SubmitD(0011011001001001,0101000010011010,1011100000001100),LoadThreshD-Tag(1000011011001001,0101011010000000,0100011011001010),Dec-Tag(1000000101100111,1010101100100000,1111001110000110),SubmitC(1100001001111011,1011001000010100,0110010101101011),SubmitC(1111010101101010,0011110111101110,0011101101101001)]"
PROBLEM_grade__ARGS_TAG_BF__MUT_0025,6461,grade,Tag-BitFlips,0.0025,0,True,22,429,162,"[LoadGrade-Tag(1100001111010010,0110001100001100,0011011100110011),Dec-Tag(1001100010010011,1001001010100111,1101010011110111),TestNumGreaterTEqu-Tag(0100101000000110,1111110100101111,0101110101110011),LoadThreshB-Tag(1001110100000111,1100110011100101,1100100001101110),TestNumLess-Tag(1010000110011010,1100000111011010,0000001101111111),SubmitA(0111010010100011,0100011110100001,1111111001010101),IfNot-Tag(0100011000000100,1100000011110001,0110100000011011),While-Tag(0100111001000011,0110001001101111,0001010101010110),Countdown-Tag(0100001011011101,1110101101001001,1010000010101000),TestNumGreater-Tag(0001000111100100,0010001000011001,0100101110011110),LoadThreshB-Tag(1101000010010011,1110001100111010,0111001110011010),Close(0100000000011101,1001110001000011,0100111100001001),SubmitF(1001001011000111,1111001101110011,1111000101010101),Close(0110001101000000,1001010001001110,1010100100110010),SubmitB(0110101011011001,0111110011111101,1100010101010001),TestNumGreaterTEqu-Tag(0110001010000111,1011000111110010,1011111100111111),TestNumLessTEqu-Tag(1011100101011100,1100000100101010,1011000100011100),IfNot-Tag(1000110011001101,1111100010110010,1110111011000100),TestNumGreaterTEqu-Tag(1111011100100100,0101101011111110,1010011100101001),SubmitD(1011011001101110,1000001000111110,0101111000000000),IfNot-Tag(1110110110100110,0010010111000111,0101011011000110),SubmitC(1000100100101011,1100110110011100,0101101000101100)]"
PROBLEM_grade__ARGS_TAG_BF__MUT_0025,6462,grade,Tag-BitFlips,0.0025,0,True,19,492,235,"[LoadThreshB-Tag(0000100000101000,0010111000000011,1100111001011000),Sub-Tag(1000011100000101,1101001000011100,0001010011111111),Sub-Tag(1000000011011100,1101110000111011,1100000010000011),LoadThreshA-Tag(1110000100101101,1110110110001001,1110110101011101),TestNumLess-Tag(1010001011111100,1010000100111101,0111110000011000),SubmitA(1101110011110100,0001101001001011,1011101001110010),While-Tag(0001011010011001,1101010110100110,0110010100011001),SubmitF(0101000011011100,1011111100010010,0010111011110110),LoadThreshC-Tag(0100111011011110,0011001111000010,1110001110000010),Mod-Tag(0011100111011000,1111111100110000,0101110100001011),TestNumLessTEqu-Tag(1111100111011101,1000001111000101,0100110010110100),SubmitD(0110000010010001,1000101001000110,0010001000100101),LoadGrade-Tag(1011000110100111,1101001100101001,1111101010110001),TestNumGreater-Tag(0110100000101101,0011010000101100,0110011000000011),Add-Tag(0011111011101000,0001110110000111,0110110111001001),Countdown-Tag(1000111000110011,0000101111101000,0101010100010010),SubmitB(0001110010100100,1111100111100110,0010100001100000),Countdown-Tag(0110011110001011,0101111100110001,0110011000000110),SubmitC(0111111100011000,1011000101001100,1101100000010100)]"
PROBLEM_grade__ARGS_TAG_BF__MUT_0025,6463,grade,Tag-BitFlips,0.0025,0,False,NONE,NONE,NONE,"NONE"
PROBLEM_grade__ARGS_TAG_BF__MUT_0025,6464,grade,Tag-BitFlips,0.0025,0,False,NONE,NONE,NONE,"NONE"
PROBLEM_grade__ARGS_TAG_BF__MUT_0025,6465,grade,Tag-BitFlips,0.0025,0,True,58,496,424,"[Div-Tag(1111011001110001,0010010011110010,0101111011000011),Set-10-Tag(1100110000101101,0101000001101110,1011011111000000),LoadThreshA-Tag(0100000111010111,0110010000001101,0111100110101100),SubmitA(1111000000101000,0110011101001000,0100111001000001),Set-14-Tag(0010010100100110,1100110111101011,0101000110110001),Break(0011011110010010,0101101001011000,0101111001011111),LoadGrade-Tag(0001001000110111,1001100011011110,0000111010000011),Mod-Tag(0111111011000111,0101011110010110,1100001011011011),Set-3-Tag(1101000101011100,1100000100011100,1011001010111100),While-Tag(0100111111101111,1101000001010001,0000011000110100),Add-Tag(0100010101111100,0011000000110100,1011100000011000),Sub-Tag(0010010111000011,1101001101111111,1010011111101001),Set-8-Tag(0101000001010110,0100111110101111,1001101101010110),TestNumGreaterTEqu-Tag(1101001100111001,1001010110111111,0011101011111000),CopyMem-Tag(1110011110010010,0010111001110111,0101010101011101),Close(0111110000101110,0010100010101101,1110000000101010),Dec-Tag(0001101111010011,1110001110100000,0000100001001011),While-Tag(1100010110011000,0001110101100001,1100111110110010),SwapMem-Tag(0011101101010110,1111111011001100,1000111101101000),Mod-Tag(1100011110010000,1100111100101101,1010110001110011),SubmitF(1001000101011000,1111011111101101,0111110000001000),Inc-Tag(1100001001001101,1110000100001000,0100111010111001),Set-0-Tag(0111101100100001,1001010000001000,1101101100111000),SubmitD(1101000101000001,1110010101100111,1010111011011010),Countdown-Tag(0010011101010000,0001101010101010,1110110101100000),LoadThreshC-Tag(1011011110110010,0111101100010011,0111001101011110),SubmitB(0011011010111111,0000111010101111,1000001000010111),TestNumLess-Tag(1010010111001011,1111011111001100,0011101111111010),Mult-Tag(0011101001011010,1110011011111111,1010101001000111),LoadThreshA-Tag(1000011111110011,1101111000010000,1000001000001101),Set-7-Tag(1111001100111110,0000010001001011,1100100111001001),CopyMem-Tag(0010101111110101,1111001110100110,1001011110011110),Inc-Tag(0101100000000001,0001011010110000,1101111001000000),While-Tag(1111110110100111,1000100101101000,1000110101100101),TestNumLessTEqu-Tag(1010001100010110,0110111001001110,0101100100010101),LoadThreshA-Tag(0000001000101001,0011101010010111,0100010001101100),Set-0-Tag(1111011110100111,0110100110110000,0010111100111010),Set-1-Tag(0000000011011111,1010001100010000,0100001000110001),SubmitA(1101001000010011,1101100101100001,1111101100110000),CopyMem-Tag(1001011101011011,0101010010111110,0101001011011110),Div-Tag(1101100101010111,1011101001000000,0001011111111110),Set-5-Tag(1100000100001011,1111101011011101,1111110110110000),Set-6-Tag(1101110001111001,0100111110001101,0011110101101011),SubmitF(1100100000001101,0101011010010010,1101101100100101),LoadThreshD-Tag(1100001000100010,1110010000001001,0010111001111010),While-Tag(1100100101000011,0010110011010011,1011110101011010),Set-15-Tag(1100101001010101,1011011111111110,0111010101010001),Set-9-Tag(1110001101101001,0111100011011101,1111101011001111),Inc-Tag(1110100000000110,1110110010101100,1111101011011111),TestNumLess-Tag(1000111100011011,0010001011000001,1110011000000010),Close(0111000101011001,1101110000000110,1010111101000111),LoadThreshB-Tag(1111011111100110,0111010011110000,1111001100101111),SubmitC(0111011110110101,1001111000111011,1111001110111110),TestNumLess-Tag(1110010100100000,1100001111100010,0010111101000010),Sub-Tag(0010110010100101,1111010111101011,0001010001000011),LoadGrade-Tag(0000001111100100,0011000111100000,1000001101101110),Mod-Tag(1011010001011110,1101010100010011,1000000110010011),Break(0110010101111110,1000001110110110,1010011101011010)]"
PROBLEM_grade__ARGS_TAG_BF__MUT_0025,6466,grade,Tag-BitFlips,0.0025,0,True,30,360,105,"[LoadGrade-Tag(0100010100000110,0010010011100101,1011011001110000),Sub-Tag(1011111111001110,1000110100001110,1001101110010001),SubmitA(0110000000010010,0100100101011000,0010101001101000),Sub-Tag(1101100010100010,1110100010011100,1001111001011001),Close(0111101010100011,1001110101010000,1110100010001110),TestNumLess-Tag(1011110001111001,0010110010000001,1111111111100011),If-Tag(0110111110110010,0000111101110010,0110101110110011),SubmitF(0001111001010010,0000010110011111,1010100111101010),SubmitC(1011000011010110,0000111110100101,1011001100100011),SubmitF(1101001110000100,1111000001001000,0111110101110011),TestNumGreaterTEqu-Tag(1010111100011011,0100000111100110,1111101100011111),LoadThreshA-Tag(1110110110011111,1011001110101010,1110000100100111),Not-Tag(1001000011000011,1010001111000101,0111010000101011),TestNumLess-Tag(0000010001110111,1011111011100011,1000111101111111),LoadGrade-Tag(1000010011011000,1011001001101110,0110110000111010),Set-2-Tag(0110011100011000,1110001100011010,0101111101110110),SubmitB(0000000001101011,1101110011110000,1100101101001110),TestNumLessTEqu-Tag(1011000100010110,0001011011011101,1011000101110010),Close(1001101000000110,0111011110111001,0100010111101101),LoadThreshB-Tag(0110000110011000,1010011100111100,1110110111010111),TestNumLess-Tag(1001010111000101,0111111010000000,0001111111010110),If-Tag(0101110111110110,1111111010000000,1110101111000001),Set-16-Tag(1011111000001110,0110000110011010,1001010111011010),SubmitC(0011100101001110,0111011100001100,0100010100010100),Sub-Tag(0101110011011101,1110000010101101,1001111111100001),LoadThreshD-Tag(1100010111100101,1001011101001100,1010111110011001),SubmitD(1110001110001010,0001000001100101,1000100110100011),While-Tag(0011001111101001,0001111011010100,1010101001100010),LoadThreshA-Tag(1010111101011000,0010001100000010,0011101100001100),TestNumGreater-Tag(1100110000011010,0111110000111111,0011000000100011)]"
PROBLEM_grade__ARGS_TAG_BF__MUT_0025,6467,grade,Tag-BitFlips,0.0025,0,True,49,466,422,"[Set-5-Tag(0001011010111100,1101100101001111,0110111101010001),LoadThreshD-Tag(0010010010100011,0111001001101010,1101011010111101),Sub-Tag(1000100101001111,0100110110001000,0011110000100011),Dec-Tag(0101010110100011,1010101001110011,1000011111000101),Dec-Tag(1011000110100110,1000101011100010,0010001010010101),LoadThreshD-Tag(0011111001101000,1000101011011001,0110101000010110),TestNumGreaterTEqu-Tag(1000111100101001,1001011001001001,1111011111011000),Div-Tag(1010100110000101,0010011101101111,1111110110000000),SubmitD(0011011001010101,1111100010000010,0011001011111001),Set-1-Tag(0111111101101100,0100000100101101,0000011010010111),SubmitA(1101001110111101,1101000100011011,0010010000000101),Set-16-Tag(1010110100100001,0000100111001011,1101011100101011),SwapMem-Tag(0000000000011001,0000011111000101,0000110111100011),Mod-Tag(0111000000001011,0000010000000001,1010110011110001),LoadThreshC-Tag(0100100111100100,1111111001000101,1100100110100000),Not-Tag(0111110000011111,1010101010001100,1011110001010000),Set-15-Tag(0011110100000110,0010000110110011,1110000001011100),Floor-Tag(0011101110110010,1100011011001110,0100001000110000),LoadThreshB-Tag(1110001011000010,1001110011110000,0001101001101011),Set-5-Tag(1011010101011011,0011100010101100,1111010010001010),While-Tag(0100010001101110,1110011011011100,0110110101001011),SubmitD(1000101011111001,0111100101100100,0111000101111110),Set-6-Tag(0000111001101010,0011101001110110,0101111011010001),Dec-Tag(0010001100110110,0110000110011011,1110011110010100),LoadGrade-Tag(0011000001001111,1011010110000001,0001011100111001),Set-9-Tag(1001001010001100,1001101001110101,1011001100010101),Div-Tag(0101110011110000,1001000111011011,0001111100100111),LoadThreshC-Tag(0100010110001101,0100011101011000,1010110111110000),Set-5-Tag(1110101011010111,0100111001101101,0001100011011001),Countdown-Tag(1010000011100101,0000000110010011,1111001100101000),Close(1100001011010111,1110111110011110,0010110101001110),LoadGrade-Tag(0110010111010011,0111110100101000,0011100000011111),LoadThreshD-Tag(1111010000000111,0011101001010000,1010100110100100),Set-4-Tag(1100111010111101,0011111010001111,1010111011110011),TestNumGreaterTEqu-Tag(0011011110110011,1001000001000100,0010000011101100),LoadThreshA-Tag(0011000000111001,0101110010001111,1111001111011100),SubmitA(1011101011101001,1101100011000011,1100010010110010),TestNumGreaterTEqu-Tag(0111011100010110,1100011011010111,0000111001111100),SubmitF(1100101100001101,0001111000111111,0111101001011111),Mult-Tag(1011101111000010,0111011111110010,1100110110110010),TestNumLess-Tag(1001000000010110,0101110011011101,0000000111100001),SubmitC(1111111110111110,1010010111010110,0000011011001100),Countdown-Tag(0001110110000110,1001000100100100,1001111000000110),TestNumGreaterTEqu-Tag(1010010101010010,1011001001000010,1100101110111110),Not-Tag(0011101111101111,0010001010101111,0001100011100001),While-Tag(1101101111011011,1010111110000001,0111101111110000),SubmitB(0110111110001001,1011011100100011,0011001011100100),Close(1000101000011001,0001011100100101,0001010100010011),SubmitA(1010011000110011,0000001100101000,1100000111111111)]"
PROBLEM_grade__ARGS_TAG_BF__MUT_0025,6468,grade,Tag-BitFlips,0.0025,0,False,NONE,NONE,NONE,"NONE"
PROBLEM_grade__ARGS_TAG_BF__MUT_0025,6469,grade,Tag-BitFlips,0.0025,0,True,53,482,198,"[While-Tag(0011100010110010,1101011111001001,0101001101111000),Mod-Tag(1011001001100000,1011010110101100,0101000001000100),Add-Tag(0110011001011000,1010100110011110,0001101001010100),Set-9-Tag(0111001011001111,0001100001100000,0011100100101001),Set-3-Tag(0011100100001100,0111100111001001,1010110101101111),TestNumLess-Tag(1110010010001010,1101001111100110,0011110110000010),CopyMem-Tag(0101000011010000,1010110101101001,1000000111110100),TestNumLessTEqu-Tag(1001010011000101,1000110101000110,1001011101101100),Floor-Tag(0011010010001100,0101110000111111,1010100001101000),TestNumLess-Tag(1100110110010000,1110011001001101,1101100111101000),Set-9-Tag(0111100010101110,0000000000011010,0110010001010010),Mod-Tag(0011111100010011,0100111000101010,0111101001100001),SwapMem-Tag(0001001110000110,1110011100110000,0100011101110001),TestNumGreaterTEqu-Tag(0010110101011111,0111011101111101,1000001011010110),Inc-Tag(1010011100111111,1110111011101100,1100100100011001),Mod-Tag(0111001010011110,1100001111110010,0010001110100010),TestNumEqu-Tag(0101010111101010,1100110001101101,0000010110101010),Set-9-Tag(1010111110000100,0001110101001101,0111001000111101),TestNumGreater-Tag(1001011011011011,1001001010111101,1111111000100011),Set-13-Tag(1001101101011001,0100110000101111,1011110111000101),Not-Tag(1111100100111011,0001010000111111,0010011001010000),Set-12-Tag(0111110100111000,1111000000100101,0010110111000001),Floor-Tag(1001101010101111,0000010000101011,1000101101110100),Floor-Tag(0110111101100100,0111001011101100,1001011100100100),TestNumNEqu-Tag(1000111110011010,0101011011111111,1011110111011100),Inc-Tag(1011101011111001,1000011011110111,0110100010111000),Set-7-Tag(1111011111001011,1010000101000101,0110101110000010),LoadThreshC-Tag(1001111111110110,0101011111010000,1101101111111001),LoadGrade-Tag(0100110010000111,1010101010001100,1111101000001001),TestNumGreater-Tag(1010000010001000,0001101010010011,1001100101111001),Set-13-Tag(1000100010011100,0100100000000110,1001001000010000),SubmitB(0100111100111100,0101111111011011,1101000001111101),TestNumGreater-Tag(0000101110000010,1011110101111000,0100011010100101),TestNumLess-Tag(0111011101111111,1101111110100000,1111010100011110),SubmitA(0010100011110100,1101000100000000,0000011011101110),SwapMem-Tag(1010001110011110,1011001111110010,0101111010100111),IfNot-Tag(1100111011000100,1010110001110100,1110110011100111),TestNumLess-Tag(0010100101000111,0011000010111010,1001011110000000),SubmitD(1110111000010011,0110110000111001,0000100001110001),Close(0000110101101000,1101011101000001,0000111111110111),TestNumEqu-Tag(0101010111000010,1000000011111111,1000010111010101),LoadThreshB-Tag(0010011000110001,1101001010110011,1001100101001001),IfNot-Tag(1000000110010010,0001101010001000,1111111100010011),SubmitC(0111001111110100,1101000011101010,1101111011110110),SwapMem-Tag(0111000111111111,0011100000110111,1001110001111000),Close(0111010100001011,1001110000000001,0001110000001110),IfNot-Tag(1011000011001011,1000101101011100,1110000100111111),Set-8-Tag(0110001010101100,0011011110001010,1101111101111001),TestNumEqu-Tag(0000101011111000,1001001101001101,1000010001111011),While-Tag(1000110011011110,0111101101101101,0000010000101100),Sub-Tag(0000001101001110,1000111001110000,0111011000000101),TestNumGreater-Tag(0110110001010010,1001000101010011,0010000010110110),SubmitF(0011000000101111,1101000010100000,0110100111001100)]"
PROBLEM_grade__ARGS_TAG_BF__MUT_0025,6470,grade,Tag-BitFlips,0.0025,0,False,NONE,NONE,NONE,"NONE"
PROBLEM_grade__ARGS_TAG_BF__MUT_0025,6471,grade,Tag-BitFlips,0.0025,0,True,20,297,226,"[Not-Tag(1101010011001111,0111101000000110,0111101000111101),LoadGrade-Tag(1011101001100100,0100110010010000,0000101010101001),TestNumGreater-Tag(0100111011111101,1000010100001011,1011001000000110),SubmitA(0011001000111100,0111101011011001,1100000001000100),If-Tag(1011100000001100,0011000100001010,0000101101001011),Mod-Tag(1110010110100011,1001000000011100,0111111111011000),Set-6-Tag(1011100000111011,1000000101001100,0111001011100000),TestNumLessTEqu-Tag(1001000110001111,0010001001100100,1111110011100011),LoadThreshB-Tag(1111101010010010,1101000000000000,0001100101110010),SubmitF(0011100101011001,1001111110010010,0000000110000101),Countdown-Tag(1011100111100010,0110011110101000,1001101010101100),Div-Tag(0111010001101001,1011111011111110,1100110100010000),SubmitD(0101010110111110,0001001111100101,0010001000110100),Countdown-Tag(0000011000100010,1011100100101001,0001001101000110),TestNumGreater-Tag(1110101011101110,0010111001101011,0010100101101101),LoadThreshC-Tag(1110101111111101,0100100100100001,1010010111010011),IfNot-Tag(0011000101101000,0001100001111001,0101100110010010),SubmitC(0111100110000001,0011100101001100,1001000010100010),TestNumLessTEqu-Tag(0110010001011011,0101011011000100,0011100101110000),SubmitB(0100100111101110,1101101001011110,1011111011111111)]"
PROBLEM_grade__ARGS_TAG_BF__MUT_0025,6472,grade,Tag-BitFlips,0.0025,0,True,39,437,212,"[Close(0100001100110001,1101001001011000,1000011010101000),TestNumLessTEqu-Tag(1101101001110110,0000111000101001,1101101100110010),SubmitB(0100011010011000,1000100100011111,0000101001000100),LoadGrade-Tag(1010000010101010,1101111010011111,1100110001010001),TestNumEqu-Tag(0001100010010100,0100101100011111,1110001111011110),Mod-Tag(0010111100100110,0000010101011101,0000110100011101),SwapMem-Tag(1000000110101101,0110011111101110,0010111101100011),While-Tag(1001101100000011,0001010010110011,0000000110000000),SubmitD(1100001110110001,0011111101011011,1011111111001001),SwapMem-Tag(1000110000010011,1111011011000011,0011100111000101),Set-1-Tag(1101111011110000,0111110111101110,1010110101000110),If-Tag(1101110100110100,1001110010100100,0010100100111001),Set-8-Tag(0000010010100101,1011110110101101,1010001101110110),LoadThreshD-Tag(1110101001101101,1011000100011001,0100111011101011),CopyMem-Tag(1011110111111110,0000001110111010,0111111000010110),TestNumGreaterTEqu-Tag(1000000100110111,0010000000011100,0101101100000101),Set-9-Tag(1011101101011010,1101111100011001,0001001101101100),SubmitC(1010000010101110,1010110100011111,1111101100100110),LoadThreshB-Tag(0000000101011000,0100011110111100,1110101100001110),Add-Tag(1000000110101010,0010101010111000,0110111011101100),LoadThreshB-Tag(1011111101100101,0010001101011101,1100011000110100),TestNumLess-Tag(0011100111010000,0100110011110110,1010110111111010),Set-4-Tag(0011000110110111,1111010010000001,1010111011000100),Set-0-Tag(1111111111101001,0001000010001100,0011101100001101),LoadGrade-Tag(1000000011011111,1011010000110000,0010011110110000),Set-14-Tag(0001011001001001,1111001111010101,1010110010111100),SubmitB(1011001101100100,1010100100010011,1110100100101010),LoadGrade-Tag(1110000110000010,0000100000000111,0000010001011110),SubmitA(0000010110111011,0010111100110100,0111101100011101),Close(0000110011001111,0011001001000011,1001011101011011),Set-6-Tag(0010100001101101,1001110011001100,0101100110011110),TestNumGreater-Tag(1111111100011001,0101010101111000,0001101001111001),Mult-Tag(1011010111011001,0010111100000110,0000111011100001),TestNumLessTEqu-Tag(1101000110101000,1100011111011011,1001011100000101),SubmitF(0001001100010110,0000001000100100,1011000100010001),Not-Tag(1000011101101110,1101001010111000,1011010001011000),LoadThreshC-Tag(1100101110011000,0001000110000111,1000011101000110),Sub-Tag(1010101011000001,1111100111101111,1010011000011111),SubmitB(0100000101110100,0101000100110001,1000010010011110)]"
PROBLEM_grade__ARGS_TAG_BF__MUT_0025,6473,grade,Tag-BitFlips,0.0025,0,True,26,428,403,"[SubmitA(0100001101110110,1111100101001011,0101111011001110),TestNumLessTEqu-Tag(1101111101010010,0000111000101100,0010101101111100),IfNot-Tag(1110100100101000,1000100101110111,1000111101011111),SubmitB(1000110000000001,1111111111100000,1100100000011100),TestNumLessTEqu-Tag(1001000101100111,0000101101111111,0110000110101000),IfNot-Tag(1010100001111010,0101111101011010,0011100100110101),Countdown-Tag(1011101101101101,0100011101001110,0000100001000011),Set-3-Tag(0101111101101001,1111010110001010,1110110000111101),Set-4-Tag(1000000110001101,1100110101110110,0001101000100111),SubmitD(1101101101100101,1011011010111111,1000011010100010),Set-1-Tag(0110110000110010,1111001101101000,0101000001110110),Set-15-Tag(1101101000010111,0100000110001000,0001011110101000),TestNumLessTEqu-Tag(0010101110000001,1000011100001001,0110100000001101),IfNot-Tag(1110100001001011,1111111101010001,0011111010100100),TestNumLessTEqu-Tag(0001010000001000,1110100000011111,0101011111101011),Close(1010001001110111,0011100100000101,1110001101100011),Set-9-Tag(0011100110101110,1101010001000000,1111000011000100),Set-14-Tag(1100011110101001,0011110101101011,0000111000010111),LoadThreshD-Tag(0010000101010111,0000100110010001,0101101000111101),Set-1-Tag(1000101011110110,1110010111001000,0100010111111100),SubmitC(0010001001100110,1101000000100011,0111111011010010),LoadThreshA-Tag(0001010011101000,1101010011101010,1000000111111101),TestNumLess-Tag(1010101110010111,1110101110010010,0111001010000100),TestNumLessTEqu-Tag(1001100101010110,0000101101111111,0110100110101000),IfNot-Tag(1010100001111011,1001110101011010,0110100101110101),SubmitF(1010011001000101,1011001101001000,1010000000110101)]"
PROBLEM_grade__ARGS_TAG_BF__MUT_0025,6474,grade,Tag-BitFlips,0.0025,0,True,41,492,406,"[SubmitA(1011011000101111,1011100101101000,1101001100011001),Sub-Tag(1001111000001000,1000011011001001,0101010100111010),Sub-Tag(1111111011110000,0101111110000010,0100001001000111),TestNumLessTEqu-Tag(0101000111011111,1101001011100010,0001100101010000),LoadThreshC-Tag(0110100000111110,0011110011110110,1101111000110100),Div-Tag(0111011101000001,0000011011000011,1000001111110001),CopyMem-Tag(0001111101100110,0010001011111000,1000000010010011),TestNumLess-Tag(0100100100010000,0100111111111001,1011101101010111),LoadGrade-Tag(0011101101101001,0011011011010110,0110010000110111),Countdown-Tag(1100110001011100,1101101000011101,1110010010011110),Close(1010110100111111,0010000101101111,1010111010101101),Div-Tag(0010100011011011,1011111000000001,1011011011000101),Inc-Tag(0100000011001011,0001110101101111,1110111110011111),Set-5-Tag(1010000001010011,1101101101011101,1010000111010011),LoadThreshB-Tag(1101000111111110,1101100100110110,0011111010000100),Add-Tag(0010011101111101,1101001001011100,0101111110100111),TestNumGreaterTEqu-Tag(0110011010100100,1001100100001001,0100110111010001),SwapMem-Tag(1100001101100000,0110000111110111,0111101111011101),Dec-Tag(1010000101111110,1100110101011110,0111011000001000),Mult-Tag(1100000010110110,0111000000101101,1000001010000101),Set-5-Tag(1010000000011011,0001000001000011,1100111100111111),While-Tag(0010010010111011,0100011100101100,0101111000011101),Set-11-Tag(1000101001000001,1111001000110101,0111001110111101),TestNumLess-Tag(0111001111101000,0100111011110111,1110101110010101),Set-4-Tag(0011111000000101,0110000011010111,0010111111011001),SubmitF(0110110100010001,0011010100000010,0011000101110011),Countdown-Tag(1101001001011101,0111000101000100,0011010011011110),TestNumGreaterTEqu-Tag(0110100101011000,1000101010100001,1000111100000110),Set-12-Tag(0100011101001100,0011011010100101,1001111001011110),LoadThreshC-Tag(0101000110100110,0010111101011010,0100101000100011),SubmitD(1100111111110001,0000010011011110,0110101101101110),SwapMem-Tag(0100111100111011,1000100100010010,0100110110110100),Set-1-Tag(1010011000101101,1000110110110101,1111011111111001),TestNumGreaterTEqu-Tag(1100000101000111,1110101111110000,0110010111000010),While-Tag(0011100110011011,1010011100110010,0011011111110110),TestNumLessTEqu-Tag(1000001000010110,1000111000000111,0010100010111000),SubmitC(0001010101110101,1011110011100110,1100000110001000),Set-7-Tag(1011000010101011,1000000111110100,1011001100000000),Set-16-Tag(1111010001001111,1010011101111011,1000110010110111),SubmitB(0001010000101011,1111000001101000,1011111001101001),Set-11-Tag(1011010011101001,0100100110000000,0011110110101110)]"
PROBLEM_grade__ARGS_TAG_BF__MUT_0025,6475,grade,Tag-BitFlips,0.0025,0,True,35,372,258,"[TestNumLess-Tag(1010110101001101,1101110010101000,1001111110101001),Add-Tag(1010001101100111,0000001110000101,0010110101101110),LoadGrade-Tag(0000000101000011,0010101000110100,1011100010110100),TestNumLessTEqu-Tag(1100101101100010,1001001111001110,0000000010100010),LoadGrade-Tag(0001110000111010,0111100110010111,0100001011010001),SwapMem-Tag(0001001010000011,1011011010000001,0100101101111010),Sub-Tag(1010110100010101,1100011011001100,1110011000011101),Set-4-Tag(0110101000101101,1001010001010001,0010110100011101),TestNumGreater-Tag(0001111100100010,0110010100001101,1000101011001110),TestNumGreater-Tag(0000000000010101,0110000001000011,0111001101001000),Set-8-Tag(1100001101110000,1101110110001001,0000000111111100),Set-6-Tag(1010101111111101,0001011111111100,0000001101110000),SubmitA(1110010111111101,1101101000110011,1010100010010110),Set-8-Tag(1101000100111110,1000111101110001,0110000000100111),Close(1111010110100000,1110010101000000,1011100100011100),LoadThreshA-Tag(1011101011111011,1111110001100010,1010000010101100),Countdown-Tag(1101100010011001,1100101010010001,1101110100000001),Close(1011101001001100,1100010101100010,1100100001111000),Set-2-Tag(1011110100000100,1000111000110011,1010010000110110),LoadThreshD-Tag(0111001100011001,0100100111011111,1101000011101111),TestNumGreaterTEqu-Tag(0110011010111101,1000011010111010,0000111101111011),Countdown-Tag(0100111101000010,0110001100100010,1111110110111110),SubmitD(1111101100110000,1001110100001010,0011011001100010),Set-0-Tag(1011100001101001,0110001001001000,0011011101010001),SubmitF(1100010001111010,1011110110000010,1010000111100011),SwapMem-Tag(0111111011110011,1111101101111100,0011101100011010),Set-12-Tag(1000111011001100,0110010001100010,1100110101110001),Close(1000010111111100,0001111100000010,0101000000000101),Countdown-Tag(1111011100111001,0101111001111111,1011101001100001),TestNumGreaterTEqu-Tag(0111001101111100,1101111000110011,0001001001001111),Countdown-Tag(0000111101000100,0000000011001110,0110111010110100),SubmitB(0110100001011110,1110100101111000,1110100010111001),Mod-Tag(1010011110100000,0110110111100011,0100011010010111),IfNot-Tag(1110011010010110,0001000001001110,0101001110011001),SubmitC(0101110111100100,1010000101110001,1110011110101111)]"
PROBLEM_grade__ARGS_TAG_BF__MUT_0025,6476,grade,Tag-BitFlips,0.0025,0,True,49,449,336,"[Break(1110001010111110,1010100010001111,1001001010001110),Dec-Tag(1110100011000111,0100101001111101,0101000100100101),Mod-Tag(0000010001011000,1010100001001010,1001001101000000),Set-2-Tag(0110110101111100,0111110101100000,1001001100011000),Dec-Tag(0011001111110001,1000110100011001,0111011110001111),Set-11-Tag(1000110100111011,1001001001010011,1011001111110110),LoadThreshD-Tag(0101100001010111,1010101001101010,1001110111111100),Add-Tag(0111111000001100,1100100001001111,1110000111010100),SubmitF(0010000101001110,0110110101000101,0101101000100101),Dec-Tag(0011110000100101,1001101110100000,0100110110111101),Mod-Tag(1011000101000001,1011100011110000,1110011010000101),Inc-Tag(0000111000001000,0001001101110110,0011001001111101),Set-1-Tag(1001010110011001,0110000000001011,0010001101000110),Countdown-Tag(0000011000001001,0001000000010001,1011011100010111),SubmitF(1001010110011100,0100010000011001,0110001001110011),SubmitD(0101011001001100,1111001000001110,1101000100000111),TestNumLess-Tag(1010000000010011,0010011100000110,0101111101111011),TestNumLess-Tag(0110010110000111,0101010101010000,1000110101100111),Set-1-Tag(0001001101111110,1010110010101000,0100111111101011),SubmitF(0110101101100100,0101111000110101,1011011001011001),LoadThreshA-Tag(0111001000111110,1100001001010011,0101001000110110),LoadThreshB-Tag(1111101110100000,0100000110000111,0110110010001101),If-Tag(1111111011111101,1110010111011001,0110111010110111),Div-Tag(0010000000010101,0001011011101010,0011111100100010),Mod-Tag(0110000101001000,0111011101011111,1110011110100100),LoadThreshB-Tag(0001100100010001,0010111001111011,1011001010111111),SwapMem-Tag(0101011001110100,0001111100001111,1111111011000001),Set-6-Tag(1010110111110010,1101100110010100,1101111000101100),Mod-Tag(0100110110000100,1000110101011101,1101111001001101),Set-12-Tag(1010000010011100,1011001100101010,1001101010101001),While-Tag(0110101110000100,0010001100001101,1000010111010001),SubmitC(0010000010010111,0000000000010101,1011111001111001),SubmitA(0000010110000001,0110010001001100,0011011101010100),TestNumEqu-Tag(1101100010110011,0000111110011000,0101010100010001),Set-15-Tag(1000100011011110,1010100110100101,0110111000001011),TestNumLess-Tag(1100111110001010,1011001010111010,1001000010010011),Set-5-Tag(0011111000011010,1110010101000101,1001111001000010),Countdown-Tag(0100011100010000,0100101001100001,1000001010110010),Sub-Tag(1011111011100100,0000100001000101,0010110111011010),Set-16-Tag(1101000000110000,0011111100010001,0001111011100111),Set-16-Tag(0010010011010010,1110111110000101,1111011010111111),LoadThreshB-Tag(0000110101111110,1101000101011010,0011111000110111),Close(0100111011010011,0010010010111110,1011101101110011),Dec-Tag(1010101010110100,0000100011110110,0101001111111010),SubmitB(0010010110111011,1001000010001101,1010111110001011),Set-16-Tag(1011111011110011,0101110100001011,1110100000010011),LoadThreshB-Tag(0011001110101110,1001000111111101,1101001000001101),Set-4-Tag(1010110000010101,0001111110010101,1111010110011011),Not-Tag(1001100000110111,1110001011011110,0000011011011001)]"
PROBLEM_grade__ARGS_TAG_BF__MUT_0025,6477,grade,Tag-BitFlips,0.0025,0,True,28,438,162,"[Dec-Tag(1111101110010011,0100110100110001,1000101111100000),TestNumLessTEqu-Tag(0000001010001101,1110110101011011,0100011111111110),Dec-Tag(1101000001010101,1100010111110111,1001110001111000),TestNumLessTEqu-Tag(1001001110001001,1010110100001010,1000010001001001),TestNumGreaterTEqu-Tag(1101010000011100,0000111100000110,1010101101000000),SwapMem-Tag(1111100111101100,1100001101011100,0111101001100100),SubmitF(1101001011001101,1011001101001110,0011111110000110),If-Tag(1001011000000011,1111011101110011,1110111011101101),SubmitA(1110011110110111,1001010000100000,1011010101010100),Countdown-Tag(0000000101110101,1000110111111010,0001110101000001),LoadThreshC-Tag(0110111011100110,0011111001000111,0001100101011001),Set-3-Tag(0000101011001110,1111100010010010,0100000000011010),SubmitD(1101000011110001,1010110111101101,0001000010111011),Set-3-Tag(1010001011101001,1011110100011100,0010000001111001),Set-1-Tag(0100110101001111,0011011100000000,1101001101101101),Sub-Tag(0000001000000100,1111000011111000,0110110001001000),Mod-Tag(0101010000011011,1000001011100111,0000101001010110),Set-16-Tag(0100100111101100,0010100011010100,1101001000011101),SubmitC(1000100011000111,0111010111111101,1011000101001001),Set-2-Tag(0111011010011100,0101011100001110,0011001000001111),Mult-Tag(0010110101111111,1001110100100100,0100110010110111),TestNumLessTEqu-Tag(1111111011001111,1010000010011001,1000000101101011),SubmitB(1000100011110110,1011100011111111,1001001100110101),Set-6-Tag(1101000001000100,0010001100001000,0110111011010110),TestNumNEqu-Tag(1100110110110111,1111011101000011,0000000010001111),If-Tag(1010000001010110,1001001111110110,1010111001010110),LoadGrade-Tag(0001101010011001,1010000111111011,1010000110100001),Set-4-Tag(1101011000100111,1000101010011011,1101101100110110)]"
PROBLEM_grade__ARGS_TAG_BF__MUT_0025,6478,grade,Tag-BitFlips,0.0025,0,True,20,384,350,"[LoadThreshC-Tag(1000011010011010,0010000101100011,0100101001110011),TestNumGreaterTEqu-Tag(0000111100001110,0001001010011001,1000000100010010),SubmitF(0010111100001100,0010011100010110,0000111001011111),Not-Tag(0001101100110000,1000001011011001,1100000001011101),IfNot-Tag(0001011000111111,1111011110101010,1000000000010101),TestNumGreaterTEqu-Tag(0011110000101101,1110111010000000,0110001100011010),SubmitD(1101000100001011,1000101000010010,0110111100101011),LoadThreshB-Tag(1101100000111000,0010010011010111,1111111110100110),Not-Tag(1010001110110000,1001010000010100,1010000001011111),LoadThreshA-Tag(1110011011000101,0101111101100000,0101001011000000),IfNot-Tag(0101001001110010,1001001000101001,0001110000011110),Dec-Tag(1000011110000000,1001001001000000,0110110001000100),LoadGrade-Tag(0110000010110011,0100010010100100,0101111011010111),TestNumGreater-Tag(1011100100101101,1011000100101010,1101000111000111),TestNumLessTEqu-Tag(1010001000111001,1111010010000000,1010101011010011),SubmitA(0100001001100100,0101111010101101,1001100111101101),If-Tag(1011101000111101,0111011001011011,1101111100111001),SubmitB(0110011110000110,1110000000111001,1110111010100010),Countdown-Tag(0110000110001011,0100010100000111,1011001100011111),SubmitC(0101100000000101,0011010000110010,1100010110110011)]"
PROBLEM_grade__ARGS_TAG_BF__MUT_0025,6479,grade,Tag-BitFlips,0.0025,0,False,NONE,NONE,NONE,"NONE"
PROBLEM_grade__ARGS_TAG_BF__MUT_0025,6480,grade,Tag-BitFlips,0.0025,0,True,23,463,201,"[CopyMem-Tag(0001110111000100,1100101100011101,0001111010101010),TestNumGreater-Tag(1101011110101110,0011101001001111,1100100011100011),Countdown-Tag(1110000110011101,0100001001011000,1000010010110000),SubmitA(0011101010110000,0000101011101011,0110011110010010),Countdown-Tag(1100101111101010,1001011001011101,0000000100000000),Sub-Tag(1001000110100010,0001011011011111,0101111011111101),TestNumGreater-Tag(0100111100101010,1101100100001000,0001010100110101),SubmitB(1110011001100110,1101001001110100,0100111010010110),While-Tag(0010001100110001,1001011010000011,1001001011101101),IfNot-Tag(1000010111010100,0000001110110001,0000011101100101),SubmitC(0001100110001010,0000010101011010,1110110000110110),LoadGrade-Tag(1000000110001100,1110010101111010,0011100110110100),TestNumGreaterTEqu-Tag(0011110000001101,0111111111000111,0001011110110010),Close(0110111111111101,1110100001011011,1100101111100000),Close(0111101101100111,1101010000001110,1011101000100000),Set-16-Tag(1011000100100110,1011111001110001,0001101000110111),LoadThreshD-Tag(0000111110101001,1001000000111100,1101100000011001),TestNumGreater-Tag(0000110110001011,1101001110111001,0010110101010100),While-Tag(0110011100010010,0111111110101011,0101100011100110),IfNot-Tag(1010010101011101,0011111000111010,1100111000001000),SubmitD(0101101111011111,0100011001001001,1110101011010100),Close(1100111011110110,1111000000011010,1110101101011110),SubmitF(0000010100100010,0011111101010000,0101011110011010)]"
PROBLEM_grade__ARGS_TAG_BF__MUT_0025,6481,grade,Tag-BitFlips,0.0025,0,True,60,380,354,"[Set-16-Tag(1000110110110101,0011000001100011,1010010101101010),Close(0100001101001101,0101001001100111,0101101100111000),Add-Tag(0110001010000110,1110010101110101,0000010011001010),SubmitF(0101110111101100,0110000111010111,1001001110011101),If-Tag(1011000101100001,0111010011100110,1111110111010101),LoadGrade-Tag(1011001001000101,0011010100110011,1000001001010001),While-Tag(0010110010110000,0100010101111100,0111010110001101),Set-1-Tag(0100010001110111,0111010111000000,1011110101011110),Inc-Tag(1010001110100010,0001101011101110,0111010001001010),Add-Tag(1111000011111001,1111101001001000,1001011110100000),SubmitD(0110011110001111,1001010010010010,1000111010100100),Dec-Tag(1010010001111010,0111100011010000,1001101101000111),LoadGrade-Tag(1110011000011110,1111110011110010,0111011111001000),Set-3-Tag(1100100100100011,1010001101111000,0111000101101110),TestNumGreater-Tag(1000010111010001,1000010110011111,0011011111100110),LoadGrade-Tag(1010001011001111,0111101111110011,0110111000110111),Countdown-Tag(1000001101010010,1101000100010101,0111101001000110),Set-7-Tag(0001111010000101,1101001100100100,1110010100010100),SubmitA(1001100111111001,1100111111001011,0010010011111110),Sub-Tag(1110011110110101,1000001111100010,0101100001101111),TestNumGreater-Tag(0101010001001011,1110010000100011,0010010010011001),Inc-Tag(1010010100100101,1101011101011101,1111011000111000),SubmitC(0100011000101101,0001100001001000,1100000100011101),Set-8-Tag(0010010101011111,0110110110010011,1000110100101000),Mult-Tag(0011010001000001,0101000111011101,0100111011010011),LoadThreshC-Tag(1101010010110111,0111000011010010,0110010010111101),Set-10-Tag(1101110011010111,0111111100111000,0111011100111110),Set-10-Tag(0101000011011100,0100010110010100,0001000101011001),TestNumGreater-Tag(1011101001000110,0100001011011110,1100011101100010),Set-0-Tag(1111011110011111,0111110100010001,0011100101000111),SubmitC(0011010000010100,0111101111001010,1111101001011000),SubmitD(0101011110100110,0011011000010010,0111001101101001),TestNumGreaterTEqu-Tag(1001111000001010,1111100110000001,0110001110001100),Mod-Tag(0111100111101100,1010101110100110,1101111010100001),SubmitA(0110101000111101,1000110011110111,1010111000000100),If-Tag(0011101001011010,0011010110111111,0010100011001111),Add-Tag(0011010101001100,0110010100001010,0100111010101110),Set-15-Tag(1000011100001100,0010001000010110,0100011011001011),TestNumLess-Tag(1010101101010010,1011000110011101,1111011001110111),Set-13-Tag(1010110010011001,1001011110111111,0110000101000100),SubmitB(1011111101100111,1111101010010011,0100101111110101),LoadThreshA-Tag(0000010101111011,0011111010010101,0100100101010101),Sub-Tag(0010101011101110,0000010101000000,0100101100000000),Close(0001010101110010,1001000010101101,0010011011000010),Sub-Tag(1000001111101010,0010100100101101,1010101100100110),Set-8-Tag(0000110101100000,0011001000111001,1010110001100101),TestNumLess-Tag(1000111001101100,0011111010101101,1010010110001011),Mod-Tag(1011001100111010,0101110001000011,0010001011000101),LoadThreshC-Tag(0000011011011011,0100100010100101,0010011101000011),Set-6-Tag(1100011100100110,0100100101101011,0110111101000000),Not-Tag(0010001110100010,1001000111010001,0101111110000000),LoadGrade-Tag(1101010110011001,0010101100011011,0010001111111010),Set-15-Tag(0101110011100110,0111110001111001,0110110010000110),LoadThreshC-Tag(0001011101100100,1100101110110001,0010011100011100),SubmitA(1000011111111010,0110110111010010,1000001010111111),Set-3-Tag(1011010001111100,0001001011011101,0011101001100010),SubmitF(0011111000100010,0000001011110110,1111111100100001),Mult-Tag(0100111001101000,0110111010000101,0000000001001000),LoadGrade-Tag(0000111111111101,0110000110100101,1011111001111010),Close(1110110010001011,1001100110001111,1101000111101000)]"
PROBLEM_grade__ARGS_TAG_BF__MUT_0025,6482,grade,Tag-BitFlips,0.0025,0,True,28,376,249,"[SwapMem-Tag(1100000100010111,0000001000111001,1100100011011011),LoadThreshC-Tag(0100100001110000,0101001101111100,0110010111111001),Set-1-Tag(1101100110011101,1001000010011011,1111011010010010),While-Tag(1110101101110011,0000111001110111,1110000000110000),SubmitA(0011011001101010,1010010110100110,1011000111010000),Countdown-Tag(0000001101010000,1101111100100010,1010001011111000),SubmitB(1110100111001101,1100010111101111,1001110110000101),Dec-Tag(0011010101111011,0110010100110011,0101011110000101),If-Tag(1000100110111001,0011010011100000,1110111001101110),TestNumGreater-Tag(0110100100111100,0110100100000110,0001010010001011),TestNumLessTEqu-Tag(1000100010011111,0101100000101000,1000111110000101),Set-14-Tag(0111010001111000,0100000100100000,0100010111100011),LoadGrade-Tag(1111100100101001,1110010101100100,1010011101010010),TestNumGreaterTEqu-Tag(0011101000111001,0100100010101001,0011011110010011),If-Tag(0000111010101010,1010011011010111,0001001010110001),SwapMem-Tag(1010010011100100,1011010011100010,1010000111011100),LoadThreshA-Tag(1001010110011101,1011000110111010,1100000100100000),Mod-Tag(0101101011011110,1100011100100001,1011001110011000),SubmitC(0111001111011101,0110000101001100,0111100111011100),While-Tag(0011001001000010,0111100111111101,0100001100110110),IfNot-Tag(1000110111000000,1100011001100110,1111000100111001),SubmitF(0100000001101111,0111110010101101,1111111111100101),CopyMem-Tag(0111100011001001,1010100010110100,0111111010011001),LoadThreshD-Tag(1110110111011110,0001011101010101,1101011101000001),Sub-Tag(1000100010100110,1111111101100111,1101010100101100),TestNumLessTEqu-Tag(0011110000000111,0101011101110101,1000010110100111),While-Tag(1011000111100111,0010010110001000,0100000100010111),SubmitD(0111111110110011,0100101111000101,1111110101000010)]"
PROBLEM_grade__ARGS_TAG_BF__MUT_0025,6483,grade,Tag-BitFlips,0.0025,0,False,NONE,NONE,NONE,"NONE"
PROBLEM_grade__ARGS_TAG_BF__MUT_0025,6484,grade,Tag-BitFlips,0.0025,0,True,76,484,217,"[Sub-Tag(0000110100101011,1011000110111010,1010010100101101),Mult-Tag(0011100101011111,0010011010000100,1100101001010011),LoadGrade-Tag(1111111101010001,1101111110000000,1000100011001011),Set-9-Tag(0110001001010100,0110010001101010,1101110010010101),SwapMem-Tag(0000100000110110,0000100111011000,1001101011000010),TestNumLess-Tag(1111111100001011,0100000011010101,1010000111001000),Close(0111001001100011,1110000010100110,1000111000010010),Mod-Tag(0110000110101001,0010100011001001,1110011001101110),Countdown-Tag(1101100010011011,1101011101011011,0001001001100010),Set-16-Tag(0011010111010100,0010001000100111,1100010011011010),Set-10-Tag(0011001111111011,0000110100101000,0111001110100010),Not-Tag(0011110101011001,0010101000111000,0111010001111011),Close(1011101011000100,1100011011110111,0111110110101100),LoadThreshA-Tag(0101100110011110,1111001110101010,1011001100100001),Break(0111111110011101,0100000100100001,0011111100101111),Break(0110000111010001,0011010110110000,1110100101101011),SwapMem-Tag(0111001111011101,1000001101010011,0101101010111011),Floor-Tag(0111010010110100,1111100010100110,0011101010010100),TestNumLess-Tag(1111111001100101,1000010100010100,0010100010101100),Close(1110011001000110,0010101001001001,0001000000011000),Break(1010100110001110,1000000101111110,0100101001001000),Set-0-Tag(0010011001100000,0110001111111010,1000000011101010),Div-Tag(1110011011000000,0000100111101101,1000001011111110),SubmitB(1111110001011000,1001010001100111,1111101010001111),TestNumLess-Tag(1010000010011001,0110101001100010,0101011010101011),Inc-Tag(0010111111001110,1000001100101000,0111001100110000),TestNumLess-Tag(1011110011101110,0001010110110000,0100001100010111),Inc-Tag(0000110011000000,0011011000011000,1101100010100001),IfNot-Tag(1000010010100100,1101111110000101,1001110001000010),SubmitA(0011110000010001,0010001100001001,1000001010111001),Set-1-Tag(1010110010111000,0011010010011111,1001010110101110),SubmitA(0001101010101000,1011110101001111,0011111111111011),Mod-Tag(0100110110110011,1010001000000101,0101100111110000),If-Tag(0010111001000101,0010101011010011,0000110101000110),Mod-Tag(0111000010100101,1001001010110100,1001010110000101),Add-Tag(0111110001011011,0111101011000111,1000111010010110),Set-13-Tag(0110001100111101,0001111100100100,1111010101110101),Div-Tag(0000101101110001,0000011000000101,1100110000010110),Set-8-Tag(1010000100111110,0010001110100000,1100111100011010),LoadGrade-Tag(1000000110011011,0110101010101010,0010111000010100),SubmitC(1010000000010000,1011101011101000,0101111111101011),Set-6-Tag(1011101001001101,1100010111110101,0100011001111110),Set-12-Tag(1011101001001000,0110101001100001,1111100010001100),Set-11-Tag(0000101000011011,1101010111011001,1110100101010110),Close(0011000010011101,0100110010001001,0011111100000111),Set-2-Tag(1011101111111100,0001001011011100,1101100101110110),Close(0101101100000010,0110000100110010,0011011011010101),Set-3-Tag(0110111000111011,0111010010000101,1110110010110001),Close(0000001010010101,1111100010001110,1100100111011110),Set-0-Tag(0100101100110001,1011000111011000,0111111010100010),LoadThreshA-Tag(1101000001010111,0110111010010101,0110100110000010),Div-Tag(0001110101000001,0001111000011000,0101010001000011),Close(0011111001110100,1011010000000111,1100100101000001),LoadThreshC-Tag(1001000110010000,0100010101101011,0101101111000111),SubmitB(1000010100010001,1100001011110110,1010111100110010),Mult-Tag(1101110100110100,1011101001010100,1010111101011011),Set-14-Tag(1011111011010110,1011000110110001,0111001000100011),Set-13-Tag(1011100111010110,0000100101110111,0101000000000100),Set-3-Tag(1101101011010100,1000011100110011,0111100111110111),SwapMem-Tag(1000001111100010,0000110000111000,1001000011011000),Dec-Tag(0000000001110011,1011101000110101,0011011001001010),Set-1-Tag(0001101011100011,1011111010000001,1100000110001000),SubmitB(0101011011110110,1011100110100011,1110111101010011),Inc-Tag(1111001011101000,0110101010110011,0110101001010000),Set-2-Tag(1000100000001000,1000010111100010,1010100100011011),SubmitA(0110101000110011,1100100010110011,1000001000001011),Floor-Tag(0111001011001110,0111100010010010,0111011001111111),TestNumGreater-Tag(1110011000110010,0000000010111010,1001111100101101),Close(0110010000110101,1110110001000100,0101011000011101),SubmitF(1110100000010000,1010100100100011,1010100000011000),TestNumGreater-Tag(1101000101101101,0100110100001010,1010100001010101),TestNumGreaterTEqu-Tag(1011000011101010,0101001110111001,1110010011111000),Set-5-Tag(1111010100110011,0000000111011010,0001110011000100),SubmitD(1001011001000111,0011101000111100,0111101010111001),IfNot-Tag(0010010100011011,0111001000010000,0001000101011110),Set-11-Tag(1111111000001000,1100010101001111,0010011110000010)]"
PROBLEM_grade__ARGS_TAG_BF__MUT_0025,6485,grade,Tag-BitFlips,0.0025,0,True,48,461,198,"[SubmitA(0000101010101001,0110011100010111,1100111000000110),TestNumNEqu-Tag(0011011101010110,0110100110011011,1010001000101100),SubmitC(1000100010011101,0011100111111000,0111111101000111),SubmitA(1000111010011000,1110111100101010,0101000100011110),TestNumLessTEqu-Tag(0000010001000011,1001010111001010,0101010010101001),Set-5-Tag(0011111101101010,1001001110111011,0111110111011101),Floor-Tag(1001110001010110,1110001001111110,0101101001011001),TestNumGreaterTEqu-Tag(1000001101001101,1001100110010001,1111111001110111),Add-Tag(1101010111001110,1011110001111110,0110111001101100),TestNumLessTEqu-Tag(0111101100100110,0110101101000111,1011101011011000),While-Tag(0001111101011100,0001001001110001,0100000101010011),TestNumEqu-Tag(1001000111000010,1101001101111000,0110010011100001),Set-10-Tag(0010000011011110,0011000110010010,1100110110010110),Set-8-Tag(0100010110111111,0010000101001110,0111110000100111),SubmitF(0000111010101000,1110100110000000,1010001111101001),Set-15-Tag(1110110000111000,0001011100011011,1110100011110001),SubmitD(1100010011110000,0011011011110011,1100010010111110),Countdown-Tag(0110100011101110,0011001010001110,1001111100011010),Set-13-Tag(0101101100111110,1010111001100010,0010110101011010),Set-12-Tag(1111000000110010,0101101011001111,0100011100110010),TestNumGreater-Tag(0001000011001011,0011100010111110,1101101001011101),SubmitB(0100010010101111,1101111000111000,1110010101110101),Div-Tag(0000011111101101,0011110010000110,1100001111001010),Add-Tag(0110110100101110,1011100010110100,1100000110000011),Add-Tag(1010010010000110,0000110010010111,0011000011000100),TestNumNEqu-Tag(0100111000001011,1111001001101101,0000100001001001),Set-10-Tag(0011011110111100,1001100001111011,0000010011011001),LoadThreshB-Tag(1001011000100010,1001110111101000,0001001010010101),Countdown-Tag(0010111111001000,1010000010111000,1110111111001101),Inc-Tag(0110011000110010,0100110001011010,1001100010001011),LoadThreshA-Tag(0100101101101010,1001111010011111,0001100010101100),Mult-Tag(1001011100010011,0101001001110110,1100101010101000),Set-8-Tag(0111000100001110,0111000001111010,1101101110001010),TestNumLess-Tag(0110010111101011,0111110011010000,0100101101000111),If-Tag(0001110010111100,1001100101101011,1000110010101110),SwapMem-Tag(0010111000111000,0110111111101111,0010011111110111),TestNumGreaterTEqu-Tag(1101000011000010,1010100001111010,1110010001110101),Close(0110111000001001,0100111111110111,0011111111110101),Set-0-Tag(1100011000100010,0110001110010100,0111010100001110),Dec-Tag(1110001101010111,0001000011011110,1010111101100001),Sub-Tag(0101100001101011,1111010110000111,1111001101001000),LoadThreshC-Tag(1001100110101000,1001010000011011,0111101000111101),While-Tag(1011001110011000,1011100101000011,0100000010011010),SubmitC(0101001010011110,0100010100111101,0011111100111110),SubmitD(1010010101010000,0110100011111011,0000011010001100),TestNumGreaterTEqu-Tag(0101010001101001,0111111001010010,1001100010000110),TestNumGreaterTEqu-Tag(1100011010110100,0000100000111011,1001000000110010),SubmitA(1000011101101010,0011111010111010,1010011110000011)]"
PROBLEM_grade__ARGS_TAG_BF__MUT_0025,6486,grade,Tag-BitFlips,0.0025,0,True,45,494,141,"[CopyMem-Tag(0110111011001111,0101100100010000,0011001011111110),Not-Tag(1011111011111010,1111101110101101,1011000001011100),LoadThreshB-Tag(1110101011001011,0110001111100100,0001001100000011),Countdown-Tag(0101010101010011,1100100100110110,0000110000100111),SubmitA(0010101101111000,0101011110010100,1110000101100010),Mod-Tag(1010111100011111,1101011010000011,0010001000011010),Dec-Tag(1011100010011010,1101101101100010,1000001010110000),Dec-Tag(1011001101111101,0011110000001000,1101011011001001),LoadGrade-Tag(1110110011000000,0001111100100001,1111000000011000),TestNumLess-Tag(1001110101000101,0000100110100110,0001110100010101),TestNumGreaterTEqu-Tag(0001100011011101,0000110001101110,0111010010001000),Sub-Tag(0011101111001011,1110101011101111,1110100011111111),TestNumGreater-Tag(0010110100010101,0111011111001000,1101111100011001),Add-Tag(0111100000111111,1100001010000111,0001110100010011),LoadThreshC-Tag(0110110010110110,0001000100001010,0000011100010101),While-Tag(1100111010111000,1111000010001001,1110000001110111),TestNumGreaterTEqu-Tag(1111110011000001,0111010111010000,0100010011110100),TestNumLessTEqu-Tag(1100011110111110,1100110001100111,0010101101110011),While-Tag(0101000001011010,1101010101000111,1101010111101110),IfNot-Tag(0100000110011000,0111100001111110,0100100100111110),LoadThreshA-Tag(1011001111011100,1101001101011000,0010111110100011),Set-14-Tag(0000110101110011,1010100001011000,1101000101000011),Floor-Tag(0011100000111101,1000000111000011,0000011111101001),Set-4-Tag(0100111111011100,1110010111011110,0100100100101011),Set-12-Tag(1000001001010010,0010110001110000,0001001010011101),LoadThreshB-Tag(0101000110100110,0110101001001111,1100000100101001),SubmitC(0000111001111111,1111001011010101,1110101100001100),Set-14-Tag(0110001010111111,0001010100111100,0011100010011111),Set-8-Tag(1100100010110110,1011000110111111,1101000100101110),Mod-Tag(0110000011101000,0011111111100100,0100111101101110),Set-9-Tag(0001111100100111,1011111111001000,1110110101000001),SubmitB(0110000001001000,0110110110000010,1101101011000010),Sub-Tag(1100010100101001,0101010000010110,0010011101101111),Set-2-Tag(1110010100000001,1000001000110011,0101000000101100),Set-11-Tag(0101100001011100,1001011000110000,1111000111111101),SubmitD(1011101010001010,1001101101010000,1011101111011000),SwapMem-Tag(1010100011001001,0110011011010000,1001111000110110),LoadThreshC-Tag(0100010101111010,1011010000110011,1101111110011011),TestNumNEqu-Tag(1100100101100101,0111000011111011,1010000001000100),LoadThreshC-Tag(0001001100010101,1110100110000011,1010111110111011),Set-3-Tag(1100011101011101,1100110001011111,1111101010011000),SwapMem-Tag(1011010110110010,0111010001110010,0111100100001110),Set-16-Tag(1101111111111110,1110111110000101,1001000010110011),SubmitF(1000010111101010,0111010110000010,1101001100001101),SwapMem-Tag(0011000010100101,0100111000000000,1110100100001110)]"
PROBLEM_grade__ARGS_TAG_BF__MUT_0025,6487,grade,Tag-BitFlips,0.0025,0,False,NONE,NONE,NONE,"NONE"
PROBLEM_grade__ARGS_TAG_BF__MUT_0025,6488,grade,Tag-BitFlips,0.0025,0,True,46,481,196,"[TestNumLess-Tag(1010111100000111,1001110011111010,1001100010000111),SubmitA(0110011110110110,0110111000110100,1111101111001011),Countdown-Tag(1010101010011001,0101001111000010,1110010000111110),LoadThreshB-Tag(1000110011011011,1010001001110011,0110011010001001),Set-4-Tag(0010010101010110,0001001110111110,1111110110010110),Floor-Tag(0010001110010011,0100110110101011,0110110011011100),LoadGrade-Tag(0111011111101110,1111010000000010,0101110001010110),LoadThreshD-Tag(1010100010100100,0110110000001100,1111110110010010),TestNumEqu-Tag(0011100111011110,1010000110000010,1101111000110000),Div-Tag(0010011010010010,1111000111100100,0001001111010001),Set-16-Tag(0101010110101001,1011101111000101,1110010110110000),Set-12-Tag(0110010101100110,1111010111011010,1001100011010000),SubmitD(1001011100000110,1001111111010110,1100100000100100),LoadGrade-Tag(1100011100100011,0101100000101000,1011100101101001),If-Tag(1011111100100000,0101001010100100,0001010110111111),TestNumLessTEqu-Tag(0000011110110011,1111001010000000,1001000011000110),If-Tag(0101010111000010,0000111001001111,0111110011010111),TestNumEqu-Tag(0011111011111001,1110110000110001,0010111000110001),Countdown-Tag(1100000111100110,1000100011001100,1001111010110100),Set-10-Tag(1100100001111000,0011111001010000,0100010101011100),Close(1100011001000010,1101000110100100,1111010000001010),CopyMem-Tag(1111100001110001,0011101011100010,0001110011010000),Close(1101000111001111,0101000111001100,1000111001111000),SubmitD(0011100011100001,1010010111011100,1111000011110010),Div-Tag(0010010100001000,0010010001000001,1110010100101110),If-Tag(1011000100000100,1110101111001100,1011100110111001),SubmitB(1000101111000111,1011100001001000,0010001100000000),Set-6-Tag(1010000101101010,0010101000100011,1001011110001000),Mod-Tag(1011010010111111,1011110100100100,1001111011010001),TestNumGreaterTEqu-Tag(1011100111011101,1011011111010111,0010001010110000),If-Tag(0001010011010010,1000101001110111,1010111011011100),Inc-Tag(1100100001110100,0110001010010100,0010101000010010),LoadThreshD-Tag(0111101111001011,0011011100111000,1010100010101110),TestNumLess-Tag(0011101101110011,1101110000110100,1000101110110100),Add-Tag(0100000011001011,0011011101100100,0101000000001011),Not-Tag(1010101010001101,0111110010101011,0010101101111011),TestNumNEqu-Tag(0000000000101011,0101010001111000,1111100011101010),LoadThreshB-Tag(1011000000110010,0110001100000011,1010111010010100),SubmitB(0100110001101110,1101110010000001,1101000011001111),Floor-Tag(1000110100000001,1001000111100001,1111100110011111),SubmitC(0110101000100110,0111100000110100,1111111001011010),LoadThreshA-Tag(1010000111010100,0010011000110010,0001110001111010),LoadThreshA-Tag(1000001111001000,0010100100110001,1111001111111011),Close(0100001110110100,1000100000110111,0110100010111001),SubmitF(0001110010011110,0110001011011001,0110110000101100),LoadGrade-Tag(1001111110010010,0001011001001100,0110001110101111)]"
PROBLEM_grade__ARGS_TAG_BF__MUT_0025,6489,grade,Tag-BitFlips,0.0025,0,True,86,438,438,"[Mult-Tag(0011000110110100,1101011000101000,0101111011011001),Inc-Tag(1110000111010110,0000101000010000,1000011001101101),Set-1-Tag(1110001100101100,1101111110011100,0000100001000100),Add-Tag(0111111110111100,1000100111101111,0111111000000010),LoadThreshC-Tag(0001010011001110,0000101101011000,1100111011100111),Set-15-Tag(1100000011000010,1110101010010010,0011001110100000),LoadGrade-Tag(1101101111000011,0110001001010001,0100101000011110),While-Tag(1111100101011110,1110001110001001,0011010101011000),TestNumLessTEqu-Tag(0011101101100110,1111111101001110,0010011110011011),Set-4-Tag(0010001011110101,1100001100011100,1100111111011101),SubmitD(1011001011000111,1111011111110111,1101111000001101),Inc-Tag(1100000001100000,0010000111100000,0110011100000000),LoadThreshC-Tag(0110110000100100,0000110001111111,0111100100110010),TestNumGreaterTEqu-Tag(1111001010101111,0100101100010101,0110101110111100),LoadThreshA-Tag(0110000010111110,0011100100111000,1110000000111011),LoadThreshD-Tag(0010110111111110,1100000011101110,1100010110000111),Set-6-Tag(0000000001011111,1000100100001000,0000101110000101),TestNumGreater-Tag(1101110111100010,1000100010110000,1110110101100010),LoadThreshB-Tag(1110100010000111,0100010110001100,0110010000100000),LoadThreshB-Tag(1111001000000110,0100101100100000,1100101100100011),Set-6-Tag(1100100110100101,1010111011011000,1100110011101101),SwapMem-Tag(0111010000000001,0010111110000111,0110000001111011),SubmitC(1110100010100000,1110111010101100,1001101111110010),SubmitD(0100111101100001,1100001001001010,0010000010100011),Dec-Tag(1110101110100011,0011011101011110,1000001111100000),Set-14-Tag(1001011100101100,0011111100110001,1001101101111000),Set-10-Tag(1011011111010100,1010001101111010,1010101110000011),SwapMem-Tag(0000000001111111,0000100101101100,1011110000000111),LoadThreshC-Tag(0101010110100100,1010001000100000,0001001110110000),Set-8-Tag(1111000001101000,1110011011100101,0100010001001001),Set-10-Tag(1101011001001100,1010110000101100,0111011000011110),Set-11-Tag(1000110010111000,0000010010110011,1001011111010010),Set-16-Tag(0011011001110000,1001101111001110,0011110010010011),Div-Tag(1111000100101010,0011110100100011,1001110001010011),Set-2-Tag(1011100111011001,0000011100001001,0001111010011110),Inc-Tag(1000011010010000,1110011111011000,1110000001010111),TestNumLessTEqu-Tag(0100001000001100,1101011111010011,0011111000001011),LoadGrade-Tag(1111100110111001,1110100001101011,1000001010101000),SubmitF(1110011100101100,1101111011000100,0100101000111111),If-Tag(0100110001101111,1000001111110001,0011001011100101),TestNumNEqu-Tag(1001001010110001,0100101000101000,0101010001011010),Mod-Tag(0111110011001011,1100000111110101,0011110100100000),LoadThreshB-Tag(1101101011101101,0101101100110110,0011010111010011),Set-0-Tag(0111000111111110,1111000010111100,0011111010101100),Not-Tag(0101000011010101,1011000111000000,1111011011111000),IfNot-Tag(0010001000011001,1100001000110101,0101001100011011),Close(1110011011100101,1101001001001000,0111101011100010),Set-4-Tag(1101010100111101,1010001011000000,1000011101011001),IfNot-Tag(1010001011011010,1110101001110111,0100001010001010),Close(1010111011000000,1001001011000100,0101110110100111),Set-12-Tag(0110000000101010,0110010101011111,0011001011110001),LoadThreshA-Tag(0110101010010100,1000001111100010,1110111100001011),Set-1-Tag(0100011111110111,1011000001110111,1001011001100001),SubmitC(0100011100101000,1111010001111110,0001000111000010),Set-12-Tag(1000011100110101,1000100101000100,0111010111101110),Inc-Tag(1111100100101010,1101100101000111,1101010010101001),Add-Tag(0001111101001001,1110101101001011,0101011100000000),Set-12-Tag(1101011100101011,0011101111001100,1011011111101010),Close(1011111111100100,0010110111001010,1100010011111010),Set-13-Tag(0110111111111110,1111111000100011,0101100100001111),Set-10-Tag(0010000000110111,1000111100010001,1111000111101010),Sub-Tag(1010111011000111,0000101011011010,0100111101110010),Set-13-Tag(0011011101010011,0101011111101100,0010110011111100),IfNot-Tag(1000101110110000,0101101010111111,0010000111011011),Close(0000011100011000,0010011111110101,0000110101010010),Dec-Tag(0100000010110101,1011011000101111,0000011011000011),LoadThreshD-Tag(0001001000001101,0110000010000101,0110111110001000),Sub-Tag(1100100110110101,1000111000101011,0110110000110011),TestNumGreater-Tag(1100010010011100,0011110101101101,1110011000001011),Inc-Tag(0110100100101011,0011110100110101,1011110000001100),Mod-Tag(1100010100100011,0100000101111110,0011010010110001),Countdown-Tag(0011000000110100,1010101010010110,1100001100100100),Close(1010010101001001,1000000100011010,1101111001110010),Set-7-Tag(1101111111110110,0010110110011101,1011100110110010),Inc-Tag(0011001100100010,0010010011111001,0001010011000111),Div-Tag(0111110000000010,1111100011011110,0011101001011101),Set-9-Tag(0101011011111000,0110110010101000,1000110100110100),LoadThreshD-Tag(0000100010110101,0100001000111100,1111011010101101),TestNumGreater-Tag(0101000000000000,0011010011001000,1100101011011101),Countdown-Tag(0101100010010100,0101011010001100,0011000100010101),TestNumGreater-Tag(1100111011010010,0010011111011110,0111111011011110),Inc-Tag(0001111011010001,1110101011111000,0110011110000001),SubmitB(0100111011101001,0111001011000111,0100000111101011),While-Tag(1110001101100111,0011010011010101,1011111010110001),SwapMem-Tag(0111001111001000,0010101001011011,1011000011101100),SubmitA(0110100011101011,1100100110101100,0110000000011000)]"
PROBLEM_grade__ARGS_TAG_BF__MUT_0025,6490,grade,Tag-BitFlips,0.0025,0,True,68,481,380,"[LoadThreshB-Tag(1110110010000000,1001100101101001,0001101110111011),CopyMem-Tag(1111010001110101,1110101001010100,0010000011111010),SubmitD(0001001100011101,0100100100111101,0001010011100000),LoadThreshC-Tag(1011100011001111,0100010011011100,1001001010110101),Sub-Tag(0010101110000111,0011001100111000,1010011001101010),Inc-Tag(1111000100101101,1100000110001110,1010111111001001),Inc-Tag(1011100110101110,0011101100111011,0010111111111101),Set-3-Tag(0111101010101111,0001100111110101,1110111001000011),Set-2-Tag(0111000011101011,1011001011100101,1001110001100011),Countdown-Tag(0010101000111001,1011010111001011,0011000101101110),Set-7-Tag(0001000000010001,0001010110001110,0100111001101110),Set-1-Tag(0000101100001011,0000010001011111,1110111101000001),Set-12-Tag(0100111011010001,0001010110001110,0111011111101011),Set-14-Tag(1011101111101110,1111111110111001,0100011001101000),Countdown-Tag(1110111010111001,0010010001001110,1100001101101110),Set-15-Tag(1010100101100010,0111100110001111,1000001011100000),Set-4-Tag(0110100010110010,1110011011000100,1010001111010110),Dec-Tag(1100110001100111,0011010011000001,1111000001011000),Set-4-Tag(0111011100011110,1011010110000010,1001000001101110),Sub-Tag(0110101001010111,1001011000101111,0011011011010100),Set-12-Tag(0110001111101110,1100111110011111,0010010100001001),Set-15-Tag(1101110000101111,0110111111001111,0000111000001100),TestNumLessTEqu-Tag(1101101000001111,0000010111011100,0101100001010110),Set-6-Tag(0011110111010111,1011111111101101,0010101111011111),TestNumNEqu-Tag(1111011010101111,0001011111101000,1001001110111001),Set-6-Tag(0110110111110011,1001100011011100,1101010000100100),SubmitC(1101101000100110,1011000011100001,0001100000010010),Mod-Tag(0011100100110101,1111101000111001,0000111111000010),Set-6-Tag(1001100111001110,0001101001100100,0000011010000100),Mult-Tag(0110010110100010,1001110110001001,1110000111100100),TestNumNEqu-Tag(0101110010110111,1001101001110110,0101101010001100),LoadGrade-Tag(0001101100100101,1001001100111100,1110101111110000),Set-1-Tag(0110100011101110,0000001010001001,1000101010010011),If-Tag(0100111111101010,1011100111100010,1110110111101111),If-Tag(1001111000101010,1110101110101101,1011101111101011),TestNumGreater-Tag(0101001000101000,0101111001001010,0010011100101111),TestNumNEqu-Tag(0010101111101001,1110011001001011,0000100100100111),Countdown-Tag(0001010000010101,0110011110011110,1011100101101001),SubmitB(0111011110110001,0100110000111111,1111100000111011),Set-1-Tag(0100101011010001,0000010110010101,1000111011000000),Close(0000101000000000,1011001111000111,0111000101100111),LoadGrade-Tag(1001011001111110,0000101100001101,1110101001010011),SubmitA(1100101110100001,0110011111101010,0100101010000101),Countdown-Tag(1010010101110001,0001100001101101,1001001011110101),Set-14-Tag(1111110111011110,1111100110010110,1000001101001010),Inc-Tag(0111001001011110,1001011110100110,1011001010100001),Mult-Tag(0100000010101101,1000101010001100,0010001011111111),Mult-Tag(1101001001010001,1001100000110010,0001110000001110),TestNumNEqu-Tag(0001011011010011,0101011101111100,0100011110011010),LoadThreshB-Tag(0000000001111111,0100101001000010,0001101111000000),TestNumGreaterTEqu-Tag(1110110001110010,1010110111010100,1110010011011001),Mod-Tag(0010111001111001,1110100101001010,0110111010100000),SubmitD(0001101111001001,1101101000001100,1010101101000011),Set-8-Tag(1110110000001100,0011011100110000,0001011111010111),Set-7-Tag(1000010101000011,1000101111100010,0101000101111000),Inc-Tag(1011001000011000,1111111011001101,1110010111100101),LoadThreshA-Tag(0110111101000011,1110000111111111,0101000000111000),LoadThreshA-Tag(1111101000010101,1010001000000101,1100110100100011),SubmitF(1010101011111100,0101111110010000,0101111110010000),TestNumLess-Tag(1011001000011001,1000111001101101,0111010101111011),Set-2-Tag(0011100000001011,1100010101010110,0010110011010100),TestNumEqu-Tag(1110011110101000,0100101010011001,0110010110110111),Inc-Tag(0001001010111100,1101001001110001,1010111100010000),TestNumLessTEqu-Tag(0111100110001111,0000110011100111,1110001010001110),IfNot-Tag(1011101101001110,1011011011101001,1110100100000111),TestNumNEqu-Tag(0100001011011111,1011001111111011,1110110010100001),LoadThreshD-Tag(0000111110110011,0011000010001111,0101110010010111),Inc-Tag(1001011101111101,0011111000101001,0101100101111101)]"
PROBLEM_grade__ARGS_TAG_BF__MUT_0025,6491,grade,Tag-BitFlips,0.0025,0,True,63,483,256,"[TestNumLessTEqu-Tag(1111000101111110,0001101101101110,1100001110111110),Set-16-Tag(0100001011101101,1000100100101000,0001010110100010),LoadThreshC-Tag(1111111001001001,1000101110010100,1001100110001101),TestNumLessTEqu-Tag(0010111011110011,0011100100100010,1010000100001000),TestNumGreaterTEqu-Tag(1100001111111101,0011100110101100,0011101110000111),SubmitA(1110101000110101,1011111011100110,1111000100010110),Dec-Tag(1101001100010111,1001001011001010,0100101010010110),IfNot-Tag(1011001101110001,1111100010101101,1011110100011010),TestNumGreaterTEqu-Tag(0110000110010101,0010101001001110,1111010001111100),Countdown-Tag(0100010011011011,0010010001111100,0110110100011011),Mod-Tag(0101010000111010,1110101011111001,0000110011111001),Set-2-Tag(1110101011000110,1110100101010010,1011101100100100),Div-Tag(0001100010001110,0101001000001000,0110010111100111),TestNumLessTEqu-Tag(1111101101000011,0100000010000010,1011111111010101),LoadThreshD-Tag(0100100110100000,1000100100011100,1100010000110100),TestNumEqu-Tag(1110000111010011,1001100010111111,1010011111011101),TestNumNEqu-Tag(1000001000000111,0001001001000001,1000010101000001),Set-5-Tag(1000111011110111,1100000001010000,0100100110010011),While-Tag(1101011110111001,0100100111110111,1111000010101111),TestNumEqu-Tag(1100011101100000,0011011111101010,1100111000100110),SwapMem-Tag(1110000101100101,0101011101100110,0011110001010010),TestNumGreater-Tag(0001001000101011,1000111101111000,0100001001100100),Set-13-Tag(0110001010001011,1110100111100001,1110101111000110),TestNumEqu-Tag(1110011110100100,0101011010000100,1011101100000111),TestNumNEqu-Tag(0001100000100000,0010111111110101,1110001111001010),SubmitC(0100101001111101,0100010001001101,0011110110000100),Set-13-Tag(1011110011101100,1010010101000100,1111011110100110),TestNumGreaterTEqu-Tag(1110100010001000,1111000001010000,1110011001010000),LoadThreshC-Tag(0101100010100011,1001001011111101,0001110101101010),Div-Tag(0100111001110111,0110001110111010,1110111001001111),If-Tag(1011001110011010,0001010000010110,1101110100100001),TestNumLess-Tag(0011111000001011,1000100001101011,0101001111011010),Mult-Tag(1000010100111111,1100011001111101,0011111010111011),SwapMem-Tag(0011101111100011,1100000001110011,1011001101111011),SwapMem-Tag(0101110010001100,0011111110110011,0000110011111001),TestNumLess-Tag(1100110001010111,1110110001100111,0110001101010010),While-Tag(0000001110000011,1000100111001101,0100101011000111),SubmitF(0101010101111001,0100001110011111,1111110100011110),Close(1010000001110001,0001110010111010,1010111101110010),Set-7-Tag(1010101110011010,0111110001011001,1011110010100100),SubmitC(0011010101110011,1001111011110000,0101100111011100),Mod-Tag(1001000100001110,1010110110010110,0010110001010001),TestNumEqu-Tag(1100011100111000,0011100100011101,0111110011100001),Set-16-Tag(1000101111101111,0101101000011000,1000011011010110),LoadThreshB-Tag(0001010101101001,1011101101101110,1101011000001111),TestNumLessTEqu-Tag(0100001110101001,1111111010010010,1011001110000000),LoadThreshC-Tag(1100001110111100,0001001111000101,0011000011010010),SubmitF(1000110001101111,1000011101000110,0111101110101100),Set-10-Tag(1101011111010001,1010010100111110,0001001000010000),Set-0-Tag(0100110011111000,1000110011011011,1001111101010100),LoadGrade-Tag(0110000001010001,0000011110001101,0011001010001111),Set-16-Tag(0111111001010011,0001011101001011,1100101010010100),Mod-Tag(0011010010001001,1010110000100101,0111010010101111),LoadThreshD-Tag(1101001000101111,1000111000011001,0001001011010110),SubmitD(1110010100010011,0000011011100100,1111010000100010),TestNumLessTEqu-Tag(0100010100010100,1010010101011011,1111010111100011),Div-Tag(1000110001101001,1111111011110110,1100010000011101),LoadThreshD-Tag(0000001100001100,0100011001001110,1111001000010000),TestNumGreater-Tag(0001000101100000,0111011111100010,0100001111100111),Div-Tag(0011110000111001,1110011001110111,0111110111010100),Not-Tag(0101001011111111,1011000000000111,1001111000010100),SubmitB(0001010000001101,1110001101101011,0011000110110000),Set-4-Tag(0111000110000100,0110101001011010,1111010001111111)]"
PROBLEM_grade__ARGS_TAG_BF__MUT_0025,6492,grade,Tag-BitFlips,0.0025,0,True,21,374,303,"[TestNumGreaterTEqu-Tag(1111100101000111,1100100010100110,0100110011000111),LoadGrade-Tag(0011111101010100,1110001010010000,1100001000001010),CopyMem-Tag(0111011100110111,1010010001001010,1010011001010111),Dec-Tag(0011000000001111,1101001101101001,0000110001101000),TestNumGreaterTEqu-Tag(0101011000011110,1101111101111011,0110011011010110),Div-Tag(0101010110010000,1010100010101010,0010101110010011),LoadThreshB-Tag(0000101100011001,0101100000101101,0001010001010101),TestNumLess-Tag(0111001100101001,0011110001001100,0010000011100011),While-Tag(1000000011001101,0110111110001011,0011001010101110),SubmitF(0010011110011101,1011101111001101,1100011110001000),Close(1111010011011011,0010001010010011,1010010000010100),TestNumGreater-Tag(1010101110001001,0010000111010001,1000011101011010),TestNumLessTEqu-Tag(0000010101011011,1101010000001100,0010000000101001),While-Tag(0111001010001010,1011111011001011,1000111101110111),SubmitA(1110101101101011,1111011011010000,0010000001000110),Close(1011000001010100,1000000000111111,0110011010101100),SubmitD(1010111110001110,0110101011101010,0111111110111101),IfNot-Tag(1010101000101001,0110101011001010,1110000011000101),SubmitB(1011100011110100,1010001001000101,0100001110100100),Countdown-Tag(1000011100011111,0000001101010001,1111110101010110),SubmitC(0100000001000101,0010101001010010,0000100101000111)]"
PROBLEM_grade__ARGS_TAG_BF__MUT_0025,6493,grade,Tag-BitFlips,0.0025,0,True,48,455,214,"[Set-14-Tag(0100001000100101,1010000001000001,0101100011000111),TestNumGreater-Tag(1110010101111110,1000111110001101,0110110111110110),Countdown-Tag(0101101010011110,1011010101000000,1001100000011100),SubmitA(1001000110110000,0111011111101010,1100001011101010),If-Tag(1100111011100110,0000101110111010,0110111010001001),Div-Tag(0110011111011011,1110011000101010,1111100011110111),Set-9-Tag(0100110001110010,0101011101011000,1100111001110100),Mod-Tag(0101100010011101,0100000000111111,0101000101001100),Set-0-Tag(1000101111010101,1000101000110000,1111010101001000),IfNot-Tag(0111011100111100,1000110110111101,0000110100101111),Inc-Tag(1010101101010101,1011110011111011,1110011000100001),Set-7-Tag(0011001000010101,0010001001011110,1110111110000101),Dec-Tag(0110011001010111,0110000011111001,0010100111101001),SubmitC(0100111001001100,1110101100111001,1011001001101101),Set-11-Tag(1110001010010101,1101000001111010,1011110100100110),LoadThreshB-Tag(1101010100011001,1101011001000111,0110001011110110),Inc-Tag(1001110010100000,1111011101011000,1011111101011001),TestNumLessTEqu-Tag(1000000001100101,0110111110101010,1011110011100110),SubmitC(1101000010001010,1001011011110011,1010000111101111),Not-Tag(1001001100100011,1000010011010000,0110000101011001),Set-6-Tag(1100101000111010,0011010010000110,1000111110110010),Dec-Tag(0101010100001100,1101100100010011,0111000011001100),Close(0001001100100100,1011101010110010,1010110010101010),LoadThreshB-Tag(1111101111111001,0101000100101001,0001011111100110),SubmitB(0001111101001101,0001000100110001,0010100110110100),Set-9-Tag(1001011111101011,0000101011100101,0101000001001011),TestNumNEqu-Tag(0010100001000101,0111010000011000,0000001110000110),TestNumEqu-Tag(0000100110001001,1010011011111010,1110110001101000),SubmitF(0011001011001000,0100101001010000,0001100011111011),Div-Tag(1011011001111110,0100101011110000,1000111010100001),LoadThreshC-Tag(1011100110111000,0000000101100111,1101101000010010),TestNumLess-Tag(0011000100100001,1001000011110010,0100011000101000),Set-4-Tag(1011010000110100,1011011001110101,0001110100000110),Sub-Tag(1000001111001010,1111100101101010,1011011001100011),Set-5-Tag(1111010001010010,0011100100101011,0010111110011111),LoadGrade-Tag(0010010110010100,1111100100010111,0010111101100110),LoadGrade-Tag(1111010100000100,1101110110101000,1100001001101000),TestNumLessTEqu-Tag(0101001111011110,1000011110100001,0111100010001111),IfNot-Tag(0010101101010100,1100111000001011,0000110100111010),Not-Tag(1011001010001110,0001011001011001,0101010000000111),Countdown-Tag(1111100000000100,1011101101000100,0001111010010001),TestNumGreater-Tag(1000110110111011,1001010100010110,0101110000011001),LoadThreshD-Tag(0011001001110101,0001011001101110,0100010101010001),Countdown-Tag(0101101101010111,0101000100010101,1110101010000000),TestNumGreater-Tag(0100001101111010,1001010100100101,0000000011011110),SubmitD(0011001010010011,1010001111000000,0001010101011101),IfNot-Tag(0010101011111100,0110010110110111,1111100100010001),While-Tag(0101101111100101,1000111100001100,0000111011101101)]"
PROBLEM_grade__ARGS_TAG_BF__MUT_0025,6494,grade,Tag-BitFlips,0.0025,0,False,NONE,NONE,NONE,"NONE"
PROBLEM_grade__ARGS_TAG_BF__MUT_0025,6495,grade,Tag-BitFlips,0.0025,0,True,24,372,163,"[LoadThreshC-Tag(1001011011111001,1111110110100010,0111001110110011),Dec-Tag(0001110000111001,1100111001100010,1111111011100101),LoadGrade-Tag(0001000110110011,0000100001001110,0011011101011110),TestNumLessTEqu-Tag(0001011000110110,1101100000111101,1111101101011110),SubmitF(1110010101101000,0000111101010110,0011001111011110),IfNot-Tag(1101111110111010,1101011011001010,1011110001100101),SubmitD(1110100000101011,1111110111101100,1000110100101011),LoadThreshA-Tag(1011101101111101,1001011111000110,1001011110000011),TestNumGreater-Tag(1111110010011111,0011100101110111,1101000100010010),LoadThreshB-Tag(1111001100001111,1111100101100110,1010001011001100),TestNumLessTEqu-Tag(1001011001100101,0000101000111001,0111011011001101),TestNumEqu-Tag(1010000011101011,0010001011011001,1100101000001100),IfNot-Tag(1000111000111100,1001111101111111,1011010101100101),Countdown-Tag(1101000111010000,1101000101111111,1001101110000001),Set-16-Tag(1000010100000000,0010001110011011,1000001001001011),Close(0110000100100111,1101100010101010,1011101100011111),SubmitA(1101101011100011,1011110100101111,0001010001010011),Countdown-Tag(1110010001100001,0011011001101011,0110101100011000),Dec-Tag(0101101101001010,0100100000110101,0011111000010101),TestNumGreaterTEqu-Tag(0000101111000110,0001101101100110,1110110101001111),SubmitB(1110100011101000,1000001011111111,0011011010100011),Sub-Tag(1111001001011111,0011110001101011,0000011000011110),Countdown-Tag(1101100111101111,1011101110110100,0110101000011001),SubmitC(1101011011011110,1111010001100100,0011101010111011)]"
PROBLEM_grade__ARGS_TAG_BF__MUT_0025,6496,grade,Tag-BitFlips,0.0025,0,False,NONE,NONE,NONE,"NONE"
PROBLEM_grade__ARGS_TAG_BF__MUT_0025,6497,grade,Tag-BitFlips,0.0025,0,True,116,500,499,"[Set-13-Tag(1010101000000000,0110101010101101,1110010000111101),Set-0-Tag(1010101110000101,0100010011111110,0010010101110111),CopyMem-Tag(0000011111001111,1111000000110100,1110010011100101),SubmitC(1000010011100001,0110100111011000,1000101110000111),TestNumNEqu-Tag(1011101011001011,0000101011111001,0000000001100001),Floor-Tag(1001011111001010,1101101101110001,0010010111111100),Mult-Tag(1011100000101100,0100111011100100,1100001100010101),SubmitB(1101011110111110,0101111100011110,1111111111011101),Dec-Tag(1110111001011100,0001010010110011,0100100000110100),SubmitC(1110101000001110,1111011000000100,1100111110010010),LoadThreshA-Tag(0101000011010000,1010011000010101,1011011110101010),Set-2-Tag(0111111100000011,0101001111101110,0110000000001100),SubmitB(0000111111111101,1110001011000000,0100001000010010),Sub-Tag(0011100111101110,0011011100010011,0101001110000001),SubmitC(0101111100101000,1000110110011010,1101010000100010),Add-Tag(0111000111001001,1100101011010101,1101001011111001),TestNumLess-Tag(1100100100101101,1011000101001011,1100001001111101),Close(0011011011100000,0001001110111101,0110101111110000),SubmitC(1101111010101110,0101011001010111,0010001100010110),LoadThreshB-Tag(1111100000110000,0001001011101101,0100000101111110),Set-7-Tag(1011101011001101,1111010111011001,1100011011001001),CopyMem-Tag(1100111101001000,1011010010000000,1101001110010100),LoadThreshB-Tag(0010011101011001,1101101001101011,1110011101010111),Countdown-Tag(1101010000111110,0010001010111110,1101001110001110),Countdown-Tag(0101010000011000,0010110101100011,0000001011100110),SubmitA(0110101111001100,1011100010011011,0001000110011101),Set-9-Tag(1010000101110010,0011111010001010,0111111101111000),Mod-Tag(0100000101010101,1100101101001111,1110000101111110),TestNumLessTEqu-Tag(0011101111110110,1100010001000011,1111011011101010),SubmitA(1110001100101001,1010001101101010,1001100011100010),If-Tag(0100111011101011,0011100101000110,1101100001100000),Set-7-Tag(0001010011011101,1101111010101100,0101110000101010),TestNumEqu-Tag(1011011100110000,1001010101001011,0011000101100110),Set-9-Tag(1000011000110010,0110000001001111,1000101001000001),SubmitB(1010011001101000,0001101000010110,0011100011001000),TestNumLess-Tag(1011000100001010,0110011110110000,0110101100010111),If-Tag(0001001101000010,0111010110000100,0101011000010001),TestNumLess-Tag(1110100000101000,0010111101100000,1011111101101010),Mult-Tag(1110010110000101,1100001101010111,1010110110111000),Set-12-Tag(0001011110010001,1001110111011110,0100101110101111),Set-8-Tag(0101111001011111,0011111110001011,0111011101101101),Mod-Tag(0100110010001101,0100110110100010,1000110101100010),SubmitF(1000101111001110,1101010001000111,1000011011110010),Add-Tag(1011001010001011,1100101110011110,1111110101010110),LoadThreshC-Tag(0110010010001110,1110101101010101,1001110010001111),LoadThreshD-Tag(0011100110111001,0011100010111001,0101111110010110),TestNumNEqu-Tag(0101101111011110,0100011111001011,0111100101000101),If-Tag(1110011111000110,1000000111000011,1001010101001010),Mult-Tag(1111110000010110,1001111101100010,0110110111101010),Set-16-Tag(0001110011010001,0100010110011010,1100101101011100),LoadThreshA-Tag(1100100001001100,1100110110111001,1010000001101011),LoadThreshC-Tag(1111111000000000,0100100011011111,0001010010011011),Set-10-Tag(1101110101100001,1111001111110111,1100100111101110),LoadThreshD-Tag(1000010011010000,1000100010001000,1100011110001011),Set-16-Tag(0100100001110001,1110100011101101,0110101000010110),Set-6-Tag(0001110001100010,0001001000010110,1011011001110101),Set-4-Tag(0101110101011011,0001011010010110,1011000001101110),Set-1-Tag(1101101010101100,1011010001001011,0001100001100100),Set-13-Tag(1000110001111010,1100111000010001,1001111100000001),Set-11-Tag(1010001000100110,1101011110110100,0110001100101011),Set-7-Tag(1111010111001111,0101000101010011,1000111100100111),SubmitD(0011110011011100,1100011101000010,1100110000111110),Mod-Tag(1100110110110010,1011110010011010,0010010000010101),Sub-Tag(1100011110011001,1001110000111010,0111100011100001),Set-8-Tag(0110110100001000,1101001001110010,0111010111011011),TestNumEqu-Tag(1010010100110101,1101100001000111,0001000010000010),LoadThreshB-Tag(0001011101000011,0110100000010000,0001011111000011),Set-3-Tag(1010110110010110,1001011111000011,1000011001110000),Set-15-Tag(0000011111100000,0110101000000101,1110111100100111),TestNumLess-Tag(0000001110000100,0010101010000101,1010011101010010),SubmitB(0000001100100011,1110100011111111,0011011101010100),SubmitD(1101110000000000,0010100000001110,1010011001010100),LoadGrade-Tag(1100010011101101,0001110100000111,0000001111010000),Mult-Tag(1110000011111011,1011000100001100,1111001101101001),Set-9-Tag(1101011000100010,1110011010001110,0011000000110011),TestNumGreaterTEqu-Tag(0011110111010010,1100110111111100,0100110011000011),If-Tag(0000000110100010,1010011110001011,0101010111100101),LoadThreshD-Tag(0101010111011111,1010110000110000,1110100000010111),SwapMem-Tag(1000000000101001,0100101011000001,0110010010001101),Set-9-Tag(0111000111101011,0101010110000110,0000110011000010),Set-6-Tag(0100010100100100,0010000000001001,1010010001111101),Set-4-Tag(0001111101111100,0100011010001010,1110101100011001),Set-0-Tag(1000111011001010,0011101111001000,1001001001110110),TestNumGreater-Tag(0000011010101000,1000011011000111,0101001011001100),TestNumLess-Tag(1110001010000011,1010111010011010,1000111111111100),Close(1001001010010110,1110101010101000,1011001010100101),Mult-Tag(0110101000110111,1111011001001000,0001000011111001),Close(1011011110010001,1101010101001110,1111010011101000),LoadGrade-Tag(0111000110110011,1111001111101111,0101001100111011),LoadGrade-Tag(0110110111101100,0100101100001100,0111101000101011),Mult-Tag(0100111000011110,0010100101011011,1010111010101001),Set-11-Tag(0110100100111101,1011010001111111,1011000001001011),TestNumGreater-Tag(1000110111011001,0011101101001011,0101010100001100),CopyMem-Tag(0100000000010000,0101100101100101,1110010001110001),Countdown-Tag(1011110100110100,0101001001111111,0011011000110010),Set-5-Tag(0011001110101100,0000111001000111,0010010010100111),IfNot-Tag(0100000101101110,0000111100111100,1001000100000000),Sub-Tag(1000000110001010,1000110000100010,1011011101100110),Countdown-Tag(1000011100111011,0100110000000001,1011111111010011),Floor-Tag(0000011100001110,0001111010001001,1010101111110100),Set-7-Tag(0011111101101011,1001010001000111,0110000011011001),TestNumEqu-Tag(1010000010000001,1100111000100110,0010011110110111),LoadThreshD-Tag(0101110101111011,1110110100011000,0111100100111001),CopyMem-Tag(1101000001011001,1001011011111001,1110100110101001),Set-9-Tag(1011011000000111,1101000000011011,1011010000100010),Sub-Tag(0010011100111100,1000011100001010,0000101101100111),Set-5-Tag(1101110100000000,1001100101000100,0000111000110100),Set-8-Tag(0110001010101011,1101011111110010,0110010010110000),TestNumGreaterTEqu-Tag(0100110000101111,1101011000010110,0011011011010000),Set-5-Tag(0110000100010101,0101100110011111,0110001010011101),TestNumLessTEqu-Tag(0000011100110110,0100111101011111,1001001000110111),TestNumGreaterTEqu-Tag(1001011111001100,0100001110001011,1000010000100111),SubmitC(0110000000110111,0001101011011101,1001100010010110),Add-Tag(1101011111111001,1110011011100111,0101111100111111),Close(0100101010111010,0011011111000111,0010000001001101),TestNumLess-Tag(1101011001000010,0110001010101000,0010010011101011)]"
PROBLEM_grade__ARGS_TAG_BF__MUT_0025,6498,grade,Tag-BitFlips,0.0025,0,True,33,494,159,"[Countdown-Tag(1111111100011110,1111100011110010,0000011001011000),LoadGrade-Tag(1101001000000010,0111100001101110,1111010111001100),SubmitB(1000000010110111,1101000010001001,0111011100001100),TestNumLess-Tag(0111000101111111,0000101001001011,1001010011111101),LoadThreshB-Tag(1111001000101111,0011011001000001,0101000010100010),Dec-Tag(0000010011111111,1011111111000001,1011000101111110),TestNumGreaterTEqu-Tag(0001110100000111,0100110001000000,1111111011011100),Set-3-Tag(0010011100000111,0010001011001100,1011110000000001),While-Tag(0101110100000100,1010110111010010,0101010111111101),TestNumEqu-Tag(0100001011111101,0110111010011010,0101010001010011),Sub-Tag(1011011110110000,1110100111111101,1010110000000101),TestNumGreater-Tag(1001110010100110,1111001010100101,1100100100000010),SubmitA(0000000100100000,0001000011101100,1100110101011110),LoadThreshA-Tag(0001111101100011,1101111001100100,1101000010110001),TestNumEqu-Tag(1011001000110101,0001000101011110,0101001110100011),IfNot-Tag(0111101111110000,1011110011011110,1110111111010011),Set-0-Tag(1111011101111001,0100000101000100,0101111110011110),TestNumGreaterTEqu-Tag(1101000001101110,0000110110000111,0111000001100110),TestNumNEqu-Tag(1111001100011010,1000000101111011,1110111100110001),LoadGrade-Tag(1000001010111010,1101010001110011,0000111001001001),Set-8-Tag(1010110111001001,1001001111101111,1001111100110100),SubmitD(0011111100001000,1001100100000101,0001101010011100),LoadThreshC-Tag(1110010110000100,0001110111111001,1110111011101010),TestNumGreater-Tag(1010001110101101,0110000010110111,1010001100110010),Mult-Tag(1001110000011101,1110001111111110,0111100111001010),Dec-Tag(1010101001110011,1101100011001011,0001110110100001),SubmitD(1101100000011101,1111100001001010,0110011000011101),SwapMem-Tag(1000000011101100,0011000000001010,1010010000101110),SubmitF(1100101010010110,1001001010011110,1111001110110100),If-Tag(0000000000111011,1011110110000000,1100111100101110),Mult-Tag(1000101110100000,1001001101111011,0101011001001100),SubmitC(0111011111000111,0101101010101111,1000101000111001),LoadThreshD-Tag(0011111100000100,1010000110011110,1000010011101001)]"
PROBLEM_grade__ARGS_TAG_BF__MUT_0025,6499,grade,Tag-BitFlips,0.0025,0,True,81,449,249,"[Set-9-Tag(0001010010101101,0001011100011000,0101011010100101),Set-13-Tag(1100110101100101,0001101101011001,1110100110110100),Countdown-Tag(0011001001011110,1110100110000010,1001001000001001),LoadGrade-Tag(0011101000110110,0011011111011010,1000101111000111),TestNumLessTEqu-Tag(1001111011100011,1110111110110100,1111101001011010),Mod-Tag(0100111100111001,0011000111101010,1100110011110000),Set-3-Tag(0111101010111011,0011011000000110,1100001100111111),TestNumEqu-Tag(1101011000100000,0011100010000101,1011010111101110),Set-4-Tag(0101010101011111,0001001111010111,1011100001100010),Set-6-Tag(1001011011110110,1001011101111000,0001110111101000),Set-8-Tag(0111010011001111,1000110011000000,1111010111011111),Mod-Tag(1110111001100101,0011011100110001,0001001010010101),Floor-Tag(1111000001100100,0101110011001101,1000010000110000),SubmitB(0101110100100110,0001000010101011,1011000010000001),Set-16-Tag(0011000100001101,1010011110101011,0101001010011110),LoadThreshC-Tag(1000100100111100,0000111110100111,1000010010001010),Mod-Tag(0110011010011100,0011011101110000,1110111001001101),LoadThreshB-Tag(1110110111011101,0111111101100110,1001110000001110),Set-3-Tag(1000111111001010,1001000001001110,0011100010000001),LoadThreshC-Tag(0010010011110101,0101011101011000,0000101101110001),Set-7-Tag(1000010001011000,1001101100101001,1010100100011000),Div-Tag(0010100111111101,0110101011100001,1101011100011111),Div-Tag(1101111101010100,1011101001111000,1010010110111110),LoadGrade-Tag(0110010110010001,1011111101111001,0010110101110100),Mod-Tag(1000110101010011,0011011101110111,1111111010110011),Set-11-Tag(0001000011110011,1000111101110001,0010110010100101),Dec-Tag(1001100000111010,0000111111101000,0101001100100000),Floor-Tag(1011111000001010,0011010001100011,1110101101001001),Sub-Tag(0000000000001111,0001010011001010,1110111110000111),While-Tag(0000010111010111,1010101010100111,1011000100111100),SubmitD(1011010010011111,1100001000111010,1110000010100111),CopyMem-Tag(0000111001101100,0110111001111011,0001011010100010),Div-Tag(1011010000000111,0011000011001111,1111100000011100),SubmitB(1111001010010000,1111010011011001,1000100010101110),Set-2-Tag(1000001001001010,1011101011000101,0001001011101010),While-Tag(1111000111000010,1000000001101111,1100010000111011),LoadGrade-Tag(1111100111000110,1010111010011110,1101011000111000),Set-16-Tag(1010000110101111,0100010100101001,1011011001101011),SubmitD(0110101011111010,0000110000000011,1101001101000110),LoadThreshB-Tag(0101110110000001,0010100001110101,0011011000010010),SwapMem-Tag(1001101000100100,1101111101000000,0010111001100101),Inc-Tag(1000111001110110,0100111001101101,0010111010001110),Mod-Tag(1001010000010000,0001010011000101,0101110001101111),LoadGrade-Tag(0100110100000010,0111011100100000,1010011001110111),Set-5-Tag(0001110011000011,1111110100101001,0000000010101011),Set-16-Tag(1100000000110111,0011000000111100,0111111011100111),SubmitC(1100000011100000,1001111011110101,0110111010000100),SwapMem-Tag(0011111000110110,0100101000110101,0010110011010101),While-Tag(1110001011000000,1101111010100110,1001000011000101),Set-14-Tag(1101010110100110,0101010011101111,0011111010010101),Set-5-Tag(1001000000101110,1100110001100101,0010011001100001),LoadThreshB-Tag(0011100111100000,0001011101010111,1100010111000000),Set-13-Tag(1111111011110101,1010111101110011,1011010111010000),Set-5-Tag(1000011001010010,0001110100000000,1101101110111001),Set-1-Tag(1010011111011000,1111000101000001,1110111101101000),SubmitA(1100010000101011,1001001000000000,0000010010111100),TestNumLessTEqu-Tag(0000111000000110,0000100110010000,1011000110011101),LoadThreshA-Tag(1010001111111101,0010001011001011,0000101101001101),Sub-Tag(1110000110100100,1000010101111000,0111010000100101),TestNumLessTEqu-Tag(0010100000011011,0010100100001010,1111101100100000),TestNumEqu-Tag(1111010001101010,1100001100111101,1100000001110100),LoadThreshD-Tag(0011110001101010,1110010000100111,1100001101010110),SubmitA(1111000100101110,1010010001001111,0110110110001110),SwapMem-Tag(0110101011001000,1111110001110110,0000000001010100),Div-Tag(0001111000000100,0110001000110000,1000001101111100),LoadThreshA-Tag(1010010011100101,1101111111111101,0110101100100111),SubmitF(1000001011010000,1000100010111100,1000001011101101),Mod-Tag(0110100010111111,1001110101011011,1111101010110110),If-Tag(1100011001010010,0001011110001111,0101101111111100),Close(1110000111000001,0000010011111110,1010100010010110),TestNumGreater-Tag(1010010011001010,1101100011000100,0110001111001000),LoadThreshD-Tag(1010110011001011,1010010111011111,1001100110000111),Floor-Tag(1111011101100010,1011011000110101,1101011110010110),Div-Tag(1010001100011000,1111100101110011,1001011010000011),Div-Tag(0010100011001101,1011101001010101,0001101100111010),Not-Tag(1001011110011100,0001010011110000,0000000111010000),Set-2-Tag(1101011100100000,1010010111000000,0101110101100010),CopyMem-Tag(0101011101100000,1011100000111111,0100011111011011),IfNot-Tag(1101111011110101,0000000000010011,1110011011010000),CopyMem-Tag(0110010000001111,1110111000000101,0110001111100011),LoadThreshD-Tag(1101011100001111,1001111101101101,0110000011000101)]"
PROBLEM_grade__ARGS_TAG_BF__MUT_0025,6500,grade,Tag-BitFlips,0.0025,0,True,71,500,272,"[Sub-Tag(1111000100110100,0001101100001011,1100011011011001),TestNumLess-Tag(0100111001101101,0111111001010110,1000100000011011),Set-0-Tag(0111101100111000,0010001001101000,0001011011000010),TestNumNEqu-Tag(1000100000011010,1100010000010101,0011010000000100),LoadThreshD-Tag(1011100111010110,0110010000111100,1001010101011000),TestNumLess-Tag(1111001010011010,0110001101010000,0110100011101110),Dec-Tag(1110101110111011,0000000101001101,0010001001000001),SubmitA(0011000000110010,1100110110010101,0011101011110000),Countdown-Tag(1000111110011001,0000011111000111,0011101100110110),TestNumLess-Tag(1010011110101111,1011101001100101,0011110100000111),SwapMem-Tag(1010010001000001,1111100000110011,1000101100001011),Div-Tag(1000111001110110,1011010111001100,1110010000000111),Set-1-Tag(1000011101001000,0000010011100100,0101001001110110),Sub-Tag(0101001101101000,0110011111011101,0000000000001111),Set-5-Tag(0101011011011010,0100001101011000,1100101111110110),Set-5-Tag(1001100101010011,0000111111111010,0100001101011101),TestNumLessTEqu-Tag(0011010011000111,0000001100100001,0100100001010110),Set-15-Tag(0101001101111000,0100100000000001,1110110001111100),Dec-Tag(0111100000101001,1001111010010101,1101000111101000),Set-9-Tag(0010000010000000,1100000110000011,0110000101100101),TestNumNEqu-Tag(1000010101011011,0000101101000111,1010100000100101),Set-15-Tag(1010011000011110,1000100111001101,0000001111110001),Set-12-Tag(0101110010001001,1011101010111011,0000000001110110),Set-12-Tag(1000000011001110,0101111000110010,1010111100100100),If-Tag(1111100111101000,1110010111110001,1101101010010000),SubmitB(1111011110011001,1001010111100010,0001110001011110),SubmitC(0000111011011010,1110100100101110,0111011010011110),TestNumLessTEqu-Tag(1100111001010111,1101111101000011,0110001100001110),Set-8-Tag(1001110000110101,0110001110000100,1001011011111101),IfNot-Tag(0011000111110011,1010101110100000,1001011011101000),Set-11-Tag(0100100000110100,1010110001110001,0010110110010101),TestNumGreater-Tag(1110101101011011,0110111010111010,0010010100011011),TestNumGreaterTEqu-Tag(0110010101011100,1101100111011010,1010010110010100),Set-9-Tag(1101010110000111,0100001001010101,1000111110100100),If-Tag(0001010110001101,0110110000010110,1110011001001000),TestNumNEqu-Tag(0000110100101011,0001100010111010,1110001001011010),Set-14-Tag(0001000110000011,0110111000001111,0010001111010110),LoadGrade-Tag(1000000000100101,1101110111001110,0111010111110011),Mult-Tag(1110111111110110,1100011001000010,0010010101111110),SubmitD(1000101001011000,0000011010001000,0010011010111001),Not-Tag(0111000111101100,0110110010010100,0011110101010010),TestNumLess-Tag(1110111101100011,0011101100110110,0010000100100001),TestNumLessTEqu-Tag(1001111100000001,0000111011011111,1100001110111001),TestNumNEqu-Tag(1101111101111101,0011110101101100,0011000100011110),LoadThreshC-Tag(1100111100001001,0010100000101111,0010101111101011),Floor-Tag(0101010100110111,1010000010110110,1110101111011001),Countdown-Tag(1101000111001101,1110101001110101,1100001100010101),Floor-Tag(0100111110010100,1110110010100111,0001101100101001),TestNumGreater-Tag(0011010011111111,0101110011100010,0000111100000000),While-Tag(0110001100011100,1011010000111010,0111111100001101),TestNumGreaterTEqu-Tag(0100010000111001,0101111100011100,0011001111001010),TestNumLess-Tag(0111111010110000,1100101100001001,0001000101100111),CopyMem-Tag(0101000100000010,1101000001000011,0111100000111100),TestNumGreater-Tag(1111010100101101,1100001001111101,1001011100101000),SubmitF(0110111010011010,0101010110101110,1110010101001011),LoadGrade-Tag(1011000001110111,1100010000110010,0110000111010110),TestNumLessTEqu-Tag(0011001110111111,1011010011111010,0111101101100100),IfNot-Tag(0100100111101001,1100011110101101,0011011101111010),Add-Tag(1010000101110100,1100100011011011,1100001000101001),SwapMem-Tag(0101011001101001,0111011111010011,0010100101111010),Set-16-Tag(0010000100111111,0000101010110011,0000000110010111),LoadThreshC-Tag(0110010101001011,1001001101101000,1100000100111111),TestNumLessTEqu-Tag(1110100101111000,1111010010111011,0110100101000110),Set-13-Tag(1011101010111110,0111101100101100,0101111110000001),TestNumNEqu-Tag(0011001010001110,1101100001000010,0100010000001000),Dec-Tag(0010100111011011,1011001011111011,1001100110000011),Set-6-Tag(1011010101100010,1001100100110001,1001111110111110),Set-10-Tag(1110011010101111,1011110011001011,0110010111010011),Not-Tag(0101010010110101,1100111011001110,1111111101011001),Countdown-Tag(1001001010100010,0010000101111011,0101111110010011),SubmitB(0100011111100011,0000100101011000,1000101010000000)]"
PROBLEM_grade__ARGS_TAG_BF__MUT_005,6401,grade,Tag-BitFlips,0.005,0,True,62,460,306,"[Set-2-Tag(0110000011010011,1101111110001111,1111100001010011),Dec-Tag(1010100110011111,1000011011010100,1100100110101101),Floor-Tag(0100001101010010,0000010111001000,1011011100010100),LoadThreshD-Tag(1100000000000011,1011111010011100,0010100101010101),Inc-Tag(1110101101101001,1001101101110000,0111000010100011),Floor-Tag(1010010110110001,1101000000011101,0010010111101111),LoadGrade-Tag(0100100011100111,0110011100101100,0111001110110000),TestNumLess-Tag(0001101010000100,1111111101011111,1101001010100100),Sub-Tag(1011000010110011,0010010001111001,0110000000001101),Close(1001000110000000,0101100110001010,0001100011110011),Sub-Tag(0111000111101001,1001000100011011,0110110011111101),Set-0-Tag(0011011001000101,1110101011111000,0010010111110011),Add-Tag(0001010001110000,0110100000100111,0011101100100001),Set-11-Tag(0100101111100111,1001011100100110,1000000011100111),Set-6-Tag(0000111001000011,1101100101000110,0110010000011010),LoadThreshB-Tag(0110110100001001,0101111001001001,0011111001010101),LoadThreshC-Tag(0000001111000010,0011000101011111,1110110111111111),Mult-Tag(0011000000111010,1110111100010000,1111111001010010),TestNumGreaterTEqu-Tag(0000100010111010,0000101011010100,1011111111000101),LoadThreshD-Tag(0001000110100010,1101101010111110,1000101100111100),TestNumLess-Tag(1111101010001111,1001000001111010,1110101101000011),Floor-Tag(0101010100001100,0101101001111110,0101110110010011),Set-14-Tag(0110000101000110,1101100000110011,1100011011000110),Sub-Tag(1100111011101010,0101010010001111,1100101000000101),SubmitA(0011010111110000,0001101001011011,1001111101101100),LoadThreshA-Tag(0000010101000001,0100110011011001,1100100000001101),Add-Tag(0111111111011011,1111110111011111,1100111001101101),Set-12-Tag(0010001110010010,1011101000101010,0001001100010101),SubmitD(1100101101101100,0011000001101101,0000111010010101),SubmitF(0011000100100011,1000101010000110,1101111111101000),Mult-Tag(1010101100011001,0011111100011101,0000111111011110),Floor-Tag(1010011110111011,1011000000010111,0001110110101000),TestNumEqu-Tag(0110000001110001,0010111011111101,0011001001001010),SubmitD(0011001111011001,1001010011001010,0000011100110111),Add-Tag(1100110100100101,1101101111101011,0111110101000100),TestNumGreater-Tag(0010010011100001,1101000101010110,1100110100111101),Set-3-Tag(1100000101110101,0100100110101011,1000010111000010),LoadThreshC-Tag(0010011000010000,1111100000111000,0011111011010101),If-Tag(1000001011100001,1000100011000000,0001000010000110),Set-6-Tag(0011100101000111,0100011011100010,1010010110000101),TestNumNEqu-Tag(0110010000101000,1100100100100111,1011111100001110),SubmitC(0110101111110001,0001101001110000,1110111101110011),Set-16-Tag(1001100100011000,0000001011000110,0101001010111000),LoadThreshA-Tag(1110111000010000,0010101010011010,1101111101100000),Set-16-Tag(0110011111010101,0011001001100000,0010011100001100),Div-Tag(1100100110001001,1111101101001011,1111110111010111),Set-14-Tag(0100101100010111,1101010111110101,0110010101111000),SubmitD(0101000100110001,1001100000110010,1001111100011011),TestNumLessTEqu-Tag(1110100001100011,0011011110010111,0001101011001110),LoadThreshA-Tag(0110101000011011,0011110000110010,1011000010001100),SubmitF(1110010010011000,0111101111010011,0101011010110111),CopyMem-Tag(0010111001110010,1101111000010011,1101001111000110),SubmitB(0011001101110000,0001011011110011,1111101000111001),Set-14-Tag(0110101010011100,1000001101100000,1110101111101101),TestNumNEqu-Tag(1011111011100111,1001010010001000,1100110110110010),Sub-Tag(1110101100100001,0100001011010000,1011000110010001),TestNumEqu-Tag(1010101010100100,0011111110010111,1100100111111011),Close(1100010111011010,0101010100110000,0001110001110101),SwapMem-Tag(1101101111011000,1110010001011110,0110011111011110),Set-9-Tag(0001101001111010,1010010001011001,1101111101100100),Countdown-Tag(1100111100110010,0111001001011001,0000100010000110),Set-5-Tag(0101011010001100,0100010000011001,1000110010010010)]"
PROBLEM_grade__ARGS_TAG_BF__MUT_005,6402,grade,Tag-BitFlips,0.005,0,False,NONE,NONE,NONE,"NONE"
PROBLEM_grade__ARGS_TAG_BF__MUT_005,6403,grade,Tag-BitFlips,0.005,0,False,NONE,NONE,NONE,"NONE"
PROBLEM_grade__ARGS_TAG_BF__MUT_005,6404,grade,Tag-BitFlips,0.005,0,False,NONE,NONE,NONE,"NONE"
PROBLEM_grade__ARGS_TAG_BF__MUT_005,6405,grade,Tag-BitFlips,0.005,0,False,NONE,NONE,NONE,"NONE"
PROBLEM_grade__ARGS_TAG_BF__MUT_005,6406,grade,Tag-BitFlips,0.005,0,True,37,398,181,"[Countdown-Tag(0100010000010100,0011001110110101,0100001011110001),Set-5-Tag(1011111000001110,0000001011101100,1010010110110000),TestNumGreater-Tag(1001001110101000,1010000000010000,0101110110110100),SwapMem-Tag(1000011000101110,0000011001010001,0101011010000010),Set-10-Tag(0000100010101101,1010011111011101,1101100010101001),TestNumEqu-Tag(1100011101011111,1000110100011011,1110001001000001),LoadThreshA-Tag(0101010101010100,1011001111100111,0111001001100000),LoadGrade-Tag(1010110001011011,0001111000010011,0010010001010101),SubmitF(0010110000100100,0100100110000010,0001110110110111),IfNot-Tag(1000011000011111,0111100101000010,1011110111111101),SubmitA(1101111000111010,0101000010000001,0101100110010111),LoadThreshB-Tag(1101000101010101,0111100000001101,0000111101110101),Set-9-Tag(1101100000011100,1000001100110010,1110100100100110),Div-Tag(1010001100011100,1010100010101111,0110100100100010),Sub-Tag(1110101101111010,1010011001010111,0011011111111011),TestNumLessTEqu-Tag(1101001101011101,1010111001000100,1001000001100100),Mult-Tag(1011110011011110,0000001010111111,0101110000011110),TestNumGreaterTEqu-Tag(0101110001011001,0100010010111100,0101000100010110),Countdown-Tag(0000111111010001,1010101010010111,0000111001011101),Set-8-Tag(1001111100000101,1010010101010000,0110000101101111),TestNumGreaterTEqu-Tag(1000100000000010,1011010101000001,0101110001110000),SubmitF(1011100010001101,0101001001011110,0100011111100101),Countdown-Tag(1100100111110000,0001011100010101,1100001010100010),Sub-Tag(0011101000111000,1001001000000101,1101001111111011),TestNumLessTEqu-Tag(0110100100101101,1111001010111110,1101110000101110),Mult-Tag(1100110111111111,1000010011010101,1101010001100100),SubmitB(0101100011010111,1101001010110101,1101001011010101),TestNumGreaterTEqu-Tag(0111000100010001,1000011001101011,1111000111010001),Countdown-Tag(0100010100000000,1010110110001011,0011100010100010),SubmitC(0011111001100011,0001111111011111,0100101110001101),TestNumNEqu-Tag(1111100011011101,0100011010100101,0110010111010110),Set-11-Tag(0001000111011111,0100010001010000,1110000001111110),Set-5-Tag(1111100001111000,0111110101001100,0111000010110011),Set-9-Tag(1011000010110011,1101110111010010,1111100100011001),SubmitD(0110101111001011,1100000010110110,0101111001101001),TestNumGreater-Tag(1001001100000010,1111001010111010,0011101110100000),TestNumEqu-Tag(1111011100011011,1101000001111111,0010100110110110)]"
PROBLEM_grade__ARGS_TAG_BF__MUT_005,6407,grade,Tag-BitFlips,0.005,0,True,56,489,277,"[SubmitA(1001001110001010,1010001111101000,1110100110001000),TestNumLess-Tag(0000111000000111,0101011011110011,0010011001110110),While-Tag(0011101011110001,1011001011001110,1010101111000101),Set-5-Tag(1110011100101011,0100000001110001,1010111010110000),LoadThreshB-Tag(1011010110100110,0100011001110011,0000100111000000),SubmitD(1100001011001111,1111011101110101,0111000010010111),CopyMem-Tag(1001010011000011,0110011010011000,1001100111001011),LoadGrade-Tag(1010000111011110,0100000110110101,0010101011100110),Set-12-Tag(1111000011100011,0111100100111001,1111111110101011),Set-0-Tag(1100000001100010,1110000000111010,0101001101111110),SubmitC(1110011011110001,0111100001111101,0101101011111000),Set-12-Tag(0011110101011101,1101000110100001,1011111111001111),Not-Tag(1011100110101010,1110011110101101,0010010010000111),Add-Tag(0010101111101010,0000000010100100,1010001100100001),SubmitF(0011001101101110,1010111011011110,0100000111011000),TestNumLess-Tag(1111101000110010,1100111100010110,1011000011101000),Set-15-Tag(0001111010101010,1010100100011011,1100000110010011),LoadGrade-Tag(1010110110011000,0101010000001101,1001011111000110),If-Tag(0101011001001100,0110000100011111,1010011001011000),LoadThreshC-Tag(0110011100000001,1101011111110001,1001011101110111),CopyMem-Tag(0001000011100011,1000001001000101,1110011110110100),Countdown-Tag(0010010110000001,1001010001011111,0101001011000000),TestNumGreater-Tag(1101101000010001,0110111001011111,1110110101000110),Set-15-Tag(0101000000011111,0001001100101001,0101111100100001),LoadThreshA-Tag(1110010101010011,1011100011100110,0110101110101010),Inc-Tag(0001000011011000,1011110101101110,1100101001011010),Set-12-Tag(0001100110100110,1010111011110110,1000110101001011),LoadGrade-Tag(0000101111101011,0000010110010110,1100101100001010),TestNumGreaterTEqu-Tag(0111000000011001,1000100010001001,1011000010001011),LoadThreshD-Tag(0011000100110010,0100111100111001,0011110111100010),LoadThreshD-Tag(1101110010100111,0110110101110111,1111101011011010),LoadThreshA-Tag(1111001111110001,0100110100101000,1011011100110001),Set-13-Tag(0100111001000000,0110111000110001,1011111010111011),Countdown-Tag(1101001000001011,0101010001101111,0001111001110001),Close(1110100000101000,0000110101111011,0010110001011011),Set-12-Tag(1101100010010101,0001000110011001,1110010101001011),TestNumLess-Tag(0001010001001010,0111101110000000,1001000111110110),LoadGrade-Tag(1010101100101000,0111100000011110,0110010101011010),Sub-Tag(1010000111101101,1010110010111001,0000010011000001),TestNumLessTEqu-Tag(1001001100100100,0100100100101000,1010110111100000),SubmitB(1011101111100111,1111100011101100,0100010111010010),TestNumLessTEqu-Tag(0011111100001011,1011100011100001,1001011110001000),Countdown-Tag(0101010011011010,1111100110100110,0010111100110100),LoadThreshB-Tag(0110110010001110,0000101101000111,1000000001111110),Countdown-Tag(0001110001010111,0111010110110011,0000011010110001),Set-12-Tag(0001110011011001,0010000111100011,1011101110100000),LoadThreshB-Tag(0011111000100000,1010101011110010,1011000010011100),LoadGrade-Tag(1101111011111110,0100011010110000,0100010001100010),TestNumGreaterTEqu-Tag(1111100111011010,0011011101001011,0111000111110101),Set-2-Tag(1100001010000001,1010000111001111,0010011010010010),Countdown-Tag(1010000110000101,1110101101000010,1101010010110011),LoadThreshD-Tag(1100101001010001,0111011110011001,0110111010011000),Set-7-Tag(1110000111110010,0100111101001001,0100000010001001),Mult-Tag(0011110011110000,0011000100001100,1000100011010000),Set-12-Tag(0110100111000001,1111000111110110,1001100111111000),Set-10-Tag(1100101100001101,0101101010101101,0010111100101010)]"
PROBLEM_grade__ARGS_TAG_BF__MUT_005,6408,grade,Tag-BitFlips,0.005,0,True,58,375,375,"[Set-11-Tag(1001011010010001,1011110110011010,1111010010111100),Set-2-Tag(1100000011000011,0010011100000000,1001011010011001),Inc-Tag(1010101001001111,1001111000001001,0010010111100111),Set-5-Tag(1001101101111100,1110011111100110,1111010110111100),While-Tag(1101110011011000,1001100101000100,1001110010100111),Mod-Tag(0111100011111010,0001000000000100,1101110111101010),LoadGrade-Tag(0001111111001101,0111111011110010,1000001111111001),SubmitA(1001110111010101,0100110101001110,1000000101010011),Set-16-Tag(0011001000101100,0011001001111101,1010111001101111),SubmitF(1101001001010111,0001111101111111,0101011100111110),SubmitD(1001110101100011,0110110111000001,1001111100111001),Set-7-Tag(0101101101000011,0111001111010000,0011010000000110),LoadThreshD-Tag(1101100011110010,1000111111000010,0000011001110101),Dec-Tag(1111010010110100,1101111000011100,0101001010110111),CopyMem-Tag(0000111111011011,0000001000110110,1000101101011001),Set-3-Tag(1001010100010110,1100111001000101,1100110010111100),TestNumEqu-Tag(1001000000101101,1101101011011101,0010010001010111),LoadThreshC-Tag(1111000010101110,0101110100000111,1111001000010100),SubmitF(1100011111110110,0100011011111110,1001001010101011),TestNumNEqu-Tag(0011001101101101,1000000000100010,0000001010100010),TestNumEqu-Tag(0111010010101000,1110001011111110,0011110100101101),TestNumLessTEqu-Tag(0111111001010110,0010010001100001,1000111010100010),Set-12-Tag(0001001110100101,0111101001000111,1110010111110110),SubmitA(0001111111111000,1100001010000111,0001101101010011),LoadThreshB-Tag(1110010000110000,1111011110100101,1001110110001001),LoadThreshB-Tag(0100000111001010,1110100000000010,1110101100111110),While-Tag(1111000011110110,1110111001110100,1101010101010100),TestNumGreater-Tag(1111001110010110,1010000110000000,0001001110100001),LoadGrade-Tag(0100111101100111,1010111000110100,1101111110101111),Set-4-Tag(0111110001100110,0101110001011011,1101101000001110),SubmitA(1010100010100100,0011001101011011,1111100111101111),TestNumGreaterTEqu-Tag(1000000011100011,0001111110000100,0111101111110100),Set-2-Tag(1010010100100100,0001101110110101,0010011100001111),Sub-Tag(1010110111100010,1111010011001110,1100011000101100),SwapMem-Tag(0011010001010100,1000011011110010,0111010000110111),Not-Tag(0111000100100001,0010101000100010,1111111111001110),SubmitC(0011001110001000,0100110000011101,0100101111011000),SubmitC(1011101010110010,1110100001101100,1111010000101111),LoadThreshB-Tag(0100011111100001,0111011001011101,1111000001100101),LoadThreshD-Tag(0111010010100000,1010010000010100,0101111001101101),Set-7-Tag(1001010011100000,1001011100110100,0001110111010110),SubmitC(1110011101111010,0001111101001100,0110100000010110),CopyMem-Tag(1100011110100011,1100001001111001,1110000110111100),LoadGrade-Tag(1000111011000010,1100110011101000,0001000011111101),LoadThreshA-Tag(1010100110011110,0101110011111000,0111110010000011),LoadThreshC-Tag(1000001010001111,1110001000010100,1101011010111100),LoadThreshA-Tag(1001101001000010,0100001100110110,1110100110111101),SubmitB(1100100110010001,0111100010110000,0100111100010011),Dec-Tag(1111001111110000,1001011110011001,0011100000110001),Close(1001001111010000,1100100101101111,1111110000011110),LoadGrade-Tag(1111101101101010,0111000000100100,0111010101110010),Inc-Tag(0111100110010001,1111101111010001,1001000110011000),IfNot-Tag(0001011100101011,1000001001111011,0101011110111001),TestNumGreaterTEqu-Tag(1010011111111111,1000101001101111,1101110100010101),Sub-Tag(1100101010110001,1110100011111100,0001110010111100),Set-8-Tag(1011001101010010,0010011111101011,0100010010111001),Set-11-Tag(0111011010110101,1000101001101111,0110101111010101),SubmitB(0010110001011100,1010101101000111,0110111000101010)]"
PROBLEM_grade__ARGS_TAG_BF__MUT_005,6409,grade,Tag-BitFlips,0.005,0,True,23,493,312,"[Inc-Tag(0010111001011101,0011000101100001,1101001010110011),TestNumGreater-Tag(1011100010011111,0000111101011100,1000000100100101),LoadThreshC-Tag(1010111000010001,0101111111100101,1011111101111000),Sub-Tag(1000011100001101,1110110011111010,1111101110000100),SubmitF(1101110111101000,1110100001010001,0000110111110111),TestNumLess-Tag(1101111000101100,1100111110000001,0011001110110100),LoadGrade-Tag(0100010011111110,1010010010101010,0000111100111110),IfNot-Tag(1000001010100101,1010100100110010,0010001010011001),LoadThreshB-Tag(1011100011011001,1000010101101000,0010101010101110),SubmitA(0111110010010000,0111001000000011,0110110010100110),Add-Tag(0101110101100001,0000010110011110,0101001110001001),If-Tag(1111001100110100,1001001001010100,0010010111011000),Countdown-Tag(0101101010100000,1101010100011110,0110100100111111),SubmitC(1110001101111110,0100011001100001,1101001111010101),Countdown-Tag(1110001010010000,0011011010110010,0010111001111001),Close(1011010001011101,0000111011010111,1100110110011111),TestNumGreaterTEqu-Tag(0100010110111111,1000101111110100,1110001010110001),SubmitD(1010010000110110,0001100100010100,1000111010110010),Countdown-Tag(0010010101010101,0100101000001001,1111101101100100),TestNumGreater-Tag(1001010001111111,1001100101010100,0101100110010100),Inc-Tag(0110011000110111,1010000000100100,0111010001010110),Countdown-Tag(0100001100010011,0110011011110101,0110101010010111),SubmitB(0110000111001011,1001101100100000,1100101100011101)]"
PROBLEM_grade__ARGS_TAG_BF__MUT_005,6410,grade,Tag-BitFlips,0.005,0,True,16,227,139,"[TestNumGreaterTEqu-Tag(0000010010000111,0101010100011011,1100000111001111),TestNumGreaterTEqu-Tag(0001011000001011,0010100110011001,1010111001110001),LoadGrade-Tag(0000101111110000,1000000110101010,0100101011000000),Inc-Tag(0110011101110011,1111101011011011,0111000101101101),LoadThreshC-Tag(0011110001011101,0000111110110011,0100000010100000),SubmitF(0000000011001100,1101011100000101,1110011000010101),If-Tag(1010011101010101,0001010111011000,0010010110101111),TestNumLess-Tag(1001110001000100,0001011100010010,1000011111101001),SubmitC(0110101011110010,0010110010010001,0100111110010101),IfNot-Tag(0001011001111000,1010000101101011,1000001100010000),SubmitD(0011010011010100,1010000000011100,1000011001110011),Close(1100011001001010,0010111000001001,1001011111010100),Countdown-Tag(0000011111000000,0011101111001110,1001111011000110),SubmitB(1001001110010111,0100000110111100,1000010000111110),TestNumLess-Tag(0110101100001011,1111110110101001,1000100111000110),SubmitA(0000101110000110,0001101011001111,1001011011101111)]"
PROBLEM_grade__ARGS_TAG_BF__MUT_005,6411,grade,Tag-BitFlips,0.005,0,True,64,500,291,"[SubmitF(1011001001100000,0100010101001000,1000000001100010),LoadThreshA-Tag(0110001110110011,1001001001010111,1011010101101000),TestNumGreater-Tag(0011101000101000,0000001100101110,1011010001101010),Set-9-Tag(1101111010100110,1001010111111000,1101110010100010),Set-14-Tag(0011010101100100,0111101101110001,1111010111101010),LoadThreshC-Tag(1111100010010011,0110000011011001,0010011010101111),Inc-Tag(1000111000001110,0000010101001111,0000011111100010),Set-6-Tag(0110010111110011,0000000110110101,0111110110000000),Set-1-Tag(0001001111110111,0000001010100101,0010001100100110),TestNumGreaterTEqu-Tag(1000000001101111,1011000111110001,1010100100100011),Sub-Tag(0101101001111011,0001110100011111,1011000110011010),Set-9-Tag(1100000100110110,0100011101110011,1000001011000011),LoadGrade-Tag(0111001110111110,0000100011100001,0000101100011110),Not-Tag(1110110110000000,1100101110110000,1101001101000010),LoadGrade-Tag(1001101000001101,1010011111000101,1110110111100011),Mult-Tag(1100000111100100,1010101111111111,0000001101010010),Sub-Tag(0111110100111100,1011110011001100,1001000100110001),Mult-Tag(1000010100100000,0010101010101111,1100111101100001),TestNumLess-Tag(0111001110010101,0111111100001000,0000000011111010),Div-Tag(1011110010010111,0100100000111100,1001000111010110),Set-0-Tag(0111010001010110,0000100011110010,1000010011100010),Set-5-Tag(1000111110111101,1011101001010001,1001111000111001),TestNumLessTEqu-Tag(0001101100001101,1100101001111011,1110001010110100),Set-16-Tag(1100110001001010,1100111011110001,0010111001011111),TestNumLess-Tag(1000011111110111,1000101101011001,0101101110011111),Set-2-Tag(1100011011111000,0000110000011000,0000100010011001),LoadThreshB-Tag(0111001100011100,1100000000111111,0000101011000110),Mod-Tag(1111001010001111,0101011100101000,0100110010011001),LoadThreshB-Tag(1000110000111000,1110000001001101,1110001101100001),LoadThreshD-Tag(1010111011011100,1001011101100000,0000100001000010),LoadThreshB-Tag(1001000110000100,1001101111010010,0110010110110010),Inc-Tag(1101000111111001,0000001110100101,1010101000110100),While-Tag(1101011100011001,0110001111110100,1110110100011100),LoadThreshB-Tag(1101011101010101,0001010011111100,0111010000011001),TestNumLessTEqu-Tag(1100010001010011,0011101001110010,1111110100100111),Floor-Tag(1010110111001000,0110111111100101,0101010101001011),Set-7-Tag(1001100111001101,0100101100101010,1101001100101111),TestNumGreaterTEqu-Tag(1111000100001111,1011011001010101,1101111100100001),Set-15-Tag(1001000000000100,1010110101000000,1000000000100111),SubmitF(0000101000101010,0100101011011001,0110000110001011),Sub-Tag(1010001011010111,0110011100111101,1100010000110001),While-Tag(1000110111101111,0011111111010001,1110111000101000),LoadThreshC-Tag(0101010001111010,0101101001101100,0111101101001001),Set-16-Tag(0011100111100001,0000101010110101,1010101101010001),Mod-Tag(1011110000100001,1111111101010001,1000100001000111),Set-6-Tag(1011000001000001,1010101101001111,1100110111000110),Floor-Tag(0000100010010010,1000110001000111,0111010011000101),SubmitA(1011101001011100,1111010101110001,0111110100000010),SubmitB(0010101000100110,1010000010101110,1000000010010110),TestNumLessTEqu-Tag(1100011011001011,0100001101110101,0000110011010111),Set-3-Tag(1010110111100000,1001101000101101,1001111111000000),Inc-Tag(1001011010011111,0000110111011101,1101000000010110),SubmitC(1111110001110100,0001110001110100,0000000101010101),Set-12-Tag(0011011001101010,1110011000101111,0001011010101010),Set-13-Tag(1000111010111101,0100001111000000,0000000010010110),Set-0-Tag(1010101110100001,1110111011001111,1001110111101011),IfNot-Tag(1111011010110001,0101011101000110,1000010110101111),Set-8-Tag(1011110000010000,1000011010010110,0100000010001000),Sub-Tag(1110000000111111,1011010011101111,0000000000001101),Countdown-Tag(0100000010111000,0001011001011010,1000100001110010),Div-Tag(0100001010010000,1010101100111100,1110011011110000),TestNumGreater-Tag(1010101110111001,0100001010101001,0110100011110001),SubmitD(1000111010000100,1000110001100101,0001000001100100),Sub-Tag(0011001110001000,1100101000001000,1100101001001010)]"
PROBLEM_grade__ARGS_TAG_BF__MUT_005,6412,grade,Tag-BitFlips,0.005,0,False,NONE,NONE,NONE,"NONE"
PROBLEM_grade__ARGS_TAG_BF__MUT_005,6413,grade,Tag-BitFlips,0.005,0,True,56,488,136,"[Set-10-Tag(1000110100011101,1110010001100010,0111111100110100),Close(0101011100100101,1000101011100011,0000000110110101),Close(0000110111110001,1101011100100001,1010100000101010),Break(0000000111100100,1101100010010110,0010110111010110),TestNumNEqu-Tag(0010111110111110,1000011101100110,0101001001100010),If-Tag(1011011101011100,1100001010100100,0110011011101010),Close(0000011010110010,0001110010110111,0100000101010001),LoadGrade-Tag(0110100000101011,0001010101001111,1101000101100101),Set-14-Tag(0100011011101101,1000011010101001,1001000101110000),LoadThreshD-Tag(1001010000100101,1110000110101001,0011111000011100),LoadThreshB-Tag(0100001100001110,0101010001101101,0010011000001000),Close(1010111010000111,1000011101011001,0011100100100010),TestNumGreaterTEqu-Tag(0110010001101000,1000111110000111,1011101111100111),TestNumNEqu-Tag(0000010011000001,0000100000001110,1001011000000110),IfNot-Tag(1101111000111100,0100010110010010,0000000100110100),TestNumGreaterTEqu-Tag(1100111000110111,1110001101010100,0011011000111001),Close(1001100011101100,0000000010101000,1111001110010001),Set-9-Tag(1110011111110101,1100111111010001,1101101000001111),Set-16-Tag(0111000001010000,0100001101101011,0010100111000100),SubmitA(0000010100011111,0011101000101110,1001010111100111),If-Tag(1011011010110001,1110101000111111,1110011100101010),Not-Tag(1100001001000000,0000011001111101,0101010000000000),SubmitD(0001111000110101,1101101000111010,1011011001100001),Mult-Tag(0111101100111100,0000010100101110,1001001011111001),Set-8-Tag(0110001101101011,1111110100010101,1010110101011111),Mult-Tag(1101011010000110,0000100101100001,1000111001000100),Mult-Tag(1101001011000011,0001110110100111,1011110110011100),LoadGrade-Tag(0110101100011100,0101111101000010,1011011001100100),Countdown-Tag(1111111110010110,0110101000011000,0101110110101101),Floor-Tag(1011110000110011,1011110010111110,0100001011011000),Set-10-Tag(0111110001111111,0100000100110100,0000001111010111),Set-3-Tag(0111101000001010,0101000111000101,0101010011011110),Set-3-Tag(0101100110111111,0000000101101111,1001111001011111),Inc-Tag(0001011001011101,1010001010101110,0111110001100011),SubmitB(0100111100111011,0110010100000001,1011110010010000),SubmitB(1101110111011001,1001110010110101,0010010111110110),Set-4-Tag(0110110111011110,0010111110001100,1001001110111100),LoadGrade-Tag(0100011110001010,0101011001100100,1101100100011111),Set-12-Tag(1101110000001100,0111111101100110,0000011101110111),LoadThreshD-Tag(0001010010111010,0100101001000011,1010001001000111),LoadThreshC-Tag(0000000001011101,0001000100010000,0100000111010001),Set-10-Tag(0101101010010110,0100011110000000,0110100101010101),Set-10-Tag(0000010110010001,1001111010010001,1011110111011110),TestNumLess-Tag(1010010100001010,1000000110101111,0110101111011011),SubmitC(1110100001100010,1000110011011001,1110001110111011),Floor-Tag(1011100000000100,1011101011100101,1011011100011100),LoadThreshA-Tag(1111100101101101,1011011001111011,0010000011001010),LoadThreshC-Tag(1010110110000110,0010011011111100,0010001101110101),SubmitB(1110010110111000,0000011111101011,0011001101101110),Set-9-Tag(0100101011110100,1101010011001001,0000000101110111),SubmitD(0110010111001100,1011100010011100,0000101101000000),Mod-Tag(0110010001010001,0010101001111110,0111000010011101),Countdown-Tag(1111110111111011,0001000001110101,1001100011100000),Dec-Tag(0101011011110010,0010110101010000,1101010111101000),While-Tag(1001100111110000,1100000011010110,0011011011000000),SubmitF(0000000010110000,1011111101101111,1001000101101100)]"
PROBLEM_grade__ARGS_TAG_BF__MUT_005,6414,grade,Tag-BitFlips,0.005,0,True,51,419,318,"[Set-0-Tag(0101111100111110,0001110011010101,0110000001100001),Inc-Tag(0010011001011111,1101111110111110,0010001001101100),CopyMem-Tag(0000011111001001,1000101000110010,0001010111111110),LoadThreshD-Tag(0110001011111011,1110000010111110,0001011100101011),Break(0000011011101011,1000100011111001,1010000000001010),Set-14-Tag(1010010000101001,1111110011111100,1001011011101100),SubmitA(1010011110101010,0000001011001011,0001011010001100),Set-16-Tag(1001111110110011,1110010001101001,1011101110110001),TestNumEqu-Tag(0110100011100010,0101110000001001,0100101011111000),LoadThreshB-Tag(0011000000110011,1101110111000101,1101000110111011),Add-Tag(0011001111000001,0110000110111000,1001100100110100),Set-9-Tag(1001000010101100,0011011000000001,1010010101011111),SubmitD(0100100101011111,1110011101010111,0111011010101001),Set-10-Tag(0010110110111011,0011000101110101,0010011000001001),Countdown-Tag(1001010100111000,1110101000000111,1100111000010010),Dec-Tag(1110001000100010,0101100001110011,1011101111110100),LoadThreshC-Tag(0111100111001101,1100010010010101,1101001000000001),Set-1-Tag(1100001111011101,0000110010110011,0011011101111001),Set-6-Tag(1101011111011110,1010100110110110,0011011101110001),SubmitF(1011100000001110,1010000011011010,1111001100011110),TestNumGreater-Tag(0100111100110011,0110100000111011,1010010101101001),SubmitF(0000100011110110,0010000011010000,1110010000010010),TestNumLessTEqu-Tag(0000110000000011,0001110001111111,1001100010000101),SubmitD(0111101000011100,0000101111111111,0111011101010011),LoadThreshD-Tag(0100010001000011,1101010010001111,0011010100101111),LoadThreshB-Tag(0101010111111100,1001111100001110,1100101100111100),Set-4-Tag(1100110101101000,1010111000010011,0010001100100111),Set-13-Tag(1001111011010101,1010001000011111,0111000100010101),While-Tag(1010011010010101,1110101110101100,1010010101010000),TestNumLessTEqu-Tag(0100001000110100,0010101001011110,0010011010011100),SubmitC(0010001101011001,0001110000111011,1111011010011110),Set-4-Tag(1100001001111110,1110011101011011,0000010110110110),Dec-Tag(1111001101010111,0100100100110010,1101100000010110),Set-10-Tag(1011001001110011,0101100100000000,0010001110000000),Set-13-Tag(1011001101001000,1001110010110000,0000000100001100),Sub-Tag(1111100000101111,1011011010000101,0101111110011100),SubmitA(1001101010100100,0010110000110001,1010101100010100),Set-9-Tag(1010010011111101,1000000011100001,1010111010100111),SwapMem-Tag(1100111100101110,0001010000011010,0110011111111101),TestNumLess-Tag(0100110000011111,1100111000110101,0111001000111010),IfNot-Tag(0111101100100000,0101110110011000,1000110101011101),LoadThreshD-Tag(0111011011000011,1111110101101010,1000001100011100),Set-14-Tag(1011111101100000,1011000010111011,1101111011010000),SubmitD(1000111111010011,1001011011110010,0001111010100001),IfNot-Tag(1111111000001111,0000001111100101,0010000100110111),SubmitB(0011101101010101,0101101110111011,1001000011011100),LoadThreshD-Tag(1110100111010111,0001100011111010,1011111001001000),SubmitB(0110110101000011,0100001000011110,0010100110011011),LoadThreshB-Tag(0011011000000110,0100000000010101,0011101101011001),LoadThreshA-Tag(0101110101100100,0110000110001110,1110100101011001),Set-10-Tag(1011001010010111,1000100001101100,1000010110010010)]"
PROBLEM_grade__ARGS_TAG_BF__MUT_005,6415,grade,Tag-BitFlips,0.005,0,True,40,481,402,"[Set-7-Tag(1011101110110001,1100001110110110,0011010001100111),SwapMem-Tag(0010100011011001,0100100000000110,0011000001110101),Sub-Tag(1001001011010001,1000000100001110,0110111110000001),Div-Tag(1101111111111011,1111001011001111,1100001111111010),Sub-Tag(0111011100110110,0010011111011001,0000001010000110),Inc-Tag(1001001010011100,0011110100110101,0110110010101011),Div-Tag(0100010100011101,1101111110001001,1101001101111111),Mult-Tag(0110001100100110,0111000110011000,0011111111100010),SubmitF(0100100000101101,0000001101101001,0010110011100101),LoadThreshC-Tag(0001000000010101,0110000000111111,0011001101000101),Close(0101110100011001,0000110111100000,0000110111101000),Set-7-Tag(0010100100111111,1000001110110100,0110011000001000),Set-6-Tag(1100110111000010,1101100111011110,0010101010011000),LoadThreshA-Tag(1010110011001111,1010111110010101,0010101010111011),If-Tag(1101011111010111,1100101001100010,1000010111000000),TestNumLessTEqu-Tag(0111111000001101,0001101100010111,0010100011010000),LoadThreshA-Tag(0000001111001011,0010000110101000,0100110001101000),TestNumGreater-Tag(0010111000010011,0100100010010000,1100010010100000),TestNumEqu-Tag(1110010110010010,0100111000000110,1000101111000001),If-Tag(1110001001110100,0101110101011010,0111011101100111),SubmitD(1111011111110101,1111110110111001,0010001001000101),Set-10-Tag(1100001110000011,0011100110011100,1011000100010000),LoadGrade-Tag(0100100011111011,1011001010010000,1101010010101001),SubmitC(1111001010000000,0110000011011000,1001000010001000),TestNumGreater-Tag(0111000011110010,0101011100111011,0010011001001001),TestNumLessTEqu-Tag(1101100100101100,0011011011000000,0111110100101000),SubmitA(1011010101111111,1101000001000011,1010000011001011),Countdown-Tag(0110100111111011,1110010110110111,0011110101111010),Dec-Tag(0101001001011101,1101111101001111,1100011010101111),TestNumLessTEqu-Tag(1101011000111000,0010000000000011,0111100010101010),Floor-Tag(1100011111111101,1100110111010100,1001101110010110),Set-16-Tag(0011111000110101,1011000010100000,1110011101111101),SubmitB(1000010000110111,0010000010110101,0010011101110100),Set-13-Tag(0111110010000100,0000010011111110,0001010011100010),Countdown-Tag(1011110111101001,0101010011011011,1110111011100001),SubmitD(1011101000101100,1111111110000000,0010011001001110),TestNumGreater-Tag(0000001011001100,0101000101011111,1001110111111001),Sub-Tag(1101000100001111,0010011011100010,1110101011111011),SubmitC(0101100101000011,1101110010011010,1011011111101001),While-Tag(0011100111111001,0100101010110101,1101100101011101)]"
PROBLEM_grade__ARGS_TAG_BF__MUT_005,6416,grade,Tag-BitFlips,0.005,0,True,23,497,320,"[Set-1-Tag(1001011111101100,1111001111100000,1001000110000101),LoadThreshB-Tag(1010000011011111,1011101001100100,0100001001010101),Inc-Tag(1000110110001110,1101001011010001,1101000011010001),SubmitF(0000001000100000,1000000011110110,1101100010111110),LoadGrade-Tag(0010011010011011,1111100111011010,0000111001100100),LoadThreshC-Tag(0101110000111100,0011011000001011,1100101011110001),While-Tag(0011001000000011,0000100000000110,0101111100011011),TestNumGreater-Tag(0111001000001001,1001101100101100,1001111101110010),Mult-Tag(1011000111010000,1001010001101001,0000001111011001),Set-11-Tag(1001110001101101,1111010010001100,0011011001000110),Inc-Tag(0111011110011100,0001100101001011,1001110011010010),If-Tag(1111100111100110,1001011010111001,0010010100100001),SubmitA(1001110110010011,1011010011110010,1100111010111000),IfNot-Tag(1010001000000111,0001111111010111,0111000010001011),SubmitB(1011000111111010,0010100111000000,0010101010010011),LoadThreshA-Tag(1001110001011000,1101100101011100,1010100000101010),TestNumGreaterTEqu-Tag(1101000101110000,1100000101011001,1110101101010110),TestNumLessTEqu-Tag(0000011000101011,1001010011011111,0111110001110111),While-Tag(1111110011011100,0010110010111001,1010010001100110),TestNumGreater-Tag(0100001001001110,0100111001110100,0011101001010010),SubmitD(1010110111100010,0001001010110101,1110100000011000),While-Tag(1011000001100010,1001101110001101,1000010011100101),SubmitC(0011101000101001,1010110010101001,0001101011000110)]"
PROBLEM_grade__ARGS_TAG_BF__MUT_005,6417,grade,Tag-BitFlips,0.005,0,False,NONE,NONE,NONE,"NONE"
PROBLEM_grade__ARGS_TAG_BF__MUT_005,6418,grade,Tag-BitFlips,0.005,0,True,31,485,126,"[LoadGrade-Tag(1100011100110001,1110100001100100,0011000100011000),SubmitD(0101011101100000,0011000011000100,1011110101000011),Dec-Tag(0101011111110100,0101001101001001,1010110011000011),Inc-Tag(0000011001101111,1001101010101000,0101101100001111),SubmitC(0011000010100111,0011010010000000,1001110011010001),Add-Tag(1101100001100010,0010100011001100,0010011011001001),SubmitA(1000100110000111,1010010000000100,0100010000000100),TestNumGreaterTEqu-Tag(0100010110001001,1111111101110010,0001000000011110),IfNot-Tag(0000100111011110,1100001010001101,0111011000001110),SubmitF(1110000011001001,0101001111001010,1111000111001110),Mult-Tag(1101010011011111,1000111111100111,1110001110100100),LoadThreshC-Tag(1111101110000111,0110000011001111,0011110110100011),TestNumLessTEqu-Tag(0000111001101111,1000100111001111,0010101011101011),TestNumGreater-Tag(0110110000001100,0010011111101111,0111100111010000),SubmitF(1101011101111111,1001110001111000,0001110111101010),LoadThreshA-Tag(1110101000000100,1011000011110000,1111011001101011),LoadThreshD-Tag(1100110001010111,0111000101011110,0101110101011001),Countdown-Tag(0111010110000101,1011000100011100,0010111111111010),Close(0000011110111111,1011110000000011,0101110100001110),Set-1-Tag(0000010011101011,0010001110111011,1001111100010010),While-Tag(0010100101100111,1110001010010000,0110001111100011),Close(1111100001010000,0110100010010000,1001001101010001),LoadThreshB-Tag(0100000001000110,0001110001100000,0100101100000110),Set-16-Tag(0011010101111011,1101000010101010,1111010100011101),Set-1-Tag(0001101011011011,0001010001011010,1100111110011100),While-Tag(0010001010100010,1111010101001110,1011000100010111),SubmitC(0100100110000000,1101110100100111,0010001101010111),TestNumLess-Tag(0100011010101001,0111010100001000,1000001001110110),SubmitD(1110110111111101,1100111010100110,1101010101011100),IfNot-Tag(1010100011101110,0111000110000100,1001101100110001),SubmitB(1110011111101101,0110001111101001,0101100100110111)]"
PROBLEM_grade__ARGS_TAG_BF__MUT_005,6419,grade,Tag-BitFlips,0.005,0,True,36,456,274,"[Dec-Tag(1001101111110110,1011001011111110,0011001111101101),TestNumGreater-Tag(0010101100101110,1111011110101100,0110100010100101),LoadGrade-Tag(1011001100000110,1010111100000111,0100001100111110),LoadThreshC-Tag(1111011101000110,0111101101001100,1100011000110110),SubmitA(0110011101000111,0000000010100001,1100001101110000),If-Tag(1001001010100001,0001101001010011,1010110000101101),Return(0011110011110110,1101011111010010,1010111110001100),Close(0001011001010101,0010100001010110,1111000000111110),Set-12-Tag(1010110001010010,1010110111011000,0111110001010001),TestNumGreaterTEqu-Tag(0011011000010011,1101100101111011,1011000000101011),TestNumLess-Tag(0001101100101000,1001101010001001,0100111100100100),Countdown-Tag(1010110011010111,1111001110110100,0001101111001011),Floor-Tag(0011001100011110,1001000001111100,0111101011011100),Set-6-Tag(1001000010111001,1011111101111010,0110110000011001),SubmitF(0001000011100000,0011001111110101,1010011000110001),Add-Tag(0111111110101011,1111000110010000,0111011101001110),TestNumEqu-Tag(0000100000001011,1101011000001100,0100000000010010),Floor-Tag(1100011100100110,1010111000110010,1101000010011010),Mod-Tag(0011010101111011,0111010101001000,0001011101111101),TestNumGreaterTEqu-Tag(1000101010111111,0011000100010000,1101001000100111),Set-8-Tag(0011110100000001,0001011000010000,1010001011111100),Div-Tag(0101101110000100,0000110010100101,1100110011100011),IfNot-Tag(1100101100000110,1000100110011111,0101011011000111),Set-9-Tag(1011101011010001,1111001110001001,0110111000110101),Mult-Tag(0101001110111111,1011100110111011,0010110110000011),TestNumGreater-Tag(0000001110110001,1101011100110101,0010101001001100),Set-4-Tag(1110011011011011,1010000001001001,0000110001111100),Mult-Tag(0010000010000000,0111101010001000,1001010101101100),SubmitB(1010000011110100,0011000110010101,1001100101100110),Set-16-Tag(0101011011011011,1111111000011011,0111010110101100),TestNumGreater-Tag(0100110110100000,1101110111100101,0000010011101001),LoadThreshC-Tag(0011101101111111,1011110100000010,0001010000011000),SubmitC(0111010110101000,0101010100111010,1010111110100001),TestNumNEqu-Tag(1111000110110111,1111111000111110,1010100100101010),If-Tag(1100100101110111,0010001111100010,0000000100110000),SubmitD(1100000010100000,0000111111100000,1010001101101000)]"
PROBLEM_grade__ARGS_TAG_BF__MUT_005,6420,grade,Tag-BitFlips,0.005,0,False,NONE,NONE,NONE,"NONE"
PROBLEM_grade__ARGS_TAG_BF__MUT_005,6421,grade,Tag-BitFlips,0.005,0,True,38,340,152,"[TestNumLessTEqu-Tag(1100010111010001,0000111000000010,0101011111010101),Close(0101011111011001,1011010100000001,1110111010110111),IfNot-Tag(0001100001001100,0110110111111000,1101000001001111),Set-1-Tag(0000110011001101,1010110101101000,0000100110000110),LoadGrade-Tag(0001101000110100,0001010110011100,0110011010111101),SubmitC(0111110011000010,1011111101000110,0101001000000000),Add-Tag(1101001011100100,0100101101000110,1101010011111110),TestNumGreater-Tag(1110101101011111,1001000000110011,0010101100010100),Close(0100011101111100,1100110111011100,0100000011110110),If-Tag(1010111001010101,0101001111110101,0101110101001001),Return(0011100011111100,0111010101111000,0100101110101000),Close(0110111110100110,1110100011000101,1001111100110100),LoadThreshA-Tag(1001001101011111,0001110011011110,0000101110001110),Set-8-Tag(0100110010010101,1000110000011001,0000011101001100),Set-8-Tag(0100110011010100,1001011101010000,0101001101110100),SubmitF(0001000100111000,0000101100111100,1000100100010111),IfNot-Tag(0100000100100000,0110110110110010,0111011110010111),TestNumLess-Tag(0010111110001001,1011111000101111,1001100001000011),Set-7-Tag(1000101010011001,1000101100001001,1101111000001010),TestNumEqu-Tag(0011000100001000,1001000111110010,1111011000111110),Close(0101010101101101,0011111010100101,1100001101101100),SubmitA(1100110101100011,1101111000100111,1111100100101101),TestNumNEqu-Tag(1011001010101001,0001101000111001,1110101111011101),If-Tag(0010110010000111,0010000011001101,1000001111000111),SubmitF(1101011001001101,0100101110101000,1011111010111111),Set-12-Tag(1101000111100001,1101110111100101,0001001111101101),LoadThreshC-Tag(1000100011000110,1011010111100001,1000001010000001),While-Tag(1100001000001001,0100011111110101,0011001110001001),SwapMem-Tag(0110010000101101,1001101101011011,0111010000100100),Set-12-Tag(0010100101011000,0000111101011101,0010100111000100),CopyMem-Tag(1000101011010111,1111000011000001,0000010100101000),SubmitB(1010010101101111,1111100011011000,0001011011010110),Set-3-Tag(0001001100011010,0011101010101111,0001000010001101),LoadThreshD-Tag(0010011101111110,1011011110010001,1101101000100000),Sub-Tag(1000001000011001,0010010111101100,1000100010001010),TestNumGreaterTEqu-Tag(1101000011100100,1100101011110110,1010001101000110),Set-5-Tag(1000110011111111,0100010001000000,1001101101110111),SubmitD(1001111100101110,0000010010110111,0111001000001001)]"
PROBLEM_grade__ARGS_TAG_BF__MUT_005,6422,grade,Tag-BitFlips,0.005,0,True,70,448,186,"[LoadThreshB-Tag(1101000110001101,0000110010100000,0001110010000010),Close(0110011100111110,1000011001111001,0101100100101000),Set-13-Tag(1000110110011010,0110011100011011,1001001100011111),Set-5-Tag(1111111101010110,1110001010100101,0110100011010110),LoadGrade-Tag(0101010011011001,1111010010111011,1101111000100000),Set-1-Tag(0011010101001000,0001111001100000,0100100001100111),LoadThreshA-Tag(1010100000100101,0101111100101110,1101000011110000),SubmitA(0111000100100001,1001001100110000,0111001000010100),Set-1-Tag(0010000110111000,1100110011110001,1011000100011010),LoadGrade-Tag(0010101111110000,0111110000100011,0000110001011000),CopyMem-Tag(1000010110111010,1011111101101111,1100100100111110),TestNumGreaterTEqu-Tag(0001110001110110,0011101011001011,1000001111100111),Set-12-Tag(0100101110100001,1000100110101000,1010111101111010),Set-5-Tag(0010001001111110,1110011000100111,0000000100111010),TestNumEqu-Tag(1101101011100111,1001110111110010,1010010100100001),Floor-Tag(1000111011011110,1010000111010000,1011010110010101),Mod-Tag(0110010111101011,1100001011010000,0000101010111011),LoadThreshA-Tag(1001000101110100,0100000001111101,1111110100101110),Set-14-Tag(1101000010011111,0011011001011100,1111001110101000),Sub-Tag(1110011111010010,1011101100000110,1100110001010010),LoadGrade-Tag(0111010010011000,1000000000000100,0000100000101110),TestNumLessTEqu-Tag(0110000000110101,0010011100011101,1110101001011100),Add-Tag(1001011111100111,0100101111010111,1100010010100001),SubmitF(0010101000101110,1111000010101101,0011011100101001),Set-9-Tag(0111010110111100,0100110101110011,0111000100001010),TestNumGreaterTEqu-Tag(0010111110101011,0100110000110001,1110010101011010),Div-Tag(1111011010001110,0110001001000100,0111001101110100),IfNot-Tag(1110101101011100,1000110111110011,0101101000100000),SubmitD(1110010011000001,0001001111110010,1110010110010110),Close(0110101110001101,1001000001000100,0101010010001101),LoadGrade-Tag(0101011110011101,0010110000011000,0000110011110000),Countdown-Tag(0011100011011000,1101110110110001,0101001101111010),Set-1-Tag(0110011000011000,0100010110101000,0001110101101101),Set-0-Tag(0110110101101111,0100110100111001,1101000100010011),Set-3-Tag(0000000101111001,1110011000100010,1011100001000001),Set-1-Tag(1111110101100001,1010110011000011,0110010101100110),Set-4-Tag(1011111010100010,0000111111011000,1011011000000011),Div-Tag(0001101001000011,0000111100100011,1001111001100110),Dec-Tag(1110001000110000,1101000101110100,0000110100000111),Set-2-Tag(0011001011101110,0110011001000011,1010001001000110),Set-14-Tag(1011000001010100,1010110001000000,1010011011110110),TestNumGreater-Tag(0100000010000010,0010000001011010,1011111000011111),Set-8-Tag(1010010110010001,1001001000010111,1011110101010011),Add-Tag(0101000001110010,1001001111010111,0100000010101101),SwapMem-Tag(1100001011100101,1100100100011000,0111011000001101),TestNumLess-Tag(0110000111110000,1101110010111101,1010111000010100),Add-Tag(1011001001110100,1111010110011001,1011001111000000),Set-6-Tag(1101011001111010,0000001001010001,0101011001010011),LoadThreshA-Tag(1111001001110010,0010111110000111,0110110000000111),Set-15-Tag(0011110111000000,1111101111100010,0000011000110101),LoadThreshC-Tag(0001000000110001,1000010010111110,0110000000101010),Set-13-Tag(1100100000100001,0001100101101100,0010101110101111),Set-5-Tag(1110011101100100,0010000000001001,1011011101001110),LoadThreshB-Tag(0100011111110110,0001000010100101,0111100011101110),SubmitB(0100111001010110,1000101111001001,0001011110111101),LoadThreshD-Tag(0100101110100101,1100110000010010,0111011100000000),Mult-Tag(1111001101010011,1001101001001011,0110010010100101),TestNumGreaterTEqu-Tag(0100110110000000,1111111101001101,1100101111010001),Set-14-Tag(1010111001100110,0100000111011000,0001011110110001),TestNumGreaterTEqu-Tag(0001100010000111,0001000001111100,0000110101010100),Close(1011101111001000,0011010101001111,1111011010101011),TestNumGreaterTEqu-Tag(0001011010001011,0011001110110001,0000001000010000),TestNumNEqu-Tag(0101101110100001,0001111111110100,1110111001110000),Set-12-Tag(1000000010001011,1100110101110011,1101010101000010),Sub-Tag(0100000110111010,1001001101010011,0110101110110101),Mod-Tag(0011101110101100,1100101000100110,0110001101110001),LoadThreshD-Tag(0001111100011111,1011110110101000,1001101110100011),SubmitA(0001000011011000,1100010011011101,0011110010111010),Countdown-Tag(1010111100100010,0010110111010100,1000110001101100),SubmitC(1000000010110111,1101101010010111,1100101101111101)]"
PROBLEM_grade__ARGS_TAG_BF__MUT_005,6423,grade,Tag-BitFlips,0.005,0,True,32,174,160,"[TestNumGreaterTEqu-Tag(1001000011110110,1010101101010010,1001110110100100),LoadThreshD-Tag(0010100101001001,0100100111110110,0110000101111101),Mult-Tag(1101111010100110,0000111100001011,1000100011110000),Set-7-Tag(0011000101111000,0000001010001001,0101001111111011),SubmitA(0010101111011101,0110110101111011,1101100010111110),LoadThreshA-Tag(1000101111000011,1001100111010100,1000010111110110),TestNumLess-Tag(0001011010001110,0100001001010011,0011111011000000),Div-Tag(0111100101011100,0011001011000010,1110111001101110),Inc-Tag(0011010100001110,0001101110100011,1100101101111101),Set-3-Tag(0011011001110101,1100100110110101,0110000010101110),Set-8-Tag(1001010101000101,1110000110101000,1010001101001001),Mult-Tag(1111110111111001,1101111001111010,1111001100000010),While-Tag(0011010000000011,1100110110010010,0110011000111001),SubmitB(1011101101000010,1010101110100000,1101101111000110),SubmitD(1000110101110001,1010101111001100,1111000100101110),Div-Tag(0101111000011000,0100000001100010,0110110000011101),LoadThreshB-Tag(0101000101110010,1011101001011110,1010110111000110),TestNumGreater-Tag(1000110100011111,1001011110111111,1110011110001010),LoadThreshC-Tag(0011100010100101,1011010111100101,1110000010001100),Set-14-Tag(1110010100100011,1010111111001011,1101011111001010),SubmitF(0000110101101100,0110011101010111,0010000101010111),Inc-Tag(1110111100101100,0111001010011100,0000101101000101),CopyMem-Tag(0000100101001000,1110011001110110,0110100001101101),Sub-Tag(1001100101000101,0101111100111000,0110110001010001),TestNumGreater-Tag(1111001001001010,0101011001110111,0000001110110010),SubmitB(1111110110010011,1110011011000101,0111001110101001),While-Tag(1111001111000101,0001110010001111,1111011011000010),SwapMem-Tag(1110111110101000,0001011000100100,1111101010001011),SubmitC(1110111000101100,1010000111101101,0000101101101111),Mod-Tag(1110101011010010,1011010001111100,0111001010111111),Mult-Tag(0011110101010111,1000111101000011,0100100101101101),Break(0000011000001100,0111010001010100,1111010001011001)]"
PROBLEM_grade__ARGS_TAG_BF__MUT_005,6424,grade,Tag-BitFlips,0.005,0,True,25,396,122,"[Close(1001111100110101,0000010001011110,1000001010000100),SubmitF(0100001111111001,0100001111000000,1010111101111011),SwapMem-Tag(1110000100111011,0001111001110110,0011110101010110),TestNumLess-Tag(0010101110000110,1000000111011010,1011001001101000),While-Tag(0011010111011111,1100110100000100,1110011011000011),TestNumGreaterTEqu-Tag(0011110100001111,0001001101110010,1011011101110000),LoadThreshB-Tag(1100000011100011,1100111111001010,1100111110000100),SubmitA(0110000000011011,0011111100001101,0000111111100001),Set-13-Tag(1000010110001011,0011000001000111,1111111101001010),TestNumGreater-Tag(1110001101001011,0100011000000110,0110000101101000),LoadGrade-Tag(1000110010111011,1000011101011010,1010001110111011),TestNumLessTEqu-Tag(1011001111110101,0100010110110010,1101100011100100),Mod-Tag(1101010010010011,1000001100110100,0101000001111000),While-Tag(0001000100011110,1100010101000000,1110100101011110),SubmitB(1110011111110101,1101001011101100,0110110001010100),Mult-Tag(1111101010010100,1100010110000011,0011111100001000),Div-Tag(0110100111101011,1101111011111010,1111111101111100),While-Tag(1111111111001111,1110101011010011,1000100001101101),SubmitC(0000110110000010,0000011010100000,1100010011011001),While-Tag(0111101110110100,1111010001101111,1000000110010101),Close(1001000100111001,1110011010001010,1001010101110010),SubmitD(1010111100101101,0010010111110111,1000100011110001),Countdown-Tag(1001110011101000,1101110001000100,0100111001110110),While-Tag(0110101100011010,1010100111000011,1111011001000001),Dec-Tag(1010000101110010,0000100100011011,1100010011110100)]"
PROBLEM_grade__ARGS_TAG_BF__MUT_005,6425,grade,Tag-BitFlips,0.005,0,True,55,470,310,"[Inc-Tag(0001011110001100,1010101011101101,1110010101010000),Add-Tag(1110000111100101,0000011001111001,1000011001110100),CopyMem-Tag(0000111100000111,1011111011010101,0100110100110110),While-Tag(0001111010101110,0011110110001010,1111011010010100),Inc-Tag(0011000101010101,1100001101101100,1110000100001100),TestNumLess-Tag(0011111001011001,0001010100000001,0001011000100101),Not-Tag(0101101010010001,1110001101011001,1101111110000011),LoadThreshD-Tag(1101011100101000,0101100101111011,1011100001101101),SubmitD(1110010011010101,1111101111010101,0100001000011100),Countdown-Tag(0100010110110001,1001111100001011,1101001101111111),Div-Tag(0011011011001111,0111111001100100,1000111001001001),TestNumGreaterTEqu-Tag(0101011011010100,0100000001011111,1000100101001001),CopyMem-Tag(1000000011101011,1000010110101100,1100000100001001),SubmitF(1111000010101010,1000000110010100,1000111111011111),Sub-Tag(0100011110001001,1010101110101000,0001100000111001),Set-16-Tag(1101000100111000,0110101101110001,0100101001010011),TestNumNEqu-Tag(0101111010001111,0000011100000001,1000000011010110),LoadThreshB-Tag(0011010001111011,0011100100000100,0011111111111000),TestNumGreater-Tag(1010011001011001,1100011001101101,0101000110001010),SwapMem-Tag(1100110001010110,0000010001011001,0100100010100001),SubmitD(1010110110100101,1011010011010000,0111101010101111),Set-12-Tag(0110110001110111,0010001100100110,0101001011111101),SwapMem-Tag(1111011100101000,1111101010110101,0111010011011111),While-Tag(1001110111000001,0101110011101011,0001100010000010),TestNumLess-Tag(1100111111011011,0000111000001011,1001101000011101),LoadThreshB-Tag(1111010101010111,1011111000001001,0001100000001111),IfNot-Tag(0011111011000010,1011110001011000,1000101010010110),TestNumLessTEqu-Tag(0111101100100000,1111110010010111,0101011001011100),TestNumLessTEqu-Tag(1011110100100011,0110101001000001,0111001111001100),Not-Tag(0011100110110110,1000100111100000,1001110011011100),Set-14-Tag(1000111001010101,1101111101110001,1111101000011111),Not-Tag(0110111110011111,1011110011011001,1011000000101001),SubmitB(0011110100001011,1001110101011101,1111010010100110),LoadThreshC-Tag(1001011110110000,0010111011001011,1000100111001110),Set-11-Tag(1101110101010000,1001000101101000,0101100100100010),Set-1-Tag(1100011000100101,0001001101011111,0100101100101100),LoadThreshC-Tag(1010000001001101,0100110011001001,0001111100000011),If-Tag(1100111110011101,1101100010001000,1101110010100001),LoadGrade-Tag(0001001100101011,0010101101000010,0000110100011100),TestNumEqu-Tag(0000010111111111,0111000010011111,0101110111101111),Set-2-Tag(0111111110001100,0110000101000110,1101000111001001),Set-1-Tag(1001111111010110,0011000011000000,1111100111001100),If-Tag(1001100100011011,1010100100000010,0001000110101100),SubmitA(1001011101010011,1100111011011001,0011011000111000),SubmitD(0010010101111110,1010110000101000,0101111111000101),Set-5-Tag(1001001000100101,1011110100111011,0110101101111101),SubmitB(1100110001011111,0000111110100101,1101011111011010),Close(0110110010110001,1011010100000110,0010011001101110),Close(1010111010010100,1100110100010010,0010010011101100),Set-5-Tag(0000000000111011,0010011100110010,0000100101110000),LoadGrade-Tag(1111000100001101,1001100111100100,0001101100001100),SubmitC(0001010100001000,1001000110110100,1100001111011111),Dec-Tag(1010011000010111,1111111110111111,1110111100110001),TestNumGreater-Tag(0011100100011110,0011101011010101,1110011000010110),SubmitA(0110111101011011,1001011010110001,0100011110000110)]"
PROBLEM_grade__ARGS_TAG_BF__MUT_005,6426,grade,Tag-BitFlips,0.005,0,True,30,342,342,"[If-Tag(1101011101100010,1011101000011111,1101001110101110),Close(1000111110111111,0001101101111101,1001001001000001),Dec-Tag(0111000010010010,0111111001000100,1101000100010000),Close(0011101100101110,0111101110110001,1011011111101011),SubmitD(0100100000000011,1001110000010100,1100001000011000),TestNumLess-Tag(0010001000100000,0000111000000100,1000000100100001),While-Tag(1010110110110111,1101011101110101,1000000101101110),LoadThreshD-Tag(1100000011110110,0101011111010010,0010010010111100),LoadThreshD-Tag(1101101110010011,1011011101111000,1110100001000101),TestNumGreater-Tag(0101110111100000,0010011111000111,0111111100000000),Set-9-Tag(1010010101110011,0100101010100010,1100001010111010),Set-4-Tag(0010011101010011,0000010001100111,1101010101000111),SubmitB(0001110111001111,1000111110010110,1011110110101100),Div-Tag(0001111001011011,1111001111101100,0011100100100001),While-Tag(1100000101110100,1011110110101111,0000001010001111),SubmitC(1100111000101000,1000111101011000,1011110101110000),Close(0010101010101101,1011100010100100,1111101010000000),SwapMem-Tag(1111110011010110,1011101000001101,0010010111011111),TestNumGreater-Tag(1110010000010001,0110100000000111,1101000110011001),Set-4-Tag(1001111100001011,0101100001001010,0101001100101010),SubmitA(0100100001010011,0100110101111111,0000010000100101),Div-Tag(1110101110110001,0101100010101111,1000001000100000),Set-7-Tag(0111101111001010,0000010101011011,1100110000001011),Mod-Tag(1001100001001010,1000000100111010,0011010110101101),Set-9-Tag(0010111010111110,0000101001101100,0101011101100100),Mult-Tag(0010111010111011,0010001111010110,1001001101010010),Close(0010010110100011,1001100001100100,0010010100110010),SubmitF(1100100011001011,0010111111001000,1101111011110101),Countdown-Tag(0001010111010100,1110001100001101,0010100010011000),TestNumGreater-Tag(1110100010000001,0000101110101111,0100110111110101)]"
PROBLEM_grade__ARGS_TAG_BF__MUT_005,6427,grade,Tag-BitFlips,0.005,0,True,15,469,134,"[TestNumGreater-Tag(0110010111111111,0000111010101010,0001001001110110),TestNumLess-Tag(0000101001001101,0000010010010100,1010001110101100),TestNumLess-Tag(1100101100001111,1001101111000100,0111010000110001),SubmitF(0111010100001100,0001100110101101,0011011111011101),IfNot-Tag(0011010101101101,1010100001111011,1010101100011111),LoadThreshC-Tag(1001101010100110,1011010000011100,0000101001100001),TestNumLess-Tag(0010111101011001,0101101011100110,1100110001010101),SubmitD(0011011111001110,0001011010000100,1011111110111110),IfNot-Tag(1101000111110100,0000101111111011,0100000110101111),SubmitC(1110000011110010,1101101000001110,1111111110110101),While-Tag(1111010011100100,0001000100000001,0101111110011111),Close(0000111010011010,0000100010100111,1110011110100001),SubmitA(0100100011111011,1111100000001111,0110010111011110),While-Tag(1011011000110111,0110100000011000,0101100001010011),SubmitB(1100000000011101,1110010011011111,0101001011010010)]"
PROBLEM_grade__ARGS_TAG_BF__MUT_005,6428,grade,Tag-BitFlips,0.005,0,True,49,375,104,"[Sub-Tag(0010111111001001,0111111001001110,1100011001000000),SubmitA(0001100010001100,1111111111101100,0011100011111110),TestNumGreater-Tag(1100100110110110,1110001111001110,0010101001000010),While-Tag(0011101001000100,1101011100101001,1001011010011110),SubmitC(0110101000110011,1010010011110110,0110010011100011),SubmitC(0101011000111011,1111111111011010,1110100001010011),LoadThreshA-Tag(0101111000011111,0001111000100100,0101110010101000),LoadThreshB-Tag(1110001101110110,0101000001101101,1110010000110001),LoadThreshC-Tag(1101011111001011,0111111000011111,0000001001000101),Dec-Tag(1001111001010001,1010110111000011,1100000111010000),LoadGrade-Tag(1011100011001001,0100010000001100,0110001010111010),LoadThreshC-Tag(1110110000000010,0101101000110111,1100000100001000),Set-13-Tag(0110100001011101,1010000000011101,1010001110100010),Countdown-Tag(1111110011110110,0100011001100001,0111101101000100),TestNumNEqu-Tag(1010001000100111,1011000111010100,0010000000001001),Sub-Tag(1001010000001001,0001101101010111,0000100010100001),LoadThreshA-Tag(0011111011000100,0110000101000010,0111101001110100),TestNumNEqu-Tag(0001110010000100,1011111010010000,0111000100011000),Set-5-Tag(0111010001111100,0011100111110010,1010010110001001),Set-14-Tag(0100011110001110,1100100000010010,1101100000010000),Dec-Tag(1010000110101110,1110101110010110,0001000010111000),Set-10-Tag(0001011001110011,1000010111000101,1000101101110001),LoadThreshB-Tag(1011100001101001,0111001100000001,1111001100111000),Sub-Tag(1011100101011101,1101000110100111,0101100001001111),LoadThreshD-Tag(1110011011001010,0101011111100011,1000100011010000),Dec-Tag(1001001001010101,0110111101111000,0010001011001000),TestNumLessTEqu-Tag(1100110100110101,1100110110001000,1011001010100111),Set-0-Tag(0110100110100101,0011100100011110,1100010110000001),Set-2-Tag(0010101011011001,1100110100100111,1101011000000111),TestNumLess-Tag(1011101110000001,0111110111001101,1111110110011100),Set-13-Tag(0101011101110001,1010000010011001,1000101101111101),TestNumLessTEqu-Tag(0111100000011100,0110100000001011,1000001011100000),Set-16-Tag(1101000100101111,0011011011001110,0011001010001101),While-Tag(1100011000110010,0100011001011111,1110010110111010),CopyMem-Tag(0110011100110011,0000110000010011,0111001011011000),IfNot-Tag(1000111010111101,0101010011001100,0100100011111100),Mod-Tag(0000100011100000,1000100000001010,1101100110001101),TestNumLessTEqu-Tag(1100001111000001,0111100010111110,0101010001111110),Sub-Tag(0000110100111000,0100010101011110,0011000110100111),SubmitB(0101111101100010,0010001010010001,0011010100100110),Close(0010011110010001,0100011011001101,0101001010001010),LoadThreshA-Tag(1001110100000101,0001000000100101,0110000110000001),Floor-Tag(1000011101000001,0111010001000001,0000001011101001),IfNot-Tag(0100110010110000,1111101000100011,1011110010111000),LoadThreshD-Tag(0110101111110011,0111010010101100,1111010000101011),SubmitF(0100101011111110,1101101010100100,0101111001000110),Set-9-Tag(1000111000001100,0010010111010101,1110011010010101),Inc-Tag(1101011011110100,1111111101001110,0101000001001000),SubmitD(1100100111010011,0100100100010001,1000001001110000)]"
PROBLEM_grade__ARGS_TAG_BF__MUT_005,6429,grade,Tag-BitFlips,0.005,0,False,NONE,NONE,NONE,"NONE"
PROBLEM_grade__ARGS_TAG_BF__MUT_005,6430,grade,Tag-BitFlips,0.005,0,True,22,360,145,"[TestNumGreater-Tag(0011011000111010,0100111000001010,0111000010101001),LoadThreshA-Tag(0010001000101010,1010000100010100,1000100101101000),Div-Tag(0000101111001101,1001011100100011,1011011111101111),TestNumGreater-Tag(1101010011011101,0010111010000110,1001101011101010),Set-2-Tag(1101100010100111,0111101110111110,1000110111111011),Floor-Tag(0111101101111101,0000000111100111,0111111011010001),SubmitA(1010101100111101,0100100100100111,1001000001101110),IfNot-Tag(0011110101111111,0000100001000101,0110000000010001),Countdown-Tag(0101100110100101,0011110001011011,0011011101100011),TestNumNEqu-Tag(0110100111101001,0101110010100011,0101000010100100),SubmitF(0011000001111100,1110011010011101,0011000001001011),LoadThreshD-Tag(0100000010011001,1011100001010110,0101111101101000),Div-Tag(0100011000000110,1101001010110100,1111111111010110),Inc-Tag(1111011101011011,0111100100000110,0000010101100100),TestNumGreater-Tag(1011111111000101,0100110010011000,1011101001101110),While-Tag(1011110101111011,1010110111100110,0100110111000111),SubmitD(0010000110001011,1010000010110110,0011100110000001),TestNumEqu-Tag(0111111111100111,0111101010000110,1110111110111101),Close(0001010000100000,1010010111101011,1010101101111010),SubmitB(1111111010010011,0110111101110111,1011111011010110),Countdown-Tag(0000001001101000,0110111000000001,1001110010101001),SubmitC(0100000000101000,1101011101100110,0111100000000010)]"
PROBLEM_grade__ARGS_TAG_BF__MUT_005,6431,grade,Tag-BitFlips,0.005,0,True,87,442,318,"[SubmitD(0110100001101001,1000000001011101,1011011111000001),Floor-Tag(0000011110001011,1110011101010110,1101100100111010),SubmitC(1110010011011001,0000111011010010,1000001010100100),TestNumGreaterTEqu-Tag(1001111101000111,1011111100011100,1000010000101110),Set-10-Tag(1100010100100001,1111000101001101,0111001100011100),Sub-Tag(1101100111111101,1110111010011000,0011100010101010),LoadThreshA-Tag(1100101111110011,1011101000010011,1010111100000011),CopyMem-Tag(1001000100001000,0010000110100110,1001000101000101),Set-15-Tag(1111100111101101,1101100011110001,1010100011000101),Set-3-Tag(1000010100110011,0110101010110010,1110101001101010),Break(0111110010000011,0110101110001010,1111110100001010),Break(0010001010010011,0110011000110010,1111100000111100),SubmitF(1000101011110100,1001001010100101,1010000101110000),Set-4-Tag(1101000010110110,1110011111011110,0001111000100010),Set-13-Tag(1101001001110000,1001010100100000,0001010111010000),Mod-Tag(1100001000101010,0000101101000011,1011000110111111),Sub-Tag(0000000100000100,0011001011010010,0100101011111110),Set-3-Tag(1110010010010100,1100110101101000,1100110111011110),CopyMem-Tag(0001010100111110,0101011001111000,0110001001011111),Set-14-Tag(1001100110001010,1110110110100000,0101011010101010),Not-Tag(1100100111101010,0011010000100110,0110001010010100),Set-14-Tag(0110111111111001,0100101101111111,0111111101010100),LoadThreshD-Tag(0110001001100010,0100101101000010,1100001010110001),Set-1-Tag(1111001111111011,1100101001110100,1100100000000010),TestNumLessTEqu-Tag(1011000111000100,1011000110100001,0000100001111110),LoadGrade-Tag(0001001000110111,0010000111110100,1111110101000110),LoadThreshD-Tag(0010000001011011,1101000101001110,1001011101110110),SubmitD(0010101010001001,1110101101000110,0011100110000100),Break(1011011111011111,0001001111010101,1010110110111000),LoadThreshA-Tag(0001011011110001,1101110000010101,0110100111010111),Countdown-Tag(0010111010001011,1110010011011011,0011010100110010),LoadThreshB-Tag(0001111100100101,1101111111110010,1010110101001000),SubmitA(0100011101011011,0111100101110100,1100011110100001),Close(1100100100110101,0110010110100010,1000011010111001),Set-11-Tag(1100110000111111,0001101000000110,0100111001000110),SubmitC(1101010000000110,1101001110011111,0010100001100100),Set-9-Tag(0010011010001111,1110100001101101,0001100010101111),Mod-Tag(0011100110100000,0011000111001110,0110010001111111),Mult-Tag(1010110001011000,0000010001111101,0011110001010101),Mult-Tag(1011101111111000,0100110110110111,1010110010110000),SubmitB(0100101011101001,1011000010100110,1101110000010110),Div-Tag(1010111001000010,0010000100110101,0011110010101001),Set-2-Tag(1111000110000101,1110011011001101,1000000001001011),TestNumGreater-Tag(1101010111100101,1010100010000011,0000110110111001),Close(0101110101100001,0011111001111010,1000000110101001),CopyMem-Tag(1100010110101010,1000001110100100,1011111010100001),LoadGrade-Tag(0111111011011101,0001110010010110,1100011100101000),TestNumNEqu-Tag(1001001101010110,0110011100111011,0111100100100100),TestNumNEqu-Tag(1000000010001101,0000011111011010,0011111001001010),LoadThreshB-Tag(1111111101111111,0110100011100110,0101010100110111),Dec-Tag(1010011001111110,0001011110110111,0001011101100000),TestNumGreater-Tag(0011001101000011,1101110011101110,1111011110000100),SubmitD(0001000100001011,0011010010000110,1101000000000000),Sub-Tag(1101101011000011,1010101000000000,0001011000001011),Inc-Tag(1111010011100101,1000110111100010,0101111000100000),TestNumGreaterTEqu-Tag(1111001110011011,0100000000110011,1110111010110100),Floor-Tag(1010101010000010,1110101001111000,1110011010010011),Set-13-Tag(1100101111101001,1000111001101001,0011011111001011),Close(1011010011011101,0100011100001110,0000001011110110),Mult-Tag(0100110001100010,0001111011101100,1101111100000101),TestNumNEqu-Tag(0111011101111101,0111100101001111,0111110001000001),TestNumGreaterTEqu-Tag(1111101000110011,0010110011011001,0110100101110110),Close(0100101001000111,1110111101001001,0010011000100010),SubmitB(1101111010110110,0010100001001011,1010100111110111),Mult-Tag(1011010101111100,0100011011101101,1010111001000001),Break(1100010111000100,1110101010100011,1110001101010111),LoadThreshD-Tag(1100101011011111,1000001001110010,1101101110100101),SubmitC(0000011110110010,1110010111100011,0110111010001110),Set-1-Tag(1000101111001000,0110101101110000,0001110011010111),Countdown-Tag(1010010001000001,0000111001110011,0100111100010111),LoadThreshC-Tag(0001101000001011,1011011110110110,0101010111111001),TestNumLess-Tag(1011001101100011,1110011100001010,0000100100101010),Add-Tag(0100010110001010,0110011010001000,0100111010110111),Not-Tag(1101100111000010,1001000011011101,0010101001100101),SubmitA(0011100100101010,1011110101110110,1101011001001101),TestNumGreaterTEqu-Tag(1101110001101010,1111010111011100,0111000110010100),While-Tag(0100111100101000,0011101011101000,0001100011010011),Set-0-Tag(1011111110010111,1000110011100100,1110100000101010),CopyMem-Tag(0010001000100110,1100001111000010,0111001110101000),Set-14-Tag(0110110001101101,0011000111111111,0101110000100011),SubmitD(0011011000010110,0111100011011010,0010011110000110),SubmitF(1001001111111100,1000100010010111,1100111011111000),LoadThreshD-Tag(0011100000100011,0010101111110110,0110010111000111),LoadThreshD-Tag(1101110011111001,1010101010010100,1100101010011011),Mod-Tag(1111111101101110,0110010011111111,1101110000001000),Countdown-Tag(0001000110111011,0101001010000001,0001101011011010),Break(0001111101010110,1000100010000001,0100000000011011)]"
PROBLEM_grade__ARGS_TAG_BF__MUT_005,6432,grade,Tag-BitFlips,0.005,0,True,53,485,303,"[SwapMem-Tag(0101111110000111,1101100100110010,1010110100110111),LoadThreshA-Tag(0110100011100110,1111111110001100,0010111100101101),TestNumGreater-Tag(1011011110110000,1101111100010010,1000100110101101),IfNot-Tag(1110011001001101,1101101001011001,1000110001100111),LoadThreshD-Tag(0001100011100101,0000010001111001,1000011001100010),Inc-Tag(1110110001100110,0101111011011110,1111011001001110),TestNumEqu-Tag(1111100011010110,1001000001011111,0101001001011101),LoadThreshD-Tag(0001011101010010,0111101110000110,1101011010101010),TestNumGreater-Tag(0010110001110111,1100100111001110,0011001111101000),SubmitF(1101010101001001,1001001101111000,0011111101100000),TestNumLess-Tag(0001001010110101,0100111000010011,1001011100111101),Set-10-Tag(1000111111001110,1001100111000000,1111110010001010),Dec-Tag(0111110000000000,1110011100011100,0010010110011100),Set-10-Tag(0000111000011100,0101111100100111,0011100010111011),Countdown-Tag(1001110100000000,1110111101111100,0001111011111111),Countdown-Tag(1101011011001100,1001111011011000,1100100101101001),SubmitD(1001011100111011,0001110111001011,1101011101100100),Close(0001000011000010,0010011100101001,1010011001011011),Set-13-Tag(1001100010011000,0100010110010100,1100011000001100),Close(0001001000100100,0010010001111000,0001010000100001),Floor-Tag(0001110111101110,1101011001010101,1001000111101110),Mod-Tag(1000110001101100,1101101011111111,1100100111010100),Set-2-Tag(1011010010110011,1000011000101010,0110100110000001),TestNumNEqu-Tag(1000101000000010,0111000110000011,0110110100111011),Mult-Tag(0000111011010011,0010001101110000,0001111001000111),TestNumEqu-Tag(0000011100110001,1001011010110011,1010101100110011),SubmitB(0011011010001111,0000100110000010,1001101110000100),Set-14-Tag(1111011111000001,0100111111111010,0000100010001100),While-Tag(1110110000110101,0011111101101001,1111000001111111),Dec-Tag(1000110110001000,0100000000101000,1101000000111111),Set-7-Tag(0011000011100110,0100111111110101,0000110000100110),Set-9-Tag(1011001110011010,0010010001000000,0100000011111010),LoadGrade-Tag(1000111011010010,0011001100101100,1110110100011100),LoadThreshA-Tag(0110010111101000,1000111111010001,1110000001111001),SubmitC(0111110000111000,1010111101111101,1000001100100010),Set-1-Tag(1110010011001100,1000000111000000,1010111100000100),Set-9-Tag(1110110000101010,1000000000100010,1110110000101000),TestNumGreater-Tag(1010010100100100,1010101011101000,0011111001111100),Set-0-Tag(1011100001000111,0110101101010111,1001101011110101),Inc-Tag(1001010011111101,0011101101000001,0101011100011010),LoadThreshB-Tag(0100100010100010,1000101010110010,1101010100101010),SubmitA(0010111010011101,1010111010010110,0000100011101000),Set-12-Tag(1010001000110000,0110101001011010,0100100000101011),SubmitA(1101111111110100,0101100011011000,0110101100000101),SubmitB(1000110110111001,1101010011110101,1101011010010010),TestNumGreaterTEqu-Tag(1110001101000010,0110000011101001,0100110110111101),TestNumLess-Tag(1010100010011000,1000001111000100,0001110001011000),Add-Tag(1101101111011111,1110110100010101,0011011111110011),LoadThreshB-Tag(1011101110010001,1001011100010101,0100000001101100),Countdown-Tag(0010001000000000,1011111110001001,0110111011101011),TestNumGreaterTEqu-Tag(1011101011000000,1101110001111011,0111111010010110),Sub-Tag(0101110011111010,1100110001110111,1011001000000101),Set-10-Tag(1011101001011111,0010110000011111,0010011011101100)]"
PROBLEM_grade__ARGS_TAG_BF__MUT_005,6433,grade,Tag-BitFlips,0.005,0,True,41,476,342,"[Set-12-Tag(0100110010000010,1000111111110100,0010011011010110),TestNumGreaterTEqu-Tag(1001101100111111,1001011010011000,0011110101010011),LoadThreshC-Tag(1000100010100100,1011111101000101,0011010011011101),Set-3-Tag(1011001101000111,0001110010011101,0110111110111000),Mult-Tag(1101000011111001,0000101001010011,0111010100101011),Sub-Tag(1000001011101111,0101100010001111,0011010110110110),CopyMem-Tag(1001010100111010,0100011110011010,1100111001100110),TestNumLessTEqu-Tag(1000000110100111,0100110110001011,0100111101101000),SubmitC(1011110000111000,0100100111101000,1111011100011100),LoadThreshB-Tag(1101000111100101,1100001101100010,1111010000010110),Dec-Tag(1101100010010101,0101000010101001,0000000010000000),LoadGrade-Tag(0110101010110000,1111100111110100,0111010110000000),If-Tag(0010010011000111,1110100001011101,0111010001101100),Sub-Tag(1010001100000110,0011111111110011,1100101110000001),Set-16-Tag(0100101101110011,1101000000101010,1010100100110101),While-Tag(1101011011110101,1001000001111000,0101101010010111),SubmitB(0111100110100010,0111010001011101,1100010011100101),TestNumGreaterTEqu-Tag(0010010110001110,0101000110010000,1100001110100101),Set-14-Tag(0101000001111100,0011011110100101,1011100010111010),SubmitB(1010101110011001,0010010111010011,1110110110010101),CopyMem-Tag(0101110111110010,0110101111000110,0101010000010111),If-Tag(1010010101001001,0001000010001101,0111001010011001),TestNumLessTEqu-Tag(1110111001101010,0000110000000110,1100111000000011),Close(0111010001101100,1000101110111000,1111000110011001),LoadGrade-Tag(0101010001001010,0111001111000010,0100101010101111),While-Tag(1101111010110010,1100001000010100,1110011011111111),Set-14-Tag(1101100111000101,1000011011101001,1010011100011111),TestNumLessTEqu-Tag(1000011000011101,1001110010111000,0001000001111101),SubmitC(0101011101110101,1111100100100111,1101001100001111),LoadThreshD-Tag(1010100000000101,0110101001010111,0100011000010101),LoadThreshA-Tag(0100100110111011,1100110100101010,0011001101000001),LoadThreshD-Tag(1101000010010010,1000000110000010,0011001001101100),SubmitD(1110000001001100,1100111001001010,0011000111001110),SubmitA(0110010001101011,0110111110101100,0000001011000111),IfNot-Tag(0110100101011111,1010100111111110,1100101010101001),While-Tag(0100110011010010,1100010111000010,0101111110001011),SubmitF(1010000111101010,0100010100000010,1000010010110000),While-Tag(1000000010111110,1110110001100000,1010011110101011),Close(0110011001001111,1110101100111100,1011100011001101),SubmitD(1001001000000101,0101000000100001,1010001000111110),Add-Tag(1101101110100011,0000000100010111,1011111100011101)]"
PROBLEM_grade__ARGS_TAG_BF__MUT_005,6434,grade,Tag-BitFlips,0.005,0,True,46,223,164,"[SubmitF(0001000111101000,1101110000011101,1001101010001110),SubmitF(0001001110001001,0000101011100011,0111100100101011),Set-0-Tag(0101000101101010,1101100111101001,0111100110010100),LoadThreshC-Tag(0011010010011100,1000001001010101,1010001000010001),SubmitC(0001011010001111,1011000101000101,0000100000001111),SubmitF(1111010110010110,1001100000010001,1011100001011001),TestNumLess-Tag(1111000001010111,0111011101111100,1100101111001000),LoadThreshA-Tag(1100100110101011,0011001001100000,0101100000010001),CopyMem-Tag(0001111101001001,0011110100101010,1100011010101101),TestNumLessTEqu-Tag(1011101010101010,0000101100000111,0110110110001000),Dec-Tag(1100011010011110,0011001100001000,1010100100010111),Set-3-Tag(0110100110110111,0001101110101101,1111110101101101),Set-2-Tag(1111000100000100,0100101111010110,0001101101101001),LoadThreshD-Tag(1000001101101010,1100101001011111,1010110101100001),Set-13-Tag(0100010001110101,0101101011010010,0110100011101010),SubmitB(1010111001001101,1111111100111010,0111011100100011),LoadThreshB-Tag(0000101010101011,1000110010010111,1010100100111010),Close(0100011101111011,1000111101100110,0111000001111101),Set-12-Tag(1101110101001101,1001100011110010,1011101011001100),Set-9-Tag(1101011111110100,1011110011010000,1001101111100111),LoadThreshC-Tag(1111011100111100,1001100110111011,1011011100000001),If-Tag(0110010001111000,0011000100110000,1000101101110000),TestNumLess-Tag(0100010010010000,0001100001110011,0111000100110110),Set-3-Tag(0010011111110100,0110101001111001,0011010100110011),CopyMem-Tag(0111001000100001,0110000000001111,1000111111100011),SubmitC(0000010001100101,0110010010001000,1100000100100000),SubmitA(0010101101000110,0110100000001000,1000011000111100),Close(0011110101011110,0100000100101100,0000000000001010),LoadThreshB-Tag(0111111101010001,1010100100011010,0110111111110001),Set-7-Tag(0010001001000110,1011100010011001,1000000111101110),LoadGrade-Tag(0010100010101101,0111110000001000,1100000011000101),LoadGrade-Tag(0000001110110110,1011100100001100,0111001000111001),IfNot-Tag(0110000000001111,0000001011011000,1101011100010111),SubmitD(0011001100010100,1001000101001000,0001000000010110),Return(0011101110000001,0011111101010111,0001110111110011),Close(1110110011110110,1100101101101111,1011111010101100),Dec-Tag(0010011101110100,0001111100101111,1001000100001100),TestNumGreaterTEqu-Tag(0010111111100000,1100000101100011,0111100101110000),Add-Tag(0000101101001011,0101100110000000,1101101100011111),SubmitB(1010110101110010,1100110110110101,0000010101001001),SwapMem-Tag(0100000010010010,0001111010001110,0001011010011100),Div-Tag(1000000101000010,0110110100101110,1001000111101001),SubmitF(1000001001111101,1110001011111010,0001010000111001),Set-15-Tag(1101100000101110,1100101010101011,1010111001010010),While-Tag(1110110100111010,1100101001100000,0111001001110001),Add-Tag(0010001011111000,1100011111110111,0001010001100100)]"
PROBLEM_grade__ARGS_TAG_BF__MUT_005,6435,grade,Tag-BitFlips,0.005,0,True,48,424,173,"[Set-16-Tag(1100100111000000,1101111111010010,1101000110111000),Dec-Tag(0101111111011010,0100101101011001,1110111110110011),Set-11-Tag(0001110111101010,0011110100011110,1011110011100011),Sub-Tag(1000111111110000,0100111101101001,0000010011001111),Mod-Tag(0111111111101011,1001111110100110,1011111111000100),Inc-Tag(0110000101011100,1001010100000111,1100010111100011),Set-16-Tag(0100101011000011,1101110100110010,1101111110011100),Set-6-Tag(0101110010111011,0111111110111001,1110010000100010),Set-6-Tag(0011100010001010,0001110101011001,1100000101001011),Break(1000101101001100,0010100011011011,0110000111010110),TestNumGreaterTEqu-Tag(0011110111000110,1110101111010000,1111010010010110),While-Tag(0000001110111011,1101000111101111,0110010011011110),Set-7-Tag(0110110111101100,1100011011110101,1101101001110110),Inc-Tag(1010111111111011,1101100011110011,1110001000111100),SubmitF(1101110001100010,1100111111010010,1111110011101001),Mult-Tag(1010111001010100,0101010011010001,1110001011100001),LoadGrade-Tag(0010011010011001,1111011101110001,1101111111010100),TestNumLessTEqu-Tag(1011100010110010,0100011001011000,0100001101011101),SubmitD(0101111000101011,1100101111100101,1100110111000101),TestNumGreater-Tag(0111100111011000,1000011100000111,1101000100110010),Countdown-Tag(0101010101000101,0000111100111000,1011000001010000),TestNumGreater-Tag(0111011010001101,0000000011110111,1000000011000011),While-Tag(0010111100100111,0000111111110111,1001000010101010),LoadThreshD-Tag(1010100000100001,0010110100011111,1010111011010000),LoadThreshB-Tag(0001101000110011,0000101110000111,0110001101000001),Set-10-Tag(0010101100011111,1110010010000001,1111111011000100),SubmitA(1001111001110101,1000111011110110,0001001110111111),Set-3-Tag(1101101000110110,0110010110011010,1001110001101111),Set-2-Tag(0000111011001110,0011011010110111,0101111010011100),Mod-Tag(0000111001011100,1100010111110000,1000001110101101),SubmitC(1110110111001110,1100010011000111,0100111010000011),LoadThreshB-Tag(1001001011001100,0010000001001000,0001101000100110),Set-14-Tag(0010111001011011,1010011101001010,0001110000001010),Set-2-Tag(1001100100111110,0010111101101110,0111100001100001),LoadThreshC-Tag(1001100111010010,0011010000010100,1111111100110110),Set-6-Tag(0101011110001011,0001100011000100,1000001001111010),TestNumLessTEqu-Tag(0001001100101101,0101010010001010,0011010101011000),Mod-Tag(0100100010100001,0010010101010111,0100100110101010),SubmitC(0101010010001001,0001110101100110,0110001100111010),TestNumLess-Tag(1011111001000111,0001101101001101,1101101101001110),SubmitF(1100111110000100,1011011101101010,1011101111001111),If-Tag(0111001101110100,0010001000011110,0110010011101110),SubmitB(1011110000001111,1111101011000110,0110100010111100),Set-13-Tag(1010110100001100,1100010100011000,1110010111011011),Close(0000000010110111,0100001000100011,0010110001000101),Set-9-Tag(1101000010001111,1001010001110001,0000000001001110),IfNot-Tag(1100100111100010,1100101001001101,1011011001111001),Div-Tag(1010011011010111,0100011110000001,1010001101111001)]"
PROBLEM_grade__ARGS_TAG_BF__MUT_005,6436,grade,Tag-BitFlips,0.005,0,True,18,422,200,"[Dec-Tag(1010101111011111,1110111011000001,1101001110101110),TestNumLess-Tag(0001100000001110,0100010100110111,1000110000111111),TestNumLess-Tag(1011011101010111,0000101001001111,1101101010111111),SubmitF(1001001100100110,1000001110111111,1001110100111011),Dec-Tag(1001011100100010,1110111001100111,1111111101011111),SwapMem-Tag(1011111100011010,0101010100101000,0001111111001110),TestNumGreater-Tag(0010110010101110,0011101000010001,1111100001001000),TestNumGreaterTEqu-Tag(0010011001101111,0000100111011011,1100010110011111),If-Tag(1111100100110100,0011000000001001,1110100011100011),SubmitD(1011000010011111,1110111101100010,1011011000010110),While-Tag(0111110101100010,1010011110100001,0001000011000011),SubmitB(0100110000110010,0011011010101111,1101111001111101),Div-Tag(1110010000010000,0110100010100110,0101011011000001),Set-2-Tag(0101100011100011,1011111001111111,0100000111000001),SubmitA(0100101100111100,1100011111001001,0001001010001111),Countdown-Tag(0001001101000100,1110001001000111,1100001000001110),Dec-Tag(1010101110010010,0011001010111000,0111111110101010),SubmitC(1010110010111010,1110100010000010,1101010000111000)]"
PROBLEM_grade__ARGS_TAG_BF__MUT_005,6437,grade,Tag-BitFlips,0.005,0,True,47,462,423,"[While-Tag(0010001110011010,1011110011010110,1111110011010000),TestNumLessTEqu-Tag(1001001001101001,0010111110011101,0111001011111000),TestNumGreaterTEqu-Tag(1001111010101001,0100111111011010,0000000101001010),Sub-Tag(0111011110010000,0010011011111101,1100011001101111),SwapMem-Tag(1001101000001011,1011001100000000,0100001010101000),LoadGrade-Tag(0001010010101001,0101110111010100,1000100111100011),SubmitC(0111011011110001,0101110000001011,0000010110000000),TestNumGreaterTEqu-Tag(1000111001001000,1000011010111110,0010111110010000),Mod-Tag(0011011101101011,0000111111110110,1000101001100100),If-Tag(0010011000001101,0010010011100011,0001101010000010),Set-10-Tag(1010100101011011,1011010000001100,1011110011100100),Set-10-Tag(0000101100001011,0100010110101000,0010010100111011),If-Tag(1111000110110011,1011010100010101,1010101111110000),TestNumGreater-Tag(0111000001110101,0110010001000100,0100001001110101),Dec-Tag(1111000111110000,0100000000110011,0011110101001011),Set-1-Tag(1001010100111010,0010100011001011,0101011000010011),SubmitA(0010111011110111,0100100011011110,1111101111110111),SubmitD(1011110000101110,0101100000011010,0111110111001111),SubmitA(0011001110001101,1000011011110110,1111101100111100),Set-10-Tag(0011011001011010,1011110011001010,1010011110011101),SubmitB(0010010111001011,1010011110101001,0101010001111111),TestNumLess-Tag(0010101010010011,0011100010101101,0010010001100111),LoadThreshC-Tag(0000000100111110,1011100110111000,0101110100001110),SubmitF(0110000011100000,1011011010011100,0010110111010011),TestNumNEqu-Tag(1111110101010110,0010010011010001,0010101000000000),Close(1010111001011111,0100000011011110,0111000100011010),SubmitD(1101110101100111,1110010011101000,0010101101011101),Close(0011111110011000,0011100101100011,1110010011011100),TestNumGreaterTEqu-Tag(0010010100100111,0000010101111111,1010111111101011),Set-1-Tag(0111101010101000,0111110111110101,0011111111100000),If-Tag(1110011110011011,1101111011011010,0000110010010001),Add-Tag(0010111110110111,0011011011011010,0111100110001111),Inc-Tag(1101111010000110,0110101011001111,0001010111000110),TestNumGreater-Tag(1100000110000110,0111000011110110,0100001001111010),SwapMem-Tag(0001110010000100,1010000001000100,1000100010001001),LoadThreshA-Tag(1111110111011001,0101111110011001,0111100011101110),Not-Tag(1110010001000011,0101011111011101,1100110111000111),LoadThreshD-Tag(0010100011010000,0111110101111010,0111111111001010),TestNumLessTEqu-Tag(0010111000000000,0100001110001100,0001001000110101),Div-Tag(1001101000100000,0110011111000011,0011101111011101),Set-4-Tag(1011101101000011,1111011111001100,1101101011111011),LoadThreshB-Tag(0000000111001110,0100001111110100,1000100101111100),Mod-Tag(1111011010100110,1001110001111110,0101100101010111),LoadThreshA-Tag(0000101100000000,1100010001000111,0110010001011111),SubmitA(0100010101111001,0010001011101111,1100100110100101),Set-3-Tag(1000010010011000,1101100011111101,1110001011100010),IfNot-Tag(0010011000000110,1010100011101100,1010000011111000)]"
PROBLEM_grade__ARGS_TAG_BF__MUT_005,6438,grade,Tag-BitFlips,0.005,0,True,62,500,165,"[Floor-Tag(0100000110000111,0110111100101100,0100000001100101),TestNumNEqu-Tag(0011010101010010,1101010010001000,1110100000000000),Countdown-Tag(1010011101100000,1111011110101000,1100010111010101),Close(0111101000000101,0100000111011010,0101000101000010),Inc-Tag(0100011000101110,1011011001011010,1111111100101100),TestNumGreater-Tag(0010011100000100,0101011000010001,0011101110111010),LoadThreshC-Tag(1110101110001001,0100010111110100,1101000000011110),While-Tag(0110001101111011,1010010101100000,1111100110011111),LoadGrade-Tag(1110101110111010,0111111110110100,1100011000101101),TestNumGreaterTEqu-Tag(0101100000011111,0110111101111000,1110001011001010),Sub-Tag(1101110011110011,1011110100101010,0100101001111101),IfNot-Tag(1101010011100010,1110010100011111,0111011110111100),Set-2-Tag(1101101110110111,1001101011011111,0000000001001001),SubmitB(1111010100100100,0011111101010110,1001100010000010),Set-2-Tag(1101001011111000,0010010110001010,1000001110011110),LoadThreshA-Tag(1100100001110000,1110100011100111,1000001000100011),TestNumLessTEqu-Tag(0010111001011010,1101101111100010,0011001010011001),SubmitB(1001101110101101,1111101010011100,0110011110111110),SubmitA(1000101010111010,0000010101010100,0001111110100011),Set-16-Tag(0111100110110001,1011011001001010,1000010110111011),Close(0011101010100111,0110111011000110,1010011110011101),Close(0111000101110111,1100001101101011,1101010101011101),Close(1100110101010010,0110111000101100,1101100011101100),Set-7-Tag(0101101101011010,0011101100100010,0101110011101100),Close(1111100100111100,1101101001011010,0001111000011011),SubmitB(0000000001001100,0010010101000111,1010010101111011),Set-2-Tag(1100001111111100,1110100001111110,1100011100001100),Add-Tag(1001111101110101,0000010100000010,0001001011010001),TestNumNEqu-Tag(1010001000001001,1100001011100101,0000001000101000),SubmitF(0001110001101000,1110111001100101,1110011000010101),SwapMem-Tag(0100011101110111,0110000011010110,0011100111111000),Set-13-Tag(1110001100110010,1001000110100010,0100111001101010),LoadThreshA-Tag(0100001101100110,1100001000101001,0101001010111101),Not-Tag(0101111011011111,0001110111001011,0101100001101100),Set-5-Tag(0001001010101010,0011001110110110,1010010100010100),LoadThreshC-Tag(1000101001101000,1111110101111010,0111001111010001),Set-3-Tag(1010111110000001,1100101011101000,0110100010111011),Set-14-Tag(0010001000010001,1011000000101001,1111001100111000),Set-14-Tag(0011000010110101,1010001101110100,1101011110010111),Not-Tag(1111111000110011,1001101001000111,1000111100111010),Set-5-Tag(1010010110010100,1110001100011010,1010001001110101),Set-6-Tag(1011110011101010,0110000000111001,0011101100101001),LoadThreshC-Tag(0101010101010010,1101011111100011,0011110101010000),LoadGrade-Tag(0010001110011000,1000010011100000,0010110111000100),SubmitC(0111001110011111,1110000001101100,1110100001101101),Set-1-Tag(0100001111101011,0001000001111011,1011001110110001),LoadThreshD-Tag(0010011010111111,0111110100100011,0100110111010110),Add-Tag(1001110001010011,0011010000101101,0111100011001101),Set-8-Tag(1111111010101111,0101101010010000,0111010110011111),Set-14-Tag(0100000100101000,0010001111100010,0000111100100101),SubmitC(0100001011100001,0101101001100100,0010100101011000),Div-Tag(0101101101000110,1110001011001101,1010110001111110),Set-2-Tag(1111111111010100,0101000010000101,1001101010110001),Set-14-Tag(1011111111111011,0101001111110111,0011011010111101),Sub-Tag(1000101110000100,0110001110000001,0000011110110010),TestNumNEqu-Tag(0011000001010101,1011100000111111,1010101011111110),TestNumGreater-Tag(1010001010011011,0010000100011011,0000001011000000),Div-Tag(0000010011011011,1011111110011111,1001010010010001),SubmitD(0110110011011011,0111111010001110,0101110001000110),Countdown-Tag(1101001111000101,0110100001100001,0100111000010110),Countdown-Tag(1110010000000000,0111100100110111,1101111100100011),Set-5-Tag(1010110011010000,0001111111111000,0100101001001101)]"
PROBLEM_grade__ARGS_TAG_BF__MUT_005,6439,grade,Tag-BitFlips,0.005,0,False,NONE,NONE,NONE,"NONE"
PROBLEM_grade__ARGS_TAG_BF__MUT_005,6440,grade,Tag-BitFlips,0.005,0,False,NONE,NONE,NONE,"NONE"
PROBLEM_grade__ARGS_TAG_BF__MUT_005,6441,grade,Tag-BitFlips,0.005,0,True,21,375,182,"[TestNumLess-Tag(1000101000101110,1010011111011111,1110010101111111),SubmitC(0100100000011111,0001010100110111,1110010111100010),SubmitA(1001101110010011,1011100010111110,1010000101011001),Sub-Tag(1101101001101100,1011111101101110,1001011001111000),Countdown-Tag(1001011011100110,0011100100010010,1110100011100111),SubmitB(0000010111100011,1001101001010011,1100011011101010),LoadThreshB-Tag(1000001000110100,0100000010111111,1110010100100011),TestNumLess-Tag(1001010100101111,0101100100110010,0101011111110010),CopyMem-Tag(1110101010001100,0011101000101001,1001100000100100),Countdown-Tag(1001110111101010,1000001111110101,1001111000110001),LoadThreshD-Tag(1111111011010110,1010001010001111,0110011011110101),Add-Tag(0010111010011110,0110110100011011,0111000100000111),LoadThreshB-Tag(1111110000111000,0101011001001101,1110111000010110),Sub-Tag(1111101010100111,0100101000011101,0111100010000100),TestNumGreater-Tag(1100110111101011,1001011100001111,0110000001101001),SubmitD(0110001001000101,0110001011001101,0011010011111110),Set-16-Tag(1100101011000110,0011110110101110,0011001111100001),Set-16-Tag(1011111010110111,0000110111100101,1111100100010001),SubmitC(0010000100111101,0111111110010011,1110011010110111),Countdown-Tag(0110100111000101,1001111010100010,0000000100001100),SubmitF(0110111000110110,0011101101001100,1110011110001111)]"
PROBLEM_grade__ARGS_TAG_BF__MUT_005,6442,grade,Tag-BitFlips,0.005,0,True,18,408,126,"[Div-Tag(0001101011001111,0101110101110000,0010110101101000),TestNumLess-Tag(1000011000101111,1101110101111111,0111000010100100),IfNot-Tag(0111011000100100,0101100000110011,1011000011101010),SubmitA(1011100101000110,0000000011101010,0010011000011010),Return(1001101101010110,1110010000010101,1110010101100001),Close(1111001000000011,0101000111010110,0111011110000101),SwapMem-Tag(1100100100010001,1010011001001000,0101110111000110),While-Tag(1011001100001011,0111010011000010,0000011001101110),SubmitC(1010011000000000,0100100011000110,1000011000001110),Sub-Tag(0001001101001110,1111111001100001,1110000011000001),Mod-Tag(0110100100100000,0100001001101001,1011011001110011),SubmitB(1001011110111111,1100110110111101,0101011000010000),Countdown-Tag(1011110111010111,1000111101001001,0101100001111111),SubmitF(0001010011001111,1111100001101110,0110011010001001),TestNumGreaterTEqu-Tag(1100101100010110,1001001110110101,0001001000110011),TestNumGreater-Tag(1000110000110000,0100100111110011,0110111110110111),Set-12-Tag(0010101001000111,1111010000000110,0001001010111001),SubmitD(1000100111110100,0101100110010111,0001011101011000)]"
PROBLEM_grade__ARGS_TAG_BF__MUT_005,6443,grade,Tag-BitFlips,0.005,0,True,20,492,150,"[Inc-Tag(0001111110001011,0111000001000100,0001010110100101),TestNumLess-Tag(0100001001110001,0011110000101101,0010011110010100),TestNumGreater-Tag(0001111100000110,1011100110101101,1101011101111110),CopyMem-Tag(1011101101011111,1001100001111111,1100010000100111),SubmitF(1111110010101111,1001111001000011,0101000011111101),Countdown-Tag(0100001011111111,0100101011010010,1110101000000010),TestNumGreater-Tag(1011111010011111,1101101010101111,1000100000011000),Set-2-Tag(0110001010111111,0111000111111110,0110011101101111),LoadGrade-Tag(1001001000100101,1101111010001100,1001111011010001),SubmitA(1111001000000011,0101010111110101,0001110110111001),LoadThreshA-Tag(1101010111011011,0001110011111001,0010001101111011),Countdown-Tag(1000101110001011,1111110010010111,0111010110111100),TestNumGreaterTEqu-Tag(1001001111000111,1010010010000001,1011001100100010),SubmitB(0001110000101100,1001100010110101,1000110010001011),While-Tag(0011001101010000,0001011100000001,1100010011110011),LoadThreshC-Tag(1110101100100111,0100001010100111,1110011110011101),SubmitD(0111000010100001,1000001111101011,1100100110110011),Countdown-Tag(0100010100011100,0001000110111000,1001110100010101),SubmitC(0001010011001001,1111100001101110,0100001110101101),TestNumLessTEqu-Tag(1111111110010011,0101101100101100,0101110101001100)]"
PROBLEM_grade__ARGS_TAG_BF__MUT_005,6444,grade,Tag-BitFlips,0.005,0,True,39,481,243,"[Set-10-Tag(1111010110101100,1100010001010001,1110100100010111),TestNumLessTEqu-Tag(1010011000111110,0011111000000101,1011011111100100),TestNumLess-Tag(1000011100001010,1101100010010100,1001000010001111),LoadGrade-Tag(1011010000101101,0111100111001010,0001100010001001),Set-12-Tag(1001101001111100,1001001001001010,1010111110001110),CopyMem-Tag(1010111110111101,1001000011100000,0000001010010000),LoadGrade-Tag(1110011000010000,0001000100001111,1010010110101101),TestNumLess-Tag(0000111001011101,0101000101000001,0111001010001001),SubmitD(0010111111001111,1101101100001001,0001101111010011),Floor-Tag(0011101010011000,1000110001100011,1110110010101011),LoadThreshC-Tag(1010011111111110,0010011011000110,1010100111110001),Mod-Tag(0000111100001010,1010101111111101,1101101100110000),Dec-Tag(1110011000011101,1101111101000111,1011110010110111),TestNumGreater-Tag(0000011000100101,0011111000111000,0111010011010100),Set-10-Tag(0110000100000000,0011010100010000,0000110000011100),While-Tag(0100011001100100,1011001110010000,0001010011000111),SubmitC(0101011110010011,0111000001100010,1000100001100101),SubmitC(1011001011111000,0100101110010010,1110110001001100),Mod-Tag(1110000111011100,0110011000110000,0011111001010110),Set-9-Tag(1101100110010000,0000010100100111,0011111010000011),Set-14-Tag(0100010101110100,1101100011101100,0010000010010011),Set-9-Tag(0001100100110010,0101110000100101,0110101101101111),SubmitA(0001010001000101,0111001010101011,0010110110000011),TestNumGreaterTEqu-Tag(1010110110001110,1000011001100010,1101010111010001),Mult-Tag(0000001101101011,0011111101101010,1100011010000011),Dec-Tag(0110111111011110,1111011100101011,1111010001110001),CopyMem-Tag(1001111000110000,1011101000001001,1101101111101011),SubmitC(0110110101000110,1110111100100000,1111011001111110),Mult-Tag(1011011110000000,0010001010000001,1101000011001111),Close(1100100111111010,0000111110101001,1001001100000101),While-Tag(0101000000100111,0100110110010001,0001000101001101),Set-5-Tag(0000001110111010,0010001000110000,0101110110111101),TestNumLess-Tag(0000001111000101,1100111110111100,0111101001111000),Set-7-Tag(0000110010000000,0000101111001010,1010110010001101),SubmitB(0010001101110111,0011101001100110,1010100011000100),Set-14-Tag(0101111110111111,1010111011001100,0011010001011100),Mod-Tag(1111000101010000,1101100010101111,0001010000100101),SubmitF(1001101011100011,1101010101011101,1100000001000110),Set-7-Tag(0000101001100101,0101100111111011,1110100000100100)]"
PROBLEM_grade__ARGS_TAG_BF__MUT_005,6445,grade,Tag-BitFlips,0.005,0,True,52,499,430,"[Mod-Tag(0000111110110110,1101010000000000,0101010011100100),TestNumGreater-Tag(0010001000010010,0000111100101010,0110000000101111),TestNumGreater-Tag(1100011110001110,0100010001011011,1110001101101000),Mod-Tag(1001000111010011,0010101111000000,0100010000000011),Set-5-Tag(0000000010110101,1010101110111001,1101100010111111),Dec-Tag(0001001010111001,0001000101000011,0000001011111101),LoadThreshB-Tag(0001011110011101,1110000110111110,1111000101110000),Sub-Tag(0101100000000100,1110100010101010,1101011001010011),Set-4-Tag(1111010101010111,1101011011011000,0101110010110110),LoadThreshB-Tag(1111100101000011,0100001001100111,0100110100010100),Sub-Tag(1111011110011011,0000011111110100,0001101000100111),SubmitF(1010010110010010,1110100110001111,0010101111111001),SubmitC(0000110100011011,1010110001001011,0100000101101101),Set-13-Tag(0111001000100011,0101010111000010,0010110011100111),Countdown-Tag(0101010000001101,1100011101010000,1101000110110101),Set-5-Tag(0001011010010101,0100100010100111,0010111010000101),Dec-Tag(1001101010101010,1010000101110110,0111000011111101),Set-12-Tag(0011011010011100,1100001110010000,1111110111100000),Floor-Tag(1111011011100010,1101010001110010,0101001011101101),Div-Tag(1000000010001011,1010000100101111,0011000101110100),Inc-Tag(1110010101010001,1100101000010000,0111111000100111),TestNumGreaterTEqu-Tag(1110101010010111,0101011100101000,0100100011101111),SubmitD(1110110000011011,0111101111001111,1111101110100001),Set-8-Tag(1110101010100100,0000100100100001,1100001110001000),Div-Tag(0101111011011111,0000100111010110,0101001000100110),SubmitF(1001100010001010,1101001100011011,1000001100000011),IfNot-Tag(0001101100101010,0010110010110110,0011100001100010),Set-4-Tag(1010111010011001,0000111110111110,0000001011000011),SubmitC(0000001100011100,1000010011011001,1011101101111100),TestNumGreaterTEqu-Tag(0111010010011111,0100000010100011,1001101001011110),Close(1100000011011101,0011010111001101,1001000011100100),Countdown-Tag(0100011011011000,0000010100011100,0100011110001011),Add-Tag(1111111000011011,0111000010101101,0011001101101011),Close(0001010111011000,1010000000100110,0100101110100101),Set-3-Tag(1010011110110001,0100010011101000,0100100011000111),Set-4-Tag(0011101010111010,1001011000100101,1010001010011001),SubmitD(1101010001110101,1011110010000101,1001111010011010),LoadGrade-Tag(0011010011100110,0101101001101000,1001101000011010),Countdown-Tag(1011011110100000,0010100010010001,0100010110010100),If-Tag(0100111111110110,1001010001100011,1010000010001100),SubmitD(0001000011100101,1011111000110111,1000000101001110),TestNumGreaterTEqu-Tag(1011000110011100,0100101100000011,1001000000111011),IfNot-Tag(1110100000000111,1110010011010110,0100001110011011),Div-Tag(1011110010000110,1010101111111101,0001111000010000),SubmitC(0000110110100110,1000010000011011,1000100000110011),Close(0110001010100011,0111011111001110,0011111011000010),Countdown-Tag(0110101111001101,1010010011100001,0100111101010011),Inc-Tag(0100100101110000,0011011111110010,0100001110100010),SubmitB(1011001001010010,1101001010101011,0100011001111101),Mod-Tag(0011010100011110,0011110100001010,1010010100000010),While-Tag(1010011000100000,1001011110110101,0111011000100100),SubmitA(1110000111101001,0100101111010010,0001001101001001)]"
PROBLEM_grade__ARGS_TAG_BF__MUT_005,6446,grade,Tag-BitFlips,0.005,0,True,35,499,363,"[TestNumGreater-Tag(1011111111110101,1100111000001110,0110111101010011),TestNumNEqu-Tag(1101011110110111,1010000000100101,0000110110110001),CopyMem-Tag(0101100100011000,0001011010010000,1110101010001101),TestNumLessTEqu-Tag(0100101001011010,1011011100010001,0001011001001000),SubmitA(1010100011110110,0000001100011111,0111000010110000),Countdown-Tag(0110011110101000,0010111110110010,0101100110011000),SubmitC(1001010110011100,1000000111001111,1110000101111100),LoadThreshC-Tag(1100011000010100,1111010110001101,1010100000011010),While-Tag(1001100011000000,0111100110010100,1000001110100000),Set-10-Tag(0110010111011110,1111101111000100,0011001010001011),TestNumLessTEqu-Tag(1101000001000000,0100111100001000,0011110010011001),Set-6-Tag(0001010111111011,0001101011110100,1011011010010011),Set-0-Tag(0011001001101110,1010010101110111,1111100110111000),SubmitD(1101011111111000,1001010101011111,0001000101011001),SubmitB(0110110100001011,0110110010010100,1001110111111101),Set-5-Tag(0011000001110100,0110010100011011,1010001010111000),Floor-Tag(1011010101011010,0010001010011011,1001100011111100),Set-8-Tag(0111101100100101,0110011001111000,1000001011000001),Div-Tag(0111010101100000,1101000111000101,0110010000100010),Set-14-Tag(1110101011110111,1100100111001001,0111000011011101),Set-14-Tag(0111011101011110,0001100101011100,0011010101010101),SubmitF(1100110001110101,1100000010111011,0001000110111111),Not-Tag(0000000111001110,0001110110010001,1111001011101010),LoadThreshB-Tag(0001000101100111,1001110001101110,1011111010001011),Set-6-Tag(0100111110011001,0001000001111111,1010010101011101),While-Tag(1011011000001001,1001100000001001,1001100010000011),LoadThreshD-Tag(1111111111100001,1101000100110001,0001000001100111),Sub-Tag(1011100010010001,1011011001100101,0100100000010111),Dec-Tag(1011010111101110,1110010111001011,0011011011001100),TestNumLess-Tag(1111000111011110,0010111100001101,0011000111100011),While-Tag(1011100100111011,1101010010111010,0110101111000001),While-Tag(1110110000111001,0000101011011000,0111110110011010),SubmitD(0101011111011010,0001101100001110,1000101100110101),Close(0000101010010101,1101101101110011,1010110111101111),SubmitC(1111000110001001,0011110011011001,1010110010010111)]"
PROBLEM_grade__ARGS_TAG_BF__MUT_005,6447,grade,Tag-BitFlips,0.005,0,True,68,484,331,"[Close(1010000101010011,1010010101111111,0111001110000010),SubmitF(1011101101100111,0011111011100110,1111000000100100),Inc-Tag(0010100000101111,1001001000010100,0011000101110110),SwapMem-Tag(1101100110011100,1011111111010111,1010110100000001),Close(1110011010100111,0111110010110101,1000001101011000),Close(1101011011100010,1001010001010011,1000111100111011),TestNumLess-Tag(1011001111111010,1010011110001111,1011110010110111),While-Tag(1010110101111111,1000010011100100,0101001100111001),Set-16-Tag(0010110010101011,1010111011110000,0100111111111000),TestNumNEqu-Tag(0101011111010101,0100111110101010,1110010000101011),CopyMem-Tag(0001000001101011,0001100001101111,0011111100110100),Dec-Tag(1000110000001101,1010001101111010,0100011111100111),SwapMem-Tag(0011010110100011,0010111100011100,0010101110011010),TestNumNEqu-Tag(1001011100010100,0111111011000010,0101000010100110),Set-6-Tag(0100000110001001,0000000011100100,0100110001011001),TestNumLess-Tag(1011110100110010,0101110100100111,1101111000100010),TestNumGreater-Tag(0000011001001000,0111111010000111,1011101110000111),TestNumLess-Tag(0100101111100011,1000001111110001,0011100010100101),Set-14-Tag(0001101000100111,0000100101111011,0001011010000000),Sub-Tag(1010001110010111,0000011001101010,0111001101010110),IfNot-Tag(1101110000111000,1101111010101110,0010010101001110),TestNumLessTEqu-Tag(0000000101110000,1000100101010101,0111010001110001),Set-6-Tag(1001010010110001,1000001111111011,1101010100001100),Set-6-Tag(0101000100001011,0110110011110000,1011101111011100),IfNot-Tag(1000111001010010,0011011001100111,0011000111001000),IfNot-Tag(1000011101111011,0010110010000101,0111000111000101),SubmitC(0100110110111000,1110101100100101,0101110011000011),Set-6-Tag(1011100010100101,0000110111011110,0110011100110111),Sub-Tag(0110101110010111,1111110111110111,1111100011001100),Mult-Tag(0101010010001000,0010111000000111,1000001101010010),LoadThreshA-Tag(0001011111001110,0001001110011111,1001010100101101),SubmitC(0010011111111101,1010100111010110,1011111001001101),Set-8-Tag(0100011011100010,1101101101011111,0010010011101011),Set-2-Tag(0000101100111110,1001101100011111,1011100100010001),SubmitC(0010111000010010,0100000100101110,1010100100100001),TestNumLess-Tag(1110000101001010,1100110101011001,1000010111000000),CopyMem-Tag(1101010000100000,0001101100011011,0011110001100100),Set-3-Tag(0001110000111001,1111011010100000,0110110001011101),Set-8-Tag(1100100101011111,0100011111010101,0010000101000101),SubmitD(1001001011001011,1010100110100100,1011101011000101),Set-3-Tag(1000000011110100,0001011110100110,1010010111111010),Sub-Tag(1110100000101010,1110110000110101,1001001000110011),SubmitD(1001111100110011,0000110000001101,0101111011111110),Sub-Tag(0001110010110011,0000101101010011,1100000010111001),Mult-Tag(1011111001011011,1110101111111011,1000100010010010),SwapMem-Tag(0011000010111000,0000010101000101,1010001001101110),Set-2-Tag(0011010001110001,1000100000000011,1111101000011100),TestNumLessTEqu-Tag(1000111100110000,0010100000011000,1101001111101110),Set-4-Tag(1110010000011010,1100011111010011,1010101011010010),Set-4-Tag(0100111010101011,0001100111110010,1000100001010110),SwapMem-Tag(1000100010101010,1000100111001000,0010010011100110),Mod-Tag(0101000110111111,0100101111010001,0100100110100010),Set-8-Tag(1100010010101101,0110101110000001,0010010010100010),SubmitB(0011100010011110,1001111101100000,1001001000000010),Set-2-Tag(0010101001111100,0101000000111101,0101001011000000),Set-12-Tag(1000100110001000,1011010101001100,0000110010110110),Not-Tag(1101101010001001,0000101101010010,1011110100111000),Set-3-Tag(1110100100111000,1111011010101100,1011110101100111),TestNumLess-Tag(0100111001110010,0000100000010101,1001101001100101),LoadThreshA-Tag(1101010101001111,0000110100010110,1111011001010001),SwapMem-Tag(1010110100001111,1110010100010100,1111110111011010),Set-5-Tag(1001100111101110,0111111000111000,0101001110001101),Set-1-Tag(0110101101010001,1000111000001101,0010001010000110),LoadThreshC-Tag(0000001011001110,1000010100100111,0100001011110011),Mult-Tag(1111010011100100,0111001011110110,0010111010001000),LoadGrade-Tag(0101011100000000,1100011100100100,0110011000110101),Inc-Tag(0000011011011100,0000101011000100,1110011010101101),SubmitA(1111010011001111,1000101000011111,0001010011000001)]"
PROBLEM_grade__ARGS_TAG_BF__MUT_005,6448,grade,Tag-BitFlips,0.005,0,True,36,466,149,"[Inc-Tag(1100110010011101,1000000011110000,1010101010010001),Inc-Tag(0001110110101111,1111001011100011,1010101011100100),TestNumGreater-Tag(0000111001011011,0011001010000110,0011001110110010),Countdown-Tag(0011001101100000,0011111110100101,0010100110110000),Set-14-Tag(0110111111001101,0110010111010011,1010010101100001),Dec-Tag(1100111100001110,0001010110110101,1100001101010010),TestNumNEqu-Tag(0010000100100100,0000000100001000,0110000101110000),Set-15-Tag(1010110010101010,1100111000110101,1010000101000001),LoadThreshB-Tag(0011000010010000,0011000111100101,0100101100100000),TestNumGreater-Tag(0001001101110001,1101110100010101,1101010001101110),LoadThreshA-Tag(1010000101100101,0010100111110010,1000101101110100),CopyMem-Tag(1011010110000101,1100100011011111,1010000001101100),LoadGrade-Tag(0101010101101001,0011001011011010,0000111110100101),Dec-Tag(1011010100100110,0100111111101011,0001011101101001),TestNumGreater-Tag(0001110110100100,0001111110001101,1010010111101110),If-Tag(0001011001101110,0110110101101101,1010100110101011),Set-12-Tag(1111010101000111,1101100111000101,1111110101111010),Set-15-Tag(1100101111110010,1001001010100101,0101001111010010),Set-12-Tag(0001000101100101,0111110000011001,0010000111100110),CopyMem-Tag(1010000000100110,1100011000101110,1111010101001110),SubmitC(0010110001011001,1100000100010010,0001000111000001),While-Tag(0010110111100101,1100001110000111,1101010001101110),While-Tag(1011010000101110,1010000010010011,1010110011111011),Close(1101100010001011,0011110101000001,0100011111010010),SubmitA(0101110111010101,0010001010000100,1100011011101100),Mod-Tag(1010101010101001,1011101111001111,0011101101100010),SubmitB(0111110110101010,1101010101110110,1000100111010000),Close(1101011011001110,0001111000011011,1001100101011111),Close(1000100100000100,0011110111011001,0100010110110101),Set-12-Tag(1000100110011000,0001011000011111,0101100101010110),Add-Tag(0000110110100110,1011111010100011,1011011101101101),Close(1111000110010011,1111000011001101,1010110111001011),TestNumLessTEqu-Tag(1001100111110001,0000111001100110,0001010010110101),SubmitF(1100001000111101,0111010011001111,1110010111000100),While-Tag(0111010101000111,1000100111101010,1000000010010001),SubmitD(1000011100110110,1101000111001101,1010011100111000)]"
PROBLEM_grade__ARGS_TAG_BF__MUT_005,6449,grade,Tag-BitFlips,0.005,0,True,43,311,117,"[Set-9-Tag(0111110011101000,1000000110010101,1010100010011101),TestNumLess-Tag(0000011110000101,0111111101011001,0000101101011000),TestNumLessTEqu-Tag(0000101001101011,1111110000101101,1110001101100101),Set-16-Tag(1110111011011010,0011000100110110,0011011001111010),LoadThreshC-Tag(0010011010111110,0101001001000101,1110001100110111),LoadGrade-Tag(0101101011111011,0100000000010100,0011000110011100),SubmitA(1001011111001011,0101100011101010,0110111011110100),Countdown-Tag(0101101110011000,1011001001100100,0110000111011011),Set-5-Tag(1000011000001100,1001110111010110,0101100100001101),SubmitC(0010111000100100,1011110001110001,1111000000111011),TestNumNEqu-Tag(0011000010111111,1111101110111010,0000011101110100),LoadGrade-Tag(0110111110110011,1100101101100001,0011010110101011),SubmitF(1001110011110101,1110011111111011,1111100101001010),Set-7-Tag(0100100111001010,1010111101110001,0100000000011110),Set-15-Tag(1000111100000011,1101100001000011,1111010010001001),LoadGrade-Tag(1101111110011000,0101100001001110,0010000111111110),Set-12-Tag(0011110001010110,0000001100010010,1111011010110111),IfNot-Tag(0110011011010000,0000100010111010,1110101010010100),TestNumGreater-Tag(1000110111111100,1000000011101110,0110011010000000),Mod-Tag(0111000111010111,0110110010010101,1111001011000011),SubmitC(1111010100011001,0111110010000011,0101101110110011),Set-2-Tag(1011101001110101,1001100011110010,0001000111001000),LoadGrade-Tag(0101111111001101,0011010001011110,0111110000011111),Close(1001110110001100,1001111100100100,1111000101011110),SubmitD(1111100100110010,1101110100000111,1011101100000111),Set-0-Tag(0011000001101001,1010100111010110,1010100000011110),TestNumLess-Tag(1100110001011100,0111111100010111,0111011111000010),While-Tag(0011011101000000,1011111111100001,1001011100101011),Set-14-Tag(0010000100000010,1001110101000010,1100101111000111),Mod-Tag(1011101000010111,0000001110010010,1100101110011000),Set-0-Tag(0001010101000110,1000010000100101,1000001010101010),Set-3-Tag(0100101000011101,0110010001110001,0100010110000001),SubmitC(0111000010101001,0101101111100101,0110101111000000),Set-15-Tag(0001000111010000,1101001001011110,1010000011001011),LoadThreshB-Tag(0100010100110000,0101100010110000,0011101010110110),Set-7-Tag(1000110000110110,0100000101001110,1110101001001110),Set-10-Tag(0000000001011010,0111000101101101,0100011100110101),LoadThreshD-Tag(1000000000111101,0101011001110111,1111001111001101),SwapMem-Tag(0110111001010100,0001100110001101,0110111010011000),Set-2-Tag(0111010011100011,0101101011110010,0001011000111111),TestNumLess-Tag(1110101011111011,0110010101100110,1001110111010000),SubmitB(1101101100100011,1100111111000001,0011111111000011),Break(1110000001011000,0001100101001110,1111101010000101)]"
PROBLEM_grade__ARGS_TAG_BF__MUT_005,6450,grade,Tag-BitFlips,0.005,0,True,57,500,230,"[Countdown-Tag(0011101100110110,1010010111110110,0010000010000110),Set-1-Tag(1100111010101110,0000000011111001,0011010110010111),Set-0-Tag(1011110011110011,1101000100110111,1111101010001100),Dec-Tag(1011000001001100,0111010100000001,0111011111001101),SubmitC(1011001101010011,1100111011100110,0011000110111011),Sub-Tag(0011011110010001,1110010000100011,1000110100111000),LoadThreshA-Tag(0010011110011001,0010001110100110,1010001111110010),LoadThreshD-Tag(0001110110100111,0001110111010100,1101010000100011),LoadGrade-Tag(0001000011011100,0110100111000001,1011000101100111),LoadGrade-Tag(1110111011111011,1010101100101110,1010011011111011),Set-0-Tag(1001111000100000,0010111000010001,0110111100100011),Not-Tag(0011111001111010,1010011010100010,1011111101100011),TestNumGreater-Tag(1000101001110011,0000110100011100,1001010001001011),TestNumLess-Tag(0101001110100011,1000010101111111,0001010101000001),Countdown-Tag(1001010011000100,1111111000111100,1011010001111110),Floor-Tag(1010001100011000,0010011100111000,1000101010111000),TestNumLessTEqu-Tag(0001010001111001,1010010010101000,1111001100011101),LoadThreshB-Tag(0000100000110111,0110101101100101,0101110100111011),LoadThreshA-Tag(1011011100100011,1100001010010101,0001100000110000),Close(1001111011001101,1101100100111110,0100010000100111),Mult-Tag(0001101001100101,0010010101001101,1101110001001100),LoadGrade-Tag(0101101111010101,1111101000000000,0110101011010110),TestNumLessTEqu-Tag(0100000010011110,0111011011010101,1101000110101100),LoadThreshA-Tag(0111001010100100,1110110010111010,0011111101000110),Set-1-Tag(1010001111111101,1001011011011000,0001011001010001),Mod-Tag(1000001101111010,1100111110001010,0011000001010100),CopyMem-Tag(0000010010010011,0011111100110000,1110100101100000),SubmitD(0001001001110000,1110000101010000,0100000000001110),Set-10-Tag(1011110011000101,1011001110100111,1100001010101111),TestNumEqu-Tag(1011011100100011,0000011000011011,0010010001011000),TestNumLess-Tag(0000101100110110,0100000111100010,0011110000110101),TestNumEqu-Tag(0100110011000101,1100001011001110,0011100001100101),Countdown-Tag(0101010101111110,0000010101100101,1001101010110001),SubmitF(0001101100010011,0110110000010011,0000010101101111),Set-12-Tag(0101010110100110,1110010010001000,1100011111010110),Close(0101000100000111,1110011011010110,1111110101010110),Set-16-Tag(0111110001000000,0010001001110110,0000000000011011),SubmitA(0010100110001101,0111101001101001,1001111100001101),If-Tag(1000000000010000,0101001000000010,1001110010100000),Set-14-Tag(1011111101010100,1111111000110010,0001010111010110),LoadThreshD-Tag(1001100001111010,0000010000000001,1010111001010000),Set-7-Tag(1100111001110101,1101011000011100,1011101111001001),SubmitB(0001010101011100,1011101000010000,0001110011111111),TestNumLessTEqu-Tag(1001010001011010,0111011000010001,1001011110111111),Set-15-Tag(0101000101010001,0011110110110101,0010000011000110),LoadThreshD-Tag(1001000111100010,1010101110010000,0011110100100101),TestNumGreater-Tag(0011010011000110,1010010110011111,0101001110101000),LoadThreshA-Tag(1110011011110110,1001011011101010,0101011101101010),Countdown-Tag(0010101001111100,0010011001101101,1110001000010110),SubmitD(1011000101001101,1101111001100101,1110001010001100),LoadThreshA-Tag(0000110101000110,0111101010010100,0111001101101011),Add-Tag(0100000001101111,1000101000000101,1001010101001000),While-Tag(0101111011100001,1010010101000001,1011111101110110),LoadThreshA-Tag(1010001100100010,0101001100010101,1011101111110011),TestNumLessTEqu-Tag(0000100101101010,0000110000001100,0100101000000100),TestNumLess-Tag(1011010101111100,1101111101111111,0110110100000011),Mod-Tag(1011011010001101,1000010111001111,0110111111110100)]"
PROBLEM_grade__ARGS_TAG_BF__MUT_0075,6351,grade,Tag-BitFlips,0.0075,0,True,22,388,144,"[SubmitA(1110101000110110,0100111111101011,0100010101000001),LoadThreshA-Tag(1110100000100000,1010010100001001,0001001100001000),TestNumLess-Tag(0000111011101010,0111111101101111,0111001111101011),While-Tag(1111110110101001,1000010111001000,1101101110101000),SubmitF(1001001101000100,0111101010001110,0000010101000100),Countdown-Tag(0100000101100001,1101011111101111,0110110001000100),LoadThreshD-Tag(0010000111100100,1010110100010011,0000000001001011),SubmitC(1001000100010010,1101111010100101,0111000101110100),Countdown-Tag(0101110100011010,0011100011010010,1100111111101000),LoadThreshB-Tag(1111001101001000,1000101111111110,1010001111110011),Set-6-Tag(1101111111010110,0011001100010100,0010111000111001),TestNumGreaterTEqu-Tag(1000100000000111,1100001001001000,0101100010011011),Set-5-Tag(1110110111011100,0010100100010011,0011101111010011),SubmitB(1100100110010110,0010101100011000,1000000001011111),TestNumLessTEqu-Tag(0011011100011001,0100110000001001,0111110100101010),Set-11-Tag(0000111010111000,0100010100000111,1001101111111101),Sub-Tag(0000010001111000,0011110110011000,0001010001100101),Floor-Tag(1011000011010010,1110010100010000,0100010010111110),Not-Tag(0010000100011010,0100000011001101,1101110100110101),Set-16-Tag(1011101110011001,0010111001101110,0100100101100111),SubmitD(1001010001100110,1000101101100111,1110110000010100),TestNumGreater-Tag(1000010110101011,0001011110001011,0101011111111001)]"
PROBLEM_grade__ARGS_TAG_BF__MUT_0075,6352,grade,Tag-BitFlips,0.0075,0,True,22,473,162,"[LoadGrade-Tag(0111000111000010,0110000001000101,1001000111010011),Inc-Tag(1101000111100001,0101111101010000,1110111010001100),TestNumLess-Tag(0110010111110111,1100001110001010,0000110100111110),SubmitA(1101000110111111,1010011010011011,0010111010001000),LoadGrade-Tag(1011110011100010,0010101110001100,0110100111100111),LoadThreshC-Tag(1010000111101110,0110001111111111,1011111110010111),TestNumGreaterTEqu-Tag(0111010011010010,1001111010011000,0000000011101000),IfNot-Tag(0010110000011100,0100111110110011,1100001101110001),LoadThreshB-Tag(0110000010001010,0100001111100100,0110010101100111),SubmitF(0100101111000001,1001010010101011,1010101111100010),Countdown-Tag(0010101011100111,0110011010001110,0000101010001100),Inc-Tag(0000000001111111,0111110010000101,1111101100100010),Add-Tag(0110111000011010,1000000000101010,0000101110001110),Mod-Tag(1100111001000000,0100110110000110,0000101100100001),Sub-Tag(0011001010011010,0010001111001000,1101100110000011),Div-Tag(1101000010001010,0111100010001001,0101000000100010),SubmitC(0110111111101001,0011011001001000,0110011101010001),TestNumGreaterTEqu-Tag(1100011010100001,1011100101100010,1100000011111001),Countdown-Tag(0100001001111100,0010001111100101,1011100111111011),SubmitB(1100011111100101,1000110011110001,0000011011001100),Countdown-Tag(1011010100101010,0101100111001010,1110001101000001),SubmitD(0100111111100001,0101011010101111,0101001011011101)]"
PROBLEM_grade__ARGS_TAG_BF__MUT_0075,6353,grade,Tag-BitFlips,0.0075,0,True,42,492,197,"[TestNumGreaterTEqu-Tag(0100111100000000,0001101110111110,1000001110000011),Dec-Tag(1100001110011001,1000010110000100,0110100011110011),Set-2-Tag(1110011010011001,0000000110000111,0111100110101110),Set-16-Tag(1111100110000001,0010001101001100,1111111111101111),LoadThreshC-Tag(1101001100000100,0111101001001011,0111100111110111),LoadThreshD-Tag(0000100000000010,0001100101001111,1110111101010000),CopyMem-Tag(1111110100001101,1010110110111111,1010010110100000),TestNumGreater-Tag(1101000110001101,1000010011110101,1111000001101101),SubmitA(1010101001010110,1100010101011111,1001001001111101),TestNumGreaterTEqu-Tag(1100000010110110,0100000011000000,1000111110100100),While-Tag(1010010010110110,1011111100101111,1111111100111000),LoadThreshC-Tag(0101100101011000,0100110000001010,0001110010001110),SubmitC(0101100101100001,0110111101111111,1010111101001010),Dec-Tag(1011000001001001,0110001000110001,1101111010100110),If-Tag(0111001001010101,1011011101111111,1000110110001010),SubmitF(0110100011111100,1100010110111011,0001100010111000),LoadGrade-Tag(1110011110010010,0000111100000110,0100101001010001),Set-0-Tag(1001101001100001,0001000111000111,0000100110101010),SwapMem-Tag(1010011000010111,0100011111000110,1001011110010001),LoadThreshC-Tag(1111001111111001,1111101000010100,1011111101111011),Countdown-Tag(0110011011001100,0000101001101101,1100111101110011),Dec-Tag(1011110101111001,1011010100010010,0010010101111101),Sub-Tag(1101000000000010,1000010001000010,0001101000010110),SwapMem-Tag(0000001001011110,0101100001000110,1101011010000100),TestNumLessTEqu-Tag(0000111100100010,1011011001010101,1111011000011000),Inc-Tag(1011001011011010,1100110111111110,0010111011010010),Set-7-Tag(0000000100111001,0101110100110000,1111110001111000),Set-3-Tag(1110111100101100,1010000100011100,1111001110010101),SubmitB(0111111111001100,0110000101100101,0011000101000010),If-Tag(0010010110010110,1011010111100000,0010011000010000),Close(1110111000101110,1100011100010011,1110101100101011),Add-Tag(0100110101100100,1100000010000111,1100101100100110),LoadThreshB-Tag(0111010110011100,0100011101101001,1110101110011111),Close(0000100010110110,0110110000101010,0101001100000000),SubmitC(0110100110001101,1111100100011001,1110010001011111),Countdown-Tag(1000100110000111,1001001101000011,1100100000000010),Close(1001111101000100,1111111100010111,1110100000101110),Set-12-Tag(1101011010000011,1001110110101100,0111110010001000),While-Tag(0111001000000111,0001101011010111,1101110001011110),SubmitD(1001000000110001,1010010000011000,1100101000010010),Sub-Tag(1101010111111011,1010101110101001,1111001010000110),Mult-Tag(0000110101000010,0101001100011110,0011011110111111)]"
PROBLEM_grade__ARGS_TAG_BF__MUT_0075,6354,grade,Tag-BitFlips,0.0075,0,False,NONE,NONE,NONE,"NONE"
PROBLEM_grade__ARGS_TAG_BF__MUT_0075,6355,grade,Tag-BitFlips,0.0075,0,True,52,485,339,"[TestNumNEqu-Tag(1011011011111001,1101001111010010,0101000100001111),SubmitF(1101011000101001,0110000100110110,0010111110001011),Set-15-Tag(0100100011111101,1100011001000000,0101100001110101),Mod-Tag(1010100101011000,1110100100100000,0000100010001111),TestNumLess-Tag(0010110000010011,0111111100001101,1101111011110001),TestNumLessTEqu-Tag(1101100110000001,1100111100010110,1000010110001010),Countdown-Tag(1010100000011001,0101000111101000,0101001110111111),Countdown-Tag(0001100101100100,1101000011000001,1110011101100000),LoadGrade-Tag(1001011010011100,0111100001110111,0011011111100010),Set-16-Tag(1010110111010100,1011101111111001,1110011000000001),Not-Tag(0001010101111101,1111011010011111,0101111110010001),Mod-Tag(0011111100100000,1111101001101010,1010101011000101),Div-Tag(0111000001000111,0010011101000001,0110111110110110),SubmitB(1110001000000110,1011001010110000,0101000111000111),SubmitB(0110111110001010,1110111101011011,0111100011101011),Close(1110111101001101,1001110101111110,0010100010111101),LoadThreshA-Tag(0100101110011110,0010110001011000,1001001011011001),Dec-Tag(0110110111100010,0101110010111010,0001100010001100),TestNumLessTEqu-Tag(0011111110000100,1001100101011100,1110111001101101),Set-8-Tag(1001010011001000,0011111111110111,0011010111011110),Div-Tag(1000101110111011,0001111100100000,1011100010101110),Floor-Tag(1001100010000011,1101100000011110,1011110110011111),LoadThreshB-Tag(0000111100111010,1111011100110010,1100101100111010),Set-11-Tag(0000010111101101,0101011100101011,0101100100010010),LoadGrade-Tag(0111011000011111,0111100010110110,0010001011110010),Dec-Tag(1001100000101011,0010000011101001,1011110000110011),Mod-Tag(1101100000110111,0111001010110001,0111000101101000),While-Tag(0011110111110100,0101011010001000,1100001000100101),SubmitA(0100101100001000,1011100110100100,1010000011011101),Close(1010100111001110,1100110101011001,1101111101011110),Div-Tag(0001011110010111,1111010110111010,0111011001101111),LoadThreshD-Tag(1011111101011101,1010100100110111,1110101100101101),Set-11-Tag(0000011100110101,0110011100110010,0001000100100100),LoadThreshA-Tag(0001011111100111,0000001110100011,0111111110000111),Floor-Tag(0001110011101110,0010001111010000,1100100010101000),Set-6-Tag(0111000111001100,0101110001001011,0011010001100000),TestNumNEqu-Tag(1110101100111101,0111100101100110,0010110010110110),Mod-Tag(1110110000001100,0000110000110011,1101100110001100),CopyMem-Tag(1110001010101011,1101110001001101,1101110001101011),SubmitC(0110001110110110,0011011111010110,1101111100110001),LoadThreshA-Tag(1100101010110010,0101001101010010,1100010100001111),SubmitD(1001000100000000,0010011100100010,0110011001100101),Set-3-Tag(1111100010011111,0111001111010010,1010101100000000),LoadThreshB-Tag(1100110101010111,1010101101010000,1110100000101111),Set-5-Tag(1001011011001101,0000001100001011,1001110100101011),TestNumGreater-Tag(0100000101110101,0010010010011010,1000001111100010),TestNumLess-Tag(1000110111110100,1010000010001011,1101111001101100),Set-2-Tag(0111111100011101,0011010111110110,1111001000001100),Add-Tag(0101001010011000,1000110011000101,1111110000110001),Set-2-Tag(0101110101101001,0001010011100001,1010010001100101),IfNot-Tag(1100010111100011,0010010110011111,1010110100000111),TestNumEqu-Tag(1100110001010110,0001111101010001,0001000100011010)]"
PROBLEM_grade__ARGS_TAG_BF__MUT_0075,6356,grade,Tag-BitFlips,0.0075,0,True,70,490,448,"[LoadThreshC-Tag(1101101001000011,1101110010011000,0101111101101011),If-Tag(0111010100100101,0011011101101110,0000010110010010),Set-0-Tag(0000011001100001,0000101011111100,0111001101011101),Close(1000101111101001,1000011010000000,1010011010111101),Dec-Tag(1110011101111100,1100110110111001,1110111111010000),LoadGrade-Tag(1011110010001110,1010011111111010,0001011001111111),Set-0-Tag(0000011100100111,1011111100110110,0110000101011110),SubmitA(1111101011101101,1010000111010001,0010101010000110),TestNumGreater-Tag(1111110000001100,1111011001011110,1001110100111000),IfNot-Tag(1000100101110001,0000110101111111,0001010000110100),LoadGrade-Tag(1010111111001111,0100010111011110,0110101101101110),Set-10-Tag(0110001001001000,1101001010101011,0111111011101110),TestNumGreaterTEqu-Tag(1111110111011101,1100001101001100,1000011001101100),LoadThreshD-Tag(0100001110010100,0000101010011001,0111000111110000),Countdown-Tag(1001100100100001,1001111010000111,0100110010101001),Close(1111100111000110,0100111101010010,0011000001111111),SubmitF(1111111110100110,0111110111100101,1011111011010010),Set-9-Tag(0001110010011111,0000010011110110,0000001111000110),TestNumLessTEqu-Tag(0001110101110010,1001011111111111,1010110000000101),LoadGrade-Tag(1011101001010011,1000110101100111,0111000101011101),Set-7-Tag(1111111111101000,1110010111001001,0011010011100111),Close(1001001000000111,0010001010100001,0110100101011110),Sub-Tag(1011000000011010,0100011001011010,1011110100000010),Sub-Tag(0010100111110110,1111010101100011,1110101010110011),Countdown-Tag(0010000100000101,0000111010111010,0110111111011000),Mod-Tag(0000000110111011,0110110100010010,0011110100101111),Mult-Tag(1001100010011010,1000000001010011,1111111111001111),SubmitC(1011111010111001,0011110011110011,0011001111001100),LoadGrade-Tag(1001100100000111,1111000100100100,1100010001110000),TestNumEqu-Tag(1000110110011110,0000100100000101,1001010111100001),Mod-Tag(0001000000100101,0010001111100111,0110011101001111),TestNumLessTEqu-Tag(0101000100110100,1001010100011100,0101111100011111),Countdown-Tag(0110110000000110,0110101111100011,0001111011101110),Close(0111110101101100,1011000100000000,0011001110010111),SubmitB(0000111100001100,1100001000001010,1110011001110001),Set-7-Tag(0010100100100011,0111111001100110,0011110100111001),If-Tag(0000001111001001,0110110111110000,0011010111010000),Set-0-Tag(0110001111111000,0010010100100011,0001011101100101),TestNumLess-Tag(1010110011100100,1110011100100100,0111000000001010),Mod-Tag(0110111111010100,1010110011010110,1010011010011100),LoadThreshC-Tag(0111001101100000,0010100100011010,0101110001010001),Set-11-Tag(0111010010100000,1001111111000001,1100111010010010),TestNumGreater-Tag(1100000101010010,1000101111101110,0011000101111101),TestNumLessTEqu-Tag(0110100100101010,0001100010110111,1100001000001011),Set-3-Tag(0011011001010000,0011000111100000,1011011000010111),TestNumGreaterTEqu-Tag(0010001110101001,0010110110010000,0010011011001011),Set-5-Tag(1111110110110101,1110100111110110,1101010011110010),Div-Tag(1100001111001001,0100101100000011,1101010010000001),Not-Tag(0111001000001001,1000001010100111,0010001011011110),Set-14-Tag(1000001110100100,1100110100001101,0010111101011111),Set-5-Tag(0101010000110100,0101001001111000,1100011101010100),SwapMem-Tag(1011101001111100,1010111000011110,1010110011010101),LoadThreshB-Tag(1111111011101111,0011001010000000,0010011111010001),Set-14-Tag(0000100010001101,1010111100001100,0000110101011101),Set-7-Tag(0011011011001010,0000000100011111,1000000011010101),LoadThreshB-Tag(0100111011110111,0101010101101111,0011101010001000),Set-2-Tag(1001101100000011,0111000101111001,1011011000110101),Set-10-Tag(1000001100100001,0000000011001001,0000000110011101),SubmitD(0101101001000011,1110101011101110,1110000100000000),LoadThreshB-Tag(0011101111100010,1100100111010110,0110111111001001),SwapMem-Tag(0010100111111011,1011000011101000,0011010101000101),TestNumGreater-Tag(0010011101110110,0010111110001100,1110001001000001),Set-14-Tag(1110101101111010,0011110001101010,1111001100101101),TestNumNEqu-Tag(1101100110101111,0001001111111100,0101101001011101),TestNumLess-Tag(1101100110011110,1100100110010011,0001110100001110),TestNumGreater-Tag(0111011100010101,0001100101101010,1011000111000111),Not-Tag(1011110101100000,0111100101001100,1001001001111101),LoadGrade-Tag(1001011000101010,0011001100001011,0111111011011100),TestNumGreater-Tag(1000000111011000,1010110101010011,1100011011011001),SwapMem-Tag(0111101111110110,0000001100111001,0111011110011000)]"
PROBLEM_grade__ARGS_TAG_BF__MUT_0075,6357,grade,Tag-BitFlips,0.0075,0,True,25,480,366,"[Sub-Tag(1110110110010110,0110101101001110,0101001101110101),Inc-Tag(0100111110011111,1110011001001110,0000000010111001),TestNumGreater-Tag(0000110100001111,1011101110011010,0010000100110000),TestNumLess-Tag(1100001100101011,0111000100010101,0101111110000101),SubmitA(0101111010000100,1100000100001000,1101111100101111),Dec-Tag(0001101001100101,0000111101101101,0100101111001100),IfNot-Tag(0101000110100101,1110101010010101,0010110001000111),SubmitF(0001011101011001,1110110011110110,0000000010010100),LoadGrade-Tag(1000010000011011,1100101110110100,0001100011011100),CopyMem-Tag(0010101100100010,0000100110111101,0001100001000101),While-Tag(1000100010010001,0100001110110111,1100100111100011),LoadGrade-Tag(0110011101011101,0010001111000101,0011110111111111),LoadThreshB-Tag(1101111010111000,1001101110010000,1100010001111011),IfNot-Tag(0010010000101011,0101110000101100,0000011100010011),SubmitC(0011000010110000,0001111101010010,0001101001011010),Add-Tag(0100111111010100,0010010100101111,0011110100010010),Close(0010010111100001,1101111100111000,1110100010100011),TestNumGreater-Tag(1111000011111110,0010011101000101,1110001010100000),Set-8-Tag(1101001110011100,0001000110100110,0010110110111010),LoadThreshC-Tag(0001001001001111,0011010101011101,1010111110100011),CopyMem-Tag(1010000110110011,0011111111111110,0111100001100101),TestNumGreater-Tag(1000101101011110,0000110000100010,0011101010110011),SubmitD(1111000001101110,0100011001000101,0111111001100100),IfNot-Tag(1010010011111001,1100111001001011,1000010110000110),SubmitB(1100001111000110,1000011111010100,0101111110111001)]"
PROBLEM_grade__ARGS_TAG_BF__MUT_0075,6358,grade,Tag-BitFlips,0.0075,0,True,49,346,290,"[TestNumLessTEqu-Tag(0011000110100011,1110111000000111,1011011000001001),TestNumLess-Tag(1101001000010010,0100100110010101,1110110001100111),Set-14-Tag(1100001010010011,1101111001100010,0110000000100001),Set-1-Tag(0010011000010110,1011001101100001,1100000110101010),SwapMem-Tag(1010000100100100,1011111000100010,1010011110010000),Set-4-Tag(1010001110011011,0010001011110101,1111001011110111),LoadGrade-Tag(0101101101111001,1011001110001111,0111010010111111),Set-6-Tag(1100010001100010,0011111001000101,1110111100011111),Sub-Tag(0111110100011111,0110110110100101,0010110110000101),Set-7-Tag(0110100111001000,1111101011001000,0110110101001110),Mod-Tag(1111001110000110,0101011111001010,0100010100000111),CopyMem-Tag(1000010101100011,0000100011001010,0101001010011001),Div-Tag(0111101100011010,0010000001111110,0111101010101110),Mult-Tag(0100000100000100,0100100111000000,1010111111000100),If-Tag(1111110101010110,0101001100010010,1110001101000010),Set-5-Tag(0110100010110011,0100110111010010,1111011000101010),Close(0101110000001100,0100101110101010,0100110010010011),SubmitB(0001100001100010,1100001100111010,1100001000001100),Dec-Tag(0111101010000010,0001001001110110,0110000101011111),While-Tag(1001001011010110,0100010110011001,1110111101001101),LoadThreshA-Tag(0001001000000111,1111010110101010,0001010111100001),Set-0-Tag(1010010000000101,0110100001101010,1111101110111010),Sub-Tag(0110000100110110,1010001010001110,1010100001111010),Floor-Tag(0000011010011111,0100111110110111,1010100011100011),SubmitC(1111111000011010,1011011101000001,0010001110100111),Set-4-Tag(1110110001110100,1000011001010101,0111000011101001),Add-Tag(0011111101011110,1010001100000111,0111100100100111),LoadThreshB-Tag(0101101001000101,0011010101001001,1111010011111010),SubmitF(1110110110111001,1110100100010111,1101101001100011),Set-1-Tag(1000001110111011,1100000010111110,1100010101010011),TestNumNEqu-Tag(1100111011111010,1001111011101011,1000001001111011),If-Tag(1101010011101001,1011101001100101,0001101110001101),Set-1-Tag(0111001110101111,0110100111110111,1010100011011101),Set-14-Tag(0011100000110000,0110101000111010,0100010101000110),SubmitA(0110101011100111,0000100010110010,1111101100100111),Set-5-Tag(0011101110011010,1000001001100001,0111111000100100),TestNumGreaterTEqu-Tag(0100000011101001,0000110000101010,0111001111011010),Set-16-Tag(1011010100011111,0101110111110011,1000011101000011),SubmitB(0010000101000101,1101010010010000,1100110010100010),Add-Tag(0001010001000011,1111101100100101,0011110010111001),Close(0100100111000100,1001101001101011,0001110110100101),Mult-Tag(1011111100111001,0110111000010110,0000110011010010),TestNumLess-Tag(1000101010101111,1101000010111100,1110110000001111),IfNot-Tag(0011100000011111,0110001100000110,0110100011010000),Set-3-Tag(1000010110100111,0111111011101100,0101000110101001),SubmitA(0111100111000100,1001101101111100,0010011100011010),Set-0-Tag(0010110100110101,0011011011011001,1101010111101111),SubmitA(1101110011111101,1110100110000101,1101100000110011),SubmitD(0101100000100110,1001101110100011,0011000011001111)]"
PROBLEM_grade__ARGS_TAG_BF__MUT_0075,6359,grade,Tag-BitFlips,0.0075,0,True,19,473,115,"[TestNumGreaterTEqu-Tag(1100111000111010,0110000001100101,0101010011010000),TestNumLessTEqu-Tag(0010011000111101,0010111011011000,0001000001110101),TestNumLessTEqu-Tag(1010101111111000,0100011010101111,1101101011111101),LoadThreshC-Tag(1010111001010001,0111111001110001,0010100111011101),TestNumNEqu-Tag(1100111111111101,0110010101001100,1011000010111010),Sub-Tag(0000000110001100,0101001000010011,0001100010111011),SubmitA(0010000101001111,0101100001001000,1110110000001101),While-Tag(0011101101000011,0110111001010011,0111000110101000),SubmitB(0100000110000100,0010001001111001,0010110111110010),TestNumLessTEqu-Tag(0011110000001110,1001110101011001,1100100111001000),While-Tag(0011001010000000,0101110100000101,1010100000001101),TestNumGreater-Tag(1000101000011100,0100110101101110,1111110011000001),LoadThreshB-Tag(1000001000010111,0100001010101011,1001111101000101),While-Tag(1001000010010101,1110110100111100,1001111000000110),SubmitF(1011001000100110,0010011001101111,1101001101011101),Close(1111110101010001,1100110101111101,1100110010000101),If-Tag(0111010011000011,1010011110000000,0100000011011010),SubmitD(1001101110101101,0011000001101100,0001000100100110),SubmitC(1100100001111100,1110100001101101,0101101010011111)]"
PROBLEM_grade__ARGS_TAG_BF__MUT_0075,6360,grade,Tag-BitFlips,0.0075,0,True,37,468,211,"[Inc-Tag(0001111101001110,0111111110001011,0001010100001010),LoadGrade-Tag(1100011000110001,1111100000001110,1101101011100111),TestNumGreater-Tag(1100101100101101,0011111011111011,0100101110100101),SubmitA(0010100000101001,1000000100100000,1110111100101111),IfNot-Tag(0001111011000100,0010100101110101,0111011110100011),SubmitB(1010101101111111,0101011000010101,1100000101000111),TestNumGreaterTEqu-Tag(1111110010110010,0111110101010000,1001111111011100),IfNot-Tag(1111101010010110,1101000110010011,0101101010101101),Countdown-Tag(1001000100010111,1010000100000011,0101111011111110),SubmitC(0101011110010010,0110101111001111,1101111001001000),Set-6-Tag(0001110111010101,1100001100010101,1011001101110100),Set-8-Tag(0010000010011101,1101011111001100,1110001001101111),LoadGrade-Tag(0110111110111110,1000101010100000,0010111110001110),LoadThreshD-Tag(1101010110001101,0010001001100111,1011010011100001),LoadThreshD-Tag(1101001001010001,0011000111110001,0010100101111001),TestNumLess-Tag(1111011111000100,1010101101100011,1100101110010100),Set-16-Tag(0001111110001010,0100011011010011,0001111101110000),Set-8-Tag(1011110100010100,1000011111010010,1000101111100100),LoadGrade-Tag(0110001011010011,1110001000011110,0010110011101010),If-Tag(1101100010011011,1010010010011001,0110001101000111),LoadThreshC-Tag(1001101111011100,0100101110001001,0101001111011010),Div-Tag(1001000111011000,1111101001011110,0101111011010001),Inc-Tag(0010100110101110,0110011110011000,0111111001101111),LoadThreshD-Tag(1111110100000010,0010110001110101,1111101000110110),Set-3-Tag(0001000100001010,0001100001000111,1101101011110010),Not-Tag(1110101001010001,0001000001100100,1011110010011010),Set-6-Tag(0000010010001111,0111010110110010,1110100001011110),Add-Tag(0100110100111011,0100111110110110,0100000000110100),Close(0111000101101011,1001110000000111,0000011000000000),SubmitF(0101101111010111,1110000010011000,1101101000010010),TestNumLess-Tag(0000101000011110,1001000101000000,0001101100001101),Set-1-Tag(1011010010011101,1001000000111100,0001010110110110),SubmitD(0111010101110101,1000101111000111,0111111001111100),Mult-Tag(1111010110001000,1111100000111011,1111000101110011),Set-2-Tag(0101101010101010,1100111001100001,1000111000010000),Countdown-Tag(0101101011000110,1010001000010000,0110001010011111),Set-8-Tag(0001111111001010,0100010001010101,0010001101011100)]"
PROBLEM_grade__ARGS_TAG_BF__MUT_0075,6361,grade,Tag-BitFlips,0.0075,0,True,48,304,177,"[Set-6-Tag(0010011100110100,0110000010011110,1000110011010100),SubmitF(0010110110111111,1110111001101100,1110100000001110),LoadThreshC-Tag(1001111001111001,0111101111010001,1101110011111100),TestNumLessTEqu-Tag(1101100000000000,1000011100011010,1111010110011111),Inc-Tag(1010010101001111,0110000100001110,1011110001001011),While-Tag(0001111111010111,1111100001001001,0110000000100011),LoadThreshD-Tag(1000000000111100,1001000011100101,0001000111011011),TestNumGreater-Tag(0101110101010011,0001110011001100,0111111011000011),LoadThreshB-Tag(0101001101111011,1101111101010101,0001100001000111),Sub-Tag(0101011001000101,1001011011100000,0000101001111100),LoadGrade-Tag(0111011101000001,1011000010101111,1110111101000110),Set-12-Tag(0000110001100001,0000001111101111,0101010000111011),SubmitA(1110110010010101,1101000011101101,1000110100001100),TestNumGreater-Tag(1001101001101101,0101110000010101,0101111110110110),SubmitC(1010010010010101,0110100101011010,1100010110100111),Set-0-Tag(1010000111101001,0001001111100010,0010101110101101),SubmitD(1011000110100100,1011110100111100,0001010001011111),Set-7-Tag(0100110111000001,1110110100111001,1101100100111001),Set-5-Tag(0011110011100000,0011100101000010,1011001000000101),Not-Tag(0111000101000010,0100000001101000,1000000111000011),SubmitD(1100110100010001,1111011001010000,1011100000011011),Mult-Tag(0101011010101110,0011100101111000,1101011011000111),LoadThreshA-Tag(0100110011110000,0101110110001111,1111001010010000),SubmitF(1000101010010110,0001100101010010,1011101010101001),TestNumLessTEqu-Tag(0110111100011110,1101100000110110,0110110000111111),Mult-Tag(0100111000011010,1101111001111111,1100001111011010),Set-6-Tag(1110011110110111,1110100110110110,0011010100101100),Div-Tag(1000010101101010,0111000011101001,1111101000101010),LoadThreshB-Tag(1101001001001000,1001110110100001,1001110100110111),LoadThreshB-Tag(1110101101011110,0100111111111101,1111010101011100),If-Tag(1100001001011001,1011110101111011,0101001000000111),SubmitD(1000000111001100,0110011100111011,1011000111100100),Inc-Tag(0100010000110111,1101110010100111,0000101100111000),If-Tag(0011101001100010,1011001100100110,0100011010001011),Close(0101100111110000,0101110100011101,0110111101101011),Close(0111001011100111,1001101001100110,1100110100111111),Set-2-Tag(1011001011101110,0110000100101010,1001001011110011),Set-2-Tag(1010110000111101,1100111101111101,1101010010111011),SubmitC(0101000101100001,1000000110101001,1011110101111110),TestNumLessTEqu-Tag(1110010000011101,0100101110110101,0011101011100001),Set-4-Tag(0100001111000001,1110001111001101,0101111000010110),LoadThreshD-Tag(1100011111101000,0001111111111001,0110100011111101),Sub-Tag(0100100111011100,0110111010010101,0101101011110100),Set-12-Tag(1010101101010111,1011101010100010,0000000010101110),SubmitB(1001001011001001,0100010100001100,1011110001001110),Set-1-Tag(0010001000100001,1010010111110101,0101011011011001),CopyMem-Tag(0010010110100111,1101110011010000,1000101001000110),Countdown-Tag(1000010000100010,1000100010100010,1001011101011100)]"
PROBLEM_grade__ARGS_TAG_BF__MUT_0075,6362,grade,Tag-BitFlips,0.0075,0,True,20,319,179,"[TestNumGreaterTEqu-Tag(1000101101101011,0000101110011000,1001000100101000),SubmitF(1010111010011001,1000011001101010,1010001010011101),TestNumGreaterTEqu-Tag(1100001100001111,0001100100110110,0010011010100100),Countdown-Tag(1001110110010000,1000001101010010,1001111101000110),SubmitD(1101011001011000,1010111001001110,1101010111100101),Countdown-Tag(1011010100100001,1010100100100100,1100000111100111),While-Tag(0001000100100101,0111011011111101,0010010101010001),SubmitA(1100011010111100,1001101010001000,1110010001010011),TestNumGreaterTEqu-Tag(1000110111001110,0111010111010111,0101010100100010),TestNumGreaterTEqu-Tag(1010010001000011,0011011101110101,0101110010010100),Close(0010111110101100,0111001000100100,1101101100001100),SubmitC(0010110111101110,0000001101001010,1111000011101011),IfNot-Tag(0000101010100100,1010010011000101,0000111010101111),LoadThreshA-Tag(0000110010100011,1100111010001101,1000010101010001),Sub-Tag(1100010001110010,1111100010000100,0100010001001110),LoadGrade-Tag(0100101001100010,1101000010001010,1100001111111110),Set-6-Tag(0001001011111101,1110101110010001,1100100010000000),SubmitB(1101111010010000,0110000011010011,0100111101010100),Sub-Tag(0100000110010100,1100001100000101,0101101100011110),LoadThreshB-Tag(0010110110110100,1010010111100111,0010000100101001)]"
PROBLEM_grade__ARGS_TAG_BF__MUT_0075,6363,grade,Tag-BitFlips,0.0075,0,True,55,474,312,"[TestNumNEqu-Tag(1110000111001110,0101010111111000,1111001011010100),Break(0011010010001101,1100010101111010,1101011111010010),TestNumGreater-Tag(1011001000000010,0110011100001010,0001111101100001),Set-7-Tag(1100011111100111,0001101101001010,0111010111101100),SubmitF(0101011100000100,0001100010000000,1010011100110110),CopyMem-Tag(0100111001101010,1100011100100101,1011011000011100),Floor-Tag(1001010111100011,0000010110000001,1010101111111111),TestNumGreaterTEqu-Tag(0000101001001001,1000100011011010,1001100011110010),Sub-Tag(1010000111000111,0001110101100001,1011011111111011),Dec-Tag(1010101010100100,1010111010001011,0110110011110100),TestNumGreater-Tag(1101000000100100,1100000101100010,0010001011100111),LoadThreshA-Tag(0111101010110110,0100101010011111,1100011100000010),Sub-Tag(1001010000101100,0011100110001111,1011100011111100),TestNumGreater-Tag(0110101010100100,1000011100000011,0101101101000011),Countdown-Tag(1010100110000001,1010011100010010,1110000101011000),TestNumLessTEqu-Tag(1001010100011001,1010110100100101,1011101110110001),Set-15-Tag(0001000111110101,1111001101011001,0100110100111111),Set-7-Tag(1001011101011000,1100101010011110,1001001111101001),Not-Tag(1101101101000001,0110001100001010,1100110101000110),Floor-Tag(1010010010111100,1011110010010100,1110011101110010),Set-10-Tag(1110101110001000,0001100001011111,1011101111110000),LoadThreshB-Tag(1001100100111101,0010000111011101,0111111000100111),Set-3-Tag(0000010001100101,0000011111011110,1011010111010001),Not-Tag(0010111000101100,0010110010101000,0100101111110111),LoadThreshA-Tag(1101000001101001,1011000110100110,1111001001111110),Dec-Tag(0101010001101000,1100011111011011,1100111110001110),SubmitD(1010110111100000,1010000001011111,0000101111010110),IfNot-Tag(0101011111110110,0010110100011111,1000000011010101),Return(0110100100011101,0110001100110011,0111010010001100),Close(1010000110111111,0001101001110011,1111011010011000),SubmitC(0111001100011000,1001111110101111,1110000101001100),Floor-Tag(1010101110110010,1111000100110101,1000100010100100),If-Tag(0110101000100011,0011100110110000,0100111001011001),Sub-Tag(1000111111100010,0000011100110100,1110110111111011),Div-Tag(1100000101010111,1111011100010001,0011000000001100),Set-10-Tag(0011101011000111,1111011111011111,0000110101101100),Set-2-Tag(1010100000010110,0111101000010010,1100110010011101),LoadThreshD-Tag(1101101100110000,0110011011100100,0101101010111101),Set-11-Tag(0111111010110100,0001010011110100,1101001111010010),IfNot-Tag(0100000111100001,0011000000000111,1011000110001011),SubmitA(0100010000111111,1111110111101010,0010001110111111),Set-14-Tag(1111011100010101,1011100011110101,1111011011000111),Inc-Tag(0100011101010001,1001100100000000,0001110001010100),TestNumEqu-Tag(1000010100011101,0011110101011001,1100110111010100),CopyMem-Tag(0110011101101010,0111101101101010,1111000000001100),Set-3-Tag(0011101011110100,0101110010100110,0100101011010110),Set-0-Tag(0011011111000100,1100000001000001,1101110011111111),Set-1-Tag(1011000001111100,1010110101000101,1111111011101000),Not-Tag(0100110001111000,0101111101111010,1011100001001110),Set-9-Tag(1100010000111010,0111001001101010,1101010001111011),Inc-Tag(1101101111111110,1100010001100010,0011011011101010),Set-5-Tag(0101011010110101,1101111010110111,0010010000101100),If-Tag(1111101100000111,0000000110001001,1001100111100000),Set-1-Tag(0100001000100001,1000110110011011,1111010110011010),SubmitB(0100000011010110,1011100111101001,0001111000001011)]"
PROBLEM_grade__ARGS_TAG_BF__MUT_0075,6364,grade,Tag-BitFlips,0.0075,0,True,23,496,258,"[TestNumLess-Tag(0100111101100011,0010111111011100,0101000010000100),Countdown-Tag(0110111111101100,1110100001010101,0111010001011110),Set-6-Tag(1100100100100001,1110010011111010,0101111001101111),SwapMem-Tag(0110011111001011,1100100100111100,0011101011000011),SubmitD(1101010000110110,1010011001111000,0100100000011011),Set-10-Tag(0100100010011011,0111101111010111,1110010110001110),SubmitA(0001110101111100,0000111111000110,0100000011100010),Set-1-Tag(1111101011101100,0010001001011100,1100100111110110),SwapMem-Tag(1101111111100001,0110010101100000,1011110101011010),Countdown-Tag(0101001111101101,0100010110110000,1001101001110100),SubmitF(0101101000011111,1101001100101010,0111101111110001),Dec-Tag(0011100101111010,0010000110010101,0110001001111111),TestNumGreaterTEqu-Tag(1000001100010110,0011111000000100,0001011011100101),Add-Tag(1100011111011010,0011110000000000,0011001010111011),Countdown-Tag(1110101100011000,0000100011010011,1011011001001101),IfNot-Tag(0101101000110110,0010000010101011,1110011010110111),Sub-Tag(0101100001000000,0100101100000110,1010101100011110),SubmitB(1010011110111001,0101110001001010,1101000001111011),Countdown-Tag(1001000100111101,0101110110101000,1100101110011100),TestNumLessTEqu-Tag(0010110010001101,1100010100100100,0001101000101111),While-Tag(0000011101001100,0010011100011001,0111101110110100),Close(1011000001101010,0000100011011011,0100010111000001),SubmitC(1111000101010010,1010111011011100,0001011011010100)]"
PROBLEM_grade__ARGS_TAG_BF__MUT_0075,6365,grade,Tag-BitFlips,0.0075,0,True,46,309,244,"[TestNumGreaterTEqu-Tag(0000011110011011,1011110110011011,0111101010000100),Add-Tag(1110011101101010,0101001101000110,1000011111010011),LoadThreshC-Tag(0111110110000011,1110111000101010,0100011110100000),TestNumGreater-Tag(1000111110111101,1001101101000101,1000101000010000),Inc-Tag(1100100101111111,1000001101010000,1000011111100011),SubmitB(0111100111101011,1011101000011100,1101110000111111),While-Tag(1111111011110010,1111011011100011,0000001101110100),Inc-Tag(0011111010001111,1000000010110111,0101001011101101),Set-14-Tag(0011000111000111,0010110100000000,1101100000110001),LoadGrade-Tag(0000010111011111,1100110100111111,0000101111101001),Floor-Tag(1011000010011100,0101000100100011,0101010110001100),TestNumGreaterTEqu-Tag(0101000011110011,0101111101010001,0101100110011100),LoadThreshD-Tag(0100000010100010,0110100001111101,0101101010111111),Set-1-Tag(1100110100011101,0010100001000011,0111001010011110),Set-3-Tag(1000010110100101,0101100101100001,1111110111011100),SubmitA(0111010111110110,1001011011101101,1111111010101011),Set-16-Tag(1100110001111111,0010011011000100,1100000100011001),TestNumLessTEqu-Tag(0001111110101010,0010001000000010,0000000011111101),Dec-Tag(1011010010010000,1100011101110010,1001100111111111),Set-13-Tag(1100001111110011,0100101011110110,0101010011110100),Floor-Tag(1101110110010001,0010000001001101,1011110000100011),While-Tag(0001110111000101,1111000011011110,0101001011011101),Set-9-Tag(0100010001000110,1100010010101011,0001001100010001),CopyMem-Tag(0000101101010110,0010001000011010,0010101010100111),CopyMem-Tag(1111011010111100,1010001000110000,0000101010000101),Set-5-Tag(1100101000010111,1111010010000101,0100010100100000),If-Tag(1011110001000000,1100101111000010,0001010100111111),Not-Tag(1101010101010101,0100111010010011,1001111010000010),SubmitA(1010100111000000,0001100001010111,0111011100111111),If-Tag(0001000111001001,0001100110001011,1101000011010011),Set-15-Tag(1100100000001000,0111100100010111,1000011010101000),SubmitB(0100011011101011,1111001010100101,1110011010101111),Div-Tag(1100101101110010,0001101110100111,0111001101000110),Close(1100111101001000,1100110000000010,0111010111101011),SubmitD(1001011001000111,0101100001111000,0101011001010100),TestNumLessTEqu-Tag(0011000000110000,1111101000000001,1110100001100110),SubmitC(0110111110001111,0111100110110001,0011001101001010),Set-4-Tag(0001101110111101,1101110001000011,0000001011111110),SwapMem-Tag(0001010000011010,1010010101110001,0011110010111011),Not-Tag(1110101000000100,0101101111001000,1100111100110011),If-Tag(0010101001111110,1011001101000000,0111010110101101),TestNumGreater-Tag(1111010001000101,1010100000111011,1100001101110010),Set-2-Tag(1011010111000001,1110001011011111,0101010000110111),IfNot-Tag(0001100010110100,1011100000111111,1101110111100110),SubmitF(0011111111011011,0010001110100111,0111001001001011),Set-1-Tag(1011011001011011,0101110000100001,0010010011111100)]"
PROBLEM_grade__ARGS_TAG_BF__MUT_0075,6366,grade,Tag-BitFlips,0.0075,0,False,NONE,NONE,NONE,"NONE"
PROBLEM_grade__ARGS_TAG_BF__MUT_0075,6367,grade,Tag-BitFlips,0.0075,0,True,38,296,257,"[LoadThreshC-Tag(1000011111011000,0011100010111110,1100010101101001),While-Tag(1011100000010001,1001001000010001,1011100011010010),Set-12-Tag(0011110100001000,0001001100011111,1110001101001101),While-Tag(0100001001010100,0010100000110001,1001010100010001),LoadThreshD-Tag(1011001100111000,1001101110011101,1101000110110101),TestNumGreaterTEqu-Tag(1000111000100111,0101010010010111,1101010001110100),Not-Tag(0110111010011101,0101101011110110,0010000110011101),LoadThreshB-Tag(1110000011010100,1110111101101101,1110011111100001),Not-Tag(0001011111011100,0100011010111011,1100101101111011),If-Tag(1100010101011010,1011011100010000,1101001010011010),SwapMem-Tag(0011111100100010,0111000100010110,1010100011110001),SubmitF(0001011111011111,1011111000110000,0011101110101001),Close(0100110101011101,1001010010010101,0110101000100010),Set-8-Tag(1101100001111001,1001111000010011,0111001111001111),TestNumGreater-Tag(0110011001111000,1001001100011010,1110001011100010),Close(0111000110000100,0111110001100100,1111010000110001),Set-14-Tag(1011001100111000,0101010111110110,0000011111010011),While-Tag(0101010101100010,0000001101101101,1001100110100000),Close(0101010000001100,0011000100000010,1110001111100111),SubmitD(0010000010100000,1110101000110111,0111101000111111),Sub-Tag(0100011100011111,1111101010110000,1100100010010000),Inc-Tag(1101110010011001,1100001010100100,0100011110100011),Div-Tag(0100101001101101,0000010100000101,0000001101010010),TestNumLessTEqu-Tag(1000011110011100,1111111110000010,1011110010111001),TestNumGreater-Tag(1100110000111101,0011111001000010,0111101101010001),LoadThreshB-Tag(1101101010100100,1000111010011111,1000011110100101),SubmitC(1110011010010010,1010000100001010,1011110110101010),Dec-Tag(0101001011010101,1101010000110011,1110110101100110),Set-9-Tag(0011111111000010,0011110110010011,0100001101001000),TestNumLessTEqu-Tag(0000110000100111,0000111111001001,0111010001010111),LoadGrade-Tag(1111100101001011,0000111101000100,1101000100010100),SubmitB(0000000010110001,1101000011011110,1000000110100000),LoadThreshB-Tag(1011001000010111,0001010100011001,1111111101110000),Set-9-Tag(0010001111101001,0001000010100110,0001101100001010),LoadThreshC-Tag(1101010001111100,0110011011101000,0100101100111010),SubmitC(0001110101011011,1011011001011100,0101011001011101),Close(0111011001100011,0010100011111010,0010010101001100),SubmitA(1111010111000000,0011000001010111,1100000100111110)]"
PROBLEM_grade__ARGS_TAG_BF__MUT_0075,6368,grade,Tag-BitFlips,0.0075,0,True,85,500,489,"[Sub-Tag(0111011101101111,0101011000110110,0110100011101100),SubmitB(1010011010101100,0100111101100000,0100101100010100),TestNumLess-Tag(1111010110001011,0011010001010110,0110110110110011),TestNumLessTEqu-Tag(0011000100100001,0010111001011010,1001100010001101),Set-5-Tag(1010000011101001,0111111000111011,0001111011011000),Set-9-Tag(1010000011110100,1000010000100100,1010100111101100),LoadThreshD-Tag(1100011101011100,0101110111110101,0001000001001010),Div-Tag(1001101010010110,0100101111110100,1100001000111011),While-Tag(1010011100100001,1011110100111110,1101010001100010),SubmitD(0001101111110010,0010001111111100,0111010000001011),Set-12-Tag(0110101011001001,1000110110111011,1001111010101010),Sub-Tag(1001001000000111,1101010011110011,0110111011011011),Set-3-Tag(0100101000010100,0001011111110101,1111001101110101),Not-Tag(0000000101100111,0101010110011000,0100110111001100),Not-Tag(1101011000111100,1000000101011001,1110110110011011),LoadThreshB-Tag(0011101000010100,1111011101000110,0110100101100101),Sub-Tag(0000100001001111,0101101001010011,0001100001001101),TestNumGreater-Tag(0101010100010100,0110001000111101,0110100110110101),SubmitD(0101100011101011,1101100000111011,0011111100101101),SubmitF(1011110011101101,0100111101001001,0011011010011000),Countdown-Tag(1000110010001000,0111100100011111,1001000001000111),LoadThreshC-Tag(0001110001110001,1011000010010011,1010101111001100),Floor-Tag(1111000100010010,0101111001000001,1000011110111110),Set-8-Tag(1011110010011111,1001001111110100,0001101100100001),Set-5-Tag(0001010111101111,0111011110110100,1001001000110010),Set-2-Tag(0101110111100011,1000100010001110,0111111101110110),LoadGrade-Tag(0100001101110110,0110001001101010,0100101001111101),Set-16-Tag(1111011100000010,0001100110111000,1101011001100010),If-Tag(1010111100000000,1000001010001011,1000001101100110),Set-10-Tag(1100100010101000,0011000010101010,0000010001011100),Add-Tag(1110000010111010,1111100101110101,1010000001111011),TestNumGreater-Tag(0100011110001100,1000000001100001,1001010100100111),Set-6-Tag(0010001010101110,1110110001000001,0111100111001011),SubmitB(1110001010001001,1001011100010011,1001110111000110),Set-13-Tag(1001100100111010,0111101000010010,0001010000110011),Div-Tag(1001101010111011,1101011100000100,0000000111010010),Set-6-Tag(1110011000000010,0100010100111010,0111001100110111),Set-15-Tag(1111111001100101,0000101001001110,1011101001001111),SubmitC(0100001010010010,1110111000111000,1101110010010111),Countdown-Tag(1101011011001100,1110100010110110,0011011011100100),Set-4-Tag(0010010110110000,0101011010011110,0011111000001100),Set-13-Tag(0010010100100011,1011000100100100,0001111101110101),Dec-Tag(0100110110110101,0111010110011000,1110111111010111),Not-Tag(1100100101110011,1111111001000001,1101111010101100),SubmitD(0001000110111010,1101111100110010,1110000101111000),Set-14-Tag(1001101100101101,0100001001110011,0011000001010000),Sub-Tag(1000011011101011,0001111001010010,1010000001011110),SubmitD(0000001001110111,1111010010010110,0011111100111011),LoadThreshB-Tag(1101001011010111,0101000010111101,0010000110011011),SubmitF(1011101001101101,1111101101111101,0011000111011110),Countdown-Tag(0000111110011100,1111101101110110,1010100100000000),LoadThreshC-Tag(0011011101010011,1000000011001010,1101011001110100),TestNumEqu-Tag(0111000011110011,0111110001000001,0100110101111110),TestNumLess-Tag(1100010111011011,0001001011111000,0101100000000011),Set-4-Tag(1111101000101001,0000011010100101,1100110011011100),Set-5-Tag(0111011010011100,0010111110011110,0000011000010000),Mod-Tag(0010101100111110,0110000110001111,1011100110011000),LoadThreshA-Tag(0010011011011111,1011011000101010,1001010101101101),TestNumLessTEqu-Tag(0100101011010110,1101100000011110,1111001011011011),LoadGrade-Tag(1111010101010011,0110010001000110,1101011111100111),Set-16-Tag(0001100101100010,0100110011110100,1001111101101100),LoadThreshA-Tag(0000110110001011,1111111011011000,0111010000010011),TestNumGreaterTEqu-Tag(0100110100111100,1100001101010000,1010000101100101),SubmitC(0100000001010110,0111000010110000,0101101101110011),If-Tag(1000110100100000,1001101001110101,1011001101101101),Sub-Tag(1111111001110111,0101011111000111,1011110011111010),Set-10-Tag(1000101100110100,0001101000011100,0010000011010001),TestNumLessTEqu-Tag(1011101100111101,0011011101010101,0011101101011100),LoadThreshB-Tag(1011000100111100,0010111101100101,1100011000010000),TestNumEqu-Tag(1001101000101011,0101000101010111,0110011110000010),SubmitB(1111101110011011,1010110001001010,1001000001000110),Set-15-Tag(1001111011100010,0110111111011110,0010000101101011),LoadThreshD-Tag(0011111000011000,0101001001000110,0111100111111010),TestNumGreaterTEqu-Tag(1101010000010001,1000000010101011,0000111110100011),Countdown-Tag(1110000001100100,0111101001000000,0010011010101000),Set-4-Tag(1110011100110000,1111001111101100,0111011010001110),LoadThreshC-Tag(1100101111001110,1000111000101110,0011001010101010),Set-13-Tag(0101000111011000,1111111000100100,1011100011110101),Dec-Tag(0001011100110100,1111010001011011,1010111110110110),SubmitB(0010011111000110,1001101110111011,1001100101001001),While-Tag(0100101000010110,0110100001001101,0010101000110100),Set-1-Tag(1011110110100100,0100110000010010,1011001111010000),Set-10-Tag(0110000000111011,0101100110100110,1101101010101110),SubmitA(0000010010100001,1001000011011001,1000000101011111),Add-Tag(0010100011111110,0101010000011101,1001101000010011)]"
PROBLEM_grade__ARGS_TAG_BF__MUT_0075,6369,grade,Tag-BitFlips,0.0075,0,True,23,489,351,"[While-Tag(1110010101010000,0111110001101110,0110110010001110),SubmitF(0100000001000000,1100110101011100,1100010010110110),TestNumLessTEqu-Tag(1011100100100011,0000110111001111,1000110001111010),IfNot-Tag(1110011001000100,1100000101000010,0011001100101100),Set-3-Tag(1010101101000100,0111111011111100,1111011101001100),LoadGrade-Tag(1010010000000100,1101100100110110,1101110010011011),Div-Tag(1100011011111011,1101010110101001,1101010001101000),Sub-Tag(0000010100111010,0100100100010001,0100010101001101),Mod-Tag(0000011000111100,0110111001111111,0110100010011110),Sub-Tag(0101000011110010,1110110111000000,0000101111110011),SubmitA(1001101010111001,0111100111100010,0110000000111001),SubmitD(1111010100110010,0110110000111011,0001001101010001),LoadThreshB-Tag(0101101010111100,0010110111100100,1111010001101001),LoadThreshD-Tag(0101111101000100,1011011111101100,1101100100010011),Dec-Tag(0101101010111001,1100110000110010,1000011100110110),TestNumGreater-Tag(0110000100110100,1111000010100000,0101000101110101),TestNumLessTEqu-Tag(0010011110000101,0111101010101000,0011111111100100),While-Tag(1100011000010011,1010101010000011,1101110010100010),SubmitC(1110010111101001,0101101100101000,0101010001110010),IfNot-Tag(0111111011111100,0100001110111011,0010111011010110),SubmitB(0001111000011011,1110100011110011,1110101100101001),Countdown-Tag(0000011100100001,1000100110011101,0100101010000000),SubmitA(1101111001001010,1010110001101001,0010010011101101)]"
PROBLEM_grade__ARGS_TAG_BF__MUT_0075,6370,grade,Tag-BitFlips,0.0075,0,False,NONE,NONE,NONE,"NONE"
PROBLEM_grade__ARGS_TAG_BF__MUT_0075,6371,grade,Tag-BitFlips,0.0075,0,True,65,441,166,"[Set-5-Tag(1110111000110100,1001001100011000,1110101101010100),TestNumGreater-Tag(0101101111111001,0000110101000011,1011111001010101),TestNumLess-Tag(1111001111011111,1000011010111110,0110000010010101),TestNumGreater-Tag(0000111010100001,1101101110011010,0110100000101100),TestNumGreater-Tag(1000100100100010,1100001111110011,0001111011000100),TestNumGreater-Tag(0100110011010001,0011101110111011,0000010011101011),Set-12-Tag(1001100001111111,0000101000111010,1000001111000001),Div-Tag(0001101000010111,0001000000110011,1000111100111001),Set-1-Tag(1011110000110111,1010101001010011,0011110111111010),SubmitA(0000110001011001,1101110101010111,1000101011111010),CopyMem-Tag(0010101001111010,1100001010110011,1110100111111110),LoadThreshD-Tag(0000011100010110,0010000110101000,1001010000001111),LoadGrade-Tag(0000011011000011,0101011000101100,0001100001111011),Set-12-Tag(1100100011100010,1000001000100000,1000110001011011),Set-10-Tag(1001011010100010,1000101101111010,1000000101101000),SwapMem-Tag(0011110110100000,0010010011000000,1110100000010011),TestNumNEqu-Tag(1010111111000000,1010011011000000,1100110100101011),Set-7-Tag(0110000000010011,0011110011110000,1110000101101000),Break(0101101000101010,1100010011010100,1010011101101000),Sub-Tag(0010010100001001,1001010110010000,0101010110111001),While-Tag(0111101000011101,0111101001010100,0001011100000001),TestNumGreater-Tag(0110011100010000,0110011011100100,1011011110110010),Set-2-Tag(1011010110110110,1001010010010010,1101011101011000),Set-3-Tag(1011000100110000,0110111111101111,1000011000010100),Set-11-Tag(0011011111000000,0001111010110000,1000001010100010),LoadThreshB-Tag(0110101011010111,0000011111101001,1111111111011010),Set-7-Tag(1011111010111000,1110000100001100,1011110100101000),CopyMem-Tag(1100010100010111,0011000110001011,0011111000101101),Div-Tag(0101011110001101,0111001011001101,1011111000101100),Dec-Tag(1010111101000111,1001001111110101,0011111101101101),TestNumNEqu-Tag(1011100100100101,0111111000000101,0110110100101100),LoadThreshD-Tag(1110001110011111,0110101101011111,1011011100000011),SubmitB(0011110011110010,0110100000011100,0101110100011001),Set-12-Tag(0000100111001111,0000010000101011,1110101011001111),Dec-Tag(0000000110000100,0010101001111001,0001001000101000),Set-2-Tag(0111000011010011,0000101010100001,1111110101111100),Set-12-Tag(0111010000111000,1001010011010100,0001011000110101),LoadThreshC-Tag(1011101110011000,1011101010101100,1111101000111110),While-Tag(0001010010011111,0111101010011111,0101100001000101),SwapMem-Tag(1010000001010100,1010010100011000,1000111011010110),Dec-Tag(1001100100111010,1000010011111011,1001001110100110),LoadThreshD-Tag(0001011110110111,1101100001001111,1000010011111000),SwapMem-Tag(1011010111001100,1001100110111100,1100111100011100),Dec-Tag(1000101000101010,1000011100111101,0011100001100100),LoadGrade-Tag(0101100100000111,1010110000001100,0011100000010010),SubmitB(1100001110110001,0010010011010101,1011111101100001),Set-6-Tag(1100011110010001,1011101100001110,1011111001110110),CopyMem-Tag(0010011100010110,1000100010011010,1110010111111000),Set-5-Tag(1011111010011110,0110110000001110,0000101001011100),SubmitC(0101100000111111,0110111100100100,1100110111010010),Div-Tag(1011000001110110,1011101011010111,1000001110101111),SubmitD(1111100111100010,1000001000011110,0010011010011110),TestNumLessTEqu-Tag(0111000101000111,1100000010110100,1110100110100111),Countdown-Tag(1000011111100101,0111101110110001,1110011001110111),LoadThreshC-Tag(1010010101010111,1011000100000100,1000101100010001),SubmitF(0010001101000011,0100000011110010,0110010101100011),Set-0-Tag(0010010110001100,0011101000100010,0110100010011101),TestNumEqu-Tag(0110010111010100,1001001101001111,0011011000111111),Countdown-Tag(0111010101100110,0010111100000011,1011010010110110),Set-4-Tag(0000011001100001,0010110011010001,0101011010100101),Mod-Tag(1110001011000111,0110011101011000,0111000000110100),SubmitF(0010110000011100,0001110110000100,1100011100100111),TestNumGreater-Tag(0000110000101101,1101011001110000,1111001101001011),Set-5-Tag(1100010001010001,1000111010001101,1010110110110110),TestNumGreater-Tag(1101010101100001,1101000101010100,0001010001110100)]"
PROBLEM_grade__ARGS_TAG_BF__MUT_0075,6372,grade,Tag-BitFlips,0.0075,0,True,62,498,377,"[Set-11-Tag(0111101001001110,0011101101011001,1101000111111100),Set-12-Tag(1100000100001111,0010100000111010,1011010101100100),LoadThreshC-Tag(0001000101100100,0001100010000111,0111110110010001),LoadThreshD-Tag(0111111111000011,1111101100011010,1111100010000011),IfNot-Tag(1000111000110110,0001100110111100,0001111000111111),Not-Tag(0111010100111100,1100101101000000,1011101000001010),Set-3-Tag(0110111000000110,0111100000110001,1101101100101011),Close(1110111010011100,0110110110001011,1011101011011101),TestNumEqu-Tag(0010000010110100,1100111000001101,0010111011010001),Close(1101010101100100,0111001011011100,0001111101111101),Mult-Tag(0101011101111100,1001011101110010,0010110110101001),TestNumGreater-Tag(0000010000110000,1010000111001101,0101101100011001),Set-14-Tag(1100100110100001,0101111011101110,0000111100001001),TestNumLess-Tag(1010110010001100,1101001011011110,1111111011001000),Close(0000100111101011,0101010011000000,0001110011011001),Set-1-Tag(0001111101101110,0011110100110000,0111110110001110),LoadThreshA-Tag(0010100011010110,0011101011000100,0000100001100110),Sub-Tag(0101110001011110,0011001000111101,0101100110001110),SubmitD(1001010111010110,0011111010011001,0011110111000100),Floor-Tag(0011011111011100,0001011011010000,1011001110111001),TestNumGreaterTEqu-Tag(1011111110001011,0011000101111000,0000111100000110),LoadThreshC-Tag(0111000100000011,0000010111100101,0011111111111010),IfNot-Tag(0111111110100101,0010100100010110,1001101100001011),IfNot-Tag(0100001011011001,1011010010010000,1111101011010000),Close(1000110000111101,1010110010001010,1100100010001000),Close(0011111111100110,1010110110010011,0100110001000001),Mult-Tag(1111100000010011,1011001000010101,0100000101111000),Dec-Tag(1110001010100110,1000010011001110,0100010111000010),Close(0001101100011101,0010011001001010,1110010101000011),Break(1001011101011011,0100110100001010,0010001101101010),Set-9-Tag(1000110000000110,0101011100000100,1110100011011100),SubmitF(1111101001011101,1111000100100010,1001011011011101),LoadGrade-Tag(1000011111111111,0001000111101100,0110011100111010),TestNumLess-Tag(0101010010100101,0001010010001100,1000111111000000),While-Tag(1011110000001011,1011001010110011,0101111111101000),TestNumGreaterTEqu-Tag(1101111101111111,0101110111001010,0111100000010111),SubmitA(0111000101110010,0001001100111000,1000001100111101),Set-8-Tag(0110011110010100,0010110111100111,1011001001101000),Mult-Tag(1101010110111101,0000010101001000,0110100011000011),Div-Tag(0010110011011111,1011010110111110,0100001011000000),Set-10-Tag(1100010001011000,1010010100001100,1100110011010010),Dec-Tag(0110011110110011,1101100101010110,1111111011000111),LoadThreshB-Tag(0111010111011100,1110111111101110,0111010010101010),Countdown-Tag(0111110000010100,0100010111001101,1110111111000001),Add-Tag(0010000011111101,0000011011011111,0101100000111111),TestNumGreater-Tag(1111111110100100,1101000011000101,1011111000011101),TestNumGreater-Tag(1001011111110111,0000011100100011,0101011101000011),Set-2-Tag(0111101001110110,1100100100110011,1110100011111011),SubmitA(0100100000111010,0110101110010111,1001111111010101),SubmitB(0101010101100000,0110101001101001,0001000101001100),Set-0-Tag(0101011010111100,0111010101011000,1010010000001000),LoadThreshD-Tag(0110001100100000,1001110100111000,1111010111011100),Set-0-Tag(0001101110100100,1101100101111111,1111000010111101),Set-9-Tag(0011101100100011,1010011000110111,1111010110001110),SubmitD(0000011110110111,0001001000110000,1100000100000111),SubmitC(0111101010100111,1010111000110011,0011111101101000),Set-14-Tag(1010010101111101,0101111100101011,0001110000001001),TestNumGreater-Tag(1110010100011001,1000111001101010,0001011010111110),SubmitA(1000010000000100,0000111111010111,0100110010010001),TestNumLess-Tag(0001100110101111,0111100110111101,1011010011000000),If-Tag(0010101000111101,1011111101001111,1011000000011001),Mult-Tag(0100001011001000,0100111101101101,0101111001111101)]"
PROBLEM_grade__ARGS_TAG_BF__MUT_0075,6373,grade,Tag-BitFlips,0.0075,0,True,51,479,296,"[Set-14-Tag(0011011100001011,1000111001110101,1000000010000100),TestNumLess-Tag(0100101100100110,0111111111011000,1000101011001111),Set-14-Tag(1101110000100110,1111101111101011,0011111011100100),Close(0110000110111000,1011001101100111,1010001111111001),SubmitB(1111010111010001,1001101001010001,0101001110111001),LoadGrade-Tag(1110111001101101,0111111101011111,0100011100011111),While-Tag(1100010100001011,0001110010011100,0011101111100001),Mult-Tag(1011001100110100,0110111110010111,0111001010001011),Add-Tag(0010010101001011,0010101110110001,1110000011010011),Floor-Tag(0111100100001111,0100101110010111,1100111101011100),LoadThreshC-Tag(0000010000001110,0010000001000000,1001001110101010),SubmitA(0011000000011100,0001010110000101,1110101101000100),Set-16-Tag(1111000100000001,0011111000101001,1010101000100100),SubmitC(1101111011011011,0010010001110011,1000100000100110),Mod-Tag(0111101111010011,1001000101000100,0010111011111111),Set-6-Tag(0111000110110000,1111001110101111,1111010101001011),SubmitF(1111010000010011,0011000010001010,0011110110011001),Set-8-Tag(1010001100100100,0010011100110110,1100000011010101),LoadThreshA-Tag(1011001110111000,0001011010111100,1101011101001100),SubmitB(1010101000001101,0110110001101110,0011100110111011),Set-4-Tag(0111100010000010,0110001110001010,0010101100011010),Div-Tag(0010011011001100,1111110000100000,1111000010110101),Set-1-Tag(0011101101011000,1111011100101100,0100111101100011),Set-14-Tag(0000010100100011,0011001011110000,0011111011101100),SubmitC(1010101110010110,1001101111000100,1101010101100000),Set-6-Tag(1010101101000001,0100000111001111,0011000000011110),Set-11-Tag(0100101111101010,1111110000011011,1110101010001101),Set-6-Tag(0110011111001000,0010001110000001,1111011010100101),TestNumLess-Tag(0100111000001101,1101111000010001,1101011001101000),TestNumGreaterTEqu-Tag(0111111001101111,0100010110100100,0001000100100110),LoadThreshA-Tag(0110010010100000,0001010000011101,1110111011001100),SubmitB(1000000100000001,0100000110110101,0010001110010101),Countdown-Tag(1011010100000011,0011001100100011,0100011001101101),Set-8-Tag(0111010100101000,1011010000110010,0100100001001011),Set-8-Tag(1100101000100100,0000011111101111,1111001111011010),TestNumLessTEqu-Tag(0000111101100010,1010101010101010,0100101100101011),Close(1101100010001011,1000011100100111,0001111110001000),Close(0000110001100010,0111010011111100,1001011111100000),LoadGrade-Tag(0010000100110010,1000111000011001,0000010110111000),LoadThreshC-Tag(0010111011111100,1010100101001011,0000101011110100),TestNumGreaterTEqu-Tag(0111100010010110,1101010111010110,0111101001100000),SubmitD(1000100010101101,1001100000010101,1101101101100101),LoadThreshC-Tag(1011011101001101,0001000000100000,0011000110101100),Break(1101001101001101,1000110110001000,1101000001000001),Add-Tag(1100110000001110,0001001010101100,1110110100000111),TestNumGreaterTEqu-Tag(0001011000111110,0000101110011101,0111011010010000),SubmitF(0001111000101011,1100100111111101,1111101001001010),Countdown-Tag(0010011000001000,1001100010100001,1100111100010111),TestNumGreaterTEqu-Tag(1010000010011111,0011110111011011,0001011001111101),While-Tag(1011001001101101,0000011110010000,1111000111110010),SubmitA(1100011101000101,1111000110100000,1111001010011001)]"
PROBLEM_grade__ARGS_TAG_BF__MUT_0075,6374,grade,Tag-BitFlips,0.0075,0,False,NONE,NONE,NONE,"NONE"
PROBLEM_grade__ARGS_TAG_BF__MUT_0075,6375,grade,Tag-BitFlips,0.0075,0,True,22,398,159,"[TestNumGreaterTEqu-Tag(0010110110101111,0001100000001010,1011110100110101),Inc-Tag(0010101100000100,0111110010111110,1001001011110100),TestNumGreaterTEqu-Tag(1011011011111110,1010111100001111,0100010010011000),LoadThreshC-Tag(0111110011001110,1100011001010000,1001011110010010),SubmitF(1000110010010101,0001100011011110,0010000100011100),While-Tag(0000010000100001,0000111000110010,1111100001110010),LoadGrade-Tag(1100010111001011,0111101100011010,0100101000011011),SubmitA(1000100100001001,1110011010111110,1100101010111001),If-Tag(0111011000011000,0111010010000000,1111100110000001),Set-1-Tag(1011101111001110,1001000000011110,1001001010110010),LoadThreshB-Tag(1110111100111110,0100011100100001,0111010110110101),Dec-Tag(1100111111110111,1001011011100011,0100111001010010),TestNumGreater-Tag(0100011011100001,0111111101100110,0011001100111010),SubmitC(0111111111001111,0011100001101010,0101100110101001),TestNumGreater-Tag(1011110010000010,1000001111000011,1111110000100000),Not-Tag(1101100100111101,1110111011010011,0111011011101100),SubmitD(0001010011000100,0011101101110100,0011011101010000),If-Tag(0011101100100001,1110001101110100,1000010100010110),SubmitB(1111000000011101,1110000011011000,0100101110110011),Return(0010000111001110,1000100100110001,0001001110101111),Close(1110001110100000,1101001001100101,1000101010100111),TestNumGreater-Tag(0011011110001000,1100010000110010,1110010010000100)]"
PROBLEM_grade__ARGS_TAG_BF__MUT_0075,6376,grade,Tag-BitFlips,0.0075,0,True,17,445,283,"[CopyMem-Tag(0010111110011110,1100100110111000,1001001110101110),SubmitF(1101100111111100,0000100101010101,0101001010011110),TestNumGreaterTEqu-Tag(1001000010101001,0001001000111001,0001010011011111),LoadThreshD-Tag(0001000100100100,0000011000001011,1011110101110010),LoadThreshB-Tag(0110110110011010,0110010010001001,0001111001001001),Dec-Tag(1111010011010001,0011010110011001,0100101000001001),TestNumGreater-Tag(0100011110000110,1100011001010001,1010000001011101),TestNumLessTEqu-Tag(0111111010011010,0000000100101111,0110010010000110),Countdown-Tag(1110101000000100,0011110010010011,1101101010110000),SubmitD(1100011000111010,0100011101101110,0100010010011010),If-Tag(0000000111001111,0110001001000101,0110100101101100),SubmitC(1000000011000101,0001011111010000,1011101011001011),If-Tag(1010111010110000,0101001111010110,1111000101011101),TestNumLessTEqu-Tag(1101110110111010,0100010000001011,0100010100110000),SubmitB(1111011000010000,1110011110110000,0110110000111010),If-Tag(0101000001000111,0010011110100010,0010110001110000),SubmitA(0101011001011110,0110010111010101,0010111101001000)]"
PROBLEM_grade__ARGS_TAG_BF__MUT_0075,6377,grade,Tag-BitFlips,0.0075,0,True,45,496,477,"[Countdown-Tag(0010101100100001,1001011000101011,0001001010000000),TestNumEqu-Tag(1000110100101101,0100000000001001,0000011100001110),Set-13-Tag(1000000011011011,0011110001111001,1101011000111101),LoadGrade-Tag(1101001010110101,1110010000111101,1001110101000000),LoadGrade-Tag(1000110101011000,0001111100001100,0000100011010011),TestNumGreater-Tag(1101011101010100,1001100011010011,0111101010011100),TestNumGreater-Tag(0111100110101001,1000111001000001,1000010010110010),Set-1-Tag(0001010010000011,0110111111010101,0010111011011011),Set-4-Tag(0000110010010110,0011101111000111,0110110101100111),LoadThreshD-Tag(1101000001011011,1000100000001011,0100100001000100),Inc-Tag(0010001001111011,1000110100101011,1011001001111100),SubmitD(1010101000110000,1000011111001011,1000001010111011),SubmitB(0000011101101100,1100010001000101,0111111101010011),SubmitC(1100001101011111,1101111100010111,0000100001001001),If-Tag(1100101111111101,1000111001001110,1000101010101000),Set-4-Tag(0010110101010000,0010010001111000,1000111000111101),Set-10-Tag(1001010100011111,0011101000101010,0111001011011001),SubmitA(1001011101100101,0001000101101100,1111010111111001),Set-3-Tag(0100111100110011,0000001000100000,0101100101101111),LoadThreshA-Tag(0001101011101010,1110101000010100,1111100001011101),Set-4-Tag(1011111110010011,0101111011100011,0101011000000000),Set-11-Tag(0000111110100111,0111111101111011,0111111010010100),LoadThreshD-Tag(0110010001101111,0010110001111110,0011100101110011),SubmitF(1101010000010111,0011101010100100,1001100001101111),Set-14-Tag(0111111001110011,0111100010100100,1101001111110111),Set-4-Tag(0100010110100001,0010101100000000,0101000010111010),Mod-Tag(0000100010011011,1000101001111011,0110101101011011),LoadGrade-Tag(1000010000010010,0101111000011111,1111010100001101),TestNumNEqu-Tag(0001110101101100,0010001001011011,1110110011010111),TestNumGreater-Tag(0011000010001100,0011100010011100,0101111111110000),SubmitA(1010001111010110,0010001011111111,1101011111100010),TestNumNEqu-Tag(0001100101101010,1100111110110010,1010101011001101),IfNot-Tag(1101100110111111,1010011010111000,0111110110000110),TestNumLess-Tag(0110101001100100,0001001000001010,1110010111010111),LoadThreshC-Tag(1011000000000110,1000001011111100,0111011110011001),Set-15-Tag(0101101110100110,0111011000100111,1001110111100110),SubmitD(0111011110011101,1010010011101100,0011111101011000),Set-12-Tag(1110111001101000,0000010100011010,0000010101000111),TestNumNEqu-Tag(1100001001001101,0101101011100101,0010001000100000),Countdown-Tag(0100010001111101,1000110111101010,1110100011110000),TestNumGreaterTEqu-Tag(1110010110000101,0110100011001000,1000100010010000),Set-0-Tag(1111100010110001,0100001100010011,1010000110000111),SubmitA(0010111100001101,1000011101010101,1001110000000001),IfNot-Tag(0100011100011001,1111001000000000,0010011000011010),While-Tag(0010101111110101,1010010100000000,0101111010000101)]"
PROBLEM_grade__ARGS_TAG_BF__MUT_0075,6378,grade,Tag-BitFlips,0.0075,0,True,54,410,279,"[TestNumEqu-Tag(0101000010100101,0001001100001011,1111011100111101),Set-7-Tag(0101111001111010,1111101011111110,0110001111101011),Set-14-Tag(1111101111011100,0001000101111101,0100111100101110),SwapMem-Tag(1000011000001011,0101001110000001,0011100010111111),Close(1011101010000100,0011101110011010,0101101100101000),Close(1000101001100011,1100101000110000,0010000100100110),SwapMem-Tag(0111101000011001,1001101010101110,0110000000110000),Set-16-Tag(0010110100010011,0101111010000000,0101110101010011),LoadGrade-Tag(0111001100100010,1100100001010110,1000001000101000),SubmitC(0000010011110000,1111100111101001,1110111001000001),Set-5-Tag(0100110110000010,0111010111010101,0100111001000101),LoadThreshB-Tag(1011100001001111,1011011101110000,1101100110000100),Inc-Tag(1011011001110010,1100000011100000,1101000011010011),CopyMem-Tag(0110111001000111,0000000000111100,0110110100100110),Set-9-Tag(1101010100000010,0001000010101110,0100010000111000),Set-0-Tag(0110101010101010,0010111011011000,1100001100101010),Set-8-Tag(0101000110001101,0101101101111000,0000001000110101),CopyMem-Tag(0001101000010000,1110100001101011,0001000000110110),Set-8-Tag(1100100011011101,1000101001100010,0100101001011011),SubmitF(0011110101000010,1001010100100010,0111000000111101),LoadThreshD-Tag(0000001000000100,0010110011010110,1010001011100010),LoadThreshD-Tag(1010010011111100,0100101111000000,0111010011000001),TestNumLessTEqu-Tag(1001100100011110,0010011001111101,0010110100111001),Add-Tag(0001111001110000,1001000000011011,1010110110100010),TestNumEqu-Tag(1011110110000110,0010100000010110,0101011000011100),Floor-Tag(0011001000001000,0111011111001011,1111010110010000),SubmitD(0011100010011100,1011001001011111,1011010101010100),CopyMem-Tag(1111010001010010,1100111111110111,0011101100000010),TestNumLessTEqu-Tag(0101001100101010,1000101000001111,1011011001100110),LoadThreshC-Tag(1111101010010011,1001110011011100,0011010111010100),TestNumLessTEqu-Tag(1110011111101101,1110011001000011,0000100100000111),LoadGrade-Tag(0000011101110110,1010110100100111,1011010101111001),LoadThreshD-Tag(0010100000010101,0001011110011001,0110100100000110),Close(1011101100001010,1000001010110101,1001010111010111),TestNumLess-Tag(1000010100010101,0110100010001111,1110100010111011),Set-8-Tag(1111100001001101,1101110000101101,1000010001010001),Set-3-Tag(1111100100000101,0101111000100011,0010110000010001),TestNumNEqu-Tag(1011110111111110,1101111010101001,1001100000111011),Sub-Tag(1100100110111011,0111001001111010,1011111111010011),Set-10-Tag(0111011010111001,1000010000000000,0010111001100010),Set-1-Tag(0101110100101000,0011000000000001,0111100011000010),LoadThreshA-Tag(1111011011100111,1010010000001011,1000111110010011),If-Tag(0000011001100001,0010101111101110,0010101011100111),Close(0110001110111011,1111100010001001,1011101101111111),TestNumGreater-Tag(0111111101111110,0101001111001011,1010101100011000),SubmitA(0011000101101001,0100001000011011,0101110010111111),Countdown-Tag(1100100011001000,0001111000100110,1001000111001011),Countdown-Tag(0010111100101101,1011010010101010,1011110110101110),Div-Tag(0010011001011110,1101010010110000,0110010101001101),While-Tag(0001011001001100,1111100000010100,1101110000111100),Close(1100100111100111,0010110111110100,1000010011010010),SubmitC(0111001000001001,0100011110110010,1100010111110001),If-Tag(0111110111010100,1000111011110111,0011110101110100),SubmitB(1100010100001010,1011111001010111,0111111011011111)]"
PROBLEM_grade__ARGS_TAG_BF__MUT_0075,6379,grade,Tag-BitFlips,0.0075,0,False,NONE,NONE,NONE,"NONE"
PROBLEM_grade__ARGS_TAG_BF__MUT_0075,6380,grade,Tag-BitFlips,0.0075,0,True,30,489,211,"[LoadThreshA-Tag(1000110010011101,0101000111011001,0000010101001000),TestNumLess-Tag(1010100100000111,1001100001011010,0101011000011000),Add-Tag(1000110011100100,1000010110010100,0100011111111101),LoadThreshD-Tag(0111101000010100,1011101110110000,0000111111100111),TestNumGreaterTEqu-Tag(0000101110101010,1000101001111001,0001001010111011),Countdown-Tag(0110011001110000,0100001010000111,0010111100010010),Close(0010011011001001,1100001001010100,0111101001100011),SubmitF(1010100101110001,1001011011110111,0011000110101010),While-Tag(0011011100001011,0101100011000100,0100001101010100),Set-15-Tag(0101100100011101,0001001010010111,1110000100001000),Set-6-Tag(0110011100101111,1001111101010000,1010010000010110),LoadGrade-Tag(1101011010000111,0010100000110001,1101000001001010),LoadThreshC-Tag(1011110110111110,0100000011110011,1010100111100001),Countdown-Tag(0111001110011111,0110111111000000,1000011011110110),TestNumGreater-Tag(0100011011100111,1111111101111011,1011101101010100),Set-4-Tag(0111100011001100,1011110111101111,0101101001100000),TestNumNEqu-Tag(0100111101111011,1111001111101110,0001111111110101),Close(0101011010000101,1000011000111001,1110011100010000),SubmitD(0011111100101111,0010111011101101,1001100010111000),While-Tag(1000111011010000,1100100101111010,0010111111101010),SubmitB(0110110100000000,0000000110111111,0101011111011010),LoadGrade-Tag(1001100110110001,1011000011110000,1111110100110010),SubmitA(1101110111110110,1111110000110010,0000001111100011),Countdown-Tag(0001101000101111,0000111000011100,0000110110001000),LoadThreshD-Tag(0111110000010001,0000101111001100,1011111101101011),LoadThreshB-Tag(1110100011011011,1101010100110111,0101100101110000),TestNumGreater-Tag(1011111111001110,1101100110111010,0010000110100001),TestNumNEqu-Tag(1100100100100101,0000010100101111,0011111100001101),TestNumNEqu-Tag(0010000100111100,0110110011100111,1111011011001110),SubmitC(0000011101101001,1001100000000010,1000000110101100)]"
PROBLEM_grade__ARGS_TAG_BF__MUT_0075,6381,grade,Tag-BitFlips,0.0075,0,True,19,418,229,"[LoadGrade-Tag(1010011001101011,0010010101101110,1000001100101001),SwapMem-Tag(1111000000000001,0111111111011010,1000111100000000),LoadThreshD-Tag(1000010011110110,0000111101001011,1101011010100100),TestNumGreater-Tag(0111000011001010,1000111100100011,1110001010100100),LoadThreshC-Tag(1001100000011101,1000000010110010,0000000000010000),Sub-Tag(0110010011111110,1010111100011101,0100101101111110),Mult-Tag(1101010100010011,1011101011110110,1101101100100011),SubmitA(0011111000001110,1100110000101001,1100111101110010),LoadGrade-Tag(1111110111111111,0010011111101010,1111101111010100),TestNumLessTEqu-Tag(1100110100011000,1101111010101111,1101000000011101),Countdown-Tag(1000011010100100,1101110000101111,0000011011011110),SubmitF(0000011000010111,1001110010101111,1000101010000010),TestNumLess-Tag(0110010010101111,0011001111100100,1010011110100000),TestNumGreater-Tag(0100100100000100,0001011000100001,1001001101011110),SubmitD(1110000011100111,1111011100000010,1100000001001011),If-Tag(1111101100001110,0101101000000101,1001111111110101),SubmitB(1100000110010101,0110111101001101,1000001101000001),Countdown-Tag(1101111111100001,0001100101110100,0110100010001011),SubmitC(1000110111010011,1100011110000110,1000001010011010)]"
PROBLEM_grade__ARGS_TAG_BF__MUT_0075,6382,grade,Tag-BitFlips,0.0075,0,False,NONE,NONE,NONE,"NONE"
PROBLEM_grade__ARGS_TAG_BF__MUT_0075,6383,grade,Tag-BitFlips,0.0075,0,True,48,463,176,"[LoadGrade-Tag(0010101111101000,1000000011100010,0101111001110100),SubmitF(0110110001010011,1101011111000001,1100110100000100),Dec-Tag(1001100011010101,1001111111011111,1001010101101010),TestNumLess-Tag(0001000100011001,0100111110000111,1110101111011000),Sub-Tag(0010100001111001,0111001011100010,0111011100101011),Close(1011101100100110,0110011001000010,1101101111110011),While-Tag(1111110101011101,1110101110000100,0010001111100111),Set-8-Tag(1000000000101110,1011101100110001,0000111100100100),Inc-Tag(1001110010111000,1000011001000010,1111010100111100),SubmitB(0000101111101110,1111010110111010,0100100000111101),Set-10-Tag(1110111010010100,0000011111011110,1011110100100011),LoadThreshB-Tag(0101110011011111,0110010100101101,0011111000000101),Set-7-Tag(1110000100001111,0111110110011111,1100011111101010),Set-0-Tag(1001101110010001,0000100101011011,1111100110110010),LoadThreshA-Tag(0011111111111011,0111011011001000,1001011111000011),LoadThreshA-Tag(1011010010101110,1100011000010101,0101000010001100),TestNumLess-Tag(1110000101110110,1001011100011011,0100000010101000),LoadGrade-Tag(0010000011010000,1000000000011010,1010001000001110),SubmitD(0010010111011110,0000000010001010,0001111111110100),CopyMem-Tag(0000111001111110,1100010010100111,1011000001011001),SubmitC(0111100101100100,1100000110000100,0011100001000011),Set-5-Tag(0100101101001100,1101011110101010,0100110111000100),TestNumLess-Tag(0101001100111011,1001101011101001,0101110001010110),IfNot-Tag(1001010000110101,0100001111110110,0001001111110110),LoadThreshD-Tag(1101010000100001,1011010010111000,1011010111011101),Mod-Tag(1000011100110011,1000000011010010,0011110110001000),LoadThreshA-Tag(0001100001110110,0001000101111100,1100110010010000),LoadThreshB-Tag(1100111011100010,0000011001001111,1101111101001110),TestNumLessTEqu-Tag(0000001100010000,1101100100111101,0111011011111101),TestNumEqu-Tag(1001010000000000,1101011011110010,1010110000011110),Set-0-Tag(1101001100011101,0001100000101000,0101100100000101),IfNot-Tag(0101110111101110,0100111101100010,1011101010101101),SubmitA(0001110001110110,1101101110000101,0001010000011111),Set-8-Tag(0100111001110101,0001110000110101,1110100111110010),Set-0-Tag(0001011011011111,0101011001101101,0010010010010111),LoadThreshA-Tag(1010001101001111,0001110100111000,0011010110011001),Set-12-Tag(0010100110100010,1010000110000010,0000110000111110),Set-6-Tag(0000010001110001,0010000110101101,0100100011100110),Set-2-Tag(1001111100110010,1011111001000111,0010111001110110),LoadGrade-Tag(0000000110010011,1110000001011101,1011111101111001),Set-5-Tag(0001010100111001,0100101001111110,0100010100110011),TestNumEqu-Tag(1111001101110110,0000011010000000,0101001011010001),Set-12-Tag(0001000111001001,0001100000010010,1000110001110000),LoadThreshA-Tag(1100101111100000,0100011100100011,0000101000111001),Set-12-Tag(1101110101011010,1010100110101001,1101010001100010),Floor-Tag(1010111011000111,1000000001011000,1100001111100101),Set-4-Tag(0001000001001111,1111101110000110,1001011111000001),LoadThreshA-Tag(0100000111101100,1011111101011000,1010111100001001)]"
PROBLEM_grade__ARGS_TAG_BF__MUT_0075,6384,grade,Tag-BitFlips,0.0075,0,True,18,341,223,"[TestNumGreaterTEqu-Tag(1000101010001111,1011011100000001,1110000100011101),Mod-Tag(0000101110001101,1000110101111100,1010101100101011),SubmitA(1011010011101000,1110010000000011,1011110010000011),Sub-Tag(0001001110110000,1000110100111111,1101010101010100),Countdown-Tag(0101010101011101,1001010101001110,0101100100001010),Close(1000110101010111,1110010110010000,0000001101000100),LoadThreshD-Tag(1110110001111110,1001010100111010,0010110001010011),Dec-Tag(1111011101011111,1000111010110100,0011111100111010),SubmitF(0100000101111101,1110101110100000,0001000011110001),TestNumGreater-Tag(0011011100101101,0111101101111111,1000001110110011),While-Tag(0001001000101110,0011010110001010,1110101101000101),SubmitD(1000001111010100,1100001110001011,1100111000111110),LoadThreshB-Tag(1100000011010011,0101011001111001,1100011011110011),While-Tag(1001000000000100,1000101010010000,0010100111000000),TestNumGreaterTEqu-Tag(1010011101001010,1100101001000001,0011000111010010),SubmitC(1001110011100011,1101110001010111,0011010011011110),While-Tag(0011110100111000,1111100110111000,0000111110111111),SubmitB(1011010111110111,1101010110100011,1010001101100101)]"
PROBLEM_grade__ARGS_TAG_BF__MUT_0075,6385,grade,Tag-BitFlips,0.0075,0,True,39,427,283,"[Add-Tag(1111101110001001,1111111011011000,0000100101111101),Dec-Tag(0100110010101001,1001101010000000,1000010110111101),SubmitB(0011100000101000,0110000111101101,1001110100100010),Dec-Tag(0101100011001000,1000110011111110,0110111101111111),Dec-Tag(1111011110111001,1011100110101001,0111101100101111),TestNumGreaterTEqu-Tag(0011000110001101,0010011110101111,0000100011111001),Set-1-Tag(1101011011100001,0100101101101011,0100110011101010),SubmitC(0001001111111000,0101100011100010,1110100111100100),TestNumLessTEqu-Tag(0100101110011110,1001111010011111,1010000100111011),Set-1-Tag(1100101100000111,0101101001101101,0010110011111100),Set-15-Tag(1000110111110100,1101011011101111,1111001010100000),While-Tag(0001000101111101,1111111100010110,1011001100011010),SubmitC(0000000001110100,1001110010010000,1011110110110000),TestNumNEqu-Tag(0100110010101111,0000001111100110,1101101001100110),SubmitA(0100011010011010,1111010101111111,1101101001111111),LoadThreshC-Tag(1101100001001100,1101010001010110,1010011001100000),SubmitB(0110011000111001,1110011001111001,0010011010010011),SwapMem-Tag(0010111110000101,0011010010110101,0100110100111101),If-Tag(1010000000010011,1100111011101001,1000100110110011),Countdown-Tag(1010011110000010,0010111100101010,1001100000101001),If-Tag(0001111111011100,1111001001110110,0011010001101001),Set-5-Tag(1001110000101000,0111001101001110,0101010000011010),SubmitF(1001101011110001,0000101001000110,1010100100011000),Set-1-Tag(1010010110010100,0111001011000000,1010101001000011),IfNot-Tag(0100110001111110,1011011010110100,1001101000001001),LoadGrade-Tag(1101111000010000,0000100011110000,0010001001101100),Dec-Tag(0111100000100111,0010101100011111,0110110110101011),While-Tag(0111011111111011,1111110011110001,1111110101001001),TestNumLess-Tag(1001110010110011,0010000101110100,0111100100111001),SubmitD(0011110100010110,1100110101011011,1100011011000010),Set-13-Tag(0001100010110110,0100001110111100,0111001101000110),Mod-Tag(0100011110110010,1110001001101001,1110011000000100),Set-16-Tag(0011001011000010,1100001111000110,1010000100001100),LoadGrade-Tag(1001111111110001,1001100110110101,0010111001110111),TestNumGreaterTEqu-Tag(1011011000001101,0011001111101101,1001111101111111),Set-4-Tag(1110001001110011,1010100101000001,1101000101011000),LoadGrade-Tag(0001010000111110,1000000101000100,0110111010111001),Floor-Tag(0010100100100010,0000111000011101,0100100010111000),IfNot-Tag(0100111110101111,1001110110100010,1011100101011011)]"
PROBLEM_grade__ARGS_TAG_BF__MUT_0075,6386,grade,Tag-BitFlips,0.0075,0,True,27,422,147,"[LoadGrade-Tag(1110111101111100,1101111111011001,1111101101101011),Mod-Tag(0001111000011010,0110001100100011,0011110110000100),TestNumGreaterTEqu-Tag(1010010111110011,1011100111111101,0100100101100100),While-Tag(1111100101001001,1100011101000110,1011100001001101),TestNumGreater-Tag(1110101001110011,0100111011111110,1101000111101011),Set-16-Tag(0011100011111000,0111010111000110,0001010110101000),SubmitD(0110000111001000,0101001110000110,1101010011010011),Set-13-Tag(0111011010000111,1101000100010110,0110000110111010),Not-Tag(0101101000110001,0001111010001011,1010111011110011),Floor-Tag(0101101001110111,1000000000111111,0001011101101111),SubmitF(1100101101101011,1101010110101101,1011100001100001),Mod-Tag(0010101111100001,0111011101010100,1000100100001100),LoadThreshA-Tag(0011011111110000,0001100110111010,1100010101001110),Countdown-Tag(1100011011101011,0100111000101101,0011010101111000),Close(0000010110010100,0011101001101001,0011001000110001),Set-12-Tag(0100001001110010,1000100011111111,0101000110011010),LoadThreshD-Tag(1000110001000001,0001110100001110,1101000011001110),Set-8-Tag(1101011011011001,1111011101000000,0001010110000011),Close(0101010100010010,1010100111100000,1001001111011101),TestNumLessTEqu-Tag(0001000111000001,1111111011010111,0010010010100100),SubmitC(1000001101001011,0101110111111111,0010101101110100),If-Tag(1110110110000111,0011111110101100,1000001111101110),LoadThreshA-Tag(0001101111111011,0001011101111100,0000001110010010),TestNumGreaterTEqu-Tag(1010110101000110,1110101111101101,1011101100010111),SubmitA(1101011000011001,0011001000000100,0101100001001000),IfNot-Tag(0010101100010010,0101001010010110,0000001100010101),SubmitB(1000011001010001,1011100100111100,1111010011011011)]"
PROBLEM_grade__ARGS_TAG_BF__MUT_0075,6387,grade,Tag-BitFlips,0.0075,0,True,30,481,417,"[Countdown-Tag(1110110101111111,1011011010111011,1011101011000111),SubmitD(0011111000111111,1111110111010100,0101000110001011),LoadThreshB-Tag(0100001111011011,0111100011011110,0011000111010000),Set-4-Tag(1101111001001110,0001100011001111,1100000001011101),Dec-Tag(0101001100111010,1110011000111110,1010101001111100),TestNumGreater-Tag(0110111001001101,1011011010110000,1110101110000101),TestNumGreater-Tag(1101000110001111,1110101001000111,0111100011111101),LoadGrade-Tag(1101110011010111,1100101001101011,0100000101000001),Add-Tag(1000011110011100,1101110000000011,0101110110110000),Sub-Tag(1001100100000111,1100101100010110,0101101000001110),Not-Tag(0111000000111011,0100011110110100,0100000011001001),Set-10-Tag(0111101110010010,0111011010110100,1001000011010010),Dec-Tag(1101001010110010,1011010101011101,0110000101000010),Set-14-Tag(0011100001010011,0000000100010100,1100111001000001),Countdown-Tag(0100001100001101,0001111001100101,1101101000111100),If-Tag(0010100100110000,1010111010011010,1110000101010010),TestNumLessTEqu-Tag(1110001011001001,1110111111110110,1100001011000100),TestNumGreater-Tag(1111100110010000,1011101001111111,0000101010101010),SubmitF(0001011010000101,0110000011000110,0001000011101001),Set-13-Tag(0110001001101000,1000000101001110,1111001010000011),LoadThreshA-Tag(1101000010100000,0000111100010001,1110000001110110),Set-11-Tag(0001110111010100,1010010011111100,1011111100000100),While-Tag(1010111100100001,0100110010011110,0111011111100011),Dec-Tag(0101101010111010,0001000111001000,1110110001110011),SubmitC(1101010110100000,0110111111100110,1100001101011001),While-Tag(1110111101000011,1001010011111111,1000001111010010),SubmitB(1011100100111011,1111110011010000,1000111100101101),TestNumLess-Tag(0101101010110011,1011110010111111,0011101101100100),Countdown-Tag(0001001110110100,0101101010111010,1100111110010100),SubmitA(0100000110010000,0010011111100110,0110011000111101)]"
PROBLEM_grade__ARGS_TAG_BF__MUT_0075,6388,grade,Tag-BitFlips,0.0075,0,False,NONE,NONE,NONE,"NONE"
PROBLEM_grade__ARGS_TAG_BF__MUT_0075,6389,grade,Tag-BitFlips,0.0075,0,True,17,487,273,"[LoadGrade-Tag(1001010000000010,1011111001011000,1100111001000011),LoadGrade-Tag(1010010110000100,0010010011101111,0100111110001010),SubmitA(0110110111001000,1000001000010011,1001111001100000),TestNumLess-Tag(1000100000000011,1111111111111110,1010010101010001),If-Tag(1100010000000100,0001111110011010,0000001011001111),SubmitB(1010010000011111,1011101110110000,1101001101000010),LoadThreshB-Tag(1100011101100100,1011010101111000,1111001010001001),Add-Tag(1111110000111010,0010001100110011,0001010010000010),TestNumLess-Tag(1000011010001101,0001110101110101,0010100110001110),TestNumGreaterTEqu-Tag(1100010111100100,0001001110101011,0011010101100001),Countdown-Tag(0000111110000100,0111111100011000,0000000000000111),SubmitC(1100001001000011,1010111101110010,0011101001000101),Mod-Tag(0101011101010011,0110010110101000,0010111110010110),TestNumGreater-Tag(1000000100001000,1100110110101011,0111111111111101),SubmitD(1101010101111001,0001100011111011,0111011010000010),Countdown-Tag(0110001111111111,0110111010001011,1011011010000000),SubmitF(0111001010100011,1000101010100100,1000111001110100)]"
PROBLEM_grade__ARGS_TAG_BF__MUT_0075,6390,grade,Tag-BitFlips,0.0075,0,True,15,481,183,"[LoadGrade-Tag(0011110111010010,1000100000001001,0110101110111010),SubmitF(1000110011001101,1110111000101001,1011110001011110),TestNumLessTEqu-Tag(0101000101011001,0100111010101011,1010110000110101),TestNumGreaterTEqu-Tag(0111110011000110,1011100110101001,1000110101101000),While-Tag(0110101000100001,1010000100110011,1011011101100011),SubmitD(1110100011100110,1111000111000011,0000011010001011),Countdown-Tag(0101110101011111,1000100100101111,1100100111110101),TestNumLessTEqu-Tag(0011011100111111,0001110001101110,0011110100010100),SubmitC(0111010001000001,1101001101000100,1000010001111111),While-Tag(1110011010000110,0101110110010001,1101001000110011),SubmitB(0100010010011011,1010101101110101,0000111001110111),LoadThreshA-Tag(1010011111101000,1010001001110010,1101111110110100),TestNumGreaterTEqu-Tag(0011111011010000,1010001110010101,0000111010000110),While-Tag(1000111000111100,1100010010001110,0010101001101110),SubmitA(0001010101110010,1100000001011100,0000110111101100)]"
PROBLEM_grade__ARGS_TAG_BF__MUT_0075,6391,grade,Tag-BitFlips,0.0075,0,True,23,494,217,"[Inc-Tag(1100000110000110,0101000010001001,0110101001111100),Set-3-Tag(1010110100101000,0010000100001011,1011000101100110),TestNumGreaterTEqu-Tag(1000010100000111,0001110111111010,0101000001010010),While-Tag(0111000100011101,1001010011110100,0100110100011101),SubmitA(0101110100000000,0010111010110110,0110000011000100),Close(1000000001111010,0101101011101010,0111001111011111),Countdown-Tag(1010010011110000,1011101011011110,0100101111111011),SubmitF(1001100111010110,0100110001110101,1000001111100001),LoadGrade-Tag(0111100110011100,0101100011010101,0010011011101110),Inc-Tag(1001100101010000,1001100101101111,0001001011000001),Set-11-Tag(1000110010001111,0001110100000011,1001011100010111),While-Tag(1100001010010111,0110101100101100,1011110000010110),SubmitC(1101101001101000,1101000010011100,1111111001000101),LoadThreshB-Tag(1101000101011000,1010110010101110,0001011000001011),If-Tag(0000000110100000,0110101101101001,0000010010111010),SubmitD(1110001101111100,0000010111001110,0001101111011111),TestNumLess-Tag(0001001110111001,1000111010010001,1000001111000110),TestNumLess-Tag(0001000011010101,1001111110000101,0100001111010100),LoadThreshD-Tag(0111111000111110,1010000101111110,0101001000101100),TestNumLessTEqu-Tag(1001000110010001,1110000111011110,0111100111101100),Mod-Tag(0110110100001000,1000011001000110,1000010110000100),While-Tag(0101010110000100,0010100111010000,1101110000001010),SubmitB(0111000011000000,0010110100010110,1111111101001110)]"
PROBLEM_grade__ARGS_TAG_BF__MUT_0075,6392,grade,Tag-BitFlips,0.0075,0,True,30,499,388,"[TestNumLess-Tag(0000110001001001,0111111011110010,0001011001000111),SubmitA(1001000101011010,1100101001001010,0000001010001110),LoadGrade-Tag(0011001000110000,1100100011110110,1101100000100110),Inc-Tag(1011010000010011,1001000101100110,0001000100101101),LoadGrade-Tag(0100110101100000,0011111010011011,0101111110101101),If-Tag(1101011110010000,1001101000001001,1000111011010011),TestNumGreater-Tag(0001001100110100,0001100100001010,1100111110101101),SubmitF(0000100101111100,1010110011111000,1100110000101010),Countdown-Tag(0111110110110101,0001010111110011,1001100001001110),Set-12-Tag(1110101110010010,1001001110001010,0000010110100100),Mult-Tag(0010000101100011,0011011101111001,1110011000100101),Set-10-Tag(0101111110010110,1001001111101111,0001101000011001),SubmitD(0000110111101001,1001111110100111,1101011111110011),LoadThreshB-Tag(0101101010111100,1011010001100010,1111111101011000),Set-9-Tag(0100010010001001,0110110100100101,0101001010010110),LoadThreshC-Tag(1001111010100010,0100001110011100,1011000001000100),Set-12-Tag(1001011001100011,1110000111100100,0101000001011111),CopyMem-Tag(0011000000100011,1111101101001111,0110011001011001),Mult-Tag(1110111010110011,0101110010011101,0011100101110101),TestNumLessTEqu-Tag(1100110110111101,1100010100011110,0111111111110101),TestNumLess-Tag(0010100101110001,0100000010100000,1111000000100100),Set-11-Tag(1100001110100001,0110111001000000,1010011110010010),SubmitB(0001011101101110,0111100100001001,0000010000000110),If-Tag(1111000001010110,0110101101110011,1011011111110101),Set-13-Tag(1101110000111111,0011001101110011,0111010001010011),LoadThreshC-Tag(1100101100111011,1100000100101100,1011000001101010),SubmitC(0100011011000100,1111000110011100,1011010011111001),Div-Tag(0010111101101011,1000100010110100,1100010100101000),Set-4-Tag(0011110110011101,1100011001010101,1000000011101010),If-Tag(0100001011100110,1100110110010011,1010101110010110)]"
PROBLEM_grade__ARGS_TAG_BF__MUT_0075,6393,grade,Tag-BitFlips,0.0075,0,True,64,494,435,"[Set-5-Tag(1010011101011111,0110111100100010,0101000010001011),Set-3-Tag(0100111001010000,0011001100101001,0110110100100011),Break(0110100101001000,1000111110101011,0011011111100001),SubmitF(1010101111000101,0111110111100110,0111010010110111),Close(1010000110010111,0100100111100100,1010101111110011),Mult-Tag(1101001000111100,0000101101000110,0101110101101010),LoadGrade-Tag(1111101110110110,0010111000011000,0111101001100111),TestNumLessTEqu-Tag(0011100110001111,1111111010110111,1010001011010010),Countdown-Tag(1100010101100010,1000111010111101,0111101001000000),SubmitD(1011000001111101,0100010011010001,1101110001100100),TestNumLessTEqu-Tag(1110001001010111,0010000011000110,1001110111011001),Countdown-Tag(1101101110111111,0110010000011010,1101110000111110),LoadGrade-Tag(0011010010100011,1000111010110000,1111110101101001),TestNumGreaterTEqu-Tag(1000001011010011,1111100011010001,0000011010111100),If-Tag(1011001100110001,1011101010110011,0011100000101001),Mod-Tag(0010010010001010,1100111001011000,0100101101011110),Dec-Tag(0101101100101010,1001000000011010,1000001000001001),LoadThreshA-Tag(1011110000101011,0010100011000010,0100101011101000),SubmitA(0000100001111011,1001001101010010,0110011011010000),Set-9-Tag(1101101001001010,0010000001001011,0111000101001011),Set-16-Tag(1100101110011010,0111001001101101,1100101111111010),Dec-Tag(0011110010101010,1000011011110011,0100111101101100),Set-12-Tag(1110010010000111,0010011011000101,1100110010111001),Set-2-Tag(1101001111111110,0010101100101001,0011100001101100),Set-8-Tag(1010101100010101,0010100111011100,0110010101110101),TestNumLess-Tag(0000011100011010,0110111000110110,1001111001010011),LoadThreshA-Tag(0111110100000111,1111010010000010,0001010101000111),SubmitC(0011111101110110,0100100010001100,0110110010000111),Not-Tag(1000110011100000,0101101001101011,1010000010001111),Sub-Tag(1011111101000101,1010001100000101,1101100000111111),Mult-Tag(1001101101001110,1010101100111100,0100010111000101),Set-16-Tag(0101000001001010,1011101111110100,0011110100110111),Set-12-Tag(1000001000011001,0000001100100100,1111100010001111),LoadThreshB-Tag(1100010010111101,0110110001010101,1100110111101100),SubmitC(0000100100001001,1110111100110100,1101001000000011),Close(1101101101000011,1011100100110001,1101101000000000),Inc-Tag(0010101001001001,0100000110111101,1111011111100101),SwapMem-Tag(1001000010110111,1010101110101101,0000000001100001),Not-Tag(0010000001000011,1011011101100101,0000100001100110),Mod-Tag(0100001010111011,0110000001010011,0101100101001110),Inc-Tag(1101101011001011,1100001100101110,0101100101011000),Set-15-Tag(0111010010111100,1000010010110110,1100011010010111),LoadThreshB-Tag(0110100101001010,1101010100011101,1110000111111110),LoadGrade-Tag(0100111110110111,1111000100100011,0100001010110001),Inc-Tag(1110010110010010,0101101111001011,0001110110100101),SubmitB(1010101001011011,0111101110111111,0100101001010111),LoadThreshA-Tag(0110011111101110,0111110011100111,0000000110100011),Mod-Tag(0101000100011111,0000011001101000,1001000011001100),Set-0-Tag(0100111000010101,1011011110011001,0001100111101010),If-Tag(1000110111000110,0111110101011110,1001110110001111),Set-15-Tag(0010111111100110,0111110001011000,1110100100101000),Set-4-Tag(0111011101000111,1010000101110000,1101100100000111),Inc-Tag(1110001100010000,0101111001110100,0101110101010000),LoadGrade-Tag(1110011011010010,0110001100011110,1110010101001000),TestNumNEqu-Tag(0100100010000001,0010010000011011,0011010111110110),LoadThreshC-Tag(0010111100000101,0110100011111010,1000000001010101),Not-Tag(1110100100100101,0110010000000110,0101001110110000),SubmitA(0100001001011110,0101010101001101,1000101111100101),TestNumLess-Tag(1100001000000010,0100000011111100,0101110111101110),TestNumGreaterTEqu-Tag(0001111000110100,1011111011111110,1010000100111011),Set-12-Tag(0000000000001001,0101111100000111,1101111000010100),TestNumGreaterTEqu-Tag(1000011011010011,0001110110000111,1010111111100010),Break(0100110100001001,0101100111000111,1110110011101101),While-Tag(1111110111001011,0010101001001011,0011100011010011)]"
PROBLEM_grade__ARGS_TAG_BF__MUT_0075,6394,grade,Tag-BitFlips,0.0075,0,False,NONE,NONE,NONE,"NONE"
PROBLEM_grade__ARGS_TAG_BF__MUT_0075,6395,grade,Tag-BitFlips,0.0075,0,True,28,491,330,"[TestNumGreater-Tag(1001010101011001,0101100111101010,0011100100101101),Set-10-Tag(1100100000110010,1000001111111100,1001001101001110),Sub-Tag(1001100010111011,0010100011101001,1010100101101000),While-Tag(1100110000110000,0000111000111000,0101100101001111),Sub-Tag(1000111000100110,1010101101111111,1011100001011100),LoadThreshB-Tag(0111100000100101,1010110011110010,1111111100011110),TestNumLessTEqu-Tag(1011111000001110,0110101000100001,1000110000011011),SubmitF(1110001100010100,1010011101001010,1001010001100111),Close(1101100000111110,0111110001101001,1100011010101011),LoadGrade-Tag(0001100111101101,0000111101000101,1110000000011000),Inc-Tag(1111101110000000,0101001111010111,0010000110110100),TestNumLess-Tag(0000101001010101,1001010101101001,1111101011011111),SubmitA(0110100110100010,1101001110100011,0010000001010101),If-Tag(1110111111111000,0101010100000101,0010001011111110),TestNumLessTEqu-Tag(0011100110011001,1111001100110001,1000100000110111),While-Tag(0011100000001001,0101101010001101,1000101010101011),Sub-Tag(0001100010100011,1101100001011010,1011011100011001),TestNumLess-Tag(0010001110110000,1110110110100001,1011100010000000),Break(1110110000100100,1000101000011010,1011101110100111),Close(1010101101111000,0011100110001110,1001100011110000),Set-14-Tag(0111000110110001,0111110100111111,0000111100101011),Countdown-Tag(0001101111100011,1000110111110001,1100010111100100),SubmitD(1010101101111110,1001111011101000,0001000000000011),SwapMem-Tag(1100110010011011,1011000100100001,1110111100100100),Countdown-Tag(1100011000111010,0110000110111100,1111001100011011),SubmitC(0000000010010100,1101011111110111,0000000100000011),If-Tag(1011010110001000,0110110100000100,1010111110011001),SubmitB(0101100011111111,0100100111010011,0000110010011100)]"
PROBLEM_grade__ARGS_TAG_BF__MUT_0075,6396,grade,Tag-BitFlips,0.0075,0,True,17,257,191,"[CopyMem-Tag(0100011100101010,0101001101100011,0001011010101110),TestNumLess-Tag(0110000000110001,0101100110110001,1011000011001010),TestNumGreater-Tag(1111111111101100,1010000000110011,0011010110111111),SubmitF(0000100001100000,1010000111001101,1011101010111010),IfNot-Tag(1111000100101110,1000000111001010,1111011010111100),SubmitA(0011000001100010,1100111011010001,1010100110011110),If-Tag(1101001111101100,1101011111011011,1111001101010101),SubmitB(0001100011010010,1001011010011001,1100011010110010),SwapMem-Tag(1011011101011100,0000000100011111,1110111011001000),TestNumGreater-Tag(0100010101000000,0111110111001110,0111001110110100),LoadThreshC-Tag(0001000111010010,1111100111011100,0100111111010010),Countdown-Tag(0001101101110000,0001110001110111,1001000000010111),Inc-Tag(1100100111111110,0101100000101000,1001001110111000),SubmitC(1101110100111010,0010000010000110,0000101110111000),TestNumGreaterTEqu-Tag(0101110111010111,1100101111111101,0110000011000011),While-Tag(0100011110000010,0010001010111100,1001111010110010),SubmitD(0101100001111010,1100000011100110,1110010010011111)]"
PROBLEM_grade__ARGS_TAG_BF__MUT_0075,6397,grade,Tag-BitFlips,0.0075,0,False,NONE,NONE,NONE,"NONE"
PROBLEM_grade__ARGS_TAG_BF__MUT_0075,6398,grade,Tag-BitFlips,0.0075,0,True,52,433,385,"[Set-16-Tag(1011011100000001,1001010101100000,0010100100011011),Set-8-Tag(0010100111111010,0011010101001101,1110100110010110),TestNumLessTEqu-Tag(1110100111101110,0010111000000010,1110001100001010),Inc-Tag(0010111110000101,1010101100000010,1001010001011010),CopyMem-Tag(1011111100110011,1011100111001101,1100011000100100),IfNot-Tag(0100101011000001,0010111001100000,1011001111001001),TestNumLess-Tag(0111010101100111,0000011111011011,0000011010100010),Close(1010110010110000,0011010110010111,0111001101010100),LoadThreshC-Tag(0110011000111100,0111111111001010,1010000010110100),SubmitF(0000111111000110,1101111100101100,0111010010101011),If-Tag(1001110001000100,0111101001010011,1110000001010100),Close(1010001111011111,1001100001001011,1100000100000001),LoadThreshD-Tag(0010000011100111,1111000110111100,1101010000000001),LoadGrade-Tag(0000011001100111,1101111101011100,0000110011110101),SubmitC(1100110101101110,0010010110100100,0110011010110000),Break(1100111011111101,0000100010010001,0110000100010010),Set-12-Tag(0111111111100110,0000110011000101,1100010011010000),Div-Tag(1101111100001111,1110011010000001,1000010000001111),Countdown-Tag(0011101000100011,0001110101011010,0011100101001001),Set-12-Tag(0111011001010001,1110010011011001,0001000011011111),Mod-Tag(1111000000111110,1110110001100010,1011101010000111),Div-Tag(0100101011111011,0101110011001110,1101101101000100),Set-10-Tag(0000010100001000,0110100001011010,0010000010001000),Close(1000000111001100,0111110010010001,1101000001000111),Mod-Tag(0101101100001110,1001100110011100,0110011111011111),CopyMem-Tag(1111001010101011,1001011100100000,1110101100000010),If-Tag(1110111011100010,0011011011010011,1111110100111101),Close(0101111111001100,1000001110000001,1011111001010111),Mult-Tag(1001010111000011,1000100111000001,0010100111001100),Add-Tag(1011001111100000,0101001010110010,0000111000000110),SubmitC(0111111100001110,1110001111000110,1010111101101011),Div-Tag(0110101010001011,1111110000111101,0100011111011110),TestNumLess-Tag(0011101101111101,1011111011001001,0111110101001100),SubmitA(0011111110010011,0000110010101110,0110001101000110),LoadGrade-Tag(1001000010010000,0010111010011000,1001100100010101),TestNumLessTEqu-Tag(0011100001101010,1010001001101100,1100000110011101),LoadGrade-Tag(1000110011101101,1101100001011000,0110010000101100),TestNumGreaterTEqu-Tag(1000100110100110,0010010000111111,0001111001110110),Countdown-Tag(0111101111101011,0100111010000111,1100000001100011),Set-11-Tag(0000001101101010,1110110110000110,0100000001001100),Mult-Tag(0100110010111110,1111000001000000,0010011001001010),Mult-Tag(1000000011111000,0111100000110000,1111101001100000),SubmitD(1100101110010110,0111010110110011,1110001010101000),SubmitB(1000101010011100,0011100100000010,0001001011111111),Set-2-Tag(1010011000011110,0100001110100001,1100111100010010),LoadThreshB-Tag(1100100110000011,1001101110100000,0101000001001111),Floor-Tag(1101101000101000,1111001010001011,1100000001001001),Set-4-Tag(1111100100110111,1011111010101110,1101000110100110),Mult-Tag(1010010011011001,0110010011110010,0011011101111000),SubmitC(1100110011111001,0001100010100000,0111000000101000),Close(0011000010010010,1011011011100001,1110110010101001),SubmitF(1001111101100011,1000101000011100,1100010001111100)]"
PROBLEM_grade__ARGS_TAG_BF__MUT_0075,6399,grade,Tag-BitFlips,0.0075,0,True,36,267,119,"[TestNumGreater-Tag(0000001101111011,0100111000010111,0101000010011111),Add-Tag(0000111000101100,1010011000001001,1100110100101000),TestNumGreater-Tag(0001110010011000,0001101100000110,1001101110010000),Sub-Tag(0110111101010101,0101101100101110,0100001011000010),Countdown-Tag(0111000110111100,0101100111001011,0101101100111100),Set-7-Tag(1100110100100011,1100111111100011,0001001000111001),Set-2-Tag(1011110000110110,1010001110011101,0110110010011101),SubmitF(0101000001000100,1010000001101001,0011111111000000),TestNumGreaterTEqu-Tag(0101110111011110,0110100100101011,0100011000000111),SubmitB(0100010011000110,1001110010001010,0110001111101011),LoadThreshB-Tag(0010001010000101,0101111010111100,1100110100110001),SubmitD(0111010000010011,0100111111000100,0010100111100011),TestNumGreater-Tag(1000000010111100,0110111001010110,1011010011111111),Div-Tag(1001111101111010,1101000000101111,1100110001000110),Set-3-Tag(1110011111110110,0101110111010011,0100001011010010),IfNot-Tag(1001011000011000,1100011110110011,0110100100010000),SubmitA(0000000110011011,0000110100011110,1011001010011010),Sub-Tag(0100110101100010,1000001011000011,1110000001000100),LoadThreshA-Tag(0001000100100101,0111101100010101,0101010100110100),Set-3-Tag(0100110010110100,0001000111110011,0010010100001110),Div-Tag(1010000000000100,1100110100110001,0111010110000111),Set-13-Tag(1010111001110000,1000111010011110,0010000111011100),CopyMem-Tag(0111110111101110,0111101001000111,1000101101110000),Floor-Tag(1111100010001001,0111101111010101,0010000000010000),Close(0111000011101100,0101000100111111,1110110110111010),Sub-Tag(0110010100101101,0100100000101110,1110001010101101),LoadThreshC-Tag(0001101100111101,0111000101011000,1010110101001110),TestNumLessTEqu-Tag(1110001100000001,0000000011011010,0111010111011100),Mod-Tag(1011110001010010,1010101110001011,0101001111111100),Set-7-Tag(0011010101000011,1000001010010011,0010110101000101),SubmitF(0010100001011010,1000100011100111,1000010011100001),IfNot-Tag(0000010111111110,0000100111100101,0111000111000011),SubmitC(0111010100000001,1001110010110001,1000110010110100),TestNumLess-Tag(0010111010010010,0010111001001010,1001000010001001),Countdown-Tag(0101111001000111,1000101110100100,1010000011111101),SubmitB(1000100000100100,0111010011101110,1011111101111100)]"
PROBLEM_grade__ARGS_TAG_BF__MUT_0075,6400,grade,Tag-BitFlips,0.0075,0,True,57,499,270,"[Sub-Tag(1011110001000100,0000100100101101,0011000111101100),LoadGrade-Tag(0000101111011000,0100111011011001,1011011000110011),Set-0-Tag(1110000111000011,1011010000110111,0111001110011100),Not-Tag(1110001111010111,0100001101001010,0111101110011101),Dec-Tag(0110000011111110,1010000101100011,1101000001011010),While-Tag(1111000111011100,1111000001010001,0110000010101001),LoadThreshC-Tag(0111111110001000,1101100101001000,1101111100001110),Set-8-Tag(0100100001000111,1100101011111011,1010010001101011),SubmitF(0110000001011010,0110100101111101,0100111110001001),Set-12-Tag(0100100000100100,0110110100101001,0101001000101001),CopyMem-Tag(1001000100011011,1100110001111000,0110101010111001),Set-3-Tag(1110100101111011,0010010101100100,1000101000110111),LoadThreshD-Tag(0110111011101111,0010001010010011,1010111111000111),Set-15-Tag(1001011011100000,0000000010011101,1011000011000110),Set-15-Tag(1000010001000010,1101101101101001,0111011001000001),Countdown-Tag(0110001000111011,1000110010110100,1111011010111001),Set-15-Tag(1010100001001110,1001011000010101,1110001110111100),Inc-Tag(0101110110011000,1111011001100101,0110101110011111),LoadGrade-Tag(0011100100100001,1100101001110101,1001101010010110),TestNumGreaterTEqu-Tag(0011110101110011,0100011010001011,0011010011010010),TestNumGreater-Tag(1000100011110001,1010101010101011,0111011110110000),SubmitD(1111010101010011,1110001101101010,1001010100011101),Set-1-Tag(1010001110001101,1111110000100001,0011111011010111),Set-5-Tag(0101111101000100,0101101101010001,0111010110100111),While-Tag(0101100011001010,0001110001000101,1000100101110110),Set-7-Tag(1100111010111101,0001110101001001,1111010110010011),Set-11-Tag(0111100111000001,1100010010001000,0100000110100111),Set-6-Tag(0101110101010111,1011111001100011,1011101110110111),Sub-Tag(0110111010010111,1010010000001010,1110110000000100),LoadThreshA-Tag(0000010000111000,1010101010111000,0111110001111110),Set-2-Tag(0100001001001001,0110100000110010,0000110101010010),Set-0-Tag(1100011011000111,1101001000101101,1110101111100110),Not-Tag(1110101010010010,0001100101100101,0010111100100110),LoadThreshC-Tag(1111010100111111,0010011001010100,1110001100010010),Inc-Tag(1000110110001000,0110101001110100,0110100001011010),Set-2-Tag(1100100100001010,1001000101111111,0001101010011111),TestNumLess-Tag(1010111100101110,0100100000111110,0000101010001001),CopyMem-Tag(1011111011011100,0100010010010110,0111000011101000),SubmitA(0100010001101111,0000011100001111,1010001110010010),Set-13-Tag(1110100101111011,0111110001000001,0101000010111101),Set-3-Tag(1100011111101000,1010011010111000,0110011010000010),If-Tag(1011000100001001,0001101100001100,0000011000001011),SubmitA(1011111011010001,1011000110101110,1011011000000101),Set-10-Tag(1101000001000101,0111000101000111,0001000010000011),Mult-Tag(1001101011111100,0011000100011011,1000101011101000),TestNumNEqu-Tag(0111111011011001,1110010101101101,1010101100111111),Set-14-Tag(1110101110011110,0001111001101101,1010101010001101),TestNumLess-Tag(1000011000010100,1110010100010100,1000011011111000),TestNumNEqu-Tag(0111000001011110,1101101001100000,1111011000111011),SubmitB(1010011011001100,1110000110100100,0011000001110000),Set-5-Tag(0010111111111000,1001011111100101,0100111010010101),Countdown-Tag(1001101110100011,0110010010101000,1011011011000001),LoadThreshB-Tag(1001100001011000,0000101011001011,0010100000110001),SubmitC(1000101101000110,1000101001000111,1000111000111010),SwapMem-Tag(0011011101000000,1101000010010111,0111111111011101),If-Tag(0000001001001011,0100010110111011,1000100100011001),TestNumGreater-Tag(0001000110101101,0011111100001110,1000001110110110)]"
PROBLEM_grade__ARGS_TAG_BF__MUT_01,6051,grade,Tag-BitFlips,0.01,0,True,75,387,130,"[LoadThreshB-Tag(0001011000101000,0101101111011110,1001011011011001),Countdown-Tag(1011011000111001,0100011110001101,0011010010101010),LoadGrade-Tag(1011011000110110,1111011101010110,0101000000011010),TestNumLessTEqu-Tag(0010000110101011,1001001000100001,0010010110000000),Add-Tag(0100101110010000,0010010011100001,0000110100001111),Set-10-Tag(0110001010111111,1010111100111101,1101001000001000),Set-1-Tag(1110110000110001,1011000101000111,0110000010000100),TestNumEqu-Tag(1010000010010101,0101111110101110,1110111111110011),Mult-Tag(1000000000001101,1110110010111001,0111000100010001),IfNot-Tag(0110011010100100,1001110001011000,0011011110110101),LoadThreshC-Tag(1000011100001000,1000100000100001,0010111010001101),CopyMem-Tag(1011011111111101,1011010100100110,0010000000011110),Mod-Tag(0101101100111011,1011111101011110,1111000111111111),Set-4-Tag(0011110101011010,0001010010100011,1000010001011011),Div-Tag(1111111001000110,0111011101000011,1010101000100110),SubmitC(1110110100111101,0111111011011110,0111001010000110),Countdown-Tag(1011110011000000,1000101100001010,1010110100101010),LoadGrade-Tag(0101001001001100,0111100110100111,0011111110101011),Sub-Tag(0001101101100010,0001110111110010,1010001001100010),Close(1101101111111100,1101110110000110,0011111100010010),Close(1101011110110110,1011110110011000,1111010011011010),Not-Tag(0010111011001001,1101000100010001,0100110100010100),If-Tag(0010000111100111,0011011101000000,1111001111111110),Set-13-Tag(0011100011001010,1111010000101011,1011101100110001),Set-11-Tag(1101101111000011,1111100101010110,1000111000000010),Set-9-Tag(0100110100010000,0101101000100111,1011011001010100),Countdown-Tag(1101011110000000,0000000010001011,1111010000111101),Set-8-Tag(1100101100011011,1100110110010101,0000110000000100),Set-8-Tag(1010101111110110,1101000000101110,0000011011011110),Set-4-Tag(0111101011010000,1110010101111111,1001001000001010),TestNumEqu-Tag(0001111000100100,1000110110101011,0011100101111011),Countdown-Tag(1001101111100000,0100110000110101,1110000001010010),Inc-Tag(1000010101101100,1000011111101001,0100011001000101),While-Tag(1100101110010110,1010111101100011,1100110000000101),Set-15-Tag(1000100010110110,0111111010011111,1101101000101010),TestNumLess-Tag(0110110110110110,1111111010001000,1111100011110100),Set-9-Tag(1100111000100001,0100010101110100,1111011100011111),Countdown-Tag(0001000111011001,1110111011010010,0111100100100001),Set-1-Tag(0110111001000010,1011010100111100,1011100100000000),TestNumGreater-Tag(0000000010101010,0101101110110101,1101111011110011),LoadThreshD-Tag(1100111100110110,0110100010001010,1010000001001010),SubmitF(0101001011111110,0010011001011100,0101011010010000),TestNumLess-Tag(0011101000000010,0100110101110110,0111001111011101),Countdown-Tag(1101001110000011,1100000110001101,0100100101101100),Set-10-Tag(0101101100001001,1010000100110101,0110100011101100),Sub-Tag(0111000000100011,1111010111100001,1001111111100111),Set-16-Tag(1110110101001010,1111000000001100,0101101111110001),LoadThreshB-Tag(1111000001000010,0001001001100000,1001110010110001),Set-8-Tag(0100001000000010,1101101000000011,0100000001101000),Set-13-Tag(0011011110111000,1000010001111100,0011100010011011),SubmitD(1111111111110101,1000001101011111,0100001010010010),Not-Tag(0011110101011100,1101110111010101,1000111111000010),Dec-Tag(0010001011010000,0111100111110010,0111010001000101),Sub-Tag(0010110110010011,0011100101000000,0110001011011011),LoadThreshD-Tag(1101110001000101,1111111000110000,1100010111110010),LoadThreshC-Tag(1100011101101001,0000010110111010,1000100011101101),LoadThreshA-Tag(1111100011000011,1101111011101011,1100001010110001),LoadThreshA-Tag(1100100010000111,0010111011101010,1100101110101010),LoadGrade-Tag(0000111010111101,0011010010000001,0011011010101011),Set-13-Tag(1010110010111011,1111110100110100,0001100000001101),Floor-Tag(1010010011011011,0000111011001011,1101100110101100),Not-Tag(1010000010001000,0011000101010101,1001110110101111),Dec-Tag(0110001100111011,1000000100100001,1100111001111111),SubmitF(1110111111101100,0011111010000111,1100000010100110),Mod-Tag(0001111000000101,1001100110011001,0011111011000010),Inc-Tag(0000001100001111,1110100011000000,1000011001010010),Set-15-Tag(0010010011001001,0011101110000010,1101101010010111),TestNumLess-Tag(1101010001011110,0100110000101111,1001000100101000),Mod-Tag(0101001101100010,0101110010110101,1110110010110110),LoadThreshC-Tag(0011110101101000,1101000001001010,1001000010010111),TestNumLess-Tag(1000000101000000,0000001110000110,1100101001000011),SubmitA(0110001111000101,1110011110000011,0101000110101111),Dec-Tag(0010011101110110,0010111001000001,1010011110110001),Close(1111110111110111,0111001100100001,0001111110011110),SubmitB(1010101111101011,0010001010011110,0110000001101011)]"
PROBLEM_grade__ARGS_TAG_BF__MUT_01,6052,grade,Tag-BitFlips,0.01,0,True,71,328,153,"[Floor-Tag(0011111011011100,1000110011010011,0001101000011110),CopyMem-Tag(1001100111001010,0100010110111001,0001011110100111),Break(0010101000010001,0100001100010110,1001101100011110),SubmitC(1011001000000001,0101100001110101,1010010101111011),Mult-Tag(0100000000001101,1101111011010001,1111001110000011),SwapMem-Tag(0111101100011111,0100111000111100,0110010110011110),Set-3-Tag(1101100100010001,0000100111110010,0011011011000111),Countdown-Tag(1011100000010000,1100010010110011,0010101100010001),Set-1-Tag(0010001000111011,0100011010111111,0100001000010011),Sub-Tag(1110000100111111,0001110110001101,1011001000011000),TestNumLess-Tag(0001101001111011,1011111011111110,0100111001110011),Close(1001100011111110,1100101100001001,0110011000010100),Close(1101110101010010,1101111110101001,0010111100101000),Floor-Tag(1100000001011000,1110010110110001,0100011011000001),CopyMem-Tag(0101111100011101,1011100011010000,1111010000011100),TestNumGreater-Tag(0100011000011111,0111111101111110,0001101001111101),LoadGrade-Tag(1010110001111010,0001010010000100,0011000010000100),Set-2-Tag(1100111011011010,0101000101101010,0100111110010101),Set-7-Tag(1111111010100000,1100010100010010,0110010000000111),Set-3-Tag(0110111111001001,0101011000100000,0001000111001110),Set-12-Tag(0010100110000001,1010010101001001,1111010010110101),SubmitB(1100011111000111,1000001111101010,1111111011011101),Set-0-Tag(0000101100101010,1111011010010110,0010001100110110),Set-1-Tag(0100101010000001,1001111111100000,1110010001010101),Set-11-Tag(0000011110011101,1011001000101010,0101000110110000),SubmitA(1000001011000111,1010010110001110,0001011110111110),LoadThreshC-Tag(0001001110001001,0101110011110101,0111100100001000),TestNumGreaterTEqu-Tag(0011001001100001,1100101100011001,1101011000111000),Close(1100100000111101,1011101101000111,0100000100011110),Break(1001001111011010,1110010011000111,1111010011100110),Break(1100011010001111,1010000010101111,0011111101001111),Set-8-Tag(0001010110011101,0110011111111011,1011000100100010),If-Tag(0100000011101110,1110101001010001,1111101101010000),TestNumGreater-Tag(1010010010110001,0010100100010100,1011100101111101),Set-14-Tag(0101101110011001,1100011101101010,0001111001110110),Mod-Tag(0110100110000111,1000010011111110,0011011010110110),CopyMem-Tag(0001100100110000,0101011001110011,1100011010011011),SubmitB(0000111111110110,1010101110000100,0011000010001000),Set-4-Tag(0000011001010010,1100010111110111,1001111111011111),TestNumGreater-Tag(1011011010001011,0101111000010011,0011011100001010),Floor-Tag(1010011110100001,1000001101111111,1101110011010001),TestNumNEqu-Tag(0100111110101010,1110110010100010,0100111111111011),Set-9-Tag(1101101011000011,1110010010000011,0100001101001101),Countdown-Tag(1010110010001000,1101101010101110,0010001011001000),TestNumEqu-Tag(0011011111110001,1100000010010001,0101000100011010),Set-9-Tag(1110000010011110,0010000101000100,0001111011110000),CopyMem-Tag(0000111010010011,0100011101110010,0111110111000100),SubmitC(1110011111011101,0111111001100100,1100111011101000),TestNumNEqu-Tag(1010111011100100,0011001010110011,1110101101001110),Set-1-Tag(1001000110101011,0100111111010110,0010010000111001),SubmitC(1011010110100001,1000010100011100,0110101001100101),Set-7-Tag(1010110111001101,1001110010010010,1010010011110101),Countdown-Tag(0000001000110011,1111011110101101,1001111001101100),Set-15-Tag(1100010111000001,1001110011101010,1001101000011001),IfNot-Tag(1100011001001100,0111001111010011,1100000011011100),Set-2-Tag(1010100010011011,0110110101011001,1111101110011011),SubmitF(0011000110000111,0100001101010101,0101011110011010),SubmitD(1101000010111000,1111110100011001,0100011101101111),LoadThreshA-Tag(0100100000111011,0111001101000110,0100110100001100),Mod-Tag(0001011101110011,0001111001111100,0111111011110110),TestNumGreaterTEqu-Tag(1010111000101101,1011011000010111,0001011001110100),Mult-Tag(0010110000100101,0111110011001100,0111011100110010),Set-13-Tag(1111101001011101,1000110110011111,1110010111000101),LoadGrade-Tag(1001101010111100,0001100100011101,1011111110010110),Close(1000111100101101,0110111110111011,1111110001101110),Close(1001011010010011,0111001001000010,1110001111110011),LoadThreshB-Tag(0111001000011001,1000010111000001,0101100100010001),Mod-Tag(0000111011000001,0001100110110100,1001000000010000),LoadGrade-Tag(0000001000100011,0101101111000100,1100000001000111),Set-2-Tag(0110010101010010,0111110101111011,1001111100001111),TestNumNEqu-Tag(0101100000101110,1101001111011010,0111010000110100)]"
PROBLEM_grade__ARGS_TAG_BF__MUT_01,6053,grade,Tag-BitFlips,0.01,0,True,36,492,429,"[Set-0-Tag(1000110111000011,0110000001001000,1110011101101001),Set-12-Tag(0100010001001010,0010001100011110,1001000010111010),LoadThreshC-Tag(1100101011001011,0100001101000001,1111010001101010),Add-Tag(0110001001010001,0010011100100000,0010100010100101),Set-2-Tag(0110001110011001,1110111100001010,0100111111110011),Set-5-Tag(0011001011111100,1110001110111111,0101000001111001),LoadThreshC-Tag(1010100110100010,1100111000101011,1001011110101011),LoadThreshA-Tag(1101011001111000,0101101100100100,1010101000101101),LoadGrade-Tag(1001000101011100,0100101011000001,0111010001001111),TestNumGreater-Tag(1111000110100010,1011010101010001,1000000110110111),TestNumLess-Tag(0100000110001110,1001110110011000,1000100100001100),Set-12-Tag(0100100110101011,1001110001011111,1100001111100000),TestNumLessTEqu-Tag(1101001111101111,0011011101010101,0101111010101110),Floor-Tag(1011001111000110,1010110011011110,0111111110110000),Mod-Tag(0110110100011110,1101011010010011,0110111010000110),SubmitD(1001101011100001,1000000011010111,0001001011111010),Mod-Tag(0010100011001011,0011101010100001,1000101111111111),Set-6-Tag(0011000100011010,1110010010010111,1110101110001111),Set-11-Tag(1100101001110001,1111011011001011,0011100111011011),SubmitF(1100101111101111,0100100001111011,0100010010010101),IfNot-Tag(0101100110001001,0010001111011011,0110110010101111),TestNumGreaterTEqu-Tag(1000010011100000,0001011010000011,1111100000010000),Div-Tag(0010100011000010,1100110001001010,1000100110100101),SubmitA(0110010010010101,1010001111000110,1110011111000101),Set-9-Tag(1001000000001110,0001101110000011,1011001000111011),Countdown-Tag(1000111110111011,0001100011111001,0101001010001100),Set-16-Tag(1010111101010010,0001101100010000,1001010001001100),TestNumGreaterTEqu-Tag(1001001011101011,1101010100001000,1011111000101011),LoadThreshB-Tag(1101011101110111,1101101000011001,0001111111111010),TestNumLess-Tag(0011001101000101,1111110011001110,0011101111011111),SubmitC(0100000001010000,1011101100101011,0101000000111101),Set-6-Tag(1101001010001001,0001011011111001,0111101011001000),SubmitB(0010010000000000,0000001011011100,1111111000101010),Countdown-Tag(0110000111111000,1001110100110011,1001001001011001),While-Tag(1110011110100111,1100000110111101,1011111101011001),SubmitD(0100010100110101,1110011110110111,1110001110100111)]"
PROBLEM_grade__ARGS_TAG_BF__MUT_01,6054,grade,Tag-BitFlips,0.01,0,True,18,429,355,"[Dec-Tag(0101010011010010,0110110010110010,0010000101101001),Mod-Tag(0100010010000110,0010101110101110,1110011001110100),Inc-Tag(0110111100100110,1000111100111000,0000111100000100),TestNumLessTEqu-Tag(0010001000001111,1000101110010100,0101010000100010),SubmitA(0001101110011010,1010011000010001,1100101010100100),TestNumLessTEqu-Tag(0100111001001110,1111011000111110,1101110111100001),Countdown-Tag(1100101110111110,1000010010011001,0000010101100111),SubmitD(1001100000110101,1111000100001100,0011101110001010),TestNumGreaterTEqu-Tag(1110101001010101,0100011100100000,0000000101101001),While-Tag(0101111100010011,0101100001101000,1110011011111111),SwapMem-Tag(0001000101110100,1000100001110011,1000100100000010),TestNumLess-Tag(0011000010110001,1000101000101100,1101001100011000),SubmitF(1101010110110101,1010011101001000,1110100100000111),Set-16-Tag(1101010111111011,1101001101001001,0111100010111111),While-Tag(1100000111111000,1011001110101010,0011011111110000),SubmitC(1111000100001011,1111011010000010,0001100000101110),While-Tag(0000100101101000,1101001010101011,1011000100110001),SubmitB(1111011100100001,0110000010011110,1111000110100101)]"
PROBLEM_grade__ARGS_TAG_BF__MUT_01,6055,grade,Tag-BitFlips,0.01,0,True,17,441,371,"[Dec-Tag(0001001100110000,1011101001000100,0011101011111011),LoadThreshD-Tag(0010011010000000,1001011011011100,1101001110101100),LoadGrade-Tag(1000101011110110,1111100011100100,0100011001001010),TestNumLessTEqu-Tag(0000011010101000,0100001010111111,0110000001111011),TestNumLessTEqu-Tag(0000010001010001,0000101011110011,0110111010001100),SubmitF(1010110000011010,1110001110010100,0011011111010111),If-Tag(1111100100101100,1111001101001101,1001110111111001),SubmitD(0101110101001000,1011001100001101,1111001101011111),LoadGrade-Tag(1000100100110110,0001101010110111,1001001110000100),TestNumLess-Tag(1011001101010000,1111010010010011,1011110010001000),Countdown-Tag(1101100110011000,0101011010111110,0010111100101100),TestNumGreaterTEqu-Tag(1111010001100011,1110111101010111,0100000001111100),SubmitC(1000011100101010,1110001001101101,1000010101000100),Countdown-Tag(0110010010011000,0001010010001000,0011111111001011),SubmitB(1101001110010110,1111000110010010,0000111010110110),While-Tag(1000001000111110,0000100000010011,0111010000010010),SubmitA(0001110110110111,1111000001111100,0100000010111111)]"
PROBLEM_grade__ARGS_TAG_BF__MUT_01,6056,grade,Tag-BitFlips,0.01,0,True,28,493,228,"[Not-Tag(0100011101010110,0001010011101100,1000101001011110),Not-Tag(0101000110110110,1010011111001100,0111010100000001),Add-Tag(0011101010001110,0111010001010110,1000010011000101),TestNumGreater-Tag(1010000010000100,1001001100100010,0000010010110100),TestNumGreater-Tag(1001100001110001,0001011110101110,1000000010111011),SubmitD(1101110111111100,1110110111010000,1001000011101110),LoadThreshA-Tag(0111100100000011,0100100011100110,0101111010111011),While-Tag(1010010011011011,0101100011011010,1100001000111111),SubmitF(0011111101000100,1100111010011111,0011011111101000),Close(0011100011100101,0101101110001010,0011101001010111),TestNumGreater-Tag(0010011100110011,0000110110001011,0100000011101010),Countdown-Tag(1000010110101011,1011000010011011,0000111110011101),SubmitA(1111010111111110,1010101100100101,0000111000010001),While-Tag(0001000001111100,0001100111111001,1000111100101110),Countdown-Tag(0000001111010010,1010110110110010,0000011010100000),Close(1010110111100111,1001100001011101,1010001101111110),TestNumLessTEqu-Tag(0110100000100010,1000010101011000,0000100001111100),TestNumEqu-Tag(0110110100001011,1111111110110101,1000001111010000),SubmitC(0101111110101011,1110001111001010,0101100100101111),Inc-Tag(1110011110110111,0100100000010011,0100000100111011),TestNumLessTEqu-Tag(0011001101110111,1000101101110010,1101010101001100),LoadThreshB-Tag(0100010100100010,0010111100110010,0101001000101110),TestNumNEqu-Tag(0010110100111100,1000010111000110,0100110011001000),LoadThreshB-Tag(0001001111010100,1011111101110011,1111111011100100),Sub-Tag(0101010111110010,0110100100000111,0101011111010111),Mult-Tag(0100110000101010,1001110001000001,0011101101001110),SubmitB(0111011110101111,1000010100000101,1011010101000110),Set-15-Tag(1001011001101000,1101011000010010,1001001111101000)]"
PROBLEM_grade__ARGS_TAG_BF__MUT_01,6057,grade,Tag-BitFlips,0.01,0,False,NONE,NONE,NONE,"NONE"
PROBLEM_grade__ARGS_TAG_BF__MUT_01,6058,grade,Tag-BitFlips,0.01,0,True,30,496,365,"[Add-Tag(1011010001110101,1010111011000111,1110110001111000),Break(1000010010001100,1000000100010000,0010110001001011),TestNumLessTEqu-Tag(1001000111001101,1101111100000111,0010001000110110),Add-Tag(0001111001100000,1111000110111100,1011010100010001),Countdown-Tag(0110010001000100,1111111010110011,1100000100110111),TestNumGreater-Tag(0000111010101010,0010011111010100,1110101001101000),Set-3-Tag(0011110101010100,0110010010010000,1110001101000111),TestNumLessTEqu-Tag(0011101111111101,0011000101100101,0111011011001011),LoadThreshB-Tag(0100011001111111,1011010001101011,0111111111011001),Set-8-Tag(1111100110010110,1111011000101010,0111100011010110),Inc-Tag(1100000000000000,0101001011000111,0110011011100010),SubmitB(1111010010100101,1111110111110111,1100110100110001),IfNot-Tag(0110100100001001,0010001111110010,0010111000110111),Set-8-Tag(1100111010000101,1001001100000000,0010110100101011),Close(0010011111001001,0100001000111001,0010011111110010),TestNumGreater-Tag(0000000010101111,0100001100101110,1110110110011111),SubmitA(1100111000001110,0011000010000001,0001010001100110),TestNumLessTEqu-Tag(1100100000100101,1000010010011001,0001010100001100),SubmitC(0101100011001000,1101001011010110,0100110110110110),If-Tag(1101111110110100,0101100100101110,1111110000000001),TestNumNEqu-Tag(0110001001110011,1101101101010111,0011100001111011),LoadThreshC-Tag(1011011100111100,0101010110111011,1010011011000000),Countdown-Tag(0011101010101010,0011001100100010,0001110010110001),SubmitF(1000101000011011,1100110010001011,0100010000010101),LoadThreshD-Tag(0110001101010011,0111111101010000,1001011111101000),Close(1001001111010000,0110100101101001,0101111100100101),TestNumGreater-Tag(1111101100110110,0100110000001100,1111011111111100),While-Tag(1101010011000100,0000010000100100,1110000000010110),If-Tag(1100110111101101,1101110011010100,1010100111010100),SubmitD(1101001011001101,0111010110111010,1001111100110001)]"
PROBLEM_grade__ARGS_TAG_BF__MUT_01,6059,grade,Tag-BitFlips,0.01,0,False,NONE,NONE,NONE,"NONE"
PROBLEM_grade__ARGS_TAG_BF__MUT_01,6060,grade,Tag-BitFlips,0.01,0,True,69,418,167,"[Inc-Tag(1000111000101110,0110101001101111,1010101001011010),Set-14-Tag(0000011011010101,1110011110011111,0010010100010010),SubmitA(0001000100010001,0101001011101101,0001111010101011),While-Tag(0000010001000100,0000110001101110,0010100101010100),Set-4-Tag(0101000110000101,1110101111001100,0000100000000100),Set-2-Tag(0000000100000010,1010110101111011,0001100000001010),Set-4-Tag(1001010101011000,0010111100010111,0011110010011100),Inc-Tag(0111010000110100,1111100110010011,1101010110011010),TestNumLessTEqu-Tag(0100110010011111,0101101111111011,1010110010000000),Set-13-Tag(1000101001101001,1100101111001110,0001010100100000),LoadThreshD-Tag(1100100001100010,1110010000100101,0000000010010100),LoadThreshA-Tag(1011010111101010,0111100101011111,1111110111110001),Set-3-Tag(0101100100100110,1111111001001101,1011010000011011),Set-5-Tag(0011001010100100,0011000000110111,0010011101110011),Div-Tag(1010100111110010,0001111001011001,0000100011100010),Set-15-Tag(0001101111000101,1011010011000010,0110000100000001),LoadThreshB-Tag(1001101110110110,1011000100111111,0010100100110101),LoadThreshD-Tag(1001000011001110,0111010011010101,1011111111110010),CopyMem-Tag(1111001000101101,1001101010101011,1010111100101101),LoadThreshB-Tag(1011110000011101,0100101000010111,0011111101110001),LoadGrade-Tag(1100011010011101,1100100001100001,0000010100110000),TestNumNEqu-Tag(1001001110100001,1100000111001000,0000011111010011),Countdown-Tag(1110010111100011,1000111111111010,0000010000000100),Set-4-Tag(0011100010110100,1100101001110001,1010111000010001),Set-12-Tag(1001010011000010,1001101001101010,0111001101001110),LoadThreshD-Tag(1110010111011011,1011100101110110,0011000010111001),Set-14-Tag(1110000000101110,1011011100111001,1011000100011110),Floor-Tag(1010100101010011,0110000000111100,0001011011011001),LoadThreshD-Tag(1010100110101101,1011000101000000,1011011100010100),CopyMem-Tag(0011111111100101,0011000001011101,0111010111101011),TestNumLess-Tag(1101100001011011,1011001111101000,0010001101110010),TestNumNEqu-Tag(0000111001100101,1001110111111010,0110101110011110),Sub-Tag(0001011000110111,0101100010101111,1001111101110001),TestNumGreaterTEqu-Tag(1100011100101101,0011011110100001,1110100111001101),TestNumLessTEqu-Tag(1010110010101100,0110111000011001,0100000101010001),Set-4-Tag(1100000110101000,1101011001111010,1111111100010110),Set-8-Tag(0000010011110011,0000001111101101,1010100000101101),Set-11-Tag(0010011111101001,0001010100100101,0100100010100110),LoadThreshC-Tag(1000110011111111,1111010010110101,0101000011010001),CopyMem-Tag(1001101010100011,1100001000011111,0000011111101100),LoadThreshC-Tag(1100110011111101,1001110110001010,1010000011011101),Mult-Tag(0011111100000010,0111111000011110,0111010010100110),Set-12-Tag(0010000010110101,1000110101111000,0110011111101100),TestNumLess-Tag(0001111111101010,0000101100000111,1011010110000101),SubmitC(1111110111001000,1100100100100100,1111010111100111),Set-10-Tag(1100100011101100,1100101111111010,1100000111000000),Set-4-Tag(0101001110000000,0000010100101010,1101111111110100),Set-12-Tag(1000001010000010,1011011011101010,0100000100011001),TestNumEqu-Tag(0010000011000010,0111110110010000,0101101011111000),Set-13-Tag(1100110111101110,0011110111010010,1001111101110110),Div-Tag(1010010010100100,1001101010000101,0011001110100101),Set-16-Tag(0001001100001000,1101000001110100,1100110111110010),SubmitF(0001110000100001,0101000011010100,1001111010111000),Set-12-Tag(1111111011000001,0101001110100101,1001110010111010),SubmitD(1011101000100100,1001111110101110,0011101101111111),TestNumGreater-Tag(1000100000011100,0101101010011011,1111000001001100),Set-16-Tag(1000000101111001,0110111010100100,0011110100011010),CopyMem-Tag(0111100101000111,1100010000111111,0011100001011110),LoadThreshB-Tag(1101001101000010,1001010011100011,1000110010101100),TestNumEqu-Tag(1001001100101001,0100000011011110,1110101001010111),SubmitC(0000111100100001,1000101011100110,1100001100010110),LoadGrade-Tag(0010001000010011,1010100100001000,0101110011010000),Countdown-Tag(0000111110001000,0000001110010111,1010010101111010),SubmitB(1100111101100000,1100010101111011,0001011101010011),TestNumLessTEqu-Tag(1100000101000110,0010101100111011,0000110110100111),Inc-Tag(1100111110001000,0000000111001100,0001100101011110),SubmitF(1010000011101101,1011111010001100,1101000100010101),If-Tag(1100100110010111,1101110000110000,1100001100001001),LoadGrade-Tag(0110001001111100,1111101010111001,1101110001000010)]"
PROBLEM_grade__ARGS_TAG_BF__MUT_01,6061,grade,Tag-BitFlips,0.01,0,True,20,487,231,"[TestNumGreaterTEqu-Tag(0000101101001110,0011111101111110,1001100100011101),Inc-Tag(0000110000011111,0101100100100001,0010011100000110),TestNumGreaterTEqu-Tag(0001000111110011,0100001101101110,0111001001101100),LoadThreshD-Tag(1111001010111010,1111000101010001,0000000001101001),Mod-Tag(1000101011111001,0001101110000001,0011000101010011),Mod-Tag(1100110110010011,0110110101101000,0000100100011110),LoadGrade-Tag(0100010001010000,0110001100000101,0001011000011101),LoadThreshB-Tag(1100001000010111,0001011110101000,1100001010111000),Dec-Tag(1010011101110111,1111111100111011,1100000111100010),SubmitA(0101110101011111,1010100000001011,1010011111110011),Countdown-Tag(0110001000110101,0011101000000011,0100000101001111),TestNumGreater-Tag(0010001111001010,1100000100000100,1011100111001000),SubmitF(1101100001010100,1010000100000001,1110000101010010),TestNumLessTEqu-Tag(0001010111110001,1101011101111101,1110011110100000),IfNot-Tag(1000010011100010,1011011000010001,0110011101001011),SubmitB(0100101101100001,0111000000111000,1110000000101110),If-Tag(0001100011111000,1111010011101001,1000001101001111),SubmitD(0111100110100000,0010110000100110,0011010000111110),While-Tag(0000101000111100,0011011101111001,1110111011000100),SubmitC(1001010111011110,0100011001000100,1000001000000100)]"
PROBLEM_grade__ARGS_TAG_BF__MUT_01,6062,grade,Tag-BitFlips,0.01,0,True,24,231,176,"[Inc-Tag(1100010111010001,1110001001110101,1000101000001000),SubmitA(0101100111100010,0000100111001111,1111010101100000),LoadGrade-Tag(1001100111101000,0001011101000111,1100010001010101),LoadThreshD-Tag(0111000001001111,1111100100100110,1011101101111111),Inc-Tag(0111100010010000,0000011110111000,0110110010000110),TestNumGreaterTEqu-Tag(0001100100101001,0111100001010111,1010111001100100),Not-Tag(0011101001110101,0010100110111001,0100100000011100),TestNumLessTEqu-Tag(1010100100001001,0011100000101110,0100111100110110),LoadGrade-Tag(0100000110101110,1100111001110100,0100011010101000),Sub-Tag(0001101010110011,1011100101111111,1001001101010001),TestNumGreaterTEqu-Tag(1101100111011111,1111110010011000,0111001001110110),Div-Tag(0000001100000001,0110001000010101,0110000111000100),If-Tag(0010001010110011,0010000000011100,1000010000010101),SubmitF(1001000100011111,0011000010111100,0100010111010011),TestNumNEqu-Tag(1101010100011111,0000011001000111,1011100000011011),Countdown-Tag(1101000100101000,1011111101010111,0101110000011100),SubmitB(1010010100001000,0000011110100011,0010110010001100),Countdown-Tag(1101010010000001,0010000100000011,0111110101101000),Close(1101010000110010,0011100110100101,0011110000110011),SubmitC(1101101110011101,0111111010010001,0111111000001000),LoadThreshC-Tag(0000111000100000,1000101101000001,0110011000001111),TestNumGreater-Tag(1000101101101011,1010000111111110,0001101111101000),Countdown-Tag(0000101011001001,0000110011100011,0011100001011111),SubmitD(1111001000001100,0101101010110111,0100011010100000)]"
PROBLEM_grade__ARGS_TAG_BF__MUT_01,6063,grade,Tag-BitFlips,0.01,0,True,17,493,113,"[Mod-Tag(0100101110001100,1111001111100100,1110111011101101),TestNumGreater-Tag(0001110111110000,1100101000011111,0000000010011010),TestNumLessTEqu-Tag(0000001101001001,1111111101011111,0101101011110011),TestNumLessTEqu-Tag(1100100110010000,0000000110000111,1111100110110000),SubmitF(0010111100100011,0001000000101001,0010101010001001),Countdown-Tag(1001110011011001,0010001100101111,1101000100001000),SubmitA(1111111001100001,0110100001101110,0111011111111110),While-Tag(0111101110100001,1110000011001011,1101110100110101),SubmitD(0000001110110111,0110001011000000,1100110101010110),If-Tag(1000100010111110,1100110101100111,0000100010100111),SubmitC(1011011100111001,0000100000101011,0110000100111001),While-Tag(1010111101110001,0001000111111000,0001110101111100),Close(1010001010100000,0100101010110100,1110101100111011),TestNumGreaterTEqu-Tag(0000101110111111,0011011101000011,1010000011111000),Close(0111111111111100,0101010101000110,0011010110100110),Sub-Tag(1111101011010100,0111001110100100,1011111001000110),SubmitB(0110101101101110,0110110011011100,1001101111111111)]"
PROBLEM_grade__ARGS_TAG_BF__MUT_01,6064,grade,Tag-BitFlips,0.01,0,True,22,500,285,"[LoadGrade-Tag(1011000111001101,0001111001100110,0001001111100101),LoadThreshB-Tag(1000111101101011,1110111011101001,1000111101111100),TestNumLess-Tag(0111110110001001,1111111110100010,0111001100101101),LoadThreshC-Tag(0000011001100011,0000101010011011,1110011000011110),TestNumGreaterTEqu-Tag(1000100101010001,1011011000001000,0010110001100000),TestNumGreater-Tag(1000111001001011,1110100100010000,1101100101010110),SubmitB(1010110011111111,0111011011010010,0101110011000001),IfNot-Tag(0000101100010010,1000001100001111,1101001010101000),SubmitA(0011010001101000,1011101100110011,1110011111000010),Close(0000110000000010,0000101000110100,0111011100010010),Set-1-Tag(1110111000001110,1000111100111110,1010011111010011),If-Tag(1101000111010101,1010100111101111,1011001100000101),TestNumLess-Tag(0000001010001100,1000111001100100,0100100010100000),While-Tag(1100100101101101,0111111001010000,0000010000001111),SubmitC(1010011000001000,0010111110110101,1011101100000110),Close(1111011100101010,0110011001011111,1111101000010110),SubmitD(0101011010011000,1100100011100100,0100001100011111),LoadThreshA-Tag(1010001110110100,0101100010111111,1010111000011110),LoadThreshD-Tag(1110101011011000,1000011000000101,1100101101111011),TestNumLess-Tag(1001010110010001,0000111001010101,1111000000100001),If-Tag(0111000100001011,0110011001001110,0011100011001011),SubmitF(1101100000100111,0101101110100010,1110001011010101)]"
PROBLEM_grade__ARGS_TAG_BF__MUT_01,6065,grade,Tag-BitFlips,0.01,0,True,23,454,369,"[TestNumGreaterTEqu-Tag(0000010000011011,1001100100010010,1101101111110010),SubmitF(1111001100110101,0100010001000100,1111101010000111),Inc-Tag(0011111100011111,1100111101000100,0101011101100001),Countdown-Tag(0101011111100111,1010111011011001,1111001001001000),SubmitD(0000010110110110,0100000111110000,1010100010000011),TestNumLess-Tag(0011001111100011,0000111100101101,0100001110010001),While-Tag(0110101011000010,0101010111110110,0101101011110100),LoadThreshA-Tag(0001011000110001,0101110010110011,0010100110001110),LoadThreshB-Tag(1011100110011011,1110010001110001,1101010100101100),SubmitC(0101000100010011,1111011100000000,1000011110101011),TestNumLess-Tag(1000111110011010,0100101101000111,1100011000000010),While-Tag(0000000111000111,0001111001010011,0000111000110110),Add-Tag(1001011010010010,0100001011110001,0110100100001001),TestNumLessTEqu-Tag(1101010110000010,1000100101010000,1101010100111000),SubmitA(1100011110111001,1111100001111111,0001011101101001),Set-3-Tag(0011111111100011,0001110100101100,0011100100110110),Sub-Tag(1010000001101000,1100011100101011,1001111110001010),Mod-Tag(0100000010001110,1110101011111010,0010000011010110),Inc-Tag(0001101010100101,1011101010111100,1001110001001111),Countdown-Tag(1000110101010111,0101111100011001,0000110110000011),Mod-Tag(0001001101010111,1010101110111010,0110000100001010),SubmitB(1101111001011000,1101011010001110,0100010010100101),If-Tag(1100011000001000,0011010110101110,1100001001001111)]"
PROBLEM_grade__ARGS_TAG_BF__MUT_01,6066,grade,Tag-BitFlips,0.01,0,False,NONE,NONE,NONE,"NONE"
PROBLEM_grade__ARGS_TAG_BF__MUT_01,6067,grade,Tag-BitFlips,0.01,0,True,22,370,58,"[TestNumGreaterTEqu-Tag(0000111111010010,1111011000101011,1100001011010101),Sub-Tag(0011011100010110,0110101111000011,1000111010110010),CopyMem-Tag(0011011011001001,1110000011001010,0110010111001101),While-Tag(1101010000011001,1001001101000001,1100001100001001),TestNumLess-Tag(0000111100100111,0111010001010101,0010110101101010),Floor-Tag(0011110100010101,1110100110100101,0110010010010010),SubmitA(0100011111010111,0101110110010111,0110110110111101),SwapMem-Tag(0111101100010010,1111010101001100,0110110101110011),Floor-Tag(1110111111101000,0001110110111011,0000111001010110),TestNumGreaterTEqu-Tag(1100011000010010,1010111010001010,0000101001111111),LoadThreshA-Tag(0000111111010001,1110011001000000,1011101001100111),LoadGrade-Tag(1111001000101010,0011101100111101,1000010010101011),Div-Tag(1101001101100100,1001011110101101,0001001101101001),Countdown-Tag(0010110101101001,1100001010110000,0101000001101110),SubmitC(1101010011100110,0000100000110011,0110011111111100),LoadGrade-Tag(0001111000011111,1010111010110001,1011110000100000),SubmitB(0100000111010001,1100101000010011,0100111011101010),While-Tag(0010000011011000,0010011001010111,1000001110011011),TestNumGreater-Tag(1000100111110100,1110001100001111,0111100010101000),SubmitD(1101111000010110,0011111110110001,0100000101111000),While-Tag(0100100000101011,1010010110101010,1000110000101111),SubmitF(0010001010000100,0011000000100011,1111011000001011)]"
PROBLEM_grade__ARGS_TAG_BF__MUT_01,6068,grade,Tag-BitFlips,0.01,0,True,20,482,422,"[TestNumGreater-Tag(0101101101011010,1100110110000110,1000001110000010),CopyMem-Tag(0001111001001010,0011101110110111,0101000100011111),LoadGrade-Tag(1111001010110110,0111011100101110,0011111001000100),SwapMem-Tag(1101101110001001,0011010010100000,0110110100110000),Add-Tag(0100100101010111,0110110100001010,0101111000101110),SubmitA(1000101100011010,0100111011100010,1010011010011100),TestNumLessTEqu-Tag(0011000110100100,1111111100010101,0101001101100110),Add-Tag(0101111111101111,1111011011001111,0010010000101100),Inc-Tag(1011000100100011,0011101001111011,0110010001001111),LoadThreshC-Tag(0000111011111010,1011011101001001,1100110001110110),If-Tag(1110101110000110,1010000010101111,0101111100100000),SubmitF(0110111100110011,1100001100000100,1001111111011110),Countdown-Tag(0100110101010000,1010111100010101,0010101000101011),TestNumGreater-Tag(0001101001110010,0001000111101100,0011000100000101),TestNumLessTEqu-Tag(0011111100001011,1010001110101101,0101111011111110),SubmitB(1000101001101010,0101101110000011,0111010101011101),IfNot-Tag(0000111111110101,1010111111001000,0011111011011101),SubmitC(1100110000110000,0001010111010100,1011101001000010),Countdown-Tag(1110000011010010,1101011101001100,0010101111011100),SubmitD(0010011000111011,0101010100001111,0011101010011111)]"
PROBLEM_grade__ARGS_TAG_BF__MUT_01,6069,grade,Tag-BitFlips,0.01,0,False,NONE,NONE,NONE,"NONE"
PROBLEM_grade__ARGS_TAG_BF__MUT_01,6070,grade,Tag-BitFlips,0.01,0,True,41,403,276,"[Floor-Tag(1101101100100011,0000001011000110,0111110011000111),Set-15-Tag(1011011001111011,0011101011100010,1100100010110110),Inc-Tag(1111010010101011,0100000000101010,0010000010000000),Countdown-Tag(1111111111101010,0110110111001100,0101010100011101),Set-5-Tag(1111010000100110,1010001010101001,0101100001110100),If-Tag(1010011101010001,0100001110100100,0101111110010000),TestNumLessTEqu-Tag(0110110001101110,0001110000101101,1010110001010111),Set-13-Tag(0010001011011111,1001011010011101,0011100000111001),LoadThreshB-Tag(1110110101111101,0100110000001111,0101010000001011),TestNumGreater-Tag(1011111101101010,0010101100101111,0000110001010101),Close(1111011111110100,0100110010111001,1110000111111010),TestNumLess-Tag(0110110111110010,0100011110011110,0000100111000010),SubmitD(0100100010010100,0101001100100101,0010111010100010),SwapMem-Tag(0011000100011111,0110000110110001,1111011010000001),SubmitB(1100000011110110,0111110001110110,1011011110111010),If-Tag(0011010101001111,0011100000010111,1011100011100110),SwapMem-Tag(1001010010000000,1011111111111111,1010111101010010),LoadThreshC-Tag(1101100000010000,0010010010100111,1011110001111010),Set-3-Tag(1010010111101110,1100010011001010,0000101000010001),SubmitD(0001100101101110,0100001111111011,1110100110000101),SubmitA(1100101100101011,1011000000100000,0110110111011011),Set-9-Tag(1010100110000111,1100110100001100,0011111100000111),Add-Tag(1101001111110110,1100011001001011,1110111001001000),Not-Tag(1110101101010001,0110000100000100,0010010111111000),Set-13-Tag(0001011000100000,1110101101100100,0111000010111110),LoadGrade-Tag(1101000000001001,0110100111110101,1000111110100010),Set-14-Tag(1001010000011111,1001010010000010,0010101001101110),TestNumLess-Tag(0000111000101101,0000011001001111,1111110110110001),SubmitF(1001010101110010,0101000110100111,1110111111100011),LoadThreshC-Tag(0011111110110110,1010001001110111,1101100101011101),SubmitF(0001111001000100,0110010000111101,1001011100010010),Set-12-Tag(1101000100101111,1010100000111011,1101110000111000),Set-10-Tag(1010000000111110,0001010001001011,0110011000001100),While-Tag(1100101011000011,0001001000100000,0011011110101101),SubmitC(1011011100100110,1000001011011111,1100100010011110),CopyMem-Tag(1000110110100111,1111000000011111,1110100100000110),SubmitA(1100100110111110,1000101011011101,1110001001110100),TestNumGreaterTEqu-Tag(0001100011011100,1110101101001111,0111110111001111),TestNumGreater-Tag(0110101010111101,0011001111010100,0000011100011111),Set-10-Tag(1111010010100100,0101100010100111,1000111000101010),Inc-Tag(1011001000110111,0101010000110100,1000010101110011)]"
PROBLEM_grade__ARGS_TAG_BF__MUT_01,6071,grade,Tag-BitFlips,0.01,0,False,NONE,NONE,NONE,"NONE"
PROBLEM_grade__ARGS_TAG_BF__MUT_01,6072,grade,Tag-BitFlips,0.01,0,False,NONE,NONE,NONE,"NONE"
PROBLEM_grade__ARGS_TAG_BF__MUT_01,6073,grade,Tag-BitFlips,0.01,0,True,27,493,344,"[TestNumGreater-Tag(0111101111110100,0000101001000110,1010100110010011),TestNumLessTEqu-Tag(1101011100110011,0000101000000100,0111010000100000),TestNumNEqu-Tag(0001111100101111,1011100110010100,0010010100110011),SubmitB(0011111101100101,1100011100010110,0100111101110010),Countdown-Tag(0011100110001101,0000010101000100,0011001100111111),Close(0011101101101000,0010111000011010,0110010011000010),LoadThreshD-Tag(0101100001001001,0111100001001100,0000000111001001),LoadThreshD-Tag(1011101010001010,0101100000000010,1110010110000111),Countdown-Tag(0101110001100000,1111010000001000,1111010100010010),Inc-Tag(0001101110010000,1001001101101111,0111010000110101),SubmitB(0011101101001101,0010101001100011,1001100111100101),Set-0-Tag(0110001111001011,0000110100000111,0101101110100011),Sub-Tag(1011101100000100,0100010111001010,1110011111111010),Div-Tag(1110011010100110,0110100110010111,0011100101011110),TestNumLess-Tag(1100111000011101,0101110010000111,1010101010110000),SubmitA(1100101111010100,0010101000101010,1110010010111001),Set-15-Tag(0010110010100110,1100011010011100,0100001111101000),TestNumLessTEqu-Tag(0110011100010011,0000101110000110,1101010111010101),SubmitC(0001001000110000,0010001000111100,1111001110110010),TestNumGreaterTEqu-Tag(0011100001011100,0100110011010010,1010100000011101),LoadThreshB-Tag(0101000010110011,0010111011110010,0001000010010101),Close(0110100001110010,1001001001011001,1011110011010001),IfNot-Tag(0110010110100000,1110111001100110,0001011001101101),SubmitF(0110001110101111,0010100000011000,1000111101000110),TestNumLessTEqu-Tag(1000000011001000,1010001100001101,1001111101010101),Countdown-Tag(0110010101001110,1011111000001101,1111111101000011),SubmitD(0011000000010001,0101011110000011,0000001111110111)]"
PROBLEM_grade__ARGS_TAG_BF__MUT_01,6074,grade,Tag-BitFlips,0.01,0,False,NONE,NONE,NONE,"NONE"
PROBLEM_grade__ARGS_TAG_BF__MUT_01,6075,grade,Tag-BitFlips,0.01,0,True,52,380,126,"[TestNumGreater-Tag(1111111110110000,0101111001001011,1000100110111101),SubmitA(1011100111100111,1110111001101110,0011110011001000),Countdown-Tag(0000000010011001,1111011100001100,0001010110101010),SubmitF(1001110101100110,0110011111100100,1000110010011001),SubmitC(1100001011101000,0111111010111001,0110000010000110),Close(1001011000010111,1100101101001000,0110000101101110),Set-7-Tag(0010110100111011,0100011010010000,1001000101010100),Set-5-Tag(1100110011101011,1111100110101000,1011100011010111),Set-16-Tag(0111100011110101,0111001111110000,1001101110000010),Set-13-Tag(1000011100011100,0001110110000011,0110001010011001),LoadThreshA-Tag(0000011000001101,1001110100111101,1000111111111010),Floor-Tag(1100110010110010,1011010101011011,1100010100111001),Mod-Tag(1111111011011101,0110110111000110,0000100001011010),While-Tag(1011111011101100,1110000001100100,0111010011000110),Mult-Tag(0111111000010110,1011010000001011,0001100101101001),Set-15-Tag(1110110011010101,0111001100110010,1100011010011001),SubmitB(1000011110001101,1010011110010001,0010000101100101),Set-16-Tag(0010001110010011,1000111010100011,1100111101110110),Dec-Tag(1110101101101011,1111000010101101,1001000100000011),LoadThreshD-Tag(0100100000000000,0000000011100111,1000001010100001),SubmitF(1100011000010001,0101110100011011,0101010101101011),SubmitA(0001110111100001,1000010111111101,0011011100000101),TestNumLess-Tag(1100001101000010,0100000101110011,0111110010011010),SubmitF(0111100110000110,1110001011100000,0000011110000010),Floor-Tag(1111111101011010,1010001111110111,1010010100100001),Set-10-Tag(1110100010001011,0101011111000000,1101111001101110),LoadThreshC-Tag(1010001110100101,0011101100001111,1101100111100001),SubmitB(1011001011101101,0101000110100100,1101100001110010),SubmitA(0000111000100000,0011000111000001,1110100101000010),LoadThreshB-Tag(1010011101110110,1110101000011001,0010110110010100),Div-Tag(1001110001001011,1100111000101010,1010111011110011),LoadGrade-Tag(0100101011100010,1011111111101011,0111100011100100),Set-0-Tag(0011010011000011,1011101100101010,1100000101101111),Set-15-Tag(1111000100110110,1010111010011010,0001101110001110),CopyMem-Tag(1011110011011000,1010111110001100,1000001101111100),LoadThreshA-Tag(0001101010101000,0111110000110011,1110100110001000),LoadThreshD-Tag(0010111011001101,0101011011001000,1111101101011001),Set-6-Tag(0011101101011110,0001110011011111,0111110111101100),SubmitF(0010000110010011,0000101111111001,1100010111011100),Set-13-Tag(1001101110111110,0000000011010010,0001000111000100),Set-8-Tag(1010100101011011,1101001110110111,1100001000101000),Set-8-Tag(1110110100111000,1010110110011010,0110110100100001),TestNumLess-Tag(0100101111010111,1010010011001111,0011011100011011),Add-Tag(1010111100100000,1010110100011111,1110110111001010),TestNumLessTEqu-Tag(1010011001010001,1001001110000101,0010101110010100),LoadThreshC-Tag(1110110011110001,1111010110100010,1011011011100111),SubmitD(0111011111111111,1000101100011000,1000000011011010),Countdown-Tag(0110111001011000,1111100110010101,1000000101111011),SubmitC(0100000000111010,0000011110000001,0101100111100000),While-Tag(1011001101000010,0000001111001010,0100100111000001),Not-Tag(0011010100110001,0100110000100001,1110110111110010),Mod-Tag(1010111100000010,0110011110100100,0101110100011001)]"
PROBLEM_grade__ARGS_TAG_BF__MUT_01,6076,grade,Tag-BitFlips,0.01,0,False,NONE,NONE,NONE,"NONE"
PROBLEM_grade__ARGS_TAG_BF__MUT_01,6077,grade,Tag-BitFlips,0.01,0,True,40,428,360,"[While-Tag(0011000101011101,0110010100111000,1000001010110011),LoadThreshC-Tag(1111101110100001,1000110010110110,1011000001000100),Set-2-Tag(1100001101101011,0100100011010110,0011010101111001),LoadThreshD-Tag(1001101100011111,1001100101011101,1111101101101111),Inc-Tag(0000111010010011,1010111110000101,1101000100010110),SubmitC(1100010111110001,0110110000101011,1100110111100100),SubmitC(1011101001001001,1010010110101010,1011110011111000),Inc-Tag(1000110001100110,0100010000011101,0010010100100101),Sub-Tag(0001111010111000,1001010111100111,1000011101111011),Set-8-Tag(0011000010000010,1000001111000111,0111011101000000),LoadThreshD-Tag(1110010001100101,1110111000100011,1111001111101100),SubmitA(0110001011101001,0000100011011001,1011110101000011),SubmitB(0100101101101010,1011010010110111,0100111101111010),Set-6-Tag(0000001101111010,1101110101110100,1010110110110001),Set-6-Tag(1110000010100000,0100001110001110,1101101100110000),TestNumLessTEqu-Tag(0001101000011110,0110111100111110,1111101111101001),If-Tag(0101110111011110,0111110011101111,0001100110001101),Set-9-Tag(1000111111111101,1010110001011101,0110110111100011),Set-1-Tag(1101100000110000,0100000001110011,0001100110111111),Close(1101100110010000,0110110111011110,1100100110111000),SubmitA(1100010001101100,0011110110101000,1010101110110101),Div-Tag(0001100011000100,0000000100001100,1001010111100100),Set-10-Tag(1101101110111111,0111111000010101,1011111001011110),Set-14-Tag(0001000001111010,1001100000001010,0001111000010110),LoadThreshB-Tag(1110101110111111,1001011101010110,0100010011000001),SubmitC(0100110000010100,1110101000111101,0101100000110011),Inc-Tag(1100100110100001,1001000001010110,1110110011110010),Inc-Tag(0010110001011010,1010001000111000,0101101001011111),TestNumLess-Tag(1000011001011110,0001100111001101,0011010110110011),Set-2-Tag(1111011101100000,1100100010101011,1110000011010101),SubmitB(1101111001010001,1010010111001111,1100000010010001),Inc-Tag(0100000010011001,1011011101010101,1111100010110101),Dec-Tag(0101110100001110,0111110001000011,0011001111110101),Set-3-Tag(1001100011100000,0010101110100000,1001011111000111),Mod-Tag(1111100010100111,1110010110010011,1100010011010001),Set-6-Tag(0110101010101001,0101101100111010,1000001000100010),TestNumLessTEqu-Tag(1011011011001001,1000100110011110,1101010101101010),SubmitD(1011100110010111,1011110000100000,1111011001110010),If-Tag(0010000000111000,1110101011101001,1011010100110111),SubmitF(1111011001010011,0110000010110101,1111001110000011)]"
PROBLEM_grade__ARGS_TAG_BF__MUT_01,6078,grade,Tag-BitFlips,0.01,0,True,20,499,452,"[SubmitF(0010100000101100,0011100011010000,0011011110111011),LoadThreshB-Tag(0111000001010000,0010010010100010,1010011100101111),SubmitA(0001010010011111,0011011000010111,0111100100101110),TestNumNEqu-Tag(0101000111001110,1111100110100000,1000101001101000),TestNumGreaterTEqu-Tag(0110111101001011,1100011001010100,0110000010001001),Countdown-Tag(0101010111011100,1011001111100101,0000100000111111),SubmitD(1100110100110000,0101011011010011,0110100100001001),TestNumGreaterTEqu-Tag(0001100001001110,1010100010010000,0110010101010001),SubmitF(0100101100101111,0011111111010101,0111111100000011),TestNumGreaterTEqu-Tag(1010110000101111,1011010101110011,1111111111101010),While-Tag(0111101110101010,1011101110000011,1010101100001110),SubmitC(0101100111110011,0010010110000000,1010111111011010),Countdown-Tag(0110001010000001,1110110100110100,0010101001111010),SubmitB(0000001111001100,1111111001111101,0111010010101101),LoadThreshA-Tag(0011101000110010,1110001111010011,1011000011000110),Floor-Tag(0110101000111010,1110111101101101,0001000010111111),SubmitA(0110100011000110,1101111001010100,0000110000000001),Set-1-Tag(1100011000001000,1110101111110111,0111100100110101),TestNumGreaterTEqu-Tag(0000011110010111,1110000101110011,1101111101111111),While-Tag(1110101111111101,1001111100000000,0010001100000100)]"
PROBLEM_grade__ARGS_TAG_BF__MUT_01,6079,grade,Tag-BitFlips,0.01,0,True,72,475,431,"[SwapMem-Tag(0100110111000000,0110111011000010,1010011010011001),CopyMem-Tag(0000101100111101,0001100011010000,0011011011101100),Add-Tag(1101110010011100,1100111000011000,0001000111001100),SubmitC(1110010001100010,0001111111001010,1011110111101111),LoadThreshC-Tag(0111101100100110,0110110101011100,0011110100111001),Dec-Tag(1001111001011000,0110000010110001,0001011100111100),LoadThreshD-Tag(0101000010100110,0001101101011011,0011101001100111),TestNumLess-Tag(0111011111000000,1111111100011001,0100010000101010),Set-15-Tag(0011000110000101,1011000001100010,0011010110010011),If-Tag(1100111000010010,1010011000011100,0110010111100101),Dec-Tag(1000001010011010,0011010111100010,0000111001100000),Floor-Tag(1101101110111100,1100101010100010,1011000101110101),LoadThreshA-Tag(1110111101000000,1011000010111110,1010101001001010),Set-14-Tag(0011000001111010,1111110011011100,1000010001111000),LoadThreshD-Tag(1101000011110111,0111001110101010,0111100011101100),TestNumGreater-Tag(1011010101001000,0011000010001100,1101010000100001),CopyMem-Tag(0001011010110110,0100111001001100,1110100011010011),TestNumNEqu-Tag(0110101100111110,0000011110101000,1111101111010101),SubmitA(0110110111111100,1011101111011000,1101011111100100),SubmitC(1101010110001111,0101000101001010,1010011010110100),Close(1011100010111011,1011111110110101,0111111000001001),Not-Tag(1101111011001111,0100100101000010,1110000000100110),Set-6-Tag(0101100001110110,1010101101001100,1011110010010100),LoadThreshC-Tag(1001100001110000,0110010000010101,1001111011100010),LoadGrade-Tag(0100101101001100,1010110100011001,1111111001101010),Floor-Tag(0000000110100010,1000010111100000,0101000110110000),TestNumLessTEqu-Tag(0101111010100001,0100111101101110,0110001100010100),SubmitB(0100110001100111,1001000010111100,0011110000101111),Set-1-Tag(0101101100101010,0101000111001001,0110011110100111),If-Tag(1001010110011100,1000010110001000,1111011111111110),TestNumLess-Tag(1000110101101100,1000000000011001,0000110011001010),LoadThreshB-Tag(0100000000000010,0101000100101110,0001100100011111),SubmitF(1111111011011101,0001101100110111,0011111111010101),Sub-Tag(1100010011001100,0001000100100100,1001111010001111),SubmitF(0100111000111110,0110010010001000,0000010111010011),Dec-Tag(0110110110011111,1101011001001111,1000100001000011),Inc-Tag(1111111100100110,1011000111100111,1111011110110101),Floor-Tag(0001101000011111,1101100001010001,1010001000010000),TestNumLess-Tag(0101110010111011,0011000010110011,0011011111101110),Countdown-Tag(1001100101010101,1110100110101111,0000111000111111),SubmitB(1001011010010111,1000100000110100,0100111111000001),LoadThreshB-Tag(1100110000110110,0010100001010101,1011010001010101),Mult-Tag(0011100010011011,0101111101101000,1011101111110100),Set-11-Tag(0111011010000001,0101100001010001,0010000001110101),LoadThreshB-Tag(0110101111000000,1110000110011000,0100110101100001),Floor-Tag(1011110000000001,0100101000001000,0000110100100011),Set-4-Tag(0010011101110010,0110011000100000,1001011010010101),Set-9-Tag(0001100101011010,1111100011110010,1001111010111000),Set-9-Tag(1111010110101110,0010010111000011,0110000011100000),Sub-Tag(1011001011011110,0101101011100111,1000000001010110),LoadThreshB-Tag(0100010100011011,0110000000000010,0000111000111010),SubmitC(1010000011111010,1111000001011011,0111001010111010),LoadThreshD-Tag(0011000100011000,0101001100101101,1001000110000101),LoadGrade-Tag(0110100101111111,1001111001101111,0010110101101110),Set-8-Tag(1000011000101101,0011001010111000,0001110010010110),Dec-Tag(1100011111010010,1111101110000011,0101110000101000),Set-13-Tag(1010011011011000,0100011011000011,1010010100101001),IfNot-Tag(0000100000000010,0111011110110100,0001110000101011),TestNumGreaterTEqu-Tag(1111001011110110,1111100000111011,1111100111011001),Set-11-Tag(0011011010010100,1111001111111110,1011111011111101),Set-2-Tag(1011100010001001,1100011010011100,1101110010001101),Close(1010101110000100,1100010110011100,1011100001100000),SubmitA(0011001110000001,0100101000101101,1001011110101010),Div-Tag(1110100011010011,1101100000110101,1100111011001100),TestNumLess-Tag(1100001111010001,1110100001100101,0001101100101110),Set-5-Tag(1100101001010110,0110001010011000,1110000000001100),Set-3-Tag(1010001100000000,1110111000110010,0011011110000100),IfNot-Tag(0010101100001111,0010101010010001,0100111110000110),Dec-Tag(0100100011111011,1000001111010110,0000011010101010),SubmitD(0001011000011101,1000001101011101,0101100011001001),Dec-Tag(0011011000100110,0011010000000110,0011100010000110),While-Tag(0011111111000001,0111101111100001,1010001011101010)]"
PROBLEM_grade__ARGS_TAG_BF__MUT_01,6080,grade,Tag-BitFlips,0.01,0,True,35,498,241,"[Dec-Tag(1110111010001110,0011011110101010,0101011001110100),LoadGrade-Tag(1110111001010001,0010001000111010,1010001001010011),TestNumGreater-Tag(0000110010000101,1110001110111011,0101111110010111),TestNumGreater-Tag(0100100001110100,1010101011011100,1011100000011000),Dec-Tag(1001011110001000,1010001001111010,0010110001010000),Countdown-Tag(1001111110110100,0011110011000010,1111100000000111),LoadGrade-Tag(0111111101110110,0011100011100001,0101000011100011),SubmitA(1001010101000111,0011100111011000,1000100100010111),Close(1111011100110011,0011011011111001,0100000010010101),SubmitB(1101011101111101,0111111001111001,0111110000101010),Countdown-Tag(1001111010001011,0110100010101110,0110111010110011),Close(1010010111101100,0000100001010111,1101011000001110),Inc-Tag(0010111010001100,0001101101101010,0110111101010100),Close(0001001010101111,0100000011110101,1000101011001011),TestNumGreaterTEqu-Tag(0111110101100101,1001100001110101,1001001110000010),Set-3-Tag(1010011000011101,1100110110001010,0110000011000010),SubmitF(0111001010111011,0100010110111000,1001011010011001),LoadThreshA-Tag(0001101111000100,0110001111010000,1100011010000101),Set-3-Tag(0010001110110011,1000101110110111,1111110100010000),Mult-Tag(0100000111100100,1011110000100000,1001011101010101),Not-Tag(0101010101010011,1000000110000011,1011000011101101),LoadThreshD-Tag(1101000000101111,0010011111010111,0000011010101100),SubmitF(1000010110111110,0111001001010101,0111001000000111),SubmitD(1110101100000111,0011010100011011,0100000000101011),TestNumEqu-Tag(1101111000010001,0011010100111100,1111101100101010),While-Tag(1101101001100000,0001111111000100,0111110110100101),IfNot-Tag(1000011111011110,1100000101110100,1110001110000111),LoadThreshC-Tag(1111000000100111,1011010101111100,1101110010000011),SubmitC(1010101001111011,0000010001010000,1011011011010111),TestNumGreater-Tag(0101100101010010,1000010010111100,1100010110110010),Close(0010110011100110,0110000101010000,0100000101001110),TestNumGreater-Tag(0100111100101001,1101000100101110,1101100000100101),LoadGrade-Tag(1110000001101100,0111101101010011,1101000001101110),Sub-Tag(0100110011010011,0100010100110010,0110100011000001),Floor-Tag(1011100110111000,0010000001010111,1100101000110111)]"
PROBLEM_grade__ARGS_TAG_BF__MUT_01,6081,grade,Tag-BitFlips,0.01,0,True,44,382,187,"[If-Tag(0001101110010110,1000111110111100,1011011111001111),SubmitD(0001100001101101,1010111001011000,1011110110001000),Inc-Tag(0010110101001110,1001111001111100,0001011110100111),Div-Tag(1111011101010000,1111001000001010,0100011111101000),Sub-Tag(1110111000001111,0010101000110000,0111001010101101),TestNumGreater-Tag(0000111100101100,1111011101100100,0000010110110000),LoadGrade-Tag(0011111001101001,1101100000001000,1000010101110011),LoadThreshA-Tag(0100011011011010,1111101100111101,1111110110011010),Not-Tag(1100111001000011,0111101111001001,1100101010000100),Countdown-Tag(1110011111011100,0100000010011001,1110001110110100),Set-13-Tag(1000001000111010,0111110111011111,1110001101100010),Floor-Tag(0101101101100011,0101111001100001,1100011101101001),CopyMem-Tag(1011010100100001,1001011001000000,1101001010111000),SubmitF(1011101101101111,0111000110000000,0001010101000110),Div-Tag(1000101011011110,1101001110011011,1111101101010001),TestNumGreater-Tag(0000111111101111,0110010001100111,1100001010100011),LoadThreshA-Tag(1101101111111010,1111001011101001,0000110000011100),SubmitD(0000101001010101,1100101000110000,1000010000110110),Sub-Tag(1011100110001100,1010000100111101,1000010000010100),TestNumGreaterTEqu-Tag(1010000111111101,0011011001001001,1111100011010100),Set-9-Tag(1100000000001101,0100001001101001,0001000010001001),Countdown-Tag(1101011001101011,1100010000101000,0001101010000100),LoadGrade-Tag(0000011001101100,1000001011011111,0000110000000101),TestNumGreaterTEqu-Tag(0011011101011101,0000100100001011,1001110110000001),Set-7-Tag(1100110011010000,1011001010101000,1111011011101010),Set-15-Tag(0010010110110111,0011100001001100,1101001111011101),LoadThreshB-Tag(0011100000100011,1100000100001110,0000110011010000),Mult-Tag(0111001000100110,1110000010001110,0110110100110001),Set-4-Tag(1001101101100111,0011111000110000,1001100001110110),Set-8-Tag(1001001001100001,0110110110110001,0001101000101001),LoadThreshD-Tag(1011111010000000,1111100001100001,1000011110101100),SubmitB(0110000110001010,1101110100110101,0110110010010000),SubmitA(0110010000111100,1001111000101011,0111111010000011),SubmitB(1111010101010101,0110010010101010,1010111110100010),SubmitC(1010111101100100,0100000000001111,1010101010111110),Set-4-Tag(0010011010111101,1101000011100010,1010001000001101),TestNumGreaterTEqu-Tag(0101010111010110,1010101100111110,0011000000000101),SwapMem-Tag(0000010010011001,1110010111110001,1101011101100001),Set-5-Tag(1111000011011101,0011101111011000,0010011111001110),Close(0101110010001001,0000001000011110,0101101011001000),Countdown-Tag(1000001110010010,0000010101101101,1001000000101100),TestNumLessTEqu-Tag(0000100000100101,1111100111000010,1110101011001001),LoadThreshB-Tag(1000011010110001,0101010100001110,1001000001111111),Set-14-Tag(1000110010110011,1101110010111000,0111000001111011)]"
PROBLEM_grade__ARGS_TAG_BF__MUT_01,6082,grade,Tag-BitFlips,0.01,0,True,73,495,368,"[LoadGrade-Tag(0101001111100001,0100011111010001,1101111001011101),Set-10-Tag(0010100000100000,0000001101110111,1010111111111110),Dec-Tag(0010011100111010,1110111111101110,1110011000100110),SubmitA(0101101110100101,0100011001010111,1101010000000110),LoadGrade-Tag(1011110000110011,0110010000010001,0001111110001011),Countdown-Tag(1010111010111110,0011010100101011,0101011000000000),TestNumLessTEqu-Tag(1101110011100001,1011101101111000,1100100110001001),If-Tag(1000100100101000,1001111100111010,1000110110111011),Dec-Tag(0101011101110100,1101100100011111,1001101111000101),Countdown-Tag(0011111111110111,1100101100010010,0011101110011011),SubmitD(1111100101100011,1101110010101100,0010001011111100),LoadThreshD-Tag(0111010010101100,0011110101100100,0000001011001111),SubmitC(1101010010000101,1011110000100001,0110111001001110),TestNumGreater-Tag(1100000100000010,0000000100010100,0100011111110111),Set-12-Tag(1101111101010001,0100100001001010,0010000111111010),TestNumEqu-Tag(0100111010001011,1110101110011011,0011110110100111),LoadThreshC-Tag(0111001000011111,1001110110110101,1111000001001101),LoadThreshD-Tag(1010011000101010,0101000111110110,1100010111110010),TestNumGreater-Tag(1101001111100111,0001101000111001,1100001000000100),Floor-Tag(1010100010000110,1010000001110001,0110000110011011),IfNot-Tag(1100001111100111,0001001010101111,0000000100010110),LoadGrade-Tag(1010010011010011,0111111000100000,0111101000100000),LoadThreshB-Tag(1010010000000111,1001101000100001,0101110011111100),LoadThreshB-Tag(0111010001001001,0111010010111110,1110011100010111),SubmitB(0111000101010100,0101110111101001,1010000001011011),Inc-Tag(1000110000100111,1101100010101000,0111011010111010),Div-Tag(1111110110100001,0000110001111100,0011000010000011),While-Tag(0100011000110101,1110110010001100,1101110110101001),While-Tag(0110110100100000,0101111100110101,0100011010101110),Set-0-Tag(0100111010001110,1110110000111011,1010011100100000),Set-13-Tag(0110100011001000,0101100111110001,0110000110001000),TestNumLessTEqu-Tag(0110100011000110,0100011111101000,0000111011101111),CopyMem-Tag(1111111000000011,0111101000000001,0000101010000111),Dec-Tag(1110111010011101,1011001111111100,1111010001001010),Dec-Tag(0011010011111101,0011001001001001,0111100010001011),Inc-Tag(0101100111000000,0111101011111011,1101010000100001),LoadThreshC-Tag(0110000101110111,1001000011011110,1010111101010000),LoadThreshB-Tag(0110010100100110,1011000000111010,1001010011000101),SubmitB(0000110011010111,0100010010001000,1100110010000110),SubmitA(1010111101101011,0100100011100000,0000001100110101),Sub-Tag(1001111101100011,1001111000100101,1101000000010010),Set-10-Tag(1010011101100100,1100100000011001,0110001101011000),Set-13-Tag(0010011110111111,1011011101010111,1010110010110001),TestNumLessTEqu-Tag(0010101111000011,1000110001110000,0000011100100101),SubmitA(1011011011010011,0110111110011100,0111100110000101),Set-2-Tag(0000000011100010,1001110010100010,1000101011000111),TestNumLessTEqu-Tag(0110110000011011,1001011101101011,1001100110110110),SubmitC(1000110101011010,1110100101011011,1111000100010000),SubmitD(1011010100101100,1011011111010010,0000010111100111),Set-10-Tag(1110101111000100,0010001100001011,1110000010010100),LoadThreshB-Tag(1011111011110011,1110010100010010,1101101011011110),Set-3-Tag(0111001110111000,0100110110101000,0101000101010110),Set-4-Tag(0001111000000000,1111100111001101,0100101110010000),Set-14-Tag(1010011001111100,1010001001011011,0100110101001011),Set-14-Tag(0110111000110100,0001100100000011,1101111111111100),TestNumGreaterTEqu-Tag(1111101100100001,1111110010001000,1001001111010010),CopyMem-Tag(1111001101110010,0100110100111001,0011101101101010),Mult-Tag(0111111111010100,0010101000010111,1110011110010101),TestNumNEqu-Tag(1010001100000110,1110110101000100,0001011101011001),Set-6-Tag(1110100011001110,0001010110011100,1010000010001111),LoadThreshD-Tag(1010001011111010,1000110000110100,1000001100011111),Not-Tag(1010011010001100,1011111011110000,1110101010110011),SubmitB(0010000101000000,1111000101111111,1000000011000101),Set-14-Tag(0100101010111101,1000110100010011,1100011011011110),LoadThreshC-Tag(0001001001011110,0111010111011011,0011100111101000),Floor-Tag(0100100101000010,1100101000011100,0001000110001111),LoadGrade-Tag(1100011011001100,1011010101000010,1101100111100000),Set-10-Tag(0001001000010010,1011110111011010,0101101100011100),Set-3-Tag(1010011000001110,0001111010000100,1010111000111110),Set-16-Tag(1110100000111000,0011111000100011,0011100101011011),SubmitD(0111001001001011,1110111101101001,0101001000011101),Countdown-Tag(1111100110011101,0001011011000001,1111011111011011),SubmitF(1110110011000011,0000000001100011,1101000011000001)]"
PROBLEM_grade__ARGS_TAG_BF__MUT_01,6083,grade,Tag-BitFlips,0.01,0,False,NONE,NONE,NONE,"NONE"
PROBLEM_grade__ARGS_TAG_BF__MUT_01,6084,grade,Tag-BitFlips,0.01,0,False,NONE,NONE,NONE,"NONE"
PROBLEM_grade__ARGS_TAG_BF__MUT_01,6085,grade,Tag-BitFlips,0.01,0,True,68,450,283,"[LoadGrade-Tag(0011001111111101,0010100001000100,0110101100101100),SubmitA(0010101000101100,0111110000110010,1000100001010011),Inc-Tag(1001111110010111,0110111111000011,1100011001100101),LoadThreshB-Tag(1010011000011100,0010000000100110,0011100110110011),Set-8-Tag(1111011100011011,1000111010001111,0000000101110001),Mult-Tag(0110011010001001,0010000110001100,0100011000010100),LoadThreshA-Tag(1100000001001111,1110100001110010,1110101111110111),Break(0100100010111110,1110110111101010,1000010011010101),TestNumLess-Tag(1100101101001001,0010110101101000,1110001110101001),LoadGrade-Tag(1011111101110000,0011100110011110,1101101001010011),LoadGrade-Tag(0101101001100100,0001111111111001,0101110110001010),Set-12-Tag(1111100011011000,1000011011111001,1011011101000011),Set-8-Tag(0000010100000100,1100000011000001,0001111011011010),LoadThreshA-Tag(1011100000001001,1110110110101001,0001100000000011),TestNumEqu-Tag(0001000001010000,1111011100101100,0011101010001111),Mod-Tag(0101100110000101,1001101111101010,1110011000110111),Not-Tag(1100100010010111,1000000110101011,1000110100000000),LoadThreshD-Tag(1110001110000101,1100010000010010,0011111101100011),SwapMem-Tag(1010100010101011,1111101010100001,0010111001111111),Set-13-Tag(1100010111110101,1000110101110101,1101010100001011),Add-Tag(0110001011100110,1001001101101011,1100110000111011),SubmitD(1011110000001111,1010001100110101,1101110001011010),TestNumGreaterTEqu-Tag(0111100010011111,0100100001100000,1110101001101000),Set-7-Tag(0110011000100001,1111111011011100,0000110010011010),TestNumLessTEqu-Tag(1110101001010100,1101010111110111,0011111100000011),Inc-Tag(1110100010011101,1100011101111001,0101100101010000),LoadGrade-Tag(1110001001010110,0100111101001000,0110010011110001),Div-Tag(0001101000001000,1100010111101000,0111000011111100),TestNumLessTEqu-Tag(0110110111011001,0011101100101011,0110010000110011),Break(0001010111101011,1111011010100000,0011101011001110),Countdown-Tag(0101110001001110,0100011000111101,0111100111000100),CopyMem-Tag(0001000001101111,1111111011000001,0101111001000111),Mult-Tag(0001011110000001,0101010001100010,1111101011011110),LoadThreshB-Tag(0010110101101001,0010100100110111,1010000100100111),CopyMem-Tag(0001111101000111,1011000001100101,0110010111110010),TestNumLessTEqu-Tag(0000000011110110,0001101100101111,1101001011010111),Set-12-Tag(1111000111110110,0111000101011100,0100010011110001),SubmitC(1001110000110011,0000101110011000,0001000110110101),While-Tag(1010100001111000,0010100011010000,0101111011010000),Inc-Tag(0101000110111001,1000000111000100,1011100110101110),Mod-Tag(1011000000010100,0110100100111100,0111110010000011),Set-11-Tag(1001011101001101,1100101101110101,1101001001110110),SubmitA(1011010010000100,1101111011001010,1110110010111100),Set-12-Tag(1011000110101101,1000010010010011,0000010011011001),Floor-Tag(0010100011001101,1011001110111100,1100111111010011),Set-3-Tag(1000110000001110,1000100011100101,0101111110001100),TestNumEqu-Tag(1011010011001010,1110000000110101,0010111100010110),SubmitC(1001110101010011,1110110010001111,1010010110101011),TestNumGreater-Tag(0001101011100100,1111101001010000,0100111111001110),If-Tag(0000001100001000,0111000110011001,1100000100000101),LoadThreshC-Tag(1011011101011001,1100011000001101,1000011011011101),LoadThreshD-Tag(0011101010111100,1011100101100000,1000001010010110),SubmitD(1110111111001101,0011110010100011,1010000001111011),Set-11-Tag(1000010000010110,0100101010011101,1101010011100110),SubmitA(0100110001100100,0011010011010001,0100010100010010),TestNumLessTEqu-Tag(1100100101011111,1000110101110100,0000110101000001),SubmitD(0011010001011010,0000101010000011,1100110110100100),Set-11-Tag(0000010011100000,0011101100110100,0010010111000000),SubmitF(1010010111111101,0000111100011010,1111011110110001),Mult-Tag(0000011000111110,1101111100101000,0100100010100110),Dec-Tag(1000001011110101,1011110111010000,1000111111001000),LoadThreshA-Tag(1100111110110100,0101000011000101,1011100010011010),Set-4-Tag(1111111000001100,0001010000000101,0000101100101000),Set-9-Tag(0110001011100010,1101001110011010,1101001100101110),SubmitD(0111110001010001,1100101010001011,0011100001011101),Mod-Tag(0000000101110111,1000101111111000,0101100001101010),While-Tag(0010000110010001,0101111110010110,0111001101110011),SubmitB(0101011111011010,1010111001101001,0011000101011100)]"
PROBLEM_grade__ARGS_TAG_BF__MUT_01,6086,grade,Tag-BitFlips,0.01,0,False,NONE,NONE,NONE,"NONE"
PROBLEM_grade__ARGS_TAG_BF__MUT_01,6087,grade,Tag-BitFlips,0.01,0,True,49,499,377,"[Dec-Tag(1001000101100000,1001011001000111,0101000000001011),Set-2-Tag(0101110001110011,1111111001100000,1010001000110000),Mod-Tag(0010101010110111,0100001011011000,1001000010100010),TestNumEqu-Tag(1101110001001100,1111110010000011,0111100010011001),Set-2-Tag(0000000110011101,0101100010100111,0111111000001010),SubmitA(1011010001110101,0000111000000110,1011011001010011),Sub-Tag(0001110000001110,1111010100010010,1111111111111101),Set-14-Tag(1100010011010011,0001001101011111,1011100000100001),Set-3-Tag(1110011001110010,1010010011110110,1000110000110000),Countdown-Tag(0010001100110111,0110011001101110,1010000010011000),TestNumLessTEqu-Tag(1011111100111111,0101011000101010,0111001011001100),SubmitD(0111010011000010,0101110011111000,0111001001000000),LoadGrade-Tag(1001100011100111,0100101010111101,1011001001110101),TestNumGreaterTEqu-Tag(0001001001010011,0100011010001111,0111111011001110),Set-16-Tag(1001001100111011,0111110111100101,0010111110010111),Set-3-Tag(0100110111000111,0010110001110000,0011101101011111),Set-9-Tag(1101101101010011,0011111000010111,0110111101011011),SubmitF(1001111110000010,0001111010100100,0011111101010110),Mod-Tag(0010001011101011,0110011000000000,1001101011011001),Not-Tag(1100101111001011,0101011000010011,0100001001100100),SubmitD(0101010110000011,1011000110001100,0011110100101010),Set-13-Tag(0000011011110001,0010111110011011,1110101000001111),Set-4-Tag(0010010111110011,0001100000100011,1110001001110100),Set-10-Tag(0110101001010110,0011010011011000,0101000001110000),IfNot-Tag(1111110111011010,1100010100001110,0011100010001101),Set-14-Tag(0110110011110100,1000101110000001,1001100010100111),SubmitD(1100100000011001,1110100110011001,1111011010101010),SubmitD(0010100100110100,1011011011111001,1001111001000001),Set-3-Tag(0101001101100111,0001100011010010,1010011011100110),SubmitC(0000110011011000,1111011111010001,1010000101000110),Close(0100000110000101,0001000110011011,1011010101110111),LoadThreshD-Tag(0010101101111010,0100100001110110,1000101111110111),While-Tag(1101100100001000,0011000000000010,1100000111000100),SwapMem-Tag(1101000001101101,1010011100111000,0010100110010011),Set-0-Tag(0110101001000110,1100100000011001,0100101000100001),TestNumGreaterTEqu-Tag(0001010000101000,0101010000101110,0101010001001100),LoadThreshA-Tag(0101111001101001,0101000011001010,0011111100101011),Dec-Tag(1001011001110000,0001000000110100,1001111010010010),SubmitB(1111110011011101,0001110100011010,0000101111011101),IfNot-Tag(1101000111010101,1100101110001000,0110110110000001),Set-0-Tag(0001001011000010,0100100101000101,0110101010000110),Set-0-Tag(0010000100001001,1111100100100111,1101111111001101),SubmitF(1110011100110011,0011101010110001,1111011001111011),SubmitD(1110010000011111,0100010110110101,1110001110011001),Set-6-Tag(1110101001000010,0001010010000110,1001110000110111),Set-7-Tag(1001111100111101,0111110111010010,1111011100011111),SubmitA(1001100100011001,0001011110001011,1100110010110111),LoadGrade-Tag(0011100000011111,0011110001010000,0110111110111000),TestNumGreater-Tag(0101010111000001,0011100001010101,1001010010111110)]"
PROBLEM_grade__ARGS_TAG_BF__MUT_01,6088,grade,Tag-BitFlips,0.01,0,True,17,435,336,"[TestNumGreaterTEqu-Tag(0001101100001110,0011011111101110,1011011010011010),TestNumLess-Tag(0001111000000000,1101010101100010,1011111000100111),Dec-Tag(1011111101101100,0011111000111111,0001000111011011),LoadGrade-Tag(1111100100001101,0110111000111101,0101001000110110),SwapMem-Tag(0100010000111101,0101011110111011,1011001011000000),TestNumGreaterTEqu-Tag(1011000010101011,1000100111111011,1110101000000001),TestNumGreaterTEqu-Tag(1110000011001111,0001001000111011,0100011111100010),SubmitF(0000000100001000,0100001110011100,0111100101010000),If-Tag(1110111010010101,0100010101010111,1010010110100111),While-Tag(0110111010011100,1011110110000001,0100100010100110),SubmitA(1111110000100000,0100100010101101,0110100000111000),Close(1110100001001101,1010110100111101,1110100001101011),SubmitD(1010011101110100,1100001011010110,0100000110000010),While-Tag(1100011011010010,1011100110010111,0101001101101010),SubmitC(0011100011010000,1010010111010111,1011111000010100),Countdown-Tag(0011011101010100,0001010110000100,1101101110010111),SubmitB(0100010100111000,0001001000111100,0111001000111001)]"
PROBLEM_grade__ARGS_TAG_BF__MUT_01,6089,grade,Tag-BitFlips,0.01,0,True,26,481,325,"[TestNumGreaterTEqu-Tag(0000011100011000,1100101111011000,0100000111000001),LoadGrade-Tag(0000001010110110,1000110000110010,0101100100111111),Set-6-Tag(0001111111000011,0110010001000001,1110001010001010),SubmitA(1100110001101111,1000101111101000,0101110110011111),TestNumGreater-Tag(1001010010010011,1000000010011111,0110100010001100),CopyMem-Tag(1001101001110011,0010001101101101,1101000001000001),TestNumGreater-Tag(1001111100111111,0000011011001110,0010111010011110),Break(0101001101111000,1101011000100010,1110111101110101),CopyMem-Tag(0000000100000101,1010110111110100,1000111010111000),Set-4-Tag(1010000100101101,0000000101000100,1010011011111000),While-Tag(0001101111001110,0001011111000000,0001100011011010),SubmitD(1001101011101001,1000000100111001,1011011101111100),Add-Tag(1011000011000111,1101011110000010,0100111100100100),Countdown-Tag(1010001100000100,1011111011100001,0011011111110100),SubmitC(1100111010001101,0001001001111110,1101101011010010),LoadGrade-Tag(1110111100111111,1100011011100010,1111110111011101),SubmitF(0100111111000111,0101010000111000,1001111010101101),TestNumGreaterTEqu-Tag(0100000001111101,0000010100110011,1010010011110100),While-Tag(0110010110000010,1100110100111010,0000111000100010),SubmitB(0111010011001111,0011110010010100,0101110110100100),Set-4-Tag(1111010100101011,0110110101000000,0010001001010110),SubmitC(1111100100011100,1001101001100010,0101111001111010),While-Tag(1011101011111011,0010001111010000,0100011111000010),TestNumLessTEqu-Tag(0001010001000000,1101111111101011,1110110001101111),Set-1-Tag(1100110111000000,0000011110001110,1100011100111000),Close(1000101010100111,0101000110111110,0010111001100011)]"
PROBLEM_grade__ARGS_TAG_BF__MUT_01,6090,grade,Tag-BitFlips,0.01,0,False,NONE,NONE,NONE,"NONE"
PROBLEM_grade__ARGS_TAG_BF__MUT_01,6091,grade,Tag-BitFlips,0.01,0,True,36,486,304,"[TestNumLessTEqu-Tag(0001000000010100,0000101110011110,1000111111101100),IfNot-Tag(1010111101110011,1010011101101011,1000000000011000),While-Tag(0111000100110101,1011000011010110,0001111111011011),Set-0-Tag(0111101010110100,1000110000100011,1011000000110001),Countdown-Tag(0100101111010010,1100100111010001,1111010110111001),Close(0011110100110000,1011100001110010,0011010001110001),SubmitD(1110000000100110,1010101000111010,1110111101100100),Set-14-Tag(1010010011110000,0011101101010101,0001100011010100),Countdown-Tag(1010010110011100,0111001010011000,1100101111001101),Dec-Tag(0001101001110110,0101100100000010,0000011011110110),Set-16-Tag(1000101101010101,0010101100010010,0100110011111010),TestNumLessTEqu-Tag(0101101000001111,1010001110110011,1010010010100111),SubmitD(1101111100000100,0001010000101100,0101101001001100),Set-4-Tag(0110100100010011,0000011101100000,1011001001100111),Mult-Tag(0110000111011101,0010110011110100,1011010010011110),SubmitF(1101001101101101,0101110111110100,1100001101111011),LoadThreshA-Tag(0111000101010110,0110010000010111,1111101101000111),Dec-Tag(0100100110100011,0001101110101001,0110000100111000),SwapMem-Tag(0110111001100010,0010010011100110,0010101111001110),Set-3-Tag(1111010000010000,0001101010000100,0011010111111110),Mod-Tag(1110110100010110,0101010101110011,1100011111111110),Set-10-Tag(1110101110000011,0001000001010010,0110110000101001),SubmitC(1010010001111011,1111111100011100,1100011101110010),Set-2-Tag(1110011011101100,0011010011110101,0000110001011101),TestNumLessTEqu-Tag(1101001011101110,0101110110010101,0001010001110101),Mult-Tag(1001010101110110,1111000110001000,0011101110100001),TestNumLessTEqu-Tag(0000101001100011,1011100000101111,0100100011000100),Close(0101110111001000,0000011100100110,0011101100011110),Close(0111101001011110,1010000010010111,1100000001011001),Close(1011100000111101,0111011000011000,0100111001001011),LoadGrade-Tag(1111011111001111,0010010011000001,0011000110110011),LoadThreshA-Tag(0001110100011001,1000000100101111,0010011010000111),SubmitB(0101011100010001,0010111100000100,0111011011001101),TestNumGreater-Tag(1000100011010001,1110010111011111,1001100100111000),IfNot-Tag(1110100010011011,0010111111111000,1011110011111100),SubmitA(0011010111010011,1010000000011010,0111010010001100)]"
PROBLEM_grade__ARGS_TAG_BF__MUT_01,6092,grade,Tag-BitFlips,0.01,0,True,14,331,183,"[SubmitF(1010101110101111,0111001110111101,1011100111101101),TestNumLess-Tag(1001101000001111,0000000000011000,1010000110010110),IfNot-Tag(1010011010000101,1110101110101010,0000101110001001),TestNumLess-Tag(0000111111100100,1011101111111011,1000110010110011),TestNumGreater-Tag(0011000101010101,0010100000001011,0001111001111110),SubmitA(0011000101001111,0100001110111110,1100111110001010),If-Tag(1110010000110010,1011110010110111,1010011101000011),SubmitB(0001111100111011,1010011001011000,1001110001111111),Inc-Tag(0101101000011110,1000100011000101,1011000100011011),If-Tag(0111100111111110,0011011010100110,1110011101111001),TestNumLessTEqu-Tag(0000111111100110,0101101000011011,1000011101010101),SubmitC(1001111101000011,0001111100100001,0011000101111010),If-Tag(0101010110010100,0100010011010001,0011001111111101),SubmitD(0000100011010100,1100111010011110,0011001000010110)]"
PROBLEM_grade__ARGS_TAG_BF__MUT_01,6093,grade,Tag-BitFlips,0.01,0,True,30,421,163,"[SubmitF(1001000010101001,1011101101000011,1110111110010011),Inc-Tag(0000110010001110,0011001111100000,0111101010010111),Countdown-Tag(1110111110101110,0000000100101000,0000011011110110),TestNumGreaterTEqu-Tag(0000010011000101,1000111101000101,0101111110101011),LoadThreshD-Tag(0100010101110001,0111110001111101,1111010111110000),Close(0000111110111011,0111101100000100,1100000110000000),Close(1110111100000011,1101101110011101,1100101111111011),Add-Tag(0111110101011100,0001111111010100,0110110000010100),Set-12-Tag(0111100101100011,0010011010000000,0011110101000101),LoadGrade-Tag(1101110100000101,0111000001011101,1000100000110100),SubmitB(0110111010101111,1010001110101111,1011100100001001),Mult-Tag(1011000110011001,1110000110111011,1001001010011110),Set-1-Tag(0111110101111010,0000011100010110,1011111001001000),LoadThreshA-Tag(0110001001001101,0000011000111110,0000100010011011),SubmitD(0011010101111001,1111010000000110,0101110110111001),TestNumLessTEqu-Tag(0011011010011000,1111101000110111,1100000110011110),LoadThreshC-Tag(0010000100010010,0100111110011100,0010011000111101),Countdown-Tag(1001110100010011,0001000110111010,1010100011111011),TestNumLess-Tag(0001110100110101,0001101001111010,1101100011010011),Close(1010101110000111,0101111111011101,0101010101111100),SubmitC(1111011110100111,1100001011111100,1111100100111101),Close(0111100011101100,1111011110010100,1000000001110000),SwapMem-Tag(1000010101101100,0110101110001101,1001110110101001),Add-Tag(0000100001001100,1111001110100001,0001001110110001),TestNumLess-Tag(0110000001100000,1101010110101100,0010010100011100),Div-Tag(1111011001000100,1000101101011011,1000011101011111),Close(0011111110000110,1011100101000111,0011000101101110),Set-4-Tag(0010001100100110,1010000111001010,0101101111001011),If-Tag(0010010101011101,1000100110111101,1000111001111100),SubmitA(1011001011001100,1101111010101111,1101100000001010)]"
PROBLEM_grade__ARGS_TAG_BF__MUT_01,6094,grade,Tag-BitFlips,0.01,0,True,66,492,340,"[Dec-Tag(1101100101001011,0100011101100111,0011111110000110),TestNumLessTEqu-Tag(0110111000101100,1001100100000010,1100101100100001),LoadThreshA-Tag(0110001111111100,0101000010000110,1100011011110010),TestNumGreaterTEqu-Tag(1110111101110011,0010011100010110,0100011111010110),LoadThreshA-Tag(1111000001101110,1111100011001101,1110100001111100),LoadGrade-Tag(1001010011001010,1101100101111101,1001101001011100),SubmitD(1111010110001001,1101100100111001,0011000001010111),SubmitF(0011110001100101,1111110011100000,1010010010001010),Set-9-Tag(1011100000001100,0101001110100001,1010101010101011),TestNumLess-Tag(0100111010010111,1100101100100101,1101101001101001),Close(1011001110110110,0111101111100100,1010100111100001),TestNumLessTEqu-Tag(0010100001011000,1101011100001001,0101010010000110),Set-11-Tag(1101000110111100,0000010100001100,1001000111110000),Dec-Tag(0011101000111011,0110000010011100,0010110000001110),Set-14-Tag(0111110100101010,0010100110100111,1100011010000111),TestNumLess-Tag(0010000010010011,0000111011001011,1010110011111100),Set-13-Tag(1011011100100011,1101101010111111,1100000101110011),Div-Tag(1000101000001010,1110111100110100,1100101010101101),IfNot-Tag(0100001110000110,1111010010101110,0111001010101011),CopyMem-Tag(1111010110001110,1000110011101100,0001111010101100),Set-12-Tag(1000101100101111,1111110101100111,1110101100110111),LoadThreshA-Tag(0101011001000100,1100011011000011,0101100011000100),Set-7-Tag(1100001110010001,1100000000101011,0101110111110100),While-Tag(0100110101011000,1100110101111110,0000100010101001),Set-9-Tag(0010110100100011,0010100001111110,1011101001010011),SubmitC(0010111101011010,1000000000011000,1111010110111001),Set-16-Tag(1110000001111000,1000010101110010,1000111111110010),Set-4-Tag(0110011101000111,1101101011101101,0000000010111100),SubmitD(1110111111111011,1111110100100101,0100001101000001),Set-3-Tag(1100100000101110,1001111011001110,0010010010011011),SubmitA(0110111111011111,0010011101100111,0001110010111000),Set-5-Tag(0111000000010101,1100110000010001,0111101111101010),Set-15-Tag(1011100000001110,1101101000000010,1000111110110011),Add-Tag(1100010000010101,1101010110011111,0011101000100111),Set-14-Tag(1110100111001001,0101010001011001,1011000001100110),Not-Tag(0011001100001111,1111101100000000,1100101010111001),Countdown-Tag(1110010111011111,0011001110101010,0100100100100000),Set-10-Tag(1111001001111000,1000000110110010,0110000001100101),LoadThreshA-Tag(0011001011101011,1001011100001000,1010010000011011),Set-8-Tag(1010001101010111,1111100000011100,1001100100111000),SubmitC(1011001011100100,0111111110100110,0100110001000010),Mult-Tag(0101011011011010,0101000101110101,1110000111010100),LoadThreshD-Tag(1111001001101000,0001000110001010,1001110011110111),Set-15-Tag(0010100000100101,0000110001001101,1011111110100101),Set-3-Tag(1101100100001111,1111111001000101,0001000000101001),LoadThreshC-Tag(1001000111100101,1011011011110011,0110111101111010),Dec-Tag(0011101101110110,0111100001000011,0111010110010111),Div-Tag(1000110000111000,1000001001011100,0101001000011110),Set-13-Tag(0101000100001010,0100011111111110,1110001010011010),TestNumEqu-Tag(0100011111001010,1100110111101001,1010111111011011),LoadThreshC-Tag(1110110000110101,0010011110011000,1100110011001100),LoadThreshB-Tag(1010101111001000,0110010110011001,0010001000011110),TestNumLess-Tag(0010100001100111,1010111000000111,1011001011111110),Mod-Tag(0100011101001110,1010100011010010,1101001101001001),Floor-Tag(1011101000010000,1011001100110011,1000111111100111),LoadThreshB-Tag(1011000110001111,1111011011100010,0100111110010100),TestNumGreater-Tag(1011000110001001,1111101110000100,0101011111101101),TestNumLess-Tag(0011101110100011,0101100011100010,0011011001110101),Set-16-Tag(1110101000100010,0000101000010011,0000111010111101),Set-12-Tag(1100110101100001,1011011000111010,1101101001010011),TestNumNEqu-Tag(0100110110110011,0010000001110000,0010000101110010),SubmitB(1011111110111000,1110110111011001,1100000011010110),Set-2-Tag(0010001000111100,0000011111000111,1100000100100100),While-Tag(0111001110100001,0100001100001111,1100011100110100),Countdown-Tag(0011011100110101,0000100011100100,0001100101010010),If-Tag(1100111000001001,1000011000100010,0101010110011111)]"
PROBLEM_grade__ARGS_TAG_BF__MUT_01,6095,grade,Tag-BitFlips,0.01,0,False,NONE,NONE,NONE,"NONE"
PROBLEM_grade__ARGS_TAG_BF__MUT_01,6096,grade,Tag-BitFlips,0.01,0,True,44,481,425,"[LoadGrade-Tag(0000100000100001,0101111010110011,1100100111110110),LoadThreshA-Tag(1111000000000101,1101000110100001,0110010000100101),Set-15-Tag(0101101001000000,0011111101100111,0100001111100111),TestNumGreaterTEqu-Tag(0000110010001110,0110000000100010,1110010110100010),Set-13-Tag(0000101111001110,1110001000001111,1110011111110111),While-Tag(0001110000001111,1111101111010110,1001000001110101),SubmitD(0010010011101101,0011111000001110,0010011101110000),Set-4-Tag(1011101011010011,0011010111001010,1100111011111011),Set-2-Tag(0100001011100001,0010010111101101,1000101110011011),SubmitA(0101110001111111,0100100110101010,1100101100001011),Inc-Tag(1111110100011111,1000010110011011,0101110101010111),Set-7-Tag(0001000001101111,1010110000110110,1101000110111001),TestNumLess-Tag(0100000100101100,0111010010000110,0101001100111000),TestNumLessTEqu-Tag(0001110000100110,1111001001101011,1110111110011110),Set-11-Tag(1100101000110110,1001111011111100,1110001101111101),Set-1-Tag(0100110000101010,0011011011000110,0101000111010101),SubmitF(1011010110110011,0001110000001001,0000000100110010),TestNumLess-Tag(0111110100101100,0001110111010111,0101001100001111),SwapMem-Tag(1011100010000000,1110000010101011,1010110110011001),SwapMem-Tag(1010000110100101,0001100100101000,1010001001111010),If-Tag(1011100110001011,1001100010010100,0110110110001001),If-Tag(0110001101000001,0110000110111010,1111010110010011),TestNumGreater-Tag(1000110011111011,0011000010100001,1010010110101111),Add-Tag(0100101101010101,0111011010110111,1100110111000001),SubmitD(0010100100101110,0000101100111000,1110100101011110),Set-4-Tag(1100110010100001,1101010110100101,0101011100110010),Set-9-Tag(1000010100100110,0010010110101100,1111101100011111),Sub-Tag(1100001010011001,1001011000101100,1001010110111001),Inc-Tag(1000100111100101,0000100110111010,1001011101101000),SubmitA(0000101011100100,0110110101101110,1100001011110011),If-Tag(0000001111110010,1100100010101101,1000100111000010),SubmitC(0011000000000111,1001000101110001,1111101001001011),Set-2-Tag(1101010010010110,1110011010011010,1110000001010101),Set-2-Tag(0010000100011111,1011101000000101,1001000010100010),SwapMem-Tag(0000101101010000,1010101101110001,1001001001101101),Set-2-Tag(1110010000001001,1001100000111111,0110001111110011),TestNumLessTEqu-Tag(0010111101110110,1010010000001011,1010101100100010),SubmitB(1110111110011001,1111110001111001,0010010100110111),Set-1-Tag(1110010100001110,1111100111011100,1100001001101010),If-Tag(0101000001010100,1110011100011101,1010101111010000),Floor-Tag(0111010110100110,1010111110100100,1111101001010010),Inc-Tag(0100110011110000,1010110101000111,1000011110111001),Set-4-Tag(1110101011111001,1001011000100000,1100010000110110),Set-1-Tag(0001100101101100,0110101111001000,0010001001010110)]"
PROBLEM_grade__ARGS_TAG_BF__MUT_01,6097,grade,Tag-BitFlips,0.01,0,True,59,491,211,"[Set-15-Tag(0110000111011011,0011010101100101,1001101000111110),Not-Tag(0100001101101101,1111010111101110,0110100100110010),Set-2-Tag(1100001001100110,0101101001101111,1000001001101110),While-Tag(1011111111000101,0001101111010000,0000101011101010),SubmitC(1100010101000001,1001010110101001,0000111000100011),LoadThreshA-Tag(1101101101111110,0001010100011110,0111111011101000),TestNumGreater-Tag(1100111100100110,0101001110010100,1100000010111000),Set-7-Tag(1010101111000000,1101111011100101,0010101001011110),Set-15-Tag(1100011100111110,0000000111100111,1000000100101110),LoadGrade-Tag(0010010010000000,0011010110000011,1011110011110100),Set-13-Tag(1001110001111011,0110000111111100,0111001100100001),SubmitF(1101111011011101,1000101010010001,1110000010100110),SubmitD(1000010011001010,1101001111010110,0110111100001111),Set-5-Tag(1011100001111101,0100100111011110,1000111011100001),SwapMem-Tag(0110010110001110,1100111101101110,0111011111000110),Set-14-Tag(1010111110010000,0100100011110110,1101010000000001),Set-3-Tag(0111110001101010,0111101111011111,0000010101010101),While-Tag(0010001100010010,1111110111101111,1111111101000110),Set-8-Tag(1011001101001100,0010011011100000,0011100001001111),TestNumGreaterTEqu-Tag(1110010100101101,1101000001010000,0000100101010100),Set-3-Tag(0110010000111001,1110110001010101,1111100110001000),Set-14-Tag(1011000101000110,1011010101010000,0111000110011100),Set-10-Tag(1001000100100000,0010110000101111,1011101110100001),SubmitD(0010010010100000,1110011110101100,0000010000010110),Set-11-Tag(0110011001010011,1010101111011000,1001110010111011),LoadThreshC-Tag(1111011010010101,1011110111110010,0111011011101001),LoadThreshC-Tag(1100101010111111,1100111011100111,1111111111100110),Set-3-Tag(1101000011101010,1011010100111101,1110001100010100),LoadThreshD-Tag(0110101110101100,1000001110110001,0010111110011010),Mod-Tag(1101000001110001,1001111110010100,1011001010001110),Set-7-Tag(1010001101000010,1001101001110110,0011111001110111),LoadThreshC-Tag(0101111001010011,0110011001110010,1111101110111111),TestNumNEqu-Tag(1010001101111000,0100100000110110,1101101111011110),Set-7-Tag(1000111010110010,1100101110000000,0110011010000111),Countdown-Tag(1000001011001010,1011100100111100,1011000111101000),SubmitB(1010010000010101,1001010111100111,0000011010110000),Set-13-Tag(0111100010011101,0100110101110010,0111100111101011),Set-6-Tag(0111010011011111,0110010010010100,0001000111011010),Mod-Tag(1110101101011000,0011010000010110,0110010100010100),LoadThreshA-Tag(0011111010100001,0110010001001011,0010000011100011),LoadThreshC-Tag(0100001000111010,1010111010101110,1100010100000100),Set-13-Tag(0001101110010100,0000110000100000,0001110100011110),Inc-Tag(1010010010011010,0100101101101011,1000111010010100),SubmitC(0110000111111010,1001110101010001,0111011010010000),TestNumLessTEqu-Tag(0010010101111010,1101000011100101,1110011111101000),TestNumGreaterTEqu-Tag(1011110110100111,0011110100100000,1011101001001001),Set-14-Tag(1111111100111001,1100011111011010,0101011101110010),LoadThreshA-Tag(0011101111111100,1001110111001100,0000101001011011),LoadThreshB-Tag(1011000011111000,1000110110000001,0101001110100110),SubmitF(1110011001011000,1110111010111101,1100100000101010),TestNumLessTEqu-Tag(0110111111101111,1010011100100001,1100011110101010),If-Tag(1111100000001101,1010011100110100,1100000110010110),TestNumLessTEqu-Tag(1010101100110010,0111010010100110,0001001111010010),SubmitB(0001101111110010,0000011000110111,0111100100110100),Set-2-Tag(0000101000001110,1000011111001001,0110011100110111),Set-1-Tag(1001010001000110,0011100111001110,0000111100000101),SubmitA(1010111110101011,1000000111011110,1101010010101010),If-Tag(1101100011100000,0001101101101100,0111011110110101),While-Tag(1000001011000100,0011011000110010,0101001110001101)]"
PROBLEM_grade__ARGS_TAG_BF__MUT_01,6098,grade,Tag-BitFlips,0.01,0,True,48,323,121,"[SubmitF(1100110100000101,1110000111110011,0100001001110000),Countdown-Tag(1000001101110000,1011100100011101,0111110011100011),Add-Tag(1101100101110011,0000100100101010,1100101001000100),Div-Tag(1010001000011110,0001001011101000,1100100001100100),LoadGrade-Tag(0110011111111110,0001000101001010,1110100000000100),Set-11-Tag(1110000111111001,0111110011100101,1100010101010011),Set-3-Tag(0111100101110001,1000101110001001,0001111010101001),LoadGrade-Tag(0011001101111101,0001001001001001,0101110111001100),TestNumLess-Tag(0000011000101101,0000100000011011,0110001110011101),Set-10-Tag(0011110001010111,1000010101001110,1111110011100101),IfNot-Tag(0110111010010010,0101001111010101,1110111011011111),SubmitB(0011110010101011,0010000100111011,0110111000010111),LoadGrade-Tag(1001011000101011,1100111010101010,0000011000001110),LoadThreshA-Tag(0010001010000000,0111101000000000,0110011100100010),Set-16-Tag(1000100100010010,0101011111100000,1000101011100100),TestNumGreaterTEqu-Tag(1110011110111010,0010110110101110,1001000111111111),SubmitB(0111000001101111,0001100001110000,0010110001100010),SwapMem-Tag(1000011010000001,0011101001011000,1110100000010111),Inc-Tag(0101110110011000,0000111011110010,0111111101101110),Set-6-Tag(1000001110001000,1111110010001111,0001000111101100),Set-6-Tag(0010101000101001,1011011110110100,1000111001100110),Inc-Tag(1100011000101101,0111000001110110,0001000000010000),Set-16-Tag(1001111111000001,1010101010000011,0001001101000101),TestNumGreater-Tag(1000111101100100,0010011100010000,1010001101110100),LoadThreshB-Tag(1100101101110010,0011100011111000,1010000000001110),Set-6-Tag(0000100011101111,0010001011010110,0011110100100111),Set-16-Tag(1101010110110100,0000101001111011,1001001110110010),Div-Tag(0011010001101001,1110101100111001,0110010101011011),Inc-Tag(0010101001110011,1110110101101101,1111101101101100),Set-10-Tag(1101010000010010,0111110000010110,0011010110111011),Set-4-Tag(1001100011110010,1111010010110111,1000101010001100),Set-2-Tag(0101101000011101,1000100101011110,1101101100101111),LoadThreshC-Tag(1001100110011001,0001110110011010,0000110111101111),CopyMem-Tag(0001110110110010,0101110011001101,1110010101000000),SubmitC(1000111110001011,0001110100001010,1100111101000011),TestNumLess-Tag(1100101111010011,1001001000011011,0001111011011111),LoadThreshA-Tag(1100010010100000,1010011100100111,0000101001111111),Sub-Tag(0101001011110101,0011101101001001,0001000001000010),Sub-Tag(1111010111010010,0001111110010101,0010100010110011),Set-0-Tag(1100110101101010,1010111100000100,1101101101100001),LoadGrade-Tag(0011000100001000,1111111011100110,1000110011100011),TestNumLess-Tag(0000101001111111,0001001011110010,0001100001000000),SubmitD(0110000000110011,1111010010101111,1011111101101011),If-Tag(1111111010001110,1100000100111010,0100011011111101),Inc-Tag(0010001110000101,1000001111011100,1000100011001110),SubmitA(0010011010000111,0010000100111010,0111101011010001),Add-Tag(0011101111110011,0000101010100101,1000111010011000),SwapMem-Tag(1110010111100101,0000100100000111,0101110000111001)]"
PROBLEM_grade__ARGS_TAG_BF__MUT_01,6099,grade,Tag-BitFlips,0.01,0,True,18,424,296,"[LoadThreshD-Tag(0011010101110110,1011100100010101,0000101100001110),TestNumGreater-Tag(1111011101100110,0100101010001110,1011001001111111),SubmitA(1110000000010001,1100111010100000,0010000100101100),If-Tag(0111111011011010,0001101011111001,1100010111000011),SubmitF(1101111000111001,1010010010010001,1011011011010101),LoadGrade-Tag(1001001111011001,1101001110000110,1110111010011001),Inc-Tag(1000100110110100,1000001110101111,1000101001011110),TestNumLess-Tag(1000011110001011,0111011001010110,1100001101000010),TestNumGreater-Tag(1101101010011011,0110101101010011,0101100011100001),IfNot-Tag(1100001011001011,1010100110110111,0111011110101001),LoadThreshB-Tag(1111111110101001,1110000110011110,1010100111101100),SubmitB(1101101000100011,1100001001111110,1010010110011111),Countdown-Tag(1011011001111110,0100000110001010,0100110011100101),TestNumLessTEqu-Tag(0011111010001111,1011111101111111,1100000100000110),Countdown-Tag(1010001011000111,1010101110000010,0000110101001101),SubmitD(1101011101101110,0001110100010000,0011100110011101),While-Tag(1111100010110100,1101111111101110,0001001101000111),SubmitC(0010110110001111,1010001001110101,0010010000101000)]"
PROBLEM_grade__ARGS_TAG_BF__MUT_01,6100,grade,Tag-BitFlips,0.01,0,False,NONE,NONE,NONE,"NONE"
PROBLEM_grade__ARGS_TAG_BF__MUT_025,6301,grade,Tag-BitFlips,0.025,0,False,NONE,NONE,NONE,"NONE"
PROBLEM_grade__ARGS_TAG_BF__MUT_025,6302,grade,Tag-BitFlips,0.025,0,False,NONE,NONE,NONE,"NONE"
PROBLEM_grade__ARGS_TAG_BF__MUT_025,6303,grade,Tag-BitFlips,0.025,0,True,73,491,314,"[TestNumGreater-Tag(1000110111001100,0010110100100110,0101100111101000),TestNumGreaterTEqu-Tag(0010111110010101,0001010111111101,1001000111011011),Close(0010100011111111,0111000011101001,1011000101111111),TestNumLessTEqu-Tag(0111010011111101,0000110001100111,1100101111000100),Close(0101101111111011,0111101111101101,0000111100100100),TestNumNEqu-Tag(1100101110000100,1001100000111000,1000000011110111),Dec-Tag(1011101101101100,0001000010111100,1100110101001101),Set-9-Tag(1000101110110010,0001101100011010,1111101110011000),Dec-Tag(1010010001101100,0111111011001111,0101010101111001),LoadGrade-Tag(1010111000110000,1001101011001111,0010110111100001),LoadThreshA-Tag(0000010000000001,0100011111010100,0100001000011100),LoadThreshB-Tag(1010010110010100,0111111010000110,0110010011100010),SubmitA(1110001110000011,1101101101010111,0101010100000110),LoadThreshD-Tag(0010010000111010,1100010001111000,0010100100000100),Close(1001111011110110,1010100100101100,1000100111101100),LoadThreshC-Tag(0110110010100101,0100010000001010,1010001111100001),Set-1-Tag(1010101101001010,0111011010100100,0011101111111000),If-Tag(1001000101101110,0011000101011110,1100010010011010),Set-10-Tag(0101101010001100,0110010101011011,0010010000011111),SubmitB(0100100000111110,0101010001111010,0111111100110001),Break(0001101000110001,0101010100000111,1000110011100101),Set-7-Tag(0011100101011110,1000110101111110,0000101010101110),Return(0000010000100100,0101011000111000,1001111111011100),SubmitA(0001010000001100,0111011100110111,0111100001000110),LoadThreshD-Tag(1000100100011111,1100101101110001,0100111001111101),CopyMem-Tag(0001011111110001,1110101110101110,0100001001101001),Return(0101010010111010,0000011010001100,1100011000010010),Set-11-Tag(0101111010001101,0100001101010001,1110000101011100),TestNumGreater-Tag(1010111001001110,1011101110010001,0011100001000110),LoadGrade-Tag(1011000010101100,1100110100101110,0101001001100100),SwapMem-Tag(0001001110110101,0010011010111000,0010001001100010),Sub-Tag(0101111001000010,0110101111100101,1010011100100100),Close(0001011111111101,1011100110000110,1010101100011000),TestNumGreater-Tag(1001110001000011,1001011010000101,0101010101011110),IfNot-Tag(1011101110000100,1011001101001100,1101111111100011),Set-7-Tag(1101110000101011,0010101001101110,1010110111100010),SubmitB(0010000011001110,0011010101101110,1100001001011010),Set-11-Tag(1111101110001111,0101011011110001,1110000101010110),Set-6-Tag(1011010000010111,1001111111110010,1101100110100100),While-Tag(1100011000011010,0111101111101110,0110000111001101),Add-Tag(0011110110011000,1001100001011110,0100010101001011),Set-10-Tag(1110001111001110,0001110111111000,1010111100000100),Set-14-Tag(0101010011010010,1001111010010111,1100110101011001),Set-2-Tag(0000011000100001,1000000001100101,0111000011110010),SubmitD(1111011101101001,0111000110101010,1100001001111011),TestNumLessTEqu-Tag(1111011010100101,1010101111000101,0000000101101110),SubmitC(1100101001100100,1101100001100101,0101011100101011),SubmitC(0001101100011011,1000010000000010,0000100101101100),Floor-Tag(0101101011011100,0111011011000001,1111101011011110),LoadThreshD-Tag(1101000000001111,1010101100001111,0010001110001010),Set-14-Tag(0001010101100110,1110011111001100,1010010110010100),LoadThreshC-Tag(1000010100001110,1101010101100010,1000010011100001),Set-13-Tag(1100101110000001,0011010100101101,0011110100111111),Set-4-Tag(0010001000110101,0010101100011100,0111011001010010),Set-11-Tag(0011111110001011,0011011101110110,1101101010001000),Set-14-Tag(1101110110010000,1100111100010000,0101101101011000),Set-16-Tag(0000001001010011,1011101100111100,0101010101000111),SubmitF(0011011000101000,1101100101001000,0000001010010010),CopyMem-Tag(1000110011001101,1100011110001001,0101000101111001),IfNot-Tag(0001001011011111,0100000101101000,1111000111001011),Dec-Tag(0101011011011110,1001000011100100,1101100001001010),While-Tag(0111100100000000,1101001011100001,0100000101010001),Close(1001001100111011,1000000000100110,1010111100011100),TestNumLessTEqu-Tag(0100001000101110,1110010011100110,1000111101011101),TestNumLessTEqu-Tag(1011101011010001,0001110000101010,1111010110101100),Set-7-Tag(0011110111110111,0000011110000100,1101010101010001),SubmitD(1110110010100101,1011001100010110,0011100101101010),CopyMem-Tag(0100010011101101,0001110000000111,0101101010010010),Mod-Tag(1101011001010001,1011110010110011,1001011101011011),TestNumGreater-Tag(1000111110101001,1110100110101011,1011011110101101),Countdown-Tag(1010011100000000,1110011101011111,0110001110010001),TestNumGreaterTEqu-Tag(1000111010111010,1100100111001010,1100011000000011),While-Tag(1110110000011110,1001001101110000,0010010100101010)]"
PROBLEM_grade__ARGS_TAG_BF__MUT_025,6304,grade,Tag-BitFlips,0.025,0,False,NONE,NONE,NONE,"NONE"
PROBLEM_grade__ARGS_TAG_BF__MUT_025,6305,grade,Tag-BitFlips,0.025,0,False,NONE,NONE,NONE,"NONE"
PROBLEM_grade__ARGS_TAG_BF__MUT_025,6306,grade,Tag-BitFlips,0.025,0,False,NONE,NONE,NONE,"NONE"
PROBLEM_grade__ARGS_TAG_BF__MUT_025,6307,grade,Tag-BitFlips,0.025,0,True,21,443,185,"[SubmitF(0001010000001101,1111001010100011,0110111110110011),Countdown-Tag(1001111110100010,0011000101000011,1010011010110111),TestNumLessTEqu-Tag(1000100110000000,0000111001001111,1010000000110010),Floor-Tag(0011110111000001,0010000010100111,1001110000000000),TestNumLess-Tag(1000111001111110,0110110000001011,1010111001000011),LoadThreshC-Tag(1001101110010111,1110111000111111,1111011011110100),Inc-Tag(1001001010000111,0000100101001111,0100110100001001),Set-11-Tag(1101001001101101,1001100000000100,1101111111000001),LoadThreshB-Tag(1111011111110001,0111110011100101,1010000101010001),If-Tag(0111000110110011,1001000011111111,1110101110001110),SubmitD(1110111001010010,1111100001000000,0001100100001010),Countdown-Tag(1010101001111100,1000111110011011,0110011000011000),Set-7-Tag(1110101011010101,1000101100011111,1110100101001100),SubmitA(0101101100110010,1010010000000110,0010000101001011),SubmitB(0010100011010111,0101111000001011,0111100010011010),LoadThreshD-Tag(0111001010101110,0101000001110011,1101000111100011),Close(0111001101010100,1011000101001110,0001100001010101),CopyMem-Tag(0111010010111000,0010101110110011,1011011101001100),Sub-Tag(0110100001100100,0101110111110111,0110011011000000),While-Tag(0010101010010010,1110011101111100,1001100011100100),SubmitC(0110100110000110,1000011101110101,0011010010111110)]"
PROBLEM_grade__ARGS_TAG_BF__MUT_025,6308,grade,Tag-BitFlips,0.025,0,False,NONE,NONE,NONE,"NONE"
PROBLEM_grade__ARGS_TAG_BF__MUT_025,6309,grade,Tag-BitFlips,0.025,0,True,57,496,466,"[SubmitB(0100101111011000,0000010001111101,1111000100111011),Set-8-Tag(0111111100100101,0010010110000100,1000010101011100),Mod-Tag(1101010011111000,0001010100111010,1010100100111101),Close(1100010111001011,0010110100110101,0111000000000001),TestNumGreater-Tag(1111110101011111,0101101100101111,1011010011110011),SubmitF(1100111011100011,1100011110010000,0111100011100010),Set-13-Tag(0111101111101001,0111001000010111,0111111011101101),Set-7-Tag(1110110000010010,1101100110011011,1001001001111000),Mod-Tag(0100001101111011,1111010001000100,0100011111010110),Dec-Tag(1101101011100011,0111110000111110,1000110000110101),Set-0-Tag(1111010110100010,1000011011111010,0110011111010011),CopyMem-Tag(0011010101101000,1000111100101110,1111110001100000),Set-5-Tag(0111100100000110,0101101110000000,1010001101000010),Set-1-Tag(1111100101011011,1110101001100101,1011100110011010),Countdown-Tag(1000011111111111,0100100011010011,0001110000111001),TestNumNEqu-Tag(0001100101010011,0010111100101110,1111010111110011),SubmitC(1101000010010000,0000000010110100,1111011101111001),SubmitD(0110100101011001,0111010101100101,1000011100010100),LoadGrade-Tag(1001010111111111,0100010011011011,0010010001110111),LoadThreshC-Tag(1000100011000100,0011001010110111,1011110100011101),Set-14-Tag(1001011111101001,0100010001011100,1100000101100100),SubmitC(1100110010111011,1010001110111100,1111000100010111),Set-10-Tag(1010100001000111,1110100111110000,1011101101001110),Set-2-Tag(1000001101100110,0110010111001001,0011010011000000),Set-6-Tag(1010100011001001,1111011100010111,1110000111110011),Set-0-Tag(1000110110101100,0001101000000101,1101000011110011),TestNumLessTEqu-Tag(0001011010010100,1100111011110110,0100111001111000),SubmitB(0000010001111011,1011101110010001,0101010010101001),SubmitF(1011001100111101,1101101110010000,0111100010001110),Set-13-Tag(1011111011110100,1001101011101101,1101100111000000),LoadThreshC-Tag(0100101110010000,1100101111010010,0010010110110011),LoadThreshD-Tag(0100010100001101,1010110011000010,1100010000010001),Countdown-Tag(1100100001100101,1011010010110110,0011101110010101),SubmitC(0100110111110001,1111110011011011,0011110011100001),SubmitC(0100011111100011,1101000110101001,0011000111111111),LoadThreshB-Tag(0101110111110101,1001001100110010,0000101111101111),TestNumLessTEqu-Tag(0000110011010111,0011110111100001,1011101100110000),IfNot-Tag(0011001011000111,0011000001000111,0011111010000011),Dec-Tag(1011001011000000,1001110011000010,0100100010110111),LoadThreshA-Tag(0010000000001110,0001111011010010,0001111101101000),Mult-Tag(1010000100010001,0100111111111001,1111100100010110),LoadThreshC-Tag(1011111011000010,1010101011111101,0011000101000010),SubmitC(1000111101101110,0010111000110000,1000010010011110),Floor-Tag(0111000001110010,1111010010100000,0001010001000000),SubmitA(0111100000000111,1101110001100101,1000011001100010),LoadThreshB-Tag(0010110110011010,0001101111000010,1010110001010101),Inc-Tag(0101110011110011,1001100110010010,1000100011101111),Set-10-Tag(0011000111110011,1101001000100010,1000011010001010),Countdown-Tag(1010101000111001,1011101011001001,1110111111000000),TestNumGreaterTEqu-Tag(1111000010000010,1001101100010011,1011000011111010),Set-16-Tag(1010100001000100,1010000100000100,0100111001110011),Div-Tag(0010011001000000,0010110011001110,0101111001000101),Set-16-Tag(0000101011000000,0011100011100001,1001001010000111),TestNumLessTEqu-Tag(1001000110000111,0011010101001000,1001011110111001),Set-10-Tag(1110111001101100,0111011101011101,0111001110011110),TestNumGreaterTEqu-Tag(0000101100010001,0100001001010110,1011001011110001),Set-0-Tag(0110010010001100,0011111111110111,1111111000111101)]"
PROBLEM_grade__ARGS_TAG_BF__MUT_025,6310,grade,Tag-BitFlips,0.025,0,False,NONE,NONE,NONE,"NONE"
PROBLEM_grade__ARGS_TAG_BF__MUT_025,6311,grade,Tag-BitFlips,0.025,0,False,NONE,NONE,NONE,"NONE"
PROBLEM_grade__ARGS_TAG_BF__MUT_025,6312,grade,Tag-BitFlips,0.025,0,False,NONE,NONE,NONE,"NONE"
PROBLEM_grade__ARGS_TAG_BF__MUT_025,6313,grade,Tag-BitFlips,0.025,0,False,NONE,NONE,NONE,"NONE"
PROBLEM_grade__ARGS_TAG_BF__MUT_025,6314,grade,Tag-BitFlips,0.025,0,False,NONE,NONE,NONE,"NONE"
PROBLEM_grade__ARGS_TAG_BF__MUT_025,6315,grade,Tag-BitFlips,0.025,0,True,33,475,423,"[Sub-Tag(1011111011000111,0111010010000110,0101101010110011),TestNumGreaterTEqu-Tag(1000011000111111,0111011000010101,1110011001001010),SubmitA(1101000110100110,1011111100011111,1110111110100100),SubmitF(0101110110111010,1001100011101101,0010111001011011),TestNumGreater-Tag(1101110110011010,0111111000000111,1000101001110010),IfNot-Tag(1111101001011101,0001111110110011,0010111111101110),SubmitB(1000010001010110,0000111011111011,0011100001011100),SubmitA(0100101010110110,1001000100100111,1100000011011000),TestNumLess-Tag(1010111000001100,0111111111111001,1101111111010100),Countdown-Tag(1100101011110111,1100000100111000,1100011110011101),SubmitB(0101011101100011,1011010000000111,0100010000101001),SubmitA(1001000001101010,0111111100111000,0001001010110101),LoadGrade-Tag(1000001000100001,0011111111100010,0110000001011011),Floor-Tag(1010101001001110,1010000001000010,0000011101101001),SubmitB(1011011010001111,1010000001101110,0111100100010000),SubmitF(0110111110100000,0110010101010101,1111000110101101),CopyMem-Tag(1100101111001001,0101010110100011,1001111010010101),SubmitC(1111100101010111,1000011110100110,0001000110110100),SubmitC(0010001001111000,0010000000000010,0100001010000101),Set-2-Tag(0001110000011000,0011011010010110,1010111000000111),Set-7-Tag(1101110110101011,1110110100110100,0110110000011010),Mult-Tag(1101001111111100,1001010000110000,1010011111010000),Set-12-Tag(0111111111111000,0000001110000101,0101101010110011),SubmitD(1100001010110110,0011011101110111,0100011001000101),LoadThreshC-Tag(0100010011110101,0011111011000001,1011111100001101),TestNumLessTEqu-Tag(0010001101111011,0001010001101101,1110011100101111),Div-Tag(0011110100101111,0001100111111110,1111000110101101),Set-1-Tag(1010111101010101,1100011011110101,1010010000011001),Set-13-Tag(0001001010001100,1111101101100110,1110001000000010),Countdown-Tag(1110101011000001,0011011011010011,1101100110010000),SubmitB(1010011000011100,0100010010011010,1001010111001101),Div-Tag(1000111011101010,0011010101110110,0100001101001000),If-Tag(1100110111100011,1000101010110010,1010010001111000)]"
PROBLEM_grade__ARGS_TAG_BF__MUT_025,6316,grade,Tag-BitFlips,0.025,0,False,NONE,NONE,NONE,"NONE"
PROBLEM_grade__ARGS_TAG_BF__MUT_025,6317,grade,Tag-BitFlips,0.025,0,False,NONE,NONE,NONE,"NONE"
PROBLEM_grade__ARGS_TAG_BF__MUT_025,6318,grade,Tag-BitFlips,0.025,0,False,NONE,NONE,NONE,"NONE"
PROBLEM_grade__ARGS_TAG_BF__MUT_025,6319,grade,Tag-BitFlips,0.025,0,False,NONE,NONE,NONE,"NONE"
PROBLEM_grade__ARGS_TAG_BF__MUT_025,6320,grade,Tag-BitFlips,0.025,0,False,NONE,NONE,NONE,"NONE"
PROBLEM_grade__ARGS_TAG_BF__MUT_025,6321,grade,Tag-BitFlips,0.025,0,False,NONE,NONE,NONE,"NONE"
PROBLEM_grade__ARGS_TAG_BF__MUT_025,6322,grade,Tag-BitFlips,0.025,0,False,NONE,NONE,NONE,"NONE"
PROBLEM_grade__ARGS_TAG_BF__MUT_025,6323,grade,Tag-BitFlips,0.025,0,False,NONE,NONE,NONE,"NONE"
PROBLEM_grade__ARGS_TAG_BF__MUT_025,6324,grade,Tag-BitFlips,0.025,0,False,NONE,NONE,NONE,"NONE"
PROBLEM_grade__ARGS_TAG_BF__MUT_025,6325,grade,Tag-BitFlips,0.025,0,False,NONE,NONE,NONE,"NONE"
PROBLEM_grade__ARGS_TAG_BF__MUT_025,6326,grade,Tag-BitFlips,0.025,0,False,NONE,NONE,NONE,"NONE"
PROBLEM_grade__ARGS_TAG_BF__MUT_025,6327,grade,Tag-BitFlips,0.025,0,True,88,425,371,"[TestNumLessTEqu-Tag(0000110010101001,0000110100101010,0101110110101111),CopyMem-Tag(1110101100100110,1000000100001010,0111111000001100),Div-Tag(0001010101010101,1000100100001101,0000100001100100),SubmitF(1101101001001000,1001111001110010,0000010000100110),Add-Tag(0010011000000111,0111001011011010,1100111010010100),Inc-Tag(1000111100100101,0100100110011010,0111100001011000),Countdown-Tag(1001111111111000,0001100001001110,0110000000000101),SubmitB(1111001100111101,1000110101000111,1110010011011111),Set-6-Tag(1100111111101101,0000100111110011,0010100100111111),TestNumLessTEqu-Tag(0101111010001110,1111010000110101,1011101110000111),Set-0-Tag(1010000110010110,1110001011101011,0000101011111001),Set-15-Tag(1010011000010011,0111101100111110,1010001010011000),Set-8-Tag(0110010011101001,1100111000100110,0001110100001000),IfNot-Tag(0101111111111010,0101001001111000,0001100100001100),LoadThreshD-Tag(0011101000000111,0111001100011000,0111101001110100),Set-16-Tag(1011010100110010,1110000010011010,0000001010010101),TestNumGreaterTEqu-Tag(0110010010100010,0001101110110101,1011000111100010),Close(1000010111011101,1011101010001011,1111100110001101),Set-6-Tag(0111010010010110,1110010000100101,0010011000010001),Dec-Tag(1111010110001010,0001111101101110,0011100101100101),CopyMem-Tag(0001010101001110,1000100101110111,0110001000111110),SubmitA(1011110110000111,0010001011010100,1110111111011001),Set-7-Tag(0100000001010111,1001100110110011,0011010001011001),SubmitC(0101000010001001,0110011101100010,1101110001000101),LoadThreshC-Tag(1011000101001110,0001110010011100,0000110011100101),Set-10-Tag(0111101111101100,0001010011101110,0111001000011101),Set-8-Tag(1101011001111100,1000011101000001,0110010110010111),SubmitD(0111101101100010,0101011101000001,1001011101101011),Mult-Tag(0100000010110100,1100011110110000,0111000001101011),LoadThreshA-Tag(0101111010011110,0110011001110000,0101001011011101),Set-6-Tag(0100110011101101,0101000000011000,0101000000011111),Floor-Tag(1101110010001011,1010100001010001,1011111001111100),Mod-Tag(0101101100010000,0000101101111001,1001010001000101),Set-4-Tag(0000001011001100,1100111110000110,0010010100111010),TestNumGreater-Tag(1011110011101111,1010001111010100,1010001100100100),LoadThreshC-Tag(1001000101110111,0010100111100110,1110100011101100),SubmitB(1101001001000100,1111110010001111,1001000111000100),LoadThreshD-Tag(0000100000001001,1100000111100110,0011101010011100),Inc-Tag(0011111011000100,0001011011111100,0001101100000111),Div-Tag(1000010001111011,0010011001001100,0110000011100001),Set-16-Tag(0111000011011010,0001100101010101,0110101011000111),IfNot-Tag(1011010110000111,0001110011001100,0111101000001000),LoadThreshA-Tag(0101100100000110,0110110101010101,1011001011010110),Set-13-Tag(1011111001001111,0110110100111011,0001010011100010),TestNumNEqu-Tag(1001010100011000,1111000000110110,0001101001010011),If-Tag(1101011110000100,0001000110101110,0010110000101100),Set-2-Tag(0000011001111110,1011011110000010,0001010010000101),Set-14-Tag(1011010111110001,1011100110010010,0001010100011010),TestNumGreaterTEqu-Tag(0011110101001010,1100110001110101,0001000100111001),Set-8-Tag(0010000011100100,1100110001010010,0100000110011010),SubmitF(0101101111010011,0001111010010011,0111100000001000),TestNumNEqu-Tag(0100010011111110,0101110110101100,1101111111011110),Countdown-Tag(0010101100000011,1011101101010101,1001110000011110),TestNumLessTEqu-Tag(1111011010101100,0010110010101111,1011111011010000),LoadThreshC-Tag(1100100111000001,1111010111101011,0001010100000000),Set-0-Tag(0100001001011100,0010001110101110,0100100100001001),IfNot-Tag(0010000110000001,0001011111100000,1100010000101110),Set-6-Tag(1001011101010101,1101100000110001,1111101000001100),Set-16-Tag(0101001001001110,0110101001110111,0101110100011100),Close(1111111101001110,0100101101110111,0101110001101110),LoadThreshD-Tag(0101000001110010,0010101001001100,0110010100011101),Floor-Tag(1101101111001111,1001111100000101,0101100100101100),Set-14-Tag(0010110010111100,1100111011010001,0101111100010100),SubmitF(1100101111101110,1101111111000110,0001010111010100),TestNumLess-Tag(1001000010100101,0100100010111011,1010010111110101),Set-16-Tag(0001010000010001,1011000111100010,0100100111010000),TestNumGreater-Tag(0001000010010101,0100111001110111,0000011100000001),Set-6-Tag(1000111001001111,1101100101000111,1101101100000010),SubmitA(0010011011011101,0011111110001011,1000110011011001),Div-Tag(0001111100101011,1110011110001011,0001111101001011),Set-16-Tag(1000100110010001,1011001110000100,0011001111111100),SwapMem-Tag(0110111110010111,1011010001011011,0101000010010111),IfNot-Tag(0011001011010110,1001011000110011,0000001101011011),Inc-Tag(0110101011010100,0011110110000110,1101101001111010),CopyMem-Tag(1111011010100100,0010100111001010,0011100011000000),Set-2-Tag(0000100110111011,0000010010100101,1100000110010101),CopyMem-Tag(1011000010001011,1011010000001001,0101001001100011),Set-5-Tag(0111001101011001,1101110111100101,1010000111110111),LoadGrade-Tag(0110010111100010,0001100110110011,1111010000000000),SubmitC(1111110000110011,1010100110100001,0011000110100111),Set-9-Tag(0100101100011010,0001011000001110,1100111011111110),Set-8-Tag(1001001110101000,1011001101010100,1100010111110111),LoadThreshA-Tag(0010011011100110,0111010000001101,0101011000100010),Set-7-Tag(0000111101100000,0100000101111100,0111010011000000),SubmitA(1011011110111101,0011100010111000,1010010001010100),TestNumLessTEqu-Tag(1110100000011000,1101100100010011,0011111000000111),Set-11-Tag(0010001101101110,1111000111011101,1000100000101101),Set-13-Tag(1111110000110110,1100101111100011,1011000110110101)]"
PROBLEM_grade__ARGS_TAG_BF__MUT_025,6328,grade,Tag-BitFlips,0.025,0,False,NONE,NONE,NONE,"NONE"
PROBLEM_grade__ARGS_TAG_BF__MUT_025,6329,grade,Tag-BitFlips,0.025,0,False,NONE,NONE,NONE,"NONE"
PROBLEM_grade__ARGS_TAG_BF__MUT_025,6330,grade,Tag-BitFlips,0.025,0,False,NONE,NONE,NONE,"NONE"
PROBLEM_grade__ARGS_TAG_BF__MUT_025,6331,grade,Tag-BitFlips,0.025,0,False,NONE,NONE,NONE,"NONE"
PROBLEM_grade__ARGS_TAG_BF__MUT_025,6332,grade,Tag-BitFlips,0.025,0,False,NONE,NONE,NONE,"NONE"
PROBLEM_grade__ARGS_TAG_BF__MUT_025,6333,grade,Tag-BitFlips,0.025,0,False,NONE,NONE,NONE,"NONE"
PROBLEM_grade__ARGS_TAG_BF__MUT_025,6334,grade,Tag-BitFlips,0.025,0,False,NONE,NONE,NONE,"NONE"
PROBLEM_grade__ARGS_TAG_BF__MUT_025,6335,grade,Tag-BitFlips,0.025,0,False,NONE,NONE,NONE,"NONE"
PROBLEM_grade__ARGS_TAG_BF__MUT_025,6336,grade,Tag-BitFlips,0.025,0,True,47,486,439,"[SubmitB(0010110011001001,1111010011000010,0010001101011011),TestNumLess-Tag(0001101000001110,0101010001001001,1100000011111001),TestNumLessTEqu-Tag(0010111101111100,0100101100000100,1110011100111101),While-Tag(1011101111111001,0001100011101000,0100001000001000),SubmitA(1010100101011110,0000000100010010,1000011100100101),Close(1110011000011111,1111001001100101,0001110001010001),Set-1-Tag(1000111010101101,1111101011000110,0111101011010101),Close(1100010000010000,1010110101011100,0000010000111100),If-Tag(0000101011111110,1010010000100101,1001001101001101),TestNumGreaterTEqu-Tag(0010110111000110,0111000011100000,1101100110101110),SubmitC(1100011000101001,1111001011011110,0010110000100010),LoadThreshA-Tag(0011011011000001,1011101011110101,1111101111110111),Add-Tag(1110011110000111,0001010001111100,1010011111000000),SubmitD(0011001110111000,1011000101011000,1010111100010101),IfNot-Tag(1001000101010100,0101001111100000,0001010101100011),Close(0111111000001000,1100100001110100,1011000001001101),SwapMem-Tag(0000001111101111,0010001001010101,0010100001100111),LoadGrade-Tag(1111111001110010,0101100000000001,0010100111011111),Div-Tag(1111001011111111,1100110100110001,0000001010000100),Sub-Tag(0101011011111110,0000101100010101,0110001011010000),LoadThreshC-Tag(1101110100010111,0001111010010100,1010001100110101),Sub-Tag(0100010001110010,1111010100001101,0101001011011111),TestNumEqu-Tag(0101010000000011,0010110110010000,0110011011010001),TestNumLessTEqu-Tag(1011000111001000,0111110111110010,1100111011100011),SubmitF(0001110011100010,0011111101100111,0100011110011000),TestNumEqu-Tag(1011100101001111,0100010111000011,0111111010101110),Set-11-Tag(1001000101111111,1010110010001000,1001101010100000),LoadThreshA-Tag(1001001101001101,0000000100001111,0110010110100001),TestNumGreaterTEqu-Tag(0111101111111001,1101011010000001,0111000000001010),Set-15-Tag(0011110101001001,1011111001101010,1011110111010000),Set-11-Tag(1011101010100001,1000011000000010,1010001111011011),SubmitC(1011001111110101,1001011001010010,0111001110111000),Set-7-Tag(0100000001100110,0011101100010110,0001101111001101),Countdown-Tag(1100001100101011,1010100111010111,1001100000010011),Mult-Tag(1101001000001101,1001010110010111,0110110000100001),Set-16-Tag(1000000100010100,0101111001010010,1001011101110011),SubmitC(0010000010000000,1110010010010110,1110111000110100),SubmitF(0110111101101010,0111111001100110,0100110000111001),Set-10-Tag(1111110111111100,0011011001100011,0010110000100001),LoadThreshC-Tag(1100101110101000,0100010110111111,1111001100101100),Set-1-Tag(1100101011111101,1001111010101110,1100101001111011),LoadThreshD-Tag(0111001111101100,1101101010001111,0010010001100110),LoadThreshA-Tag(0011001110101110,1101001101000010,1011111101011101),Add-Tag(0110011000101110,0001101101111001,0001011000110010),CopyMem-Tag(0010101110000111,1101011010111111,0101101100010001),Set-3-Tag(0001100010100101,1110001010111010,0001010110010100),LoadGrade-Tag(1110000010011100,1001010101001010,0010100001011100)]"
PROBLEM_grade__ARGS_TAG_BF__MUT_025,6337,grade,Tag-BitFlips,0.025,0,False,NONE,NONE,NONE,"NONE"
PROBLEM_grade__ARGS_TAG_BF__MUT_025,6338,grade,Tag-BitFlips,0.025,0,False,NONE,NONE,NONE,"NONE"
PROBLEM_grade__ARGS_TAG_BF__MUT_025,6339,grade,Tag-BitFlips,0.025,0,False,NONE,NONE,NONE,"NONE"
PROBLEM_grade__ARGS_TAG_BF__MUT_025,6340,grade,Tag-BitFlips,0.025,0,True,30,498,408,"[TestNumLess-Tag(0100111110011110,0101000101000100,0100011010100000),SubmitB(1101100010010000,1111100111010111,1011010110101010),LoadThreshA-Tag(0010000101010100,0011011101100101,0100001100100010),Set-4-Tag(0011011001000100,1101111100010011,1010011101010100),Mod-Tag(1000110010000011,1111111111011000,0011100111000011),LoadGrade-Tag(0101011111010100,1111110100000111,0011111110111001),SubmitB(1100010001111110,1000101111010100,0101011111111100),Set-15-Tag(1010101110010101,1000011111011001,0001111100101010),TestNumLess-Tag(1001110100000001,0101111111000010,1010110110100111),While-Tag(1101011010011100,1100001101100101,0000101111101111),Inc-Tag(1000000101110100,1000110100011000,0010011111100101),Countdown-Tag(1101011101011010,0001001010111111,0010111100110101),SubmitD(1000111000010100,1100011110100101,1101000110100010),TestNumGreater-Tag(0001011111011101,1010100111010000,0101111100111111),TestNumNEqu-Tag(0100111100110100,0111000010001000,0101000001101110),Set-3-Tag(1010100110000111,0110101010001001,1101001001110111),Set-15-Tag(0101110101110001,1110001101101010,1111100000101111),TestNumGreaterTEqu-Tag(1000001011010010,1010110010001011,1111000010111001),SubmitC(1101010000110011,1010001000010111,1111000110101110),TestNumGreaterTEqu-Tag(1001111000100111,0010001110011010,0010110000001011),While-Tag(0000011100101001,0110100110111000,1001111101100110),Close(1101100000101010,0001001011001011,1111101110110000),Close(0010111111000111,1000001100101011,0100101010111111),SubmitF(0100101000101101,1011010011010000,0111111011000000),Close(0101010010111110,1101001110110101,0010000001110011),TestNumLessTEqu-Tag(0110100110110111,1101010001011001,1000100011101000),Set-11-Tag(1001001000000100,0010000110011111,0000010101110010),While-Tag(1000100110110010,1000101010010100,1000001110101000),SubmitA(0000011010010111,0101111101110011,0010110010101101),Set-0-Tag(0001101110000011,0100110011101001,0111101010000100)]"
PROBLEM_grade__ARGS_TAG_BF__MUT_025,6341,grade,Tag-BitFlips,0.025,0,False,NONE,NONE,NONE,"NONE"
PROBLEM_grade__ARGS_TAG_BF__MUT_025,6342,grade,Tag-BitFlips,0.025,0,False,NONE,NONE,NONE,"NONE"
PROBLEM_grade__ARGS_TAG_BF__MUT_025,6343,grade,Tag-BitFlips,0.025,0,False,NONE,NONE,NONE,"NONE"
PROBLEM_grade__ARGS_TAG_BF__MUT_025,6344,grade,Tag-BitFlips,0.025,0,False,NONE,NONE,NONE,"NONE"
PROBLEM_grade__ARGS_TAG_BF__MUT_025,6345,grade,Tag-BitFlips,0.025,0,False,NONE,NONE,NONE,"NONE"
PROBLEM_grade__ARGS_TAG_BF__MUT_025,6346,grade,Tag-BitFlips,0.025,0,True,40,445,301,"[Dec-Tag(1011100110011011,0101101111101111,1010111001001011),Set-15-Tag(0111100111000100,1010101101111111,0101010100001001),Set-4-Tag(0010100001001100,0010100011001100,1001010011100100),SubmitF(1110100101000110,0110110100101001,0100011010001000),TestNumLessTEqu-Tag(0111010111011001,0011001011000110,0100110011000010),TestNumGreater-Tag(0011111000000111,0101101110011100,1011000011011001),Set-1-Tag(0101000000111001,1111000001100000,1100001111111100),IfNot-Tag(1001001111000000,1011101100111011,0011100111001110),Set-7-Tag(1111010001001100,0010100000000011,0010011001111000),IfNot-Tag(1010010010110001,0101111111111001,0111100111101011),Set-15-Tag(1001001010111011,0111100111000010,0101100001100000),Set-5-Tag(0011001111010010,0011110000000111,0010010111100101),While-Tag(1000111110011010,0110010101010110,0111101101110111),TestNumLessTEqu-Tag(0010000000011111,0110110111111110,0111111000100100),LoadThreshD-Tag(0011001110001010,1100011110110111,0100001100110001),Floor-Tag(1110100011111100,0110011011101111,0110110000110111),SubmitA(1010011010101000,1011000101001010,1000011010000001),Set-2-Tag(0101010010000100,0101110110101100,0110000100110010),LoadGrade-Tag(0100010011100001,1100000001100000,0010100010010100),Dec-Tag(1100101111111001,1111101011001001,1011111111100100),SubmitB(0100110000011110,1111001000100011,0100101011110001),TestNumLessTEqu-Tag(0100101101000110,1110101110111111,1011001100101101),Set-13-Tag(0001110010010010,1110101110000101,1010001011101000),While-Tag(0010100110010110,1011101111110011,1111100111001010),SubmitC(1001000110110011,0000100010001110,1110011001010000),Inc-Tag(0111111110111001,0111111111101110,0110000011010000),TestNumNEqu-Tag(1110011100111000,0111000110101001,1011010010011100),SwapMem-Tag(0111101111110100,1011100100011101,1011101101010110),LoadThreshC-Tag(1010010110100001,1010110011010011,0001011110110010),Dec-Tag(1110010010000110,0010011100010010,1101000101011101),Floor-Tag(0010101100111010,1111010111101001,1011111100111101),LoadGrade-Tag(0110101110000101,1101011001001101,0111110111010101),TestNumLess-Tag(0000110111100001,0010111101010111,0101110110011000),Div-Tag(0001001111100000,0001011011010101,1010111011010011),Countdown-Tag(0011001100101010,1110000011001011,1110111011000110),Set-0-Tag(0010001101101100,1111110010010000,0011111000000001),Set-11-Tag(1010001101111111,0100111000111110,0111111000001111),LoadThreshB-Tag(1101010011011011,0000101011000110,1101111111111011),SubmitD(1010000010010101,1100111100110001,1110100011010011),SubmitD(0010010100010001,0000001000110011,1001000000100100)]"
PROBLEM_grade__ARGS_TAG_BF__MUT_025,6347,grade,Tag-BitFlips,0.025,0,False,NONE,NONE,NONE,"NONE"
PROBLEM_grade__ARGS_TAG_BF__MUT_025,6348,grade,Tag-BitFlips,0.025,0,False,NONE,NONE,NONE,"NONE"
PROBLEM_grade__ARGS_TAG_BF__MUT_025,6349,grade,Tag-BitFlips,0.025,0,False,NONE,NONE,NONE,"NONE"
PROBLEM_grade__ARGS_TAG_BF__MUT_025,6350,grade,Tag-BitFlips,0.025,0,False,NONE,NONE,NONE,"NONE"
PROBLEM_grade__ARGS_TAG_BF__MUT_05,6251,grade,Tag-BitFlips,0.05,0,False,NONE,NONE,NONE,"NONE"
PROBLEM_grade__ARGS_TAG_BF__MUT_05,6252,grade,Tag-BitFlips,0.05,0,False,NONE,NONE,NONE,"NONE"
PROBLEM_grade__ARGS_TAG_BF__MUT_05,6253,grade,Tag-BitFlips,0.05,0,False,NONE,NONE,NONE,"NONE"
PROBLEM_grade__ARGS_TAG_BF__MUT_05,6254,grade,Tag-BitFlips,0.05,0,False,NONE,NONE,NONE,"NONE"
PROBLEM_grade__ARGS_TAG_BF__MUT_05,6255,grade,Tag-BitFlips,0.05,0,False,NONE,NONE,NONE,"NONE"
PROBLEM_grade__ARGS_TAG_BF__MUT_05,6256,grade,Tag-BitFlips,0.05,0,False,NONE,NONE,NONE,"NONE"
PROBLEM_grade__ARGS_TAG_BF__MUT_05,6257,grade,Tag-BitFlips,0.05,0,False,NONE,NONE,NONE,"NONE"
PROBLEM_grade__ARGS_TAG_BF__MUT_05,6258,grade,Tag-BitFlips,0.05,0,False,NONE,NONE,NONE,"NONE"
PROBLEM_grade__ARGS_TAG_BF__MUT_05,6259,grade,Tag-BitFlips,0.05,0,False,NONE,NONE,NONE,"NONE"
PROBLEM_grade__ARGS_TAG_BF__MUT_05,6260,grade,Tag-BitFlips,0.05,0,False,NONE,NONE,NONE,"NONE"
PROBLEM_grade__ARGS_TAG_BF__MUT_05,6261,grade,Tag-BitFlips,0.05,0,False,NONE,NONE,NONE,"NONE"
PROBLEM_grade__ARGS_TAG_BF__MUT_05,6262,grade,Tag-BitFlips,0.05,0,False,NONE,NONE,NONE,"NONE"
PROBLEM_grade__ARGS_TAG_BF__MUT_05,6263,grade,Tag-BitFlips,0.05,0,False,NONE,NONE,NONE,"NONE"
PROBLEM_grade__ARGS_TAG_BF__MUT_05,6264,grade,Tag-BitFlips,0.05,0,False,NONE,NONE,NONE,"NONE"
PROBLEM_grade__ARGS_TAG_BF__MUT_05,6265,grade,Tag-BitFlips,0.05,0,False,NONE,NONE,NONE,"NONE"
PROBLEM_grade__ARGS_TAG_BF__MUT_05,6266,grade,Tag-BitFlips,0.05,0,False,NONE,NONE,NONE,"NONE"
PROBLEM_grade__ARGS_TAG_BF__MUT_05,6267,grade,Tag-BitFlips,0.05,0,False,NONE,NONE,NONE,"NONE"
PROBLEM_grade__ARGS_TAG_BF__MUT_05,6268,grade,Tag-BitFlips,0.05,0,False,NONE,NONE,NONE,"NONE"
PROBLEM_grade__ARGS_TAG_BF__MUT_05,6269,grade,Tag-BitFlips,0.05,0,False,NONE,NONE,NONE,"NONE"
PROBLEM_grade__ARGS_TAG_BF__MUT_05,6270,grade,Tag-BitFlips,0.05,0,False,NONE,NONE,NONE,"NONE"
PROBLEM_grade__ARGS_TAG_BF__MUT_05,6271,grade,Tag-BitFlips,0.05,0,False,NONE,NONE,NONE,"NONE"
PROBLEM_grade__ARGS_TAG_BF__MUT_05,6272,grade,Tag-BitFlips,0.05,0,False,NONE,NONE,NONE,"NONE"
PROBLEM_grade__ARGS_TAG_BF__MUT_05,6273,grade,Tag-BitFlips,0.05,0,False,NONE,NONE,NONE,"NONE"
PROBLEM_grade__ARGS_TAG_BF__MUT_05,6274,grade,Tag-BitFlips,0.05,0,False,NONE,NONE,NONE,"NONE"
PROBLEM_grade__ARGS_TAG_BF__MUT_05,6275,grade,Tag-BitFlips,0.05,0,False,NONE,NONE,NONE,"NONE"
PROBLEM_grade__ARGS_TAG_BF__MUT_05,6276,grade,Tag-BitFlips,0.05,0,False,NONE,NONE,NONE,"NONE"
PROBLEM_grade__ARGS_TAG_BF__MUT_05,6277,grade,Tag-BitFlips,0.05,0,False,NONE,NONE,NONE,"NONE"
PROBLEM_grade__ARGS_TAG_BF__MUT_05,6278,grade,Tag-BitFlips,0.05,0,False,NONE,NONE,NONE,"NONE"
PROBLEM_grade__ARGS_TAG_BF__MUT_05,6279,grade,Tag-BitFlips,0.05,0,False,NONE,NONE,NONE,"NONE"
PROBLEM_grade__ARGS_TAG_BF__MUT_05,6280,grade,Tag-BitFlips,0.05,0,False,NONE,NONE,NONE,"NONE"
PROBLEM_grade__ARGS_TAG_BF__MUT_05,6281,grade,Tag-BitFlips,0.05,0,False,NONE,NONE,NONE,"NONE"
PROBLEM_grade__ARGS_TAG_BF__MUT_05,6282,grade,Tag-BitFlips,0.05,0,False,NONE,NONE,NONE,"NONE"
PROBLEM_grade__ARGS_TAG_BF__MUT_05,6283,grade,Tag-BitFlips,0.05,0,False,NONE,NONE,NONE,"NONE"
PROBLEM_grade__ARGS_TAG_BF__MUT_05,6284,grade,Tag-BitFlips,0.05,0,False,NONE,NONE,NONE,"NONE"
PROBLEM_grade__ARGS_TAG_BF__MUT_05,6285,grade,Tag-BitFlips,0.05,0,False,NONE,NONE,NONE,"NONE"
PROBLEM_grade__ARGS_TAG_BF__MUT_05,6286,grade,Tag-BitFlips,0.05,0,False,NONE,NONE,NONE,"NONE"
PROBLEM_grade__ARGS_TAG_BF__MUT_05,6287,grade,Tag-BitFlips,0.05,0,False,NONE,NONE,NONE,"NONE"
PROBLEM_grade__ARGS_TAG_BF__MUT_05,6288,grade,Tag-BitFlips,0.05,0,False,NONE,NONE,NONE,"NONE"
PROBLEM_grade__ARGS_TAG_BF__MUT_05,6289,grade,Tag-BitFlips,0.05,0,False,NONE,NONE,NONE,"NONE"
PROBLEM_grade__ARGS_TAG_BF__MUT_05,6290,grade,Tag-BitFlips,0.05,0,False,NONE,NONE,NONE,"NONE"
PROBLEM_grade__ARGS_TAG_BF__MUT_05,6291,grade,Tag-BitFlips,0.05,0,False,NONE,NONE,NONE,"NONE"
PROBLEM_grade__ARGS_TAG_BF__MUT_05,6292,grade,Tag-BitFlips,0.05,0,False,NONE,NONE,NONE,"NONE"
PROBLEM_grade__ARGS_TAG_BF__MUT_05,6293,grade,Tag-BitFlips,0.05,0,False,NONE,NONE,NONE,"NONE"
PROBLEM_grade__ARGS_TAG_BF__MUT_05,6294,grade,Tag-BitFlips,0.05,0,False,NONE,NONE,NONE,"NONE"
PROBLEM_grade__ARGS_TAG_BF__MUT_05,6295,grade,Tag-BitFlips,0.05,0,False,NONE,NONE,NONE,"NONE"
PROBLEM_grade__ARGS_TAG_BF__MUT_05,6296,grade,Tag-BitFlips,0.05,0,False,NONE,NONE,NONE,"NONE"
PROBLEM_grade__ARGS_TAG_BF__MUT_05,6297,grade,Tag-BitFlips,0.05,0,False,NONE,NONE,NONE,"NONE"
PROBLEM_grade__ARGS_TAG_BF__MUT_05,6298,grade,Tag-BitFlips,0.05,0,False,NONE,NONE,NONE,"NONE"
PROBLEM_grade__ARGS_TAG_BF__MUT_05,6299,grade,Tag-BitFlips,0.05,0,False,NONE,NONE,NONE,"NONE"
PROBLEM_grade__ARGS_TAG_BF__MUT_05,6300,grade,Tag-BitFlips,0.05,0,False,NONE,NONE,NONE,"NONE"
PROBLEM_grade__ARGS_TAG_BF__MUT_075,6201,grade,Tag-BitFlips,0.075,0,False,NONE,NONE,NONE,"NONE"
PROBLEM_grade__ARGS_TAG_BF__MUT_075,6202,grade,Tag-BitFlips,0.075,0,False,NONE,NONE,NONE,"NONE"
PROBLEM_grade__ARGS_TAG_BF__MUT_075,6203,grade,Tag-BitFlips,0.075,0,False,NONE,NONE,NONE,"NONE"
PROBLEM_grade__ARGS_TAG_BF__MUT_075,6204,grade,Tag-BitFlips,0.075,0,False,NONE,NONE,NONE,"NONE"
PROBLEM_grade__ARGS_TAG_BF__MUT_075,6205,grade,Tag-BitFlips,0.075,0,False,NONE,NONE,NONE,"NONE"
PROBLEM_grade__ARGS_TAG_BF__MUT_075,6206,grade,Tag-BitFlips,0.075,0,False,NONE,NONE,NONE,"NONE"
PROBLEM_grade__ARGS_TAG_BF__MUT_075,6207,grade,Tag-BitFlips,0.075,0,False,NONE,NONE,NONE,"NONE"
PROBLEM_grade__ARGS_TAG_BF__MUT_075,6208,grade,Tag-BitFlips,0.075,0,False,NONE,NONE,NONE,"NONE"
PROBLEM_grade__ARGS_TAG_BF__MUT_075,6209,grade,Tag-BitFlips,0.075,0,False,NONE,NONE,NONE,"NONE"
PROBLEM_grade__ARGS_TAG_BF__MUT_075,6210,grade,Tag-BitFlips,0.075,0,False,NONE,NONE,NONE,"NONE"
PROBLEM_grade__ARGS_TAG_BF__MUT_075,6211,grade,Tag-BitFlips,0.075,0,False,NONE,NONE,NONE,"NONE"
PROBLEM_grade__ARGS_TAG_BF__MUT_075,6212,grade,Tag-BitFlips,0.075,0,False,NONE,NONE,NONE,"NONE"
PROBLEM_grade__ARGS_TAG_BF__MUT_075,6213,grade,Tag-BitFlips,0.075,0,False,NONE,NONE,NONE,"NONE"
PROBLEM_grade__ARGS_TAG_BF__MUT_075,6214,grade,Tag-BitFlips,0.075,0,False,NONE,NONE,NONE,"NONE"
PROBLEM_grade__ARGS_TAG_BF__MUT_075,6215,grade,Tag-BitFlips,0.075,0,False,NONE,NONE,NONE,"NONE"
PROBLEM_grade__ARGS_TAG_BF__MUT_075,6216,grade,Tag-BitFlips,0.075,0,False,NONE,NONE,NONE,"NONE"
PROBLEM_grade__ARGS_TAG_BF__MUT_075,6217,grade,Tag-BitFlips,0.075,0,False,NONE,NONE,NONE,"NONE"
PROBLEM_grade__ARGS_TAG_BF__MUT_075,6218,grade,Tag-BitFlips,0.075,0,False,NONE,NONE,NONE,"NONE"
PROBLEM_grade__ARGS_TAG_BF__MUT_075,6219,grade,Tag-BitFlips,0.075,0,False,NONE,NONE,NONE,"NONE"
PROBLEM_grade__ARGS_TAG_BF__MUT_075,6220,grade,Tag-BitFlips,0.075,0,False,NONE,NONE,NONE,"NONE"
PROBLEM_grade__ARGS_TAG_BF__MUT_075,6221,grade,Tag-BitFlips,0.075,0,False,NONE,NONE,NONE,"NONE"
PROBLEM_grade__ARGS_TAG_BF__MUT_075,6222,grade,Tag-BitFlips,0.075,0,False,NONE,NONE,NONE,"NONE"
PROBLEM_grade__ARGS_TAG_BF__MUT_075,6223,grade,Tag-BitFlips,0.075,0,False,NONE,NONE,NONE,"NONE"
PROBLEM_grade__ARGS_TAG_BF__MUT_075,6224,grade,Tag-BitFlips,0.075,0,False,NONE,NONE,NONE,"NONE"
PROBLEM_grade__ARGS_TAG_BF__MUT_075,6225,grade,Tag-BitFlips,0.075,0,False,NONE,NONE,NONE,"NONE"
PROBLEM_grade__ARGS_TAG_BF__MUT_075,6226,grade,Tag-BitFlips,0.075,0,False,NONE,NONE,NONE,"NONE"
PROBLEM_grade__ARGS_TAG_BF__MUT_075,6227,grade,Tag-BitFlips,0.075,0,False,NONE,NONE,NONE,"NONE"
PROBLEM_grade__ARGS_TAG_BF__MUT_075,6228,grade,Tag-BitFlips,0.075,0,False,NONE,NONE,NONE,"NONE"
PROBLEM_grade__ARGS_TAG_BF__MUT_075,6229,grade,Tag-BitFlips,0.075,0,False,NONE,NONE,NONE,"NONE"
PROBLEM_grade__ARGS_TAG_BF__MUT_075,6230,grade,Tag-BitFlips,0.075,0,False,NONE,NONE,NONE,"NONE"
PROBLEM_grade__ARGS_TAG_BF__MUT_075,6231,grade,Tag-BitFlips,0.075,0,False,NONE,NONE,NONE,"NONE"
PROBLEM_grade__ARGS_TAG_BF__MUT_075,6232,grade,Tag-BitFlips,0.075,0,False,NONE,NONE,NONE,"NONE"
PROBLEM_grade__ARGS_TAG_BF__MUT_075,6233,grade,Tag-BitFlips,0.075,0,False,NONE,NONE,NONE,"NONE"
PROBLEM_grade__ARGS_TAG_BF__MUT_075,6234,grade,Tag-BitFlips,0.075,0,False,NONE,NONE,NONE,"NONE"
PROBLEM_grade__ARGS_TAG_BF__MUT_075,6235,grade,Tag-BitFlips,0.075,0,False,NONE,NONE,NONE,"NONE"
PROBLEM_grade__ARGS_TAG_BF__MUT_075,6236,grade,Tag-BitFlips,0.075,0,False,NONE,NONE,NONE,"NONE"
PROBLEM_grade__ARGS_TAG_BF__MUT_075,6237,grade,Tag-BitFlips,0.075,0,False,NONE,NONE,NONE,"NONE"
PROBLEM_grade__ARGS_TAG_BF__MUT_075,6238,grade,Tag-BitFlips,0.075,0,False,NONE,NONE,NONE,"NONE"
PROBLEM_grade__ARGS_TAG_BF__MUT_075,6239,grade,Tag-BitFlips,0.075,0,False,NONE,NONE,NONE,"NONE"
PROBLEM_grade__ARGS_TAG_BF__MUT_075,6240,grade,Tag-BitFlips,0.075,0,False,NONE,NONE,NONE,"NONE"
PROBLEM_grade__ARGS_TAG_BF__MUT_075,6241,grade,Tag-BitFlips,0.075,0,False,NONE,NONE,NONE,"NONE"
PROBLEM_grade__ARGS_TAG_BF__MUT_075,6242,grade,Tag-BitFlips,0.075,0,False,NONE,NONE,NONE,"NONE"
PROBLEM_grade__ARGS_TAG_BF__MUT_075,6243,grade,Tag-BitFlips,0.075,0,False,NONE,NONE,NONE,"NONE"
PROBLEM_grade__ARGS_TAG_BF__MUT_075,6244,grade,Tag-BitFlips,0.075,0,False,NONE,NONE,NONE,"NONE"
PROBLEM_grade__ARGS_TAG_BF__MUT_075,6245,grade,Tag-BitFlips,0.075,0,False,NONE,NONE,NONE,"NONE"
PROBLEM_grade__ARGS_TAG_BF__MUT_075,6246,grade,Tag-BitFlips,0.075,0,False,NONE,NONE,NONE,"NONE"
PROBLEM_grade__ARGS_TAG_BF__MUT_075,6247,grade,Tag-BitFlips,0.075,0,False,NONE,NONE,NONE,"NONE"
PROBLEM_grade__ARGS_TAG_BF__MUT_075,6248,grade,Tag-BitFlips,0.075,0,False,NONE,NONE,NONE,"NONE"
PROBLEM_grade__ARGS_TAG_BF__MUT_075,6249,grade,Tag-BitFlips,0.075,0,False,NONE,NONE,NONE,"NONE"
PROBLEM_grade__ARGS_TAG_BF__MUT_075,6250,grade,Tag-BitFlips,0.075,0,False,NONE,NONE,NONE,"NONE"
PROBLEM_grade__ARGS_TAG_BF__MUT_1,6001,grade,Tag-BitFlips,0.1,0,False,NONE,NONE,NONE,"NONE"
PROBLEM_grade__ARGS_TAG_BF__MUT_1,6002,grade,Tag-BitFlips,0.1,0,False,NONE,NONE,NONE,"NONE"
PROBLEM_grade__ARGS_TAG_BF__MUT_1,6003,grade,Tag-BitFlips,0.1,0,False,NONE,NONE,NONE,"NONE"
PROBLEM_grade__ARGS_TAG_BF__MUT_1,6004,grade,Tag-BitFlips,0.1,0,False,NONE,NONE,NONE,"NONE"
PROBLEM_grade__ARGS_TAG_BF__MUT_1,6005,grade,Tag-BitFlips,0.1,0,False,NONE,NONE,NONE,"NONE"
PROBLEM_grade__ARGS_TAG_BF__MUT_1,6006,grade,Tag-BitFlips,0.1,0,False,NONE,NONE,NONE,"NONE"
PROBLEM_grade__ARGS_TAG_BF__MUT_1,6007,grade,Tag-BitFlips,0.1,0,False,NONE,NONE,NONE,"NONE"
PROBLEM_grade__ARGS_TAG_BF__MUT_1,6008,grade,Tag-BitFlips,0.1,0,False,NONE,NONE,NONE,"NONE"
PROBLEM_grade__ARGS_TAG_BF__MUT_1,6009,grade,Tag-BitFlips,0.1,0,False,NONE,NONE,NONE,"NONE"
PROBLEM_grade__ARGS_TAG_BF__MUT_1,6010,grade,Tag-BitFlips,0.1,0,False,NONE,NONE,NONE,"NONE"
PROBLEM_grade__ARGS_TAG_BF__MUT_1,6011,grade,Tag-BitFlips,0.1,0,False,NONE,NONE,NONE,"NONE"
PROBLEM_grade__ARGS_TAG_BF__MUT_1,6012,grade,Tag-BitFlips,0.1,0,False,NONE,NONE,NONE,"NONE"
PROBLEM_grade__ARGS_TAG_BF__MUT_1,6013,grade,Tag-BitFlips,0.1,0,False,NONE,NONE,NONE,"NONE"
PROBLEM_grade__ARGS_TAG_BF__MUT_1,6014,grade,Tag-BitFlips,0.1,0,False,NONE,NONE,NONE,"NONE"
PROBLEM_grade__ARGS_TAG_BF__MUT_1,6015,grade,Tag-BitFlips,0.1,0,False,NONE,NONE,NONE,"NONE"
PROBLEM_grade__ARGS_TAG_BF__MUT_1,6016,grade,Tag-BitFlips,0.1,0,False,NONE,NONE,NONE,"NONE"
PROBLEM_grade__ARGS_TAG_BF__MUT_1,6017,grade,Tag-BitFlips,0.1,0,False,NONE,NONE,NONE,"NONE"
PROBLEM_grade__ARGS_TAG_BF__MUT_1,6018,grade,Tag-BitFlips,0.1,0,False,NONE,NONE,NONE,"NONE"
PROBLEM_grade__ARGS_TAG_BF__MUT_1,6019,grade,Tag-BitFlips,0.1,0,False,NONE,NONE,NONE,"NONE"
PROBLEM_grade__ARGS_TAG_BF__MUT_1,6020,grade,Tag-BitFlips,0.1,0,False,NONE,NONE,NONE,"NONE"
PROBLEM_grade__ARGS_TAG_BF__MUT_1,6021,grade,Tag-BitFlips,0.1,0,False,NONE,NONE,NONE,"NONE"
PROBLEM_grade__ARGS_TAG_BF__MUT_1,6022,grade,Tag-BitFlips,0.1,0,False,NONE,NONE,NONE,"NONE"
PROBLEM_grade__ARGS_TAG_BF__MUT_1,6023,grade,Tag-BitFlips,0.1,0,False,NONE,NONE,NONE,"NONE"
PROBLEM_grade__ARGS_TAG_BF__MUT_1,6024,grade,Tag-BitFlips,0.1,0,False,NONE,NONE,NONE,"NONE"
PROBLEM_grade__ARGS_TAG_BF__MUT_1,6025,grade,Tag-BitFlips,0.1,0,False,NONE,NONE,NONE,"NONE"
PROBLEM_grade__ARGS_TAG_BF__MUT_1,6026,grade,Tag-BitFlips,0.1,0,False,NONE,NONE,NONE,"NONE"
PROBLEM_grade__ARGS_TAG_BF__MUT_1,6027,grade,Tag-BitFlips,0.1,0,False,NONE,NONE,NONE,"NONE"
PROBLEM_grade__ARGS_TAG_BF__MUT_1,6028,grade,Tag-BitFlips,0.1,0,False,NONE,NONE,NONE,"NONE"
PROBLEM_grade__ARGS_TAG_BF__MUT_1,6029,grade,Tag-BitFlips,0.1,0,False,NONE,NONE,NONE,"NONE"
PROBLEM_grade__ARGS_TAG_BF__MUT_1,6030,grade,Tag-BitFlips,0.1,0,False,NONE,NONE,NONE,"NONE"
PROBLEM_grade__ARGS_TAG_BF__MUT_1,6031,grade,Tag-BitFlips,0.1,0,False,NONE,NONE,NONE,"NONE"
PROBLEM_grade__ARGS_TAG_BF__MUT_1,6032,grade,Tag-BitFlips,0.1,0,False,NONE,NONE,NONE,"NONE"
PROBLEM_grade__ARGS_TAG_BF__MUT_1,6033,grade,Tag-BitFlips,0.1,0,False,NONE,NONE,NONE,"NONE"
PROBLEM_grade__ARGS_TAG_BF__MUT_1,6034,grade,Tag-BitFlips,0.1,0,False,NONE,NONE,NONE,"NONE"
PROBLEM_grade__ARGS_TAG_BF__MUT_1,6035,grade,Tag-BitFlips,0.1,0,False,NONE,NONE,NONE,"NONE"
PROBLEM_grade__ARGS_TAG_BF__MUT_1,6036,grade,Tag-BitFlips,0.1,0,False,NONE,NONE,NONE,"NONE"
PROBLEM_grade__ARGS_TAG_BF__MUT_1,6037,grade,Tag-BitFlips,0.1,0,False,NONE,NONE,NONE,"NONE"
PROBLEM_grade__ARGS_TAG_BF__MUT_1,6038,grade,Tag-BitFlips,0.1,0,False,NONE,NONE,NONE,"NONE"
PROBLEM_grade__ARGS_TAG_BF__MUT_1,6039,grade,Tag-BitFlips,0.1,0,False,NONE,NONE,NONE,"NONE"
PROBLEM_grade__ARGS_TAG_BF__MUT_1,6040,grade,Tag-BitFlips,0.1,0,False,NONE,NONE,NONE,"NONE"
PROBLEM_grade__ARGS_TAG_BF__MUT_1,6041,grade,Tag-BitFlips,0.1,0,False,NONE,NONE,NONE,"NONE"
PROBLEM_grade__ARGS_TAG_BF__MUT_1,6042,grade,Tag-BitFlips,0.1,0,False,NONE,NONE,NONE,"NONE"
PROBLEM_grade__ARGS_TAG_BF__MUT_1,6043,grade,Tag-BitFlips,0.1,0,False,NONE,NONE,NONE,"NONE"
PROBLEM_grade__ARGS_TAG_BF__MUT_1,6044,grade,Tag-BitFlips,0.1,0,False,NONE,NONE,NONE,"NONE"
PROBLEM_grade__ARGS_TAG_BF__MUT_1,6045,grade,Tag-BitFlips,0.1,0,False,NONE,NONE,NONE,"NONE"
PROBLEM_grade__ARGS_TAG_BF__MUT_1,6046,grade,Tag-BitFlips,0.1,0,False,NONE,NONE,NONE,"NONE"
PROBLEM_grade__ARGS_TAG_BF__MUT_1,6047,grade,Tag-BitFlips,0.1,0,False,NONE,NONE,NONE,"NONE"
PROBLEM_grade__ARGS_TAG_BF__MUT_1,6048,grade,Tag-BitFlips,0.1,0,False,NONE,NONE,NONE,"NONE"
PROBLEM_grade__ARGS_TAG_BF__MUT_1,6049,grade,Tag-BitFlips,0.1,0,False,NONE,NONE,NONE,"NONE"
PROBLEM_grade__ARGS_TAG_BF__MUT_1,6050,grade,Tag-BitFlips,0.1,0,False,NONE,NONE,NONE,"NONE"
PROBLEM_median__ARGS_NUM__MUT_0001,4151,median,Numeric,0.0001,0,True,36,484,446,"[LoadNum1-Num(12,12,4),SubmitNum-Num(2,11,5),Break(12,13,4),Set-11-Num(4,11,14),LoadNum1-Num(6,10,2),Set-11-Num(8,13,12),Set-8-Num(0,13,0),Not-Num(3,2,0),TestNumGreater-Num(12,1,0),SubmitNum-Num(12,14,6),Countdown-Num(8,14,3),Set-6-Num(10,15,2),LoadNum1-Num(4,9,10),Sub-Num(10,14,10),LoadNum1-Num(6,10,2),SubmitNum-Num(1,13,10),TestNumNEqu-Num(13,13,10),Add-Num(4,14,3),IfNot-Num(0,14,15),Set-4-Num(13,5,12),SwapMem-Num(12,1,0),Set-13-Num(15,11,0),Add-Num(7,0,11),Close(9,10,12),TestNumGreaterTEqu-Num(12,2,0),Set-4-Num(4,14,3),Set-1-Num(6,1,7),Countdown-Num(0,14,15),SwapMem-Num(12,1,0),IfNot-Num(11,0,0),Set-11-Num(11,11,15),TestNumGreaterTEqu-Num(12,2,0),IfNot-Num(0,14,15),LoadNum3-Num(0,14,15),Not-Num(8,15,1),SubmitNum-Num(0,12,13)]"
PROBLEM_median__ARGS_NUM__MUT_0001,4152,median,Numeric,0.0001,0,False,NONE,NONE,NONE,"NONE"
PROBLEM_median__ARGS_NUM__MUT_0001,4153,median,Numeric,0.0001,0,True,42,407,389,"[Add-Num(7,0,5),Set-9-Num(0,0,10),TestNumLessTEqu-Num(2,1,6),Dec-Num(3,12,14),Set-6-Num(7,14,12),TestNumGreater-Num(9,14,12),SubmitNum-Num(10,5,5),TestNumGreater-Num(5,1,5),Set-7-Num(7,4,1),Set-6-Num(15,1,13),IfNot-Num(9,14,3),Not-Num(3,14,2),LoadNum1-Num(1,3,13),LoadNum1-Num(9,7,11),LoadNum3-Num(10,0,1),Set-12-Num(12,15,12),While-Num(2,0,6),Set-13-Num(7,1,14),TestNumEqu-Num(13,2,11),If-Num(6,1,14),Set-0-Num(2,6,0),Not-Num(5,8,12),Close(14,3,14),TestNumLessTEqu-Num(9,10,15),LoadNum2-Num(0,2,0),Dec-Num(11,10,8),LoadNum2-Num(9,12,15),Mult-Num(7,7,9),LoadNum1-Num(11,7,10),SubmitNum-Num(10,13,2),LoadNum3-Num(7,0,11),IfNot-Num(15,7,10),SwapMem-Num(11,12,11),Sub-Num(12,0,8),SubmitNum-Num(0,9,12),TestNumGreater-Num(8,5,15),Countdown-Num(5,8,6),SubmitNum-Num(12,0,8),Set-1-Num(7,1,2),Inc-Num(4,0,9),SwapMem-Num(9,0,10),Set-6-Num(6,13,14)]"
PROBLEM_median__ARGS_NUM__MUT_0001,4154,median,Numeric,0.0001,0,False,NONE,NONE,NONE,"NONE"
PROBLEM_median__ARGS_NUM__MUT_0001,4155,median,Numeric,0.0001,0,False,NONE,NONE,NONE,"NONE"
PROBLEM_median__ARGS_NUM__MUT_0001,4156,median,Numeric,0.0001,0,False,NONE,NONE,NONE,"NONE"
PROBLEM_median__ARGS_NUM__MUT_0001,4157,median,Numeric,0.0001,0,True,39,422,226,"[Set-3-Num(6,14,1),LoadNum3-Num(10,15,6),TestNumGreaterTEqu-Num(0,10,14),Sub-Num(0,4,2),Floor-Num(15,8,5),Countdown-Num(14,12,7),Close(8,11,14),While-Num(6,0,2),Set-1-Num(11,4,15),Add-Num(3,1,13),LoadNum3-Num(9,6,9),Set-9-Num(15,6,8),Set-4-Num(3,3,15),TestNumLess-Num(7,10,3),SubmitNum-Num(9,11,6),Set-13-Num(6,13,1),Set-13-Num(4,9,5),Sub-Num(14,0,8),TestNumGreater-Num(2,13,10),LoadNum2-Num(8,10,2),LoadNum1-Num(11,13,3),LoadNum2-Num(11,13,13),Mult-Num(10,11,3),Set-12-Num(2,14,3),Mod-Num(14,10,14),Mult-Num(3,5,2),TestNumEqu-Num(8,6,4),TestNumGreater-Num(1,15,2),Set-9-Num(5,8,12),SubmitNum-Num(0,7,4),LoadNum3-Num(2,15,15),While-Num(10,11,3),SubmitNum-Num(1,15,2),Countdown-Num(10,14,11),TestNumLessTEqu-Num(3,9,6),Set-3-Num(9,12,13),TestNumGreaterTEqu-Num(4,4,7),Set-9-Num(4,11,14),Floor-Num(0,11,6)]"
PROBLEM_median__ARGS_NUM__MUT_0001,4158,median,Numeric,0.0001,0,True,34,498,448,"[Sub-Num(14,3,5),Close(11,11,4),Div-Num(0,15,2),Set-10-Num(7,12,12),TestNumGreater-Num(1,2,15),LoadNum1-Num(13,14,6),TestNumLessTEqu-Num(12,1,7),IfNot-Num(8,15,9),SubmitNum-Num(0,10,6),Div-Num(2,3,11),IfNot-Num(12,0,5),Div-Num(0,15,2),Set-0-Num(14,4,6),Add-Num(11,15,9),Set-9-Num(3,6,15),Dec-Num(4,15,9),LoadNum3-Num(14,6,9),Div-Num(6,8,8),Div-Num(7,13,7),TestNumGreater-Num(0,14,8),SubmitNum-Num(14,1,1),Mod-Num(6,15,4),TestNumGreater-Num(13,2,2),IfNot-Num(2,0,8),Dec-Num(8,3,9),Countdown-Num(4,12,0),LoadNum1-Num(15,14,9),SubmitNum-Num(1,12,15),Set-12-Num(8,1,6),TestNumLess-Num(3,3,1),TestNumGreater-Num(8,1,12),LoadNum2-Num(11,3,3),TestNumLess-Num(15,11,8),Break(2,0,10)]"
PROBLEM_median__ARGS_NUM__MUT_0001,4159,median,Numeric,0.0001,0,True,33,495,151,"[Break(5,13,9),TestNumLessTEqu-Num(0,9,9),LoadNum1-Num(4,15,4),Close(8,10,10),Break(7,12,15),Mult-Num(2,2,13),LoadNum1-Num(13,12,6),SubmitNum-Num(9,0,9),Set-2-Num(7,2,2),Close(0,4,3),Mult-Num(2,13,0),TestNumLessTEqu-Num(4,1,0),Countdown-Num(0,7,11),Set-1-Num(4,3,15),CopyMem-Num(10,11,3),SubmitNum-Num(1,8,4),Close(8,14,1),Inc-Num(13,13,9),Div-Num(12,3,3),Div-Num(1,14,7),Set-12-Num(0,9,1),LoadNum3-Num(4,11,4),Sub-Num(8,0,11),TestNumGreaterTEqu-Num(14,12,11),Set-14-Num(12,3,12),SubmitNum-Num(2,12,14),LoadNum1-Num(9,0,9),TestNumGreaterTEqu-Num(2,13,0),Countdown-Num(0,7,11),Inc-Num(10,11,3),LoadNum3-Num(14,4,9),TestNumNEqu-Num(3,0,15),SubmitNum-Num(1,8,4)]"
PROBLEM_median__ARGS_NUM__MUT_0001,4160,median,Numeric,0.0001,0,True,23,298,153,"[LoadNum2-Num(10,4,13),SwapMem-Num(0,13,15),LoadNum3-Num(15,10,8),TestNumLessTEqu-Num(2,13,3),TestNumGreaterTEqu-Num(1,15,13),TestNumLessTEqu-Num(3,4,15),SubmitNum-Num(2,11,2),LoadNum1-Num(14,7,15),TestNumNEqu-Num(13,15,5),Close(2,2,7),If-Num(5,15,11),TestNumLessTEqu-Num(10,14,3),CopyMem-Num(11,4,13),SubmitNum-Num(14,15,9),LoadNum2-Num(2,8,0),LoadNum1-Num(10,12,1),SubmitNum-Num(14,11,0),Set-7-Num(11,14,3),Sub-Num(6,1,7),Mod-Num(15,11,5),Countdown-Num(3,4,12),Set-2-Num(0,15,11),SubmitNum-Num(1,10,4)]"
PROBLEM_median__ARGS_NUM__MUT_0001,4161,median,Numeric,0.0001,0,False,NONE,NONE,NONE,"NONE"
PROBLEM_median__ARGS_NUM__MUT_0001,4162,median,Numeric,0.0001,0,True,50,338,205,"[TestNumNEqu-Num(15,6,12),Inc-Num(15,4,12),TestNumNEqu-Num(8,9,12),IfNot-Num(7,8,7),TestNumEqu-Num(4,4,13),SubmitNum-Num(2,12,2),TestNumGreaterTEqu-Num(1,0,15),TestNumGreaterTEqu-Num(6,10,3),Close(8,13,9),IfNot-Num(15,15,11),Set-14-Num(13,0,14),TestNumGreaterTEqu-Num(6,10,3),Set-4-Num(11,11,4),Inc-Num(5,0,15),Close(8,13,9),IfNot-Num(15,15,11),Set-9-Num(13,0,14),TestNumGreaterTEqu-Num(2,0,15),Close(10,10,9),LoadNum1-Num(5,8,10),Close(4,7,14),Set-2-Num(9,8,2),Close(15,0,8),TestNumEqu-Num(3,6,8),LoadNum2-Num(10,3,5),Set-12-Num(11,5,11),Set-15-Num(12,5,2),TestNumGreaterTEqu-Num(3,1,12),Set-14-Num(4,14,13),Set-0-Num(3,6,11),Set-12-Num(13,14,4),Break(3,8,13),Div-Num(6,4,7),LoadNum2-Num(11,7,13),Inc-Num(12,6,7),SubmitNum-Num(2,12,2),LoadNum3-Num(14,5,15),Set-0-Num(12,12,3),Dec-Num(15,13,5),CopyMem-Num(8,13,9),Set-5-Num(3,12,4),SubmitNum-Num(10,13,14),IfNot-Num(15,15,11),SubmitNum-Num(5,8,12),Div-Num(10,9,5),Close(5,8,10),Set-11-Num(5,14,14),While-Num(5,6,14),TestNumLessTEqu-Num(14,11,5),LoadNum1-Num(11,15,6)]"
PROBLEM_median__ARGS_NUM__MUT_0001,4163,median,Numeric,0.0001,0,False,NONE,NONE,NONE,"NONE"
PROBLEM_median__ARGS_NUM__MUT_0001,4164,median,Numeric,0.0001,0,True,40,483,462,"[Set-15-Num(6,15,14),Set-9-Num(9,1,5),LoadNum2-Num(11,1,15),LoadNum3-Num(13,1,13),SwapMem-Num(13,5,9),Countdown-Num(9,9,3),Set-5-Num(14,13,7),TestNumLess-Num(5,0,5),Set-3-Num(12,11,0),IfNot-Num(5,8,1),Set-10-Num(4,2,4),LoadNum1-Num(4,8,9),Not-Num(4,14,8),Set-9-Num(5,4,1),Mult-Num(2,2,3),TestNumGreaterTEqu-Num(11,2,5),Dec-Num(2,2,3),Set-5-Num(14,13,7),Set-12-Num(3,2,10),LoadNum3-Num(12,14,15),Not-Num(5,0,5),IfNot-Num(5,8,1),Set-10-Num(4,2,4),LoadNum1-Num(4,8,9),Set-9-Num(5,4,1),Close(2,2,3),TestNumGreater-Num(11,2,5),SubmitNum-Num(12,2,15),Set-7-Num(0,7,9),Set-11-Num(9,8,15),LoadNum1-Num(15,7,11),TestNumLess-Num(11,15,4),Close(7,11,1),SubmitNum-Num(15,10,15),TestNumEqu-Num(5,4,0),Sub-Num(0,7,15),Inc-Num(2,2,13),Countdown-Num(15,7,3),SubmitNum-Num(1,9,1),While-Num(9,7,5)]"
PROBLEM_median__ARGS_NUM__MUT_0001,4165,median,Numeric,0.0001,0,True,41,456,456,"[LoadNum3-Num(12,10,0),TestNumGreater-Num(4,12,9),Close(12,10,10),LoadNum1-Num(4,15,2),LoadNum2-Num(11,1,13),Add-Num(13,4,9),Break(14,2,14),LoadNum2-Num(4,1,14),Set-4-Num(10,14,9),LoadNum3-Num(5,10,13),Close(1,5,12),TestNumLess-Num(12,10,10),TestNumGreater-Num(9,5,15),Set-11-Num(11,4,9),Inc-Num(14,2,14),Set-14-Num(9,6,14),TestNumGreater-Num(0,1,13),CopyMem-Num(4,1,14),Mult-Num(4,15,10),SubmitNum-Num(4,2,14),TestNumLessTEqu-Num(2,1,14),TestNumLess-Num(4,0,13),Add-Num(4,12,12),LoadNum2-Num(12,7,2),Countdown-Num(14,0,9),SubmitNum-Num(10,6,3),Div-Num(2,13,14),LoadNum3-Num(12,10,0),Close(12,10,10),TestNumLess-Num(2,14,10),CopyMem-Num(0,1,13),SubmitNum-Num(2,1,0),TestNumLessTEqu-Num(12,1,14),Div-Num(4,12,12),Countdown-Num(14,0,9),Add-Num(15,14,7),TestNumGreaterTEqu-Num(6,7,14),SubmitNum-Num(0,6,7),Floor-Num(2,2,3),If-Num(14,0,9),Set-12-Num(6,4,14)]"
PROBLEM_median__ARGS_NUM__MUT_0001,4166,median,Numeric,0.0001,0,False,NONE,NONE,NONE,"NONE"
PROBLEM_median__ARGS_NUM__MUT_0001,4167,median,Numeric,0.0001,0,True,15,435,418,"[Set-15-Num(1,9,15),LoadNum2-Num(7,11,5),While-Num(1,3,6),SubmitNum-Num(2,9,4),Sub-Num(6,2,1),Add-Num(0,1,1),Sub-Num(7,2,7),TestNumGreater-Num(8,7,12),LoadNum2-Num(2,6,11),Div-Num(1,7,13),TestNumGreater-Num(13,4,1),LoadNum3-Num(7,15,11),If-Num(12,14,14),LoadNum2-Num(0,14,7),LoadNum1-Num(2,12,12)]"
PROBLEM_median__ARGS_NUM__MUT_0001,4168,median,Numeric,0.0001,0,False,NONE,NONE,NONE,"NONE"
PROBLEM_median__ARGS_NUM__MUT_0001,4169,median,Numeric,0.0001,0,False,NONE,NONE,NONE,"NONE"
PROBLEM_median__ARGS_NUM__MUT_0001,4170,median,Numeric,0.0001,0,False,NONE,NONE,NONE,"NONE"
PROBLEM_median__ARGS_NUM__MUT_0001,4171,median,Numeric,0.0001,0,True,41,430,340,"[LoadNum3-Num(14,14,5),Close(8,0,10),Close(8,0,10),LoadNum1-Num(12,3,6),SubmitNum-Num(10,11,0),Dec-Num(12,9,9),Set-6-Num(11,0,6),TestNumLessTEqu-Num(7,15,5),Set-9-Num(3,14,11),Set-14-Num(11,1,12),SubmitNum-Num(1,11,14),Dec-Num(13,12,3),LoadNum2-Num(10,3,4),Floor-Num(15,9,14),Set-11-Num(9,1,4),CopyMem-Num(2,5,8),IfNot-Num(6,0,5),Mult-Num(6,14,13),TestNumLessTEqu-Num(1,12,4),Mult-Num(4,12,6),LoadNum1-Num(8,15,15),LoadNum2-Num(2,2,1),TestNumGreater-Num(5,2,1),TestNumNEqu-Num(4,1,13),LoadNum3-Num(1,12,10),Dec-Num(13,6,15),Countdown-Num(3,15,8),LoadNum2-Num(4,0,15),Set-3-Num(0,15,12),Add-Num(14,4,11),Not-Num(9,5,0),Set-9-Num(15,5,13),If-Num(13,2,8),CopyMem-Num(5,12,4),TestNumGreater-Num(8,12,5),If-Num(5,7,2),SubmitNum-Num(8,15,3),LoadNum1-Num(1,6,5),While-Num(6,2,4),Set-14-Num(14,5,6),SubmitNum-Num(12,7,11)]"
PROBLEM_median__ARGS_NUM__MUT_0001,4172,median,Numeric,0.0001,0,False,NONE,NONE,NONE,"NONE"
PROBLEM_median__ARGS_NUM__MUT_0001,4173,median,Numeric,0.0001,0,True,47,498,496,"[LoadNum1-Num(13,1,2),TestNumEqu-Num(0,15,9),Mult-Num(7,8,10),Set-11-Num(0,7,7),Set-2-Num(7,15,8),Sub-Num(13,1,7),Close(8,3,9),Set-8-Num(9,13,10),TestNumGreater-Num(15,7,8),TestNumGreater-Num(7,12,4),Add-Num(15,2,0),TestNumLess-Num(0,1,2),Set-6-Num(2,13,7),TestNumLess-Num(8,4,8),Set-9-Num(5,4,11),TestNumGreaterTEqu-Num(15,7,9),SubmitNum-Num(1,6,10),Div-Num(6,2,13),Break(9,12,5),LoadNum1-Num(10,9,0),TestNumEqu-Num(7,8,12),Mod-Num(15,8,2),SubmitNum-Num(10,12,5),Add-Num(0,2,4),SwapMem-Num(8,5,7),Inc-Num(8,7,15),TestNumLessTEqu-Num(0,10,12),Set-13-Num(14,3,0),TestNumLessTEqu-Num(12,13,13),Div-Num(13,5,12),Floor-Num(4,5,10),IfNot-Num(12,4,5),LoadNum3-Num(4,7,6),SubmitNum-Num(3,14,3),Mult-Num(9,11,3),SubmitNum-Num(0,7,1),Set-10-Num(10,13,14),Set-3-Num(0,12,14),TestNumLess-Num(4,1,4),TestNumLessTEqu-Num(0,10,12),Set-14-Num(0,14,5),Mod-Num(6,5,12),Div-Num(12,4,5),IfNot-Num(5,9,4),Set-2-Num(9,8,9),Countdown-Num(15,11,2),Sub-Num(9,9,13)]"
PROBLEM_median__ARGS_NUM__MUT_0001,4174,median,Numeric,0.0001,0,True,34,470,379,"[LoadNum3-Num(3,12,3),LoadNum1-Num(5,14,1),Set-16-Num(10,12,14),Countdown-Num(10,4,4),Set-13-Num(2,15,0),Set-14-Num(9,3,2),Set-2-Num(11,8,11),Mod-Num(9,1,2),Set-6-Num(6,14,3),LoadNum2-Num(10,5,15),Set-9-Num(4,4,6),SwapMem-Num(4,1,0),TestNumGreater-Num(10,3,10),LoadNum3-Num(1,0,0),While-Num(6,11,14),Set-12-Num(8,10,2),TestNumLess-Num(4,5,6),TestNumGreaterTEqu-Num(3,1,2),Set-16-Num(13,3,10),Not-Num(3,6,14),SubmitNum-Num(4,8,5),Dec-Num(11,9,8),LoadNum1-Num(7,2,8),CopyMem-Num(12,13,6),LoadNum2-Num(8,2,11),If-Num(6,8,2),LoadNum1-Num(4,8,8),SubmitNum-Num(0,1,14),Add-Num(13,2,13),SwapMem-Num(4,1,0),LoadNum2-Num(10,3,10),TestNumLessTEqu-Num(4,5,6),Mult-Num(11,10,5),LoadNum2-Num(0,9,10)]"
PROBLEM_median__ARGS_NUM__MUT_0001,4175,median,Numeric,0.0001,0,True,40,355,334,"[LoadNum1-Num(13,11,2),TestNumLessTEqu-Num(1,0,9),SubmitNum-Num(2,7,9),LoadNum3-Num(3,13,6),TestNumLess-Num(1,2,8),TestNumGreaterTEqu-Num(3,13,5),Close(15,3,8),Mult-Num(4,10,15),Div-Num(5,5,11),Close(8,14,8),TestNumEqu-Num(5,8,2),While-Num(2,8,1),TestNumGreater-Num(3,7,4),Set-1-Num(13,11,2),LoadNum1-Num(2,5,5),Set-4-Num(0,0,5),Set-9-Num(0,10,2),Set-11-Num(3,14,7),Set-5-Num(0,10,5),Set-6-Num(1,9,1),Not-Num(6,15,7),Floor-Num(11,12,4),Set-7-Num(14,10,4),SwapMem-Num(8,4,8),TestNumGreaterTEqu-Num(13,15,4),SwapMem-Num(10,1,8),Div-Num(1,9,12),SubmitNum-Num(2,7,7),Set-1-Num(2,2,7),Set-15-Num(3,1,1),Set-2-Num(7,5,5),Countdown-Num(4,4,4),If-Num(11,15,8),IfNot-Num(9,7,13),Set-7-Num(4,1,15),Close(1,0,8),LoadNum2-Num(1,0,5),SubmitNum-Num(1,3,14),Close(10,6,11),Set-13-Num(11,15,14)]"
PROBLEM_median__ARGS_NUM__MUT_0001,4176,median,Numeric,0.0001,0,False,NONE,NONE,NONE,"NONE"
PROBLEM_median__ARGS_NUM__MUT_0001,4177,median,Numeric,0.0001,0,False,NONE,NONE,NONE,"NONE"
PROBLEM_median__ARGS_NUM__MUT_0001,4178,median,Numeric,0.0001,0,True,34,479,375,"[Set-10-Num(5,13,5),Add-Num(9,2,12),LoadNum3-Num(4,8,11),TestNumGreater-Num(0,12,6),LoadNum3-Num(14,5,14),TestNumGreater-Num(14,1,10),Countdown-Num(5,2,6),SubmitNum-Num(4,1,2),TestNumLessTEqu-Num(9,11,13),While-Num(13,5,13),Set-7-Num(1,2,12),Add-Num(13,3,8),TestNumEqu-Num(6,10,13),SwapMem-Num(15,12,7),Close(0,7,4),TestNumGreaterTEqu-Num(6,1,1),SwapMem-Num(5,12,12),Set-6-Num(15,10,15),SubmitNum-Num(0,0,12),Set-1-Num(13,14,2),IfNot-Num(1,1,11),Add-Num(0,7,14),LoadNum2-Num(4,1,1),Set-3-Num(11,14,12),LoadNum1-Num(5,4,9),LoadNum2-Num(9,0,11),TestNumEqu-Num(15,12,12),SwapMem-Num(12,10,10),Floor-Num(10,4,15),Set-16-Num(3,0,2),Dec-Num(14,12,10),SwapMem-Num(11,5,5),Set-4-Num(13,1,12),Dec-Num(6,6,7)]"
PROBLEM_median__ARGS_NUM__MUT_0001,4179,median,Numeric,0.0001,0,False,NONE,NONE,NONE,"NONE"
PROBLEM_median__ARGS_NUM__MUT_0001,4180,median,Numeric,0.0001,0,False,NONE,NONE,NONE,"NONE"
PROBLEM_median__ARGS_NUM__MUT_0001,4181,median,Numeric,0.0001,0,True,44,346,229,"[Add-Num(0,12,2),CopyMem-Num(2,10,4),LoadNum3-Num(7,2,2),Close(9,10,8),TestNumLess-Num(13,9,3),Set-7-Num(6,3,13),If-Num(7,3,13),Close(1,6,14),TestNumLess-Num(3,7,14),LoadNum2-Num(8,14,9),SubmitNum-Num(1,3,1),Add-Num(7,7,4),LoadNum3-Num(4,5,11),Set-10-Num(0,0,6),Dec-Num(3,2,14),Close(9,10,8),TestNumLessTEqu-Num(7,10,14),Countdown-Num(14,11,6),Close(10,9,7),TestNumGreater-Num(8,7,3),SwapMem-Num(2,13,13),Countdown-Num(6,12,9),TestNumEqu-Num(11,12,14),TestNumEqu-Num(13,0,8),SwapMem-Num(1,9,2),CopyMem-Num(11,5,14),TestNumGreater-Num(9,10,5),Set-15-Num(7,4,3),TestNumNEqu-Num(5,3,10),If-Num(3,5,6),LoadNum2-Num(10,13,13),Mult-Num(8,13,8),LoadNum3-Num(7,4,13),CopyMem-Num(5,3,7),LoadNum1-Num(14,8,12),CopyMem-Num(3,12,12),LoadNum1-Num(2,9,0),Set-12-Num(6,10,9),Sub-Num(0,14,14),TestNumLess-Num(3,3,10),SubmitNum-Num(7,0,12),LoadNum1-Num(7,1,1),Set-6-Num(6,10,9),SubmitNum-Num(7,0,12)]"
PROBLEM_median__ARGS_NUM__MUT_0001,4182,median,Numeric,0.0001,0,True,42,398,247,"[LoadNum3-Num(6,5,12),Set-15-Num(8,12,0),LoadNum2-Num(3,15,12),Close(2,1,7),LoadNum1-Num(11,12,2),SubmitNum-Num(11,0,12),Set-1-Num(0,10,13),Mult-Num(1,2,12),While-Num(0,6,10),TestNumNEqu-Num(7,14,8),Set-13-Num(10,4,8),Set-1-Num(15,1,1),Add-Num(15,11,15),CopyMem-Num(4,14,15),Sub-Num(10,4,5),TestNumLess-Num(6,15,2),Set-6-Num(0,10,6),Set-4-Num(12,7,11),TestNumLessTEqu-Num(11,3,0),Set-11-Num(14,14,4),LoadNum3-Num(10,11,10),TestNumLess-Num(4,5,9),Set-4-Num(12,8,11),Set-2-Num(15,5,4),SwapMem-Num(6,11,15),LoadNum1-Num(3,14,14),Not-Num(15,10,13),Set-1-Num(7,15,2),Add-Num(0,5,13),LoadNum3-Num(15,9,14),Set-14-Num(14,2,11),LoadNum2-Num(6,10,14),Close(8,9,3),If-Num(2,13,13),SubmitNum-Num(1,2,9),LoadNum1-Num(7,1,6),TestNumGreater-Num(6,10,14),Close(8,9,3),SubmitNum-Num(15,12,13),If-Num(14,15,4),If-Num(2,13,13),SubmitNum-Num(1,2,9)]"
PROBLEM_median__ARGS_NUM__MUT_0001,4183,median,Numeric,0.0001,0,True,40,500,455,"[Set-2-Num(1,11,4),LoadNum2-Num(4,7,15),Dec-Num(5,8,6),LoadNum3-Num(7,10,5),SwapMem-Num(4,8,7),LoadNum2-Num(4,5,1),LoadNum3-Num(4,10,4),LoadNum1-Num(10,14,4),Inc-Num(11,12,8),Set-14-Num(12,9,11),TestNumLess-Num(10,4,7),TestNumGreater-Num(8,10,12),Set-1-Num(10,0,3),Close(4,11,0),Not-Num(10,5,1),TestNumNEqu-Num(10,7,8),LoadNum1-Num(5,14,10),TestNumGreater-Num(11,5,10),Close(4,0,1),Mult-Num(11,13,13),LoadNum2-Num(15,15,1),TestNumLessTEqu-Num(3,5,13),LoadNum2-Num(11,4,13),LoadNum3-Num(13,0,3),SubmitNum-Num(0,11,7),LoadNum3-Num(0,4,0),TestNumLess-Num(2,11,1),Set-16-Num(10,4,7),Inc-Num(9,15,10),If-Num(1,2,9),Set-12-Num(12,11,6),TestNumLessTEqu-Num(11,5,7),Set-6-Num(1,15,6),Mod-Num(6,8,10),Close(2,3,4),Countdown-Num(10,8,8),While-Num(7,14,1),If-Num(12,4,9),SubmitNum-Num(15,5,5),Close(12,10,6)]"
PROBLEM_median__ARGS_NUM__MUT_0001,4184,median,Numeric,0.0001,0,True,24,445,398,"[Not-Num(6,15,12),CopyMem-Num(2,4,0),Div-Num(7,4,2),Mult-Num(6,0,10),LoadNum2-Num(9,10,6),Close(14,3,0),Sub-Num(0,9,5),TestNumLessTEqu-Num(10,4,6),TestNumGreaterTEqu-Num(5,15,11),SubmitNum-Num(1,0,15),If-Num(6,12,7),Add-Num(2,2,11),CopyMem-Num(14,13,13),LoadNum3-Num(10,10,10),Inc-Num(14,9,5),Close(8,12,14),If-Num(11,8,6),Set-11-Num(14,11,13),SwapMem-Num(4,0,10),Close(14,3,0),SwapMem-Num(4,1,12),TestNumGreaterTEqu-Num(7,2,2),Countdown-Num(13,2,5),Return(15,8,4)]"
PROBLEM_median__ARGS_NUM__MUT_0001,4185,median,Numeric,0.0001,0,False,NONE,NONE,NONE,"NONE"
PROBLEM_median__ARGS_NUM__MUT_0001,4186,median,Numeric,0.0001,0,False,NONE,NONE,NONE,"NONE"
PROBLEM_median__ARGS_NUM__MUT_0001,4187,median,Numeric,0.0001,0,False,NONE,NONE,NONE,"NONE"
PROBLEM_median__ARGS_NUM__MUT_0001,4188,median,Numeric,0.0001,0,True,34,438,380,"[LoadNum2-Num(11,1,3),TestNumGreater-Num(0,1,13),Set-6-Num(0,15,9),Countdown-Num(0,0,4),LoadNum3-Num(4,6,8),Floor-Num(1,3,9),LoadNum1-Num(5,13,5),LoadNum1-Num(9,2,0),TestNumEqu-Num(10,12,6),SwapMem-Num(13,0,11),SubmitNum-Num(1,8,7),Add-Num(8,11,6),Close(0,6,0),Close(4,2,15),TestNumEqu-Num(11,2,12),LoadNum2-Num(10,5,5),Mod-Num(2,14,11),TestNumLessTEqu-Num(9,2,12),Set-3-Num(7,2,2),Set-12-Num(9,10,13),Set-2-Num(9,10,11),Set-6-Num(9,9,11),CopyMem-Num(6,9,9),SwapMem-Num(7,0,12),SwapMem-Num(6,4,3),While-Num(12,10,13),SubmitNum-Num(2,1,10),LoadNum2-Num(9,15,1),Div-Num(7,6,3),TestNumGreater-Num(3,6,3),TestNumLessTEqu-Num(1,8,7),SubmitNum-Num(5,14,8),Not-Num(12,10,8),SwapMem-Num(5,11,14)]"
PROBLEM_median__ARGS_NUM__MUT_0001,4189,median,Numeric,0.0001,0,False,NONE,NONE,NONE,"NONE"
PROBLEM_median__ARGS_NUM__MUT_0001,4190,median,Numeric,0.0001,0,True,55,407,360,"[CopyMem-Num(2,1,5),Set-5-Num(12,10,8),TestNumLess-Num(1,13,3),Set-14-Num(3,10,12),SwapMem-Num(0,1,3),SubmitNum-Num(10,4,10),SwapMem-Num(4,2,6),SubmitNum-Num(1,9,13),LoadNum2-Num(11,4,8),Dec-Num(9,13,9),Set-1-Num(8,3,3),Set-7-Num(13,7,6),Set-8-Num(8,12,15),LoadNum2-Num(15,11,15),Set-7-Num(13,6,14),Set-11-Num(5,10,7),Set-3-Num(4,14,14),Break(9,0,5),Set-1-Num(3,14,14),Add-Num(7,4,6),Countdown-Num(5,0,8),TestNumGreater-Num(1,15,12),LoadNum3-Num(1,4,1),Mod-Num(13,6,14),Countdown-Num(12,11,3),TestNumLessTEqu-Num(2,5,10),Set-6-Num(2,6,3),Floor-Num(8,6,5),SwapMem-Num(12,7,1),SubmitNum-Num(11,4,12),Set-3-Num(2,8,8),Not-Num(14,12,13),Close(9,8,14),TestNumGreaterTEqu-Num(7,13,13),IfNot-Num(14,1,15),LoadNum1-Num(14,1,10),Mult-Num(11,10,6),LoadNum3-Num(11,8,7),LoadNum1-Num(15,3,4),TestNumLessTEqu-Num(6,0,10),Countdown-Num(10,0,8),Set-6-Num(12,2,3),Div-Num(10,4,15),Countdown-Num(4,2,4),CopyMem-Num(3,10,10),TestNumGreater-Num(14,0,4),TestNumGreater-Num(2,1,7),Break(6,11,12),Close(11,2,11),Set-7-Num(12,11,4),CopyMem-Num(14,1,15),SubmitNum-Num(1,7,14),LoadNum3-Num(12,10,4),Set-7-Num(5,9,1),SubmitNum-Num(0,3,10)]"
PROBLEM_median__ARGS_NUM__MUT_0001,4191,median,Numeric,0.0001,0,False,NONE,NONE,NONE,"NONE"
PROBLEM_median__ARGS_NUM__MUT_0001,4192,median,Numeric,0.0001,0,True,30,489,337,"[Set-16-Num(14,5,13),LoadNum1-Num(11,14,15),LoadNum1-Num(4,10,15),TestNumGreater-Num(11,2,13),LoadNum2-Num(0,12,14),Set-13-Num(15,8,4),Add-Num(14,9,5),Countdown-Num(14,4,2),SwapMem-Num(13,0,6),SubmitNum-Num(4,9,8),TestNumGreaterTEqu-Num(9,0,6),LoadNum2-Num(0,9,15),Countdown-Num(5,14,11),SubmitNum-Num(0,6,14),TestNumLessTEqu-Num(0,4,5),TestNumNEqu-Num(3,15,10),LoadNum1-Num(0,10,11),If-Num(15,15,0),TestNumLessTEqu-Num(2,13,2),TestNumGreater-Num(10,6,3),TestNumNEqu-Num(6,15,15),Set-11-Num(13,3,8),Mult-Num(15,2,10),TestNumNEqu-Num(3,7,14),If-Num(10,7,14),Set-8-Num(7,10,13),LoadNum3-Num(2,6,0),Countdown-Num(7,8,10),SubmitNum-Num(2,15,9),LoadNum2-Num(0,13,9)]"
PROBLEM_median__ARGS_NUM__MUT_0001,4193,median,Numeric,0.0001,0,False,NONE,NONE,NONE,"NONE"
PROBLEM_median__ARGS_NUM__MUT_0001,4194,median,Numeric,0.0001,0,False,NONE,NONE,NONE,"NONE"
PROBLEM_median__ARGS_NUM__MUT_0001,4195,median,Numeric,0.0001,0,False,NONE,NONE,NONE,"NONE"
PROBLEM_median__ARGS_NUM__MUT_0001,4196,median,Numeric,0.0001,0,False,NONE,NONE,NONE,"NONE"
PROBLEM_median__ARGS_NUM__MUT_0001,4197,median,Numeric,0.0001,0,False,NONE,NONE,NONE,"NONE"
PROBLEM_median__ARGS_NUM__MUT_0001,4198,median,Numeric,0.0001,0,False,NONE,NONE,NONE,"NONE"
PROBLEM_median__ARGS_NUM__MUT_0001,4199,median,Numeric,0.0001,0,False,NONE,NONE,NONE,"NONE"
PROBLEM_median__ARGS_NUM__MUT_0001,4200,median,Numeric,0.0001,0,True,46,419,288,"[Not-Num(6,10,10),Set-5-Num(5,12,3),LoadNum1-Num(2,1,9),SwapMem-Num(15,1,8),Set-15-Num(11,8,7),Close(11,8,10),IfNot-Num(6,14,10),Set-11-Num(2,11,1),Set-16-Num(2,1,1),Close(6,9,4),Dec-Num(5,5,11),Set-7-Num(12,10,7),Floor-Num(14,2,8),LoadNum3-Num(8,7,4),Set-11-Num(5,14,5),Set-3-Num(7,14,14),Set-9-Num(11,0,13),Div-Num(6,8,7),Set-15-Num(3,9,4),TestNumLess-Num(3,7,5),Set-12-Num(4,12,15),Mult-Num(12,14,5),Inc-Num(2,1,0),TestNumLessTEqu-Num(0,8,13),LoadNum2-Num(3,7,5),Set-8-Num(9,8,4),Not-Num(14,3,1),SubmitNum-Num(0,11,13),IfNot-Num(5,6,13),Mult-Num(13,6,4),SubmitNum-Num(8,12,0),TestNumGreaterTEqu-Num(3,8,1),Set-2-Num(14,13,9),Close(0,9,11),TestNumEqu-Num(1,4,4),LoadNum1-Num(9,0,0),Sub-Num(9,3,12),IfNot-Num(4,4,5),SubmitNum-Num(15,7,6),Mult-Num(0,7,2),TestNumLessTEqu-Num(13,12,6),IfNot-Num(1,1,4),Floor-Num(2,15,1),Set-12-Num(4,7,2),Mult-Num(10,2,13),Break(9,7,11)]"
PROBLEM_median__ARGS_NUM__MUT_001,4101,median,Numeric,0.001,0,False,NONE,NONE,NONE,"NONE"
PROBLEM_median__ARGS_NUM__MUT_001,4102,median,Numeric,0.001,0,True,37,497,240,"[Sub-Num(7,2,6),Set-5-Num(4,0,2),TestNumGreater-Num(0,1,1),Sub-Num(10,4,8),LoadNum2-Num(13,14,1),Sub-Num(12,8,9),LoadNum3-Num(4,2,11),If-Num(1,11,12),Set-1-Num(9,3,10),Close(10,1,3),TestNumLessTEqu-Num(4,0,2),LoadNum3-Num(7,7,7),TestNumGreaterTEqu-Num(10,11,4),If-Num(2,11,7),TestNumLess-Num(2,9,1),Close(6,1,1),Sub-Num(1,4,8),SubmitNum-Num(0,10,4),Countdown-Num(8,13,5),Mult-Num(11,2,5),SubmitNum-Num(7,15,11),Set-8-Num(4,7,11),Set-2-Num(3,14,14),Set-8-Num(3,11,12),TestNumEqu-Num(10,11,12),Set-13-Num(5,7,10),CopyMem-Num(13,3,1),CopyMem-Num(9,4,12),Inc-Num(10,1,3),SubmitNum-Num(3,10,6),Add-Num(6,13,3),Countdown-Num(10,13,13),Set-16-Num(0,12,7),TestNumLess-Num(10,3,15),Countdown-Num(15,10,2),Set-10-Num(3,3,5),Countdown-Num(12,7,1)]"
PROBLEM_median__ARGS_NUM__MUT_001,4103,median,Numeric,0.001,0,False,NONE,NONE,NONE,"NONE"
PROBLEM_median__ARGS_NUM__MUT_001,4104,median,Numeric,0.001,0,True,30,487,316,"[Set-1-Num(14,6,9),Close(1,15,1),CopyMem-Num(0,5,13),SwapMem-Num(0,1,9),TestNumLessTEqu-Num(0,2,13),SubmitNum-Num(0,3,5),TestNumGreater-Num(0,1,0),Add-Num(11,0,1),TestNumLessTEqu-Num(5,2,12),LoadNum2-Num(11,6,13),Add-Num(0,9,14),If-Num(1,9,13),Sub-Num(12,9,15),Close(5,13,10),LoadNum2-Num(0,15,1),CopyMem-Num(15,8,5),LoadNum1-Num(1,3,8),Countdown-Num(14,3,11),SubmitNum-Num(11,0,4),Not-Num(3,7,15),While-Num(3,0,5),SubmitNum-Num(2,14,0),Sub-Num(13,9,14),Floor-Num(1,2,13),Break(11,4,4),Close(10,3,12),Close(10,3,6),Div-Num(2,13,0),If-Num(8,3,15),Set-5-Num(6,1,1)]"
PROBLEM_median__ARGS_NUM__MUT_001,4105,median,Numeric,0.001,0,True,16,317,105,"[SubmitNum-Num(2,14,8),SwapMem-Num(2,4,8),LoadNum3-Num(13,4,10),TestNumGreaterTEqu-Num(4,1,6),LoadNum1-Num(4,8,8),TestNumLess-Num(13,4,3),Sub-Num(3,6,15),While-Num(15,5,15),SubmitNum-Num(0,10,10),SwapMem-Num(12,12,3),TestNumGreaterTEqu-Num(4,1,6),Mod-Num(13,1,9),CopyMem-Num(6,11,0),Sub-Num(3,11,15),TestNumGreaterTEqu-Num(7,7,10),SubmitNum-Num(1,0,13)]"
PROBLEM_median__ARGS_NUM__MUT_001,4106,median,Numeric,0.001,0,False,NONE,NONE,NONE,"NONE"
PROBLEM_median__ARGS_NUM__MUT_001,4107,median,Numeric,0.001,0,False,NONE,NONE,NONE,"NONE"
PROBLEM_median__ARGS_NUM__MUT_001,4108,median,Numeric,0.001,0,False,NONE,NONE,NONE,"NONE"
PROBLEM_median__ARGS_NUM__MUT_001,4109,median,Numeric,0.001,0,False,NONE,NONE,NONE,"NONE"
PROBLEM_median__ARGS_NUM__MUT_001,4110,median,Numeric,0.001,0,True,38,486,460,"[LoadNum1-Num(13,4,3),Close(3,7,9),Set-16-Num(13,4,10),IfNot-Num(3,3,12),Close(12,1,10),Set-3-Num(4,9,9),LoadNum2-Num(4,3,3),LoadNum1-Num(14,6,10),SubmitNum-Num(10,6,6),SubmitNum-Num(0,5,4),LoadNum3-Num(5,1,13),Countdown-Num(13,6,0),LoadNum1-Num(8,0,7),SubmitNum-Num(2,3,15),Add-Num(1,7,2),Set-9-Num(0,13,15),Div-Num(1,3,3),TestNumEqu-Num(1,3,4),TestNumLessTEqu-Num(5,1,4),SwapMem-Num(5,8,3),IfNot-Num(3,10,8),Countdown-Num(9,1,14),Close(0,8,15),Set-2-Num(9,7,3),LoadNum1-Num(0,6,7),LoadNum3-Num(1,9,6),If-Num(4,15,3),LoadNum1-Num(14,14,6),LoadNum2-Num(1,3,4),TestNumNEqu-Num(11,9,7),Set-8-Num(4,1,4),TestNumLessTEqu-Num(5,1,4),Inc-Num(13,3,13),Div-Num(7,10,10),While-Num(4,12,5),LoadNum3-Num(1,3,4),LoadNum1-Num(2,12,14),TestNumLessTEqu-Num(5,1,4)]"
PROBLEM_median__ARGS_NUM__MUT_001,4111,median,Numeric,0.001,0,True,38,369,288,"[SwapMem-Num(13,0,12),Sub-Num(13,11,15),TestNumGreaterTEqu-Num(1,2,9),LoadNum2-Num(5,9,5),SwapMem-Num(5,0,4),Set-10-Num(3,7,8),LoadNum2-Num(12,7,0),While-Num(3,2,8),Set-10-Num(6,10,4),Countdown-Num(9,4,12),TestNumGreater-Num(12,15,4),Sub-Num(2,2,13),Set-13-Num(0,5,0),Close(9,5,8),SubmitNum-Num(2,7,11),TestNumLess-Num(13,0,15),TestNumNEqu-Num(7,5,12),Set-13-Num(12,15,7),LoadNum1-Num(5,5,0),Mod-Num(9,1,10),Add-Num(11,2,1),Inc-Num(7,8,14),Set-7-Num(11,14,14),TestNumGreaterTEqu-Num(1,5,9),Set-6-Num(0,13,13),Set-11-Num(0,7,1),TestNumGreaterTEqu-Num(15,11,0),Set-7-Num(13,15,13),SwapMem-Num(5,14,7),Set-13-Num(5,7,11),LoadNum2-Num(11,10,0),Set-11-Num(12,11,15),SubmitNum-Num(14,5,13),Countdown-Num(15,5,14),LoadNum2-Num(13,0,12),IfNot-Num(4,5,6),Set-3-Num(15,12,0),SubmitNum-Num(13,15,13)]"
PROBLEM_median__ARGS_NUM__MUT_001,4112,median,Numeric,0.001,0,True,37,443,411,"[TestNumGreaterTEqu-Num(1,0,7),CopyMem-Num(1,12,5),SubmitNum-Num(12,6,3),LoadNum2-Num(3,1,7),LoadNum3-Num(1,12,9),LoadNum2-Num(8,12,7),Add-Num(7,10,15),TestNumLessTEqu-Num(15,13,1),Close(3,4,4),TestNumNEqu-Num(2,12,11),TestNumGreater-Num(2,8,9),IfNot-Num(1,9,10),Set-2-Num(4,4,15),Set-8-Num(14,12,1),Set-11-Num(11,0,1),Dec-Num(15,8,12),LoadNum1-Num(8,12,11),SubmitNum-Num(0,14,5),LoadNum1-Num(4,9,0),Dec-Num(5,11,5),Set-8-Num(6,8,6),Set-5-Num(7,8,5),LoadNum2-Num(11,10,3),Set-5-Num(10,2,10),LoadNum1-Num(14,12,11),Set-0-Num(12,4,14),SubmitNum-Num(11,2,14),Close(11,7,15),Countdown-Num(9,11,13),Div-Num(14,2,6),TestNumGreater-Num(8,12,3),Sub-Num(2,12,3),Set-0-Num(1,13,5),SwapMem-Num(14,14,1),Set-7-Num(10,13,14),SubmitNum-Num(2,7,12),TestNumGreater-Num(4,3,9)]"
PROBLEM_median__ARGS_NUM__MUT_001,4113,median,Numeric,0.001,0,False,NONE,NONE,NONE,"NONE"
PROBLEM_median__ARGS_NUM__MUT_001,4114,median,Numeric,0.001,0,False,NONE,NONE,NONE,"NONE"
PROBLEM_median__ARGS_NUM__MUT_001,4115,median,Numeric,0.001,0,False,NONE,NONE,NONE,"NONE"
PROBLEM_median__ARGS_NUM__MUT_001,4116,median,Numeric,0.001,0,True,50,497,497,"[TestNumLess-Num(1,11,9),CopyMem-Num(9,2,0),Set-0-Num(7,1,15),LoadNum2-Num(14,2,14),Close(10,5,3),Set-5-Num(5,5,13),Set-8-Num(6,9,12),LoadNum2-Num(0,4,15),Set-2-Num(6,7,7),LoadNum1-Num(2,1,5),Sub-Num(10,2,8),LoadNum1-Num(8,5,9),LoadNum2-Num(12,7,4),Set-6-Num(13,15,10),Div-Num(7,3,8),SubmitNum-Num(7,0,14),SubmitNum-Num(0,7,13),TestNumEqu-Num(11,7,3),TestNumLessTEqu-Num(8,14,4),Set-9-Num(1,0,6),Set-12-Num(6,3,11),TestNumGreater-Num(10,5,5),Countdown-Num(4,0,15),TestNumEqu-Num(12,15,4),SubmitNum-Num(2,6,1),Set-0-Num(9,6,11),Set-11-Num(13,12,7),Set-11-Num(10,9,3),LoadNum1-Num(8,14,0),Set-7-Num(13,7,11),LoadNum1-Num(14,4,7),Sub-Num(12,3,2),TestNumEqu-Num(11,15,15),Close(3,8,6),LoadNum3-Num(3,5,0),Add-Num(0,11,8),TestNumGreaterTEqu-Num(3,14,11),Set-5-Num(0,7,12),SubmitNum-Num(14,14,10),Countdown-Num(11,5,8),Dec-Num(8,1,3),TestNumEqu-Num(11,1,12),Set-10-Num(14,3,11),TestNumLessTEqu-Num(3,2,14),If-Num(14,9,8),LoadNum3-Num(10,7,11),LoadNum1-Num(1,15,7),SubmitNum-Num(3,9,10),TestNumLessTEqu-Num(13,5,15),TestNumGreaterTEqu-Num(1,12,6)]"
PROBLEM_median__ARGS_NUM__MUT_001,4117,median,Numeric,0.001,0,False,NONE,NONE,NONE,"NONE"
PROBLEM_median__ARGS_NUM__MUT_001,4118,median,Numeric,0.001,0,False,NONE,NONE,NONE,"NONE"
PROBLEM_median__ARGS_NUM__MUT_001,4119,median,Numeric,0.001,0,True,28,451,410,"[Set-14-Num(10,11,15),Set-16-Num(6,4,3),While-Num(10,2,11),LoadNum1-Num(5,5,14),Set-15-Num(14,9,0),SubmitNum-Num(1,1,15),TestNumGreater-Num(1,2,10),Sub-Num(10,9,15),LoadNum1-Num(1,4,8),Sub-Num(8,3,8),Floor-Num(13,0,3),CopyMem-Num(11,0,13),IfNot-Num(15,1,10),LoadNum1-Num(2,7,0),SwapMem-Num(6,3,11),LoadNum3-Num(1,4,5),LoadNum1-Num(7,13,2),Close(3,12,3),Set-15-Num(0,1,12),Set-9-Num(10,11,7),Set-15-Num(10,1,11),LoadNum2-Num(11,10,14),TestNumLessTEqu-Num(11,1,0),CopyMem-Num(11,3,4),If-Num(0,11,2),LoadNum2-Num(12,2,11),TestNumLessTEqu-Num(12,7,10),While-Num(6,10,3)]"
PROBLEM_median__ARGS_NUM__MUT_001,4120,median,Numeric,0.001,0,False,NONE,NONE,NONE,"NONE"
PROBLEM_median__ARGS_NUM__MUT_001,4121,median,Numeric,0.001,0,True,37,236,150,"[TestNumLess-Num(2,0,14),LoadNum2-Num(2,0,3),LoadNum2-Num(7,13,15),Close(0,10,8),IfNot-Num(3,3,5),Set-4-Num(5,8,5),TestNumGreater-Num(13,2,13),LoadNum2-Num(4,14,15),Set-14-Num(8,8,7),LoadNum2-Num(11,6,4),Floor-Num(3,11,9),Set-0-Num(13,10,6),TestNumGreater-Num(2,0,5),TestNumGreater-Num(0,9,10),Set-6-Num(9,7,2),Floor-Num(3,12,9),SwapMem-Num(13,10,5),LoadNum2-Num(11,11,10),TestNumGreater-Num(2,0,4),TestNumGreater-Num(0,9,10),Set-6-Num(9,1,2),LoadNum3-Num(10,4,13),Close(5,4,8),Set-10-Num(2,8,13),Set-9-Num(3,7,2),CopyMem-Num(10,3,3),SubmitNum-Num(10,15,9),Floor-Num(10,0,2),LoadNum3-Num(2,11,4),Countdown-Num(14,3,15),Not-Num(5,8,5),Close(4,3,6),TestNumGreater-Num(7,3,3),SubmitNum-Num(11,6,0),SwapMem-Num(6,4,8),IfNot-Num(5,8,3),SubmitNum-Num(0,3,5)]"
PROBLEM_median__ARGS_NUM__MUT_001,4122,median,Numeric,0.001,0,True,50,422,282,"[Set-1-Num(12,5,13),TestNumGreater-Num(0,2,1),Set-9-Num(3,13,9),Set-12-Num(11,6,5),Floor-Num(6,11,3),Dec-Num(7,4,14),Set-16-Num(15,15,9),SubmitNum-Num(9,15,13),Close(15,1,3),LoadNum2-Num(9,0,0),Set-8-Num(13,4,7),Set-15-Num(9,5,12),While-Num(1,0,10),Set-4-Num(13,10,5),Set-13-Num(10,9,11),CopyMem-Num(14,0,5),LoadNum2-Num(3,14,1),TestNumGreaterTEqu-Num(3,2,12),SwapMem-Num(1,4,7),SubmitNum-Num(5,11,0),Set-1-Num(2,15,2),Close(5,1,3),Countdown-Num(12,14,7),Mult-Num(9,14,3),TestNumNEqu-Num(6,12,7),Close(10,15,3),Break(12,11,2),LoadNum2-Num(15,5,4),Mult-Num(14,15,11),Set-13-Num(2,7,1),Set-3-Num(3,10,6),LoadNum3-Num(5,13,14),LoadNum1-Num(8,13,7),Set-2-Num(14,2,3),LoadNum1-Num(2,4,6),Add-Num(2,6,4),CopyMem-Num(5,11,0),Close(6,14,6),LoadNum2-Num(3,2,15),SubmitNum-Num(5,8,5),TestNumLess-Num(3,2,7),LoadNum2-Num(5,8,5),TestNumGreater-Num(11,15,1),Set-14-Num(15,1,1),SubmitNum-Num(8,12,13),SubmitNum-Num(11,6,3),IfNot-Num(7,4,6),Mod-Num(3,2,3),While-Num(7,7,9),Set-9-Num(5,9,1)]"
PROBLEM_median__ARGS_NUM__MUT_001,4123,median,Numeric,0.001,0,True,40,482,450,"[SubmitNum-Num(2,0,1),Dec-Num(9,8,4),Close(14,0,15),LoadNum2-Num(15,3,10),Floor-Num(13,13,3),LoadNum2-Num(7,6,1),Set-15-Num(3,11,6),TestNumGreater-Num(7,2,10),Set-7-Num(7,12,9),Set-0-Num(9,0,8),LoadNum1-Num(5,1,5),Break(3,6,6),While-Num(10,7,12),Not-Num(5,15,5),Sub-Num(0,11,15),LoadNum3-Num(5,6,8),Set-6-Num(11,14,4),Break(13,12,4),Close(5,11,8),Close(15,10,15),Add-Num(1,0,13),TestNumGreaterTEqu-Num(5,15,12),IfNot-Num(12,15,0),LoadNum1-Num(7,7,11),Set-9-Num(0,13,4),Mod-Num(5,12,13),SubmitNum-Num(7,2,12),LoadNum1-Num(13,9,15),Close(5,11,4),TestNumGreater-Num(8,7,3),LoadNum3-Num(15,14,15),TestNumLessTEqu-Num(1,0,13),IfNot-Num(12,15,0),LoadNum1-Num(7,7,6),Set-3-Num(0,14,4),Dec-Num(9,2,2),Set-16-Num(7,2,12),SubmitNum-Num(1,0,2),While-Num(6,5,3),Set-3-Num(3,11,4)]"
PROBLEM_median__ARGS_NUM__MUT_001,4124,median,Numeric,0.001,0,False,NONE,NONE,NONE,"NONE"
PROBLEM_median__ARGS_NUM__MUT_001,4125,median,Numeric,0.001,0,False,NONE,NONE,NONE,"NONE"
PROBLEM_median__ARGS_NUM__MUT_001,4126,median,Numeric,0.001,0,False,NONE,NONE,NONE,"NONE"
PROBLEM_median__ARGS_NUM__MUT_001,4127,median,Numeric,0.001,0,True,17,487,252,"[LoadNum3-Num(14,5,11),SubmitNum-Num(14,12,0),LoadNum3-Num(11,14,3),Add-Num(0,7,9),Set-12-Num(4,13,5),SwapMem-Num(9,7,7),While-Num(4,15,0),TestNumGreaterTEqu-Num(1,7,7),SwapMem-Num(2,7,7),LoadNum3-Num(7,2,11),TestNumLessTEqu-Num(10,9,12),TestNumLess-Num(11,0,6),TestNumEqu-Num(6,2,5),Mult-Num(4,5,9),Countdown-Num(9,11,0),SubmitNum-Num(0,1,3),SubmitNum-Num(1,9,8)]"
PROBLEM_median__ARGS_NUM__MUT_001,4128,median,Numeric,0.001,0,False,NONE,NONE,NONE,"NONE"
PROBLEM_median__ARGS_NUM__MUT_001,4129,median,Numeric,0.001,0,True,39,468,292,"[LoadNum1-Num(1,9,12),LoadNum3-Num(12,11,3),SwapMem-Num(15,1,0),Close(11,10,3),Set-1-Num(5,0,1),Close(11,7,4),SubmitNum-Num(0,14,10),TestNumLessTEqu-Num(10,7,1),LoadNum2-Num(8,13,0),Floor-Num(15,15,14),Set-2-Num(4,0,15),Set-13-Num(14,15,5),Set-8-Num(8,1,5),Sub-Num(11,14,3),LoadNum1-Num(5,7,5),Set-0-Num(9,9,6),TestNumGreater-Num(0,4,7),SwapMem-Num(14,5,3),TestNumGreater-Num(2,2,10),LoadNum2-Num(0,12,3),Countdown-Num(5,10,2),LoadNum1-Num(11,4,12),Set-8-Num(13,10,14),Set-5-Num(4,10,14),TestNumLessTEqu-Num(0,14,10),Set-7-Num(3,4,0),Floor-Num(15,14,12),TestNumGreater-Num(15,12,5),Set-14-Num(13,2,15),TestNumLessTEqu-Num(7,7,7),SubmitNum-Num(14,9,10),LoadNum3-Num(14,15,7),IfNot-Num(10,7,5),TestNumLessTEqu-Num(11,2,2),If-Num(2,1,3),SubmitNum-Num(12,10,12),TestNumLessTEqu-Num(12,0,14),Countdown-Num(14,8,15),Set-9-Num(14,14,13)]"
PROBLEM_median__ARGS_NUM__MUT_001,4130,median,Numeric,0.001,0,True,42,412,412,"[SubmitNum-Num(2,12,0),LoadNum3-Num(15,10,3),TestNumLessTEqu-Num(15,1,13),IfNot-Num(13,1,12),LoadNum3-Num(3,8,10),Add-Num(11,0,8),Close(11,14,11),Close(11,14,11),TestNumEqu-Num(0,4,0),TestNumLessTEqu-Num(8,3,6),TestNumGreater-Num(9,6,15),While-Num(6,9,6),TestNumNEqu-Num(6,1,12),Mod-Num(9,12,5),LoadNum2-Num(6,4,0),TestNumLessTEqu-Num(1,4,15),Set-8-Num(7,15,15),Add-Num(1,0,3),Set-15-Num(3,4,6),TestNumLessTEqu-Num(4,14,15),Set-4-Num(1,9,6),Set-6-Num(5,8,14),While-Num(3,1,13),LoadNum3-Num(8,8,11),Set-16-Num(5,7,1),Set-11-Num(15,12,6),Set-16-Num(3,8,11),Set-1-Num(8,2,2),Set-14-Num(12,4,9),TestNumGreater-Num(15,6,1),SubmitNum-Num(2,11,8),TestNumNEqu-Num(12,7,12),LoadNum1-Num(11,13,11),TestNumLessTEqu-Num(6,11,14),Countdown-Num(12,9,1),SwapMem-Num(2,6,13),Close(6,0,1),While-Num(14,8,14),LoadNum1-Num(10,12,15),SubmitNum-Num(10,15,13),IfNot-Num(7,6,0),Div-Num(4,12,8)]"
PROBLEM_median__ARGS_NUM__MUT_001,4131,median,Numeric,0.001,0,True,30,480,480,"[Set-7-Num(11,1,3),While-Num(11,2,1),Add-Num(3,2,3),Floor-Num(13,13,0),SubmitNum-Num(2,2,6),Set-9-Num(1,5,3),Set-4-Num(0,11,5),LoadNum2-Num(14,11,11),LoadNum2-Num(12,8,7),IfNot-Num(6,7,5),LoadNum3-Num(5,2,11),LoadNum1-Num(15,10,9),Countdown-Num(0,4,4),TestNumGreaterTEqu-Num(14,5,0),LoadNum1-Num(5,0,6),LoadNum3-Num(14,6,6),TestNumLessTEqu-Num(12,5,11),TestNumLessTEqu-Num(15,2,3),Close(7,2,3),Close(15,15,3),SubmitNum-Num(5,1,6),LoadNum3-Num(1,10,13),LoadNum2-Num(5,4,15),Set-15-Num(6,2,9),TestNumNEqu-Num(7,11,1),While-Num(3,14,0),Add-Num(8,0,3),LoadNum3-Num(7,14,14),Dec-Num(11,7,0),Countdown-Num(0,4,15)]"
PROBLEM_median__ARGS_NUM__MUT_001,4132,median,Numeric,0.001,0,False,NONE,NONE,NONE,"NONE"
PROBLEM_median__ARGS_NUM__MUT_001,4133,median,Numeric,0.001,0,False,NONE,NONE,NONE,"NONE"
PROBLEM_median__ARGS_NUM__MUT_001,4134,median,Numeric,0.001,0,True,22,386,363,"[TestNumGreater-Num(2,0,8),TestNumLess-Num(1,2,15),LoadNum2-Num(10,1,8),SubmitNum-Num(1,7,5),LoadNum1-Num(1,6,14),If-Num(8,1,11),Sub-Num(15,11,8),SubmitNum-Num(1,7,5),Set-15-Num(15,6,14),Close(1,10,2),If-Num(8,1,11),LoadNum2-Num(15,11,8),LoadNum1-Num(8,10,9),LoadNum2-Num(2,7,1),Close(8,14,3),TestNumLess-Num(8,15,3),IfNot-Num(15,8,10),TestNumGreater-Num(10,0,3),LoadNum1-Num(2,14,11),Close(12,8,5),If-Num(3,8,15),SubmitNum-Num(2,10,9)]"
PROBLEM_median__ARGS_NUM__MUT_001,4135,median,Numeric,0.001,0,True,53,382,373,"[LoadNum1-Num(8,7,9),Mult-Num(2,11,10),Set-1-Num(6,13,11),Sub-Num(8,1,0),Sub-Num(0,11,10),Floor-Num(15,11,14),Set-3-Num(11,15,8),LoadNum1-Num(9,4,1),Set-8-Num(1,15,3),Close(11,0,0),Set-1-Num(12,13,4),TestNumLess-Num(0,6,6),TestNumGreaterTEqu-Num(1,1,0),Set-2-Num(12,0,9),Close(4,9,8),Close(8,13,14),Close(6,15,10),LoadNum3-Num(5,1,5),LoadNum2-Num(12,13,11),Mult-Num(8,0,1),TestNumGreaterTEqu-Num(10,0,14),SubmitNum-Num(8,12,14),Break(4,6,11),Set-10-Num(3,15,5),Set-0-Num(11,14,0),Div-Num(6,13,7),TestNumLess-Num(8,14,7),If-Num(14,3,12),Sub-Num(1,6,10),Set-5-Num(1,14,3),TestNumGreater-Num(10,2,5),TestNumGreater-Num(12,12,1),Set-7-Num(0,5,3),TestNumLess-Num(4,6,10),TestNumGreaterTEqu-Num(8,14,15),Set-5-Num(14,1,14),Close(15,4,3),Set-6-Num(10,6,1),TestNumGreater-Num(5,1,1),Set-8-Num(14,1,7),LoadNum1-Num(9,12,14),Set-15-Num(6,7,5),CopyMem-Num(2,14,3),While-Num(1,0,8),SubmitNum-Num(14,3,9),Set-16-Num(11,10,5),LoadNum2-Num(10,2,5),TestNumGreater-Num(2,12,1),SubmitNum-Num(10,0,15),LoadNum3-Num(8,4,1),Close(10,4,7),While-Num(12,13,8),Break(13,10,0)]"
PROBLEM_median__ARGS_NUM__MUT_001,4136,median,Numeric,0.001,0,False,NONE,NONE,NONE,"NONE"
PROBLEM_median__ARGS_NUM__MUT_001,4137,median,Numeric,0.001,0,False,NONE,NONE,NONE,"NONE"
PROBLEM_median__ARGS_NUM__MUT_001,4138,median,Numeric,0.001,0,True,34,489,489,"[Sub-Num(0,1,8),LoadNum2-Num(10,6,14),CopyMem-Num(2,6,1),Add-Num(12,6,11),Not-Num(9,0,4),Add-Num(10,8,15),Set-10-Num(10,5,11),Countdown-Num(10,14,10),Add-Num(12,11,10),Add-Num(12,11,10),TestNumLessTEqu-Num(0,10,11),Set-8-Num(3,6,6),SwapMem-Num(15,9,6),LoadNum1-Num(0,7,6),TestNumGreaterTEqu-Num(1,1,4),Mod-Num(9,1,7),Set-10-Num(7,4,5),Mod-Num(8,2,13),Div-Num(6,11,0),Add-Num(8,15,10),SubmitNum-Num(0,2,2),While-Num(3,1,7),IfNot-Num(5,12,0),LoadNum3-Num(14,7,6),Set-0-Num(2,15,3),TestNumGreaterTEqu-Num(6,10,5),TestNumGreaterTEqu-Num(1,14,12),Mult-Num(9,15,11),TestNumLess-Num(10,15,3),Inc-Num(5,7,14),SubmitNum-Num(1,0,7),While-Num(12,0,12),If-Num(3,15,2),SubmitNum-Num(0,0,14)]"
PROBLEM_median__ARGS_NUM__MUT_001,4139,median,Numeric,0.001,0,False,NONE,NONE,NONE,"NONE"
PROBLEM_median__ARGS_NUM__MUT_001,4140,median,Numeric,0.001,0,True,38,495,215,"[Close(10,4,0),TestNumEqu-Num(8,11,12),LoadNum3-Num(10,14,3),Div-Num(2,6,9),TestNumLess-Num(2,4,15),LoadNum3-Num(7,5,3),LoadNum1-Num(4,3,2),Set-15-Num(11,8,8),Inc-Num(4,3,7),Close(3,13,0),IfNot-Num(15,13,2),TestNumEqu-Num(13,10,4),Close(3,8,2),SubmitNum-Num(10,0,3),Set-9-Num(3,2,11),TestNumGreaterTEqu-Num(5,1,9),TestNumLess-Num(1,10,15),SubmitNum-Num(0,5,0),TestNumGreater-Num(2,0,14),LoadNum1-Num(10,14,7),LoadNum2-Num(0,3,11),IfNot-Num(14,13,14),Set-6-Num(1,11,1),TestNumLess-Num(0,10,7),While-Num(1,3,8),Set-16-Num(5,14,10),Set-9-Num(14,9,9),LoadNum1-Num(4,11,8),TestNumNEqu-Num(1,11,11),Floor-Num(11,6,11),Set-14-Num(12,9,7),Set-6-Num(5,9,11),Set-12-Num(12,0,11),Not-Num(1,13,14),Not-Num(5,6,2),SwapMem-Num(2,0,1),Set-2-Num(6,9,7),Set-0-Num(7,0,2)]"
PROBLEM_median__ARGS_NUM__MUT_001,4141,median,Numeric,0.001,0,True,22,329,157,"[LoadNum2-Num(14,5,14),Set-12-Num(11,6,14),While-Num(11,6,14),Set-4-Num(9,9,5),SubmitNum-Num(2,0,13),Set-6-Num(13,9,4),LoadNum1-Num(4,3,15),TestNumGreaterTEqu-Num(3,7,6),SwapMem-Num(2,0,7),Sub-Num(4,14,4),TestNumGreaterTEqu-Num(2,14,10),Not-Num(10,2,14),Add-Num(0,4,3),LoadNum1-Num(14,15,9),TestNumLessTEqu-Num(1,0,6),Add-Num(10,3,1),Countdown-Num(10,6,6),CopyMem-Num(6,5,6),LoadNum2-Num(1,1,13),Countdown-Num(13,7,5),While-Num(5,7,0),SubmitNum-Num(1,12,3)]"
PROBLEM_median__ARGS_NUM__MUT_001,4142,median,Numeric,0.001,0,True,38,465,382,"[LoadNum2-Num(5,5,12),Div-Num(12,5,13),LoadNum1-Num(9,0,13),Close(1,9,1),TestNumLessTEqu-Num(0,2,0),TestNumGreater-Num(5,9,9),Close(0,12,6),Mult-Num(10,15,4),TestNumGreaterTEqu-Num(1,2,8),SubmitNum-Num(2,7,7),LoadNum3-Num(11,11,9),Mod-Num(11,1,1),SwapMem-Num(9,0,13),LoadNum2-Num(5,5,12),Close(6,10,4),Countdown-Num(9,9,13),Not-Num(0,2,0),TestNumGreater-Num(4,8,1),TestNumGreater-Num(5,2,9),Close(8,4,5),LoadNum2-Num(1,1,12),TestNumLess-Num(6,0,15),Close(10,0,12),LoadNum1-Num(5,10,5),SubmitNum-Num(5,5,5),Not-Num(3,1,7),Sub-Num(11,0,15),LoadNum2-Num(11,15,14),Add-Num(15,9,12),While-Num(0,15,3),Close(8,4,8),SubmitNum-Num(12,6,4),TestNumGreaterTEqu-Num(1,15,13),SubmitNum-Num(1,14,5),TestNumLess-Num(12,11,9),Set-15-Num(14,12,5),While-Num(9,5,2),IfNot-Num(12,1,11)]"
PROBLEM_median__ARGS_NUM__MUT_001,4143,median,Numeric,0.001,0,True,37,500,363,"[LoadNum3-Num(3,7,9),TestNumLess-Num(0,3,3),Set-10-Num(8,7,11),CopyMem-Num(3,5,4),Set-5-Num(7,15,14),Mult-Num(4,11,1),SwapMem-Num(15,3,1),TestNumLess-Num(6,12,4),Close(14,1,6),Close(14,8,3),CopyMem-Num(13,8,1),SubmitNum-Num(0,4,12),LoadNum2-Num(7,11,9),IfNot-Num(13,8,10),TestNumNEqu-Num(10,9,2),Not-Num(11,12,13),TestNumEqu-Num(11,13,14),Set-10-Num(11,10,5),Set-9-Num(3,10,0),Floor-Num(14,6,10),LoadNum2-Num(6,13,2),Set-0-Num(6,13,1),Add-Num(0,2,6),SubmitNum-Num(7,6,7),TestNumLessTEqu-Num(0,7,3),LoadNum2-Num(14,2,8),TestNumGreater-Num(6,14,13),TestNumNEqu-Num(1,10,1),Add-Num(4,0,10),TestNumEqu-Num(15,3,1),If-Num(1,13,0),LoadNum3-Num(0,6,12),LoadNum2-Num(8,15,4),LoadNum3-Num(15,7,2),TestNumGreaterTEqu-Num(8,15,15),While-Num(15,9,0),TestNumGreaterTEqu-Num(10,14,15)]"
PROBLEM_median__ARGS_NUM__MUT_001,4144,median,Numeric,0.001,0,True,42,470,400,"[SwapMem-Num(1,12,12),Close(5,10,8),Set-6-Num(14,12,11),LoadNum3-Num(1,2,12),Set-1-Num(6,10,12),Close(8,8,10),LoadNum3-Num(14,1,12),SubmitNum-Num(2,6,10),Sub-Num(12,4,9),Set-13-Num(5,10,6),Set-16-Num(11,9,11),Add-Num(3,15,8),Inc-Num(2,2,0),LoadNum1-Num(10,7,1),Set-8-Num(6,5,2),SwapMem-Num(1,12,12),Set-1-Num(2,1,5),LoadNum2-Num(4,4,2),TestNumLessTEqu-Num(1,14,4),Add-Num(8,14,12),Floor-Num(10,13,14),If-Num(4,6,3),Sub-Num(11,7,6),Close(12,10,4),SubmitNum-Num(1,5,12),LoadNum3-Num(1,2,12),TestNumGreaterTEqu-Num(9,0,15),Break(7,8,7),SwapMem-Num(15,4,8),Countdown-Num(4,6,9),LoadNum1-Num(9,11,7),SubmitNum-Num(0,15,1),Set-14-Num(0,10,7),Dec-Num(5,14,8),LoadNum2-Num(2,12,9),Set-8-Num(10,4,11),Set-16-Num(5,12,13),Close(13,4,13),TestNumGreaterTEqu-Num(9,1,15),SwapMem-Num(15,4,9),If-Num(4,11,3),CopyMem-Num(7,7,3)]"
PROBLEM_median__ARGS_NUM__MUT_001,4145,median,Numeric,0.001,0,True,43,493,357,"[TestNumGreaterTEqu-Num(7,1,13),CopyMem-Num(0,13,4),Close(9,1,3),SwapMem-Num(7,13,12),TestNumGreater-Num(14,3,13),TestNumEqu-Num(8,6,8),LoadNum3-Num(14,6,4),Add-Num(10,5,5),TestNumGreaterTEqu-Num(15,13,15),Set-15-Num(1,1,12),While-Num(15,11,2),LoadNum1-Num(13,6,0),TestNumGreater-Num(1,12,3),Set-10-Num(3,13,1),SubmitNum-Num(13,2,13),LoadNum2-Num(4,6,8),TestNumLessTEqu-Num(14,0,0),TestNumNEqu-Num(9,0,10),TestNumGreaterTEqu-Num(4,7,9),Countdown-Num(10,12,0),Set-3-Num(11,11,11),SubmitNum-Num(4,15,8),Close(5,4,13),Countdown-Num(1,6,2),Set-10-Num(7,6,4),IfNot-Num(12,1,10),LoadNum2-Num(0,15,10),Countdown-Num(11,12,3),TestNumLess-Num(11,11,11),Set-5-Num(5,11,5),Set-7-Num(6,11,13),TestNumLessTEqu-Num(5,10,1),LoadNum2-Num(3,14,11),TestNumGreaterTEqu-Num(11,7,15),Close(5,4,7),Countdown-Num(1,12,2),Set-7-Num(11,8,14),LoadNum3-Num(5,14,2),TestNumGreaterTEqu-Num(13,6,12),SubmitNum-Num(2,2,10),LoadNum1-Num(0,10,1),LoadNum2-Num(10,7,4),TestNumGreater-Num(10,5,1)]"
PROBLEM_median__ARGS_NUM__MUT_001,4146,median,Numeric,0.001,0,False,NONE,NONE,NONE,"NONE"
PROBLEM_median__ARGS_NUM__MUT_001,4147,median,Numeric,0.001,0,False,NONE,NONE,NONE,"NONE"
PROBLEM_median__ARGS_NUM__MUT_001,4148,median,Numeric,0.001,0,False,NONE,NONE,NONE,"NONE"
PROBLEM_median__ARGS_NUM__MUT_001,4149,median,Numeric,0.001,0,True,37,487,461,"[Not-Num(8,2,11),TestNumLessTEqu-Num(2,0,13),Set-16-Num(0,2,12),Close(6,6,13),Set-15-Num(10,10,8),While-Num(0,11,14),LoadNum1-Num(3,8,3),Div-Num(3,13,2),Mult-Num(15,5,7),SubmitNum-Num(2,10,2),LoadNum1-Num(6,3,0),Dec-Num(15,1,7),If-Num(8,10,1),LoadNum3-Num(0,9,13),LoadNum1-Num(7,2,15),Sub-Num(13,2,5),SwapMem-Num(6,11,10),LoadNum3-Num(2,4,9),LoadNum3-Num(10,10,14),Add-Num(5,1,11),Sub-Num(0,3,13),Close(13,9,5),TestNumLessTEqu-Num(6,13,13),Set-10-Num(6,2,3),LoadNum2-Num(3,5,11),SwapMem-Num(1,5,1),TestNumGreater-Num(10,3,0),TestNumLessTEqu-Num(5,7,8),Set-12-Num(6,10,10),If-Num(8,9,1),Sub-Num(12,13,11),SwapMem-Num(7,3,6),SubmitNum-Num(7,0,6),Close(7,1,5),Set-5-Num(3,10,11),LoadNum1-Num(10,13,7),Set-5-Num(6,5,9)]"
PROBLEM_median__ARGS_NUM__MUT_001,4150,median,Numeric,0.001,0,True,18,481,306,"[LoadNum1-Num(10,5,15),Sub-Num(2,10,2),Sub-Num(9,10,14),Set-1-Num(5,12,6),Add-Num(14,1,7),Close(2,9,11),SwapMem-Num(7,15,13),SubmitNum-Num(1,2,6),Div-Num(2,15,2),TestNumLess-Num(2,5,12),Break(14,12,8),Sub-Num(2,13,15),If-Num(12,3,12),TestNumGreaterTEqu-Num(13,15,4),SubmitNum-Num(10,9,9),Countdown-Num(12,10,7),Sub-Num(8,4,12),LoadNum3-Num(1,9,14)]"
PROBLEM_median__ARGS_NUM__MUT_0025,4451,median,Numeric,0.0025,0,True,36,227,189,"[Set-13-Num(4,9,10),Close(1,7,5),Not-Num(12,0,0),Set-10-Num(9,4,9),LoadNum2-Num(12,2,5),TestNumLess-Num(2,1,12),SubmitNum-Num(1,6,14),If-Num(4,4,9),LoadNum2-Num(7,4,7),LoadNum2-Num(2,6,11),LoadNum3-Num(5,14,11),Close(3,9,11),SubmitNum-Num(7,2,5),Set-6-Num(3,6,10),Set-5-Num(7,0,5),Set-4-Num(4,0,11),Set-16-Num(9,1,9),TestNumGreaterTEqu-Num(0,5,8),Sub-Num(11,8,4),Dec-Num(10,11,5),Dec-Num(6,6,8),LoadNum1-Num(1,3,7),SwapMem-Num(11,5,1),LoadNum2-Num(10,14,1),Countdown-Num(12,10,12),TestNumGreaterTEqu-Num(0,10,8),Div-Num(13,4,2),Mod-Num(5,10,3),Set-1-Num(6,6,10),TestNumGreaterTEqu-Num(15,3,14),SubmitNum-Num(1,4,11),Set-0-Num(6,12,10),TestNumGreater-Num(8,12,4),SubmitNum-Num(11,11,7),Set-14-Num(3,4,2),TestNumLessTEqu-Num(0,11,12)]"
PROBLEM_median__ARGS_NUM__MUT_0025,4452,median,Numeric,0.0025,0,True,23,459,341,"[LoadNum3-Num(3,8,0),Set-15-Num(11,13,12),SubmitNum-Num(0,14,7),Set-5-Num(15,12,1),TestNumGreater-Num(3,0,9),While-Num(15,9,8),While-Num(9,10,4),TestNumGreaterTEqu-Num(0,1,10),While-Num(10,4,12),Close(11,1,1),TestNumEqu-Num(14,11,15),Add-Num(2,12,4),LoadNum2-Num(9,3,8),SubmitNum-Num(9,12,12),TestNumLessTEqu-Num(9,4,13),Mod-Num(13,11,9),Close(5,13,0),SubmitNum-Num(2,1,8),Set-15-Num(9,3,0),LoadNum3-Num(0,9,7),While-Num(9,9,10),LoadNum1-Num(2,9,13),Break(11,6,3)]"
PROBLEM_median__ARGS_NUM__MUT_0025,4453,median,Numeric,0.0025,0,False,NONE,NONE,NONE,"NONE"
PROBLEM_median__ARGS_NUM__MUT_0025,4454,median,Numeric,0.0025,0,False,NONE,NONE,NONE,"NONE"
PROBLEM_median__ARGS_NUM__MUT_0025,4455,median,Numeric,0.0025,0,False,NONE,NONE,NONE,"NONE"
PROBLEM_median__ARGS_NUM__MUT_0025,4456,median,Numeric,0.0025,0,True,34,330,212,"[Close(3,13,9),LoadNum1-Num(12,5,11),Set-12-Num(13,15,12),TestNumGreater-Num(2,1,11),CopyMem-Num(0,9,8),SwapMem-Num(6,6,8),SwapMem-Num(1,12,15),Countdown-Num(13,9,1),SwapMem-Num(3,14,1),LoadNum2-Num(8,7,8),TestNumGreaterTEqu-Num(8,9,4),TestNumLess-Num(2,3,1),Set-6-Num(14,13,12),TestNumGreaterTEqu-Num(9,2,14),Set-9-Num(10,14,3),Set-4-Num(6,4,5),Set-10-Num(5,3,6),SubmitNum-Num(0,3,14),Set-8-Num(6,4,3),Countdown-Num(14,0,14),SwapMem-Num(9,8,6),Set-11-Num(4,7,4),Add-Num(8,15,6),TestNumLess-Num(12,6,12),Set-3-Num(15,2,8),Mod-Num(12,15,10),Sub-Num(4,10,11),Close(0,5,13),If-Num(4,2,11),Set-8-Num(7,12,10),SubmitNum-Num(2,14,10),If-Num(11,0,15),Countdown-Num(10,3,9),LoadNum2-Num(0,15,4)]"
PROBLEM_median__ARGS_NUM__MUT_0025,4457,median,Numeric,0.0025,0,True,19,231,212,"[LoadNum1-Num(7,7,11),LoadNum1-Num(9,10,3),TestNumEqu-Num(6,8,4),LoadNum2-Num(2,4,8),While-Num(4,4,5),TestNumGreater-Num(2,9,8),Div-Num(9,8,14),LoadNum3-Num(9,4,1),TestNumNEqu-Num(0,7,6),Inc-Num(7,12,0),IfNot-Num(8,7,5),SwapMem-Num(0,2,6),LoadNum1-Num(14,5,10),Close(10,10,11),While-Num(6,6,0),SubmitNum-Num(0,14,14),TestNumGreater-Num(14,0,13),While-Num(13,4,15),SubmitNum-Num(9,13,3)]"
PROBLEM_median__ARGS_NUM__MUT_0025,4458,median,Numeric,0.0025,0,True,62,500,495,"[Set-10-Num(14,9,13),CopyMem-Num(12,3,4),TestNumLess-Num(2,4,3),LoadNum2-Num(11,9,5),Set-16-Num(15,0,7),IfNot-Num(7,3,14),Set-9-Num(1,13,14),Mult-Num(8,1,8),SubmitNum-Num(0,15,10),CopyMem-Num(0,3,1),LoadNum2-Num(7,13,9),Div-Num(1,7,6),Countdown-Num(1,2,1),Set-2-Num(6,5,13),TestNumGreaterTEqu-Num(12,5,12),Not-Num(3,2,3),TestNumEqu-Num(7,8,3),Set-2-Num(9,12,10),Set-9-Num(15,9,7),Mult-Num(0,12,6),LoadNum3-Num(15,0,3),LoadNum1-Num(3,1,2),Div-Num(15,12,12),TestNumGreater-Num(7,3,4),TestNumLessTEqu-Num(6,2,7),TestNumLessTEqu-Num(2,0,12),Div-Num(7,15,9),While-Num(4,7,3),CopyMem-Num(13,15,7),TestNumEqu-Num(2,8,3),SwapMem-Num(12,9,4),Dec-Num(4,1,11),Set-11-Num(14,7,13),Set-1-Num(5,2,1),Close(9,10,15),Set-12-Num(5,15,11),LoadNum3-Num(7,12,11),Set-2-Num(4,8,12),Sub-Num(4,3,13),Set-15-Num(0,2,7),Div-Num(15,1,8),Add-Num(2,2,0),Set-10-Num(6,1,6),Div-Num(0,4,3),Set-8-Num(9,6,2),Set-5-Num(0,0,7),Countdown-Num(12,11,8),Countdown-Num(4,11,0),SubmitNum-Num(3,6,4),LoadNum1-Num(0,8,1),TestNumNEqu-Num(8,7,9),Set-16-Num(8,3,13),Set-8-Num(2,2,6),TestNumNEqu-Num(3,9,8),Sub-Num(5,13,1),Set-4-Num(5,4,5),SubmitNum-Num(11,9,3),Set-16-Num(6,15,3),TestNumGreater-Num(7,11,8),If-Num(8,0,12),CopyMem-Num(0,12,14),Set-10-Num(7,4,15)]"
PROBLEM_median__ARGS_NUM__MUT_0025,4459,median,Numeric,0.0025,0,False,NONE,NONE,NONE,"NONE"
PROBLEM_median__ARGS_NUM__MUT_0025,4460,median,Numeric,0.0025,0,True,34,420,267,"[TestNumLess-Num(2,1,3),Close(8,11,15),Mod-Num(14,6,12),Floor-Num(1,8,11),Mod-Num(5,11,4),TestNumGreaterTEqu-Num(15,3,0),LoadNum1-Num(12,15,4),Set-4-Num(9,10,5),Set-3-Num(15,13,9),LoadNum3-Num(3,8,9),LoadNum3-Num(5,14,12),SubmitNum-Num(2,15,11),TestNumLess-Num(10,4,9),LoadNum3-Num(2,3,13),TestNumGreater-Num(1,2,7),LoadNum1-Num(15,1,1),While-Num(0,5,12),Set-8-Num(10,0,3),TestNumNEqu-Num(13,14,0),Inc-Num(6,14,1),Dec-Num(15,13,10),SubmitNum-Num(12,11,8),Not-Num(3,5,1),Mult-Num(10,2,4),Add-Num(1,14,2),Set-8-Num(11,5,10),TestNumGreaterTEqu-Num(1,12,0),While-Num(0,8,9),TestNumGreater-Num(13,8,11),TestNumGreaterTEqu-Num(13,3,0),Set-3-Num(3,6,5),Close(10,3,3),Div-Num(4,11,15),LoadNum1-Num(3,11,9)]"
PROBLEM_median__ARGS_NUM__MUT_0025,4461,median,Numeric,0.0025,0,True,25,432,274,"[SubmitNum-Num(12,14,8),LoadNum3-Num(8,7,4),LoadNum2-Num(0,13,13),While-Num(8,11,0),Add-Num(1,9,10),SubmitNum-Num(8,10,2),Dec-Num(12,6,4),LoadNum1-Num(13,11,9),LoadNum1-Num(3,8,8),SwapMem-Num(0,9,0),Set-14-Num(0,12,10),TestNumLess-Num(10,3,5),SubmitNum-Num(9,13,15),While-Num(2,3,14),SwapMem-Num(13,1,14),TestNumGreaterTEqu-Num(13,8,11),TestNumEqu-Num(11,5,10),IfNot-Num(10,15,11),LoadNum1-Num(13,0,15),SubmitNum-Num(13,6,0),TestNumGreaterTEqu-Num(13,8,11),TestNumEqu-Num(11,5,10),TestNumEqu-Num(11,0,2),IfNot-Num(10,12,7),Return(4,14,10)]"
PROBLEM_median__ARGS_NUM__MUT_0025,4462,median,Numeric,0.0025,0,False,NONE,NONE,NONE,"NONE"
PROBLEM_median__ARGS_NUM__MUT_0025,4463,median,Numeric,0.0025,0,False,NONE,NONE,NONE,"NONE"
PROBLEM_median__ARGS_NUM__MUT_0025,4464,median,Numeric,0.0025,0,False,NONE,NONE,NONE,"NONE"
PROBLEM_median__ARGS_NUM__MUT_0025,4465,median,Numeric,0.0025,0,True,15,414,265,"[Set-14-Num(9,10,0),Countdown-Num(9,11,2),SubmitNum-Num(0,4,8),TestNumGreaterTEqu-Num(2,1,14),TestNumLessTEqu-Num(0,2,5),CopyMem-Num(14,13,15),While-Num(5,13,4),TestNumLessTEqu-Num(1,0,5),Close(2,2,4),SubmitNum-Num(2,2,8),SwapMem-Num(2,1,14),While-Num(13,10,11),TestNumLess-Num(1,0,12),IfNot-Num(12,1,14),SubmitNum-Num(2,5,11)]"
PROBLEM_median__ARGS_NUM__MUT_0025,4466,median,Numeric,0.0025,0,True,51,443,345,"[TestNumLess-Num(2,0,15),Set-1-Num(3,12,9),Close(12,2,3),Set-0-Num(14,13,3),IfNot-Num(14,10,14),LoadNum3-Num(0,8,14),SubmitNum-Num(8,3,15),LoadNum3-Num(9,14,9),Set-8-Num(11,9,14),Set-16-Num(10,9,8),Set-1-Num(9,1,11),LoadNum1-Num(10,1,14),SubmitNum-Num(6,8,12),TestNumLess-Num(12,15,9),TestNumEqu-Num(4,9,6),TestNumGreaterTEqu-Num(11,14,8),Sub-Num(1,15,14),TestNumGreaterTEqu-Num(1,10,10),SubmitNum-Num(0,6,11),SwapMem-Num(4,8,4),Set-10-Num(5,10,13),TestNumLessTEqu-Num(13,13,12),Floor-Num(8,7,7),LoadNum3-Num(4,9,0),While-Num(4,10,13),Not-Num(10,13,15),Set-5-Num(13,5,12),Dec-Num(8,7,2),Set-3-Num(12,10,3),Countdown-Num(10,6,10),LoadNum2-Num(8,2,15),TestNumGreaterTEqu-Num(14,4,12),Set-13-Num(4,3,5),Mod-Num(1,13,5),LoadNum1-Num(6,12,5),Set-16-Num(14,2,8),While-Num(12,0,10),Set-1-Num(11,10,2),Set-5-Num(5,11,10),If-Num(15,2,9),LoadNum2-Num(0,15,8),TestNumLessTEqu-Num(13,9,15),Set-3-Num(4,0,14),Set-14-Num(9,15,7),Mod-Num(14,9,5),TestNumEqu-Num(7,4,15),Set-10-Num(3,11,12),Set-16-Num(0,13,0),LoadNum1-Num(14,13,9),Add-Num(14,7,2),SubmitNum-Num(14,8,11)]"
PROBLEM_median__ARGS_NUM__MUT_0025,4467,median,Numeric,0.0025,0,True,15,375,287,"[Close(15,1,4),TestNumGreater-Num(2,0,14),SubmitNum-Num(0,13,11),LoadNum2-Num(0,14,3),LoadNum1-Num(11,7,1),Countdown-Num(14,7,6),SubmitNum-Num(2,14,3),LoadNum1-Num(2,13,5),LoadNum3-Num(11,5,14),Close(2,9,4),Break(3,14,11),TestNumGreater-Num(11,0,14),Countdown-Num(14,6,9),Countdown-Num(10,14,1),Set-16-Num(7,15,14)]"
PROBLEM_median__ARGS_NUM__MUT_0025,4468,median,Numeric,0.0025,0,True,39,499,250,"[Set-4-Num(14,11,6),Inc-Num(0,12,8),Countdown-Num(14,2,6),Close(0,0,13),Close(2,9,10),LoadNum3-Num(3,8,3),Close(3,14,6),LoadNum3-Num(12,10,14),Set-1-Num(8,2,3),Add-Num(0,12,6),SubmitNum-Num(10,1,0),LoadNum2-Num(5,9,5),TestNumNEqu-Num(14,5,4),Inc-Num(7,1,5),Set-4-Num(10,0,9),Floor-Num(8,10,9),Break(9,4,5),TestNumGreater-Num(0,3,14),Set-0-Num(6,11,2),Countdown-Num(14,12,8),Set-8-Num(4,12,15),Set-2-Num(11,12,6),LoadNum3-Num(12,7,4),SubmitNum-Num(12,4,7),Sub-Num(3,15,10),Sub-Num(5,10,15),Close(13,11,6),Div-Num(7,6,4),LoadNum1-Num(0,9,7),Set-5-Num(13,12,7),SubmitNum-Num(5,12,9),TestNumGreaterTEqu-Num(5,0,1),SwapMem-Num(3,15,3),LoadNum2-Num(9,10,1),LoadNum1-Num(10,1,0),TestNumEqu-Num(12,9,0),Countdown-Num(1,6,14),TestNumLessTEqu-Num(2,9,0),Countdown-Num(13,8,3)]"
PROBLEM_median__ARGS_NUM__MUT_0025,4469,median,Numeric,0.0025,0,True,33,349,329,"[Set-12-Num(1,12,11),Set-8-Num(4,5,4),Not-Num(12,7,9),Set-6-Num(13,1,6),While-Num(12,1,12),Set-8-Num(3,8,6),SubmitNum-Num(9,14,14),If-Num(1,10,3),SubmitNum-Num(14,13,4),Set-10-Num(11,15,0),Set-11-Num(5,13,11),LoadNum3-Num(13,6,14),LoadNum1-Num(7,6,13),Set-16-Num(1,1,15),While-Num(4,7,2),LoadNum2-Num(14,11,8),Not-Num(8,0,1),Set-3-Num(15,11,5),LoadNum1-Num(10,2,3),Div-Num(10,4,0),SubmitNum-Num(2,3,4),TestNumLess-Num(10,14,6),Sub-Num(0,1,1),Set-12-Num(12,14,3),LoadNum1-Num(9,14,4),TestNumLess-Num(14,13,4),TestNumLess-Num(2,9,7),Floor-Num(1,0,4),TestNumEqu-Num(4,6,1),IfNot-Num(7,3,9),TestNumEqu-Num(12,6,12),SwapMem-Num(12,4,4),IfNot-Num(5,4,3)]"
PROBLEM_median__ARGS_NUM__MUT_0025,4470,median,Numeric,0.0025,0,True,32,447,420,"[SubmitNum-Num(1,7,12),LoadNum3-Num(7,14,5),TestNumLessTEqu-Num(1,0,4),LoadNum3-Num(9,2,5),Countdown-Num(4,1,6),Countdown-Num(8,2,4),Close(5,3,0),TestNumGreaterTEqu-Num(1,7,4),LoadNum1-Num(1,15,6),TestNumLess-Num(4,5,2),Close(5,2,7),TestNumLess-Num(0,2,11),Set-14-Num(15,6,6),Inc-Num(9,5,11),TestNumNEqu-Num(6,7,6),Set-10-Num(8,7,6),Not-Num(10,6,2),Set-12-Num(12,3,15),Countdown-Num(10,11,0),Floor-Num(5,3,0),TestNumLessTEqu-Num(9,1,4),IfNot-Num(2,13,1),SubmitNum-Num(0,7,10),Close(4,13,11),If-Num(4,8,3),CopyMem-Num(11,2,9),LoadNum1-Num(1,12,13),Set-1-Num(10,13,4),LoadNum2-Num(9,9,11),SubmitNum-Num(7,10,6),Mult-Num(11,1,8),Close(0,9,12)]"
PROBLEM_median__ARGS_NUM__MUT_0025,4471,median,Numeric,0.0025,0,True,18,484,400,"[LoadNum1-Num(12,11,1),SubmitNum-Num(2,14,1),Mod-Num(1,0,5),LoadNum2-Num(0,9,1),TestNumGreater-Num(0,2,7),Sub-Num(0,5,8),TestNumGreater-Num(2,12,11),Close(3,12,7),Set-5-Num(14,12,14),TestNumEqu-Num(11,7,5),Div-Num(12,14,3),IfNot-Num(5,7,13),SubmitNum-Num(12,5,2),CopyMem-Num(3,5,11),TestNumLessTEqu-Num(5,8,11),LoadNum2-Num(12,10,10),IfNot-Num(14,1,11),Set-13-Num(0,1,0)]"
PROBLEM_median__ARGS_NUM__MUT_0025,4472,median,Numeric,0.0025,0,True,39,251,108,"[SubmitNum-Num(2,14,8),TestNumGreater-Num(2,0,12),TestNumGreaterTEqu-Num(2,1,2),IfNot-Num(12,11,13),TestNumLessTEqu-Num(2,13,2),Close(4,15,9),LoadNum2-Num(10,14,9),While-Num(2,7,6),Mult-Num(10,5,2),Set-15-Num(1,5,0),LoadNum2-Num(1,4,5),CopyMem-Num(13,1,9),Set-6-Num(3,0,2),Set-8-Num(2,1,5),Set-2-Num(12,12,3),Set-4-Num(1,7,6),LoadNum1-Num(3,12,11),Dec-Num(11,15,14),Set-2-Num(8,2,11),Mod-Num(5,10,4),TestNumLess-Num(6,5,4),Set-6-Num(12,14,0),Add-Num(15,1,11),Not-Num(5,9,0),Div-Num(12,3,2),TestNumGreater-Num(14,6,12),LoadNum2-Num(5,12,3),SubmitNum-Num(5,11,9),TestNumLessTEqu-Num(10,3,4),IfNot-Num(4,12,10),Countdown-Num(1,9,3),Close(6,9,13),Close(2,0,2),Not-Num(1,11,4),Dec-Num(5,3,12),IfNot-Num(1,12,7),Close(3,15,14),Div-Num(15,1,14),SubmitNum-Num(0,2,15)]"
PROBLEM_median__ARGS_NUM__MUT_0025,4473,median,Numeric,0.0025,0,True,26,319,315,"[Set-5-Num(14,6,7),Countdown-Num(14,11,1),SubmitNum-Num(10,11,3),LoadNum3-Num(3,6,4),SwapMem-Num(2,0,11),TestNumGreaterTEqu-Num(5,7,14),TestNumGreater-Num(14,6,7),LoadNum2-Num(13,0,4),LoadNum1-Num(10,3,0),TestNumGreater-Num(10,0,0),Countdown-Num(0,1,6),Set-2-Num(14,6,15),SwapMem-Num(13,3,7),Close(13,11,13),LoadNum2-Num(10,9,13),Sub-Num(10,2,0),If-Num(7,7,13),Countdown-Num(0,9,1),Dec-Num(14,6,7),TestNumGreaterTEqu-Num(0,15,0),Set-2-Num(15,14,7),TestNumLessTEqu-Num(3,13,12),Not-Num(12,15,5),SubmitNum-Num(2,11,3),IfNot-Num(12,5,15),LoadNum3-Num(10,15,10)]"
PROBLEM_median__ARGS_NUM__MUT_0025,4474,median,Numeric,0.0025,0,True,27,445,280,"[LoadNum2-Num(3,14,2),Close(8,8,13),LoadNum1-Num(15,4,4),IfNot-Num(6,4,13),TestNumLess-Num(2,3,8),SubmitNum-Num(14,13,5),While-Num(9,9,8),Set-11-Num(10,13,5),LoadNum3-Num(0,4,14),Set-8-Num(6,4,3),TestNumLessTEqu-Num(13,1,9),Set-13-Num(2,6,14),SubmitNum-Num(3,0,2),LoadNum3-Num(3,5,0),While-Num(9,4,14),Close(12,11,15),TestNumLessTEqu-Num(0,13,9),Set-4-Num(12,2,14),LoadNum1-Num(8,6,0),SubmitNum-Num(8,5,12),Close(0,1,6),LoadNum1-Num(13,0,0),Set-6-Num(9,5,6),Countdown-Num(8,6,9),LoadNum3-Num(14,14,0),TestNumLessTEqu-Num(14,15,9),SwapMem-Num(1,13,13)]"
PROBLEM_median__ARGS_NUM__MUT_0025,4475,median,Numeric,0.0025,0,True,21,482,225,"[LoadNum2-Num(7,5,0),TestNumLessTEqu-Num(7,2,6),Set-5-Num(1,5,14),SubmitNum-Num(0,7,8),Countdown-Num(1,8,2),TestNumGreaterTEqu-Num(2,0,4),LoadNum1-Num(2,4,9),LoadNum2-Num(0,7,3),Set-7-Num(3,2,12),Set-8-Num(9,15,5),TestNumGreater-Num(1,7,14),TestNumNEqu-Num(4,6,4),TestNumGreater-Num(11,5,8),SwapMem-Num(13,8,11),If-Num(4,15,14),SubmitNum-Num(0,7,8),LoadNum3-Num(0,13,5),LoadNum2-Num(11,3,1),Dec-Num(9,13,0),TestNumGreater-Num(4,3,3),SubmitNum-Num(0,7,8)]"
PROBLEM_median__ARGS_NUM__MUT_0025,4476,median,Numeric,0.0025,0,True,23,428,205,"[LoadNum2-Num(13,6,4),LoadNum3-Num(6,11,12),Close(0,3,6),LoadNum2-Num(3,2,4),Sub-Num(13,10,9),Close(10,12,5),SubmitNum-Num(3,13,13),TestNumGreater-Num(6,0,15),Sub-Num(0,11,8),TestNumLess-Num(9,8,6),LoadNum1-Num(3,4,0),IfNot-Num(6,15,2),SubmitNum-Num(8,11,0),LoadNum3-Num(6,11,12),LoadNum2-Num(3,14,10),Close(7,3,2),Add-Num(14,13,12),Add-Num(15,2,13),LoadNum3-Num(0,11,2),IfNot-Num(15,15,13),TestNumGreater-Num(0,12,6),IfNot-Num(6,12,14),Dec-Num(10,7,11)]"
PROBLEM_median__ARGS_NUM__MUT_0025,4477,median,Numeric,0.0025,0,True,38,367,188,"[Set-12-Num(10,2,3),LoadNum1-Num(6,4,8),LoadNum3-Num(13,9,2),While-Num(10,4,3),Sub-Num(14,9,15),Set-9-Num(2,1,6),Set-15-Num(3,10,15),TestNumLessTEqu-Num(6,13,1),Floor-Num(3,0,11),TestNumLess-Num(5,1,15),Add-Num(8,15,2),TestNumLessTEqu-Num(11,2,12),Set-7-Num(12,15,9),TestNumGreater-Num(5,2,6),Set-10-Num(4,12,5),Floor-Num(11,7,3),LoadNum3-Num(15,4,2),Set-10-Num(3,6,6),LoadNum2-Num(9,14,14),While-Num(1,8,15),SubmitNum-Num(0,11,6),Set-0-Num(7,5,0),TestNumLessTEqu-Num(0,13,1),Set-4-Num(6,6,1),TestNumLess-Num(9,15,10),Floor-Num(0,2,0),Set-11-Num(3,0,7),Set-9-Num(6,5,14),SubmitNum-Num(9,14,14),SwapMem-Num(0,15,13),If-Num(10,14,14),LoadNum2-Num(13,6,13),Close(1,1,13),Close(15,1,9),If-Num(10,4,3),CopyMem-Num(9,6,14),LoadNum1-Num(13,11,14),SubmitNum-Num(0,5,5)]"
PROBLEM_median__ARGS_NUM__MUT_0025,4478,median,Numeric,0.0025,0,False,NONE,NONE,NONE,"NONE"
PROBLEM_median__ARGS_NUM__MUT_0025,4479,median,Numeric,0.0025,0,True,22,499,227,"[SubmitNum-Num(2,5,12),LoadNum1-Num(13,11,4),TestNumGreater-Num(1,2,3),TestNumGreater-Num(2,13,8),LoadNum2-Num(6,8,9),LoadNum2-Num(12,15,0),If-Num(3,8,5),LoadNum1-Num(10,7,10),TestNumGreater-Num(10,2,8),Close(12,4,1),TestNumLess-Num(6,0,13),Countdown-Num(13,12,10),Close(1,15,6),While-Num(8,5,11),TestNumNEqu-Num(0,6,6),Set-4-Num(7,11,9),TestNumEqu-Num(13,8,15),LoadNum1-Num(4,0,12),SubmitNum-Num(4,5,1),LoadNum2-Num(9,8,13),Set-6-Num(13,11,4),SubmitNum-Num(9,2,13)]"
PROBLEM_median__ARGS_NUM__MUT_0025,4480,median,Numeric,0.0025,0,True,26,408,117,"[LoadNum2-Num(10,8,1),SubmitNum-Num(1,10,1),TestNumGreater-Num(0,10,14),LoadNum3-Num(8,7,2),TestNumGreater-Num(1,8,12),LoadNum1-Num(8,10,10),Countdown-Num(14,1,0),TestNumLessTEqu-Num(1,2,12),Close(9,0,14),Add-Num(8,5,2),If-Num(12,6,10),LoadNum3-Num(1,4,15),Set-4-Num(14,1,12),Countdown-Num(14,1,14),Set-16-Num(14,10,3),Set-0-Num(7,15,9),TestNumLessTEqu-Num(1,2,12),TestNumLessTEqu-Num(14,4,5),Inc-Num(3,4,0),Set-4-Num(10,11,14),If-Num(12,10,15),Close(3,2,14),SubmitNum-Num(8,6,12),Countdown-Num(3,10,11),Set-1-Num(7,12,13),SubmitNum-Num(1,5,3)]"
PROBLEM_median__ARGS_NUM__MUT_0025,4481,median,Numeric,0.0025,0,False,NONE,NONE,NONE,"NONE"
PROBLEM_median__ARGS_NUM__MUT_0025,4482,median,Numeric,0.0025,0,True,27,474,221,"[LoadNum3-Num(9,9,5),TestNumGreaterTEqu-Num(2,1,4),LoadNum1-Num(7,0,13),Close(12,8,0),TestNumGreater-Num(6,2,15),Add-Num(8,7,15),TestNumNEqu-Num(1,6,8),Set-12-Num(8,4,10),LoadNum2-Num(2,15,14),SubmitNum-Num(1,10,12),If-Num(4,1,10),TestNumGreater-Num(9,0,13),Close(13,11,13),TestNumLessTEqu-Num(2,0,10),TestNumLess-Num(5,13,7),LoadNum3-Num(2,10,0),Set-6-Num(13,1,7),LoadNum3-Num(1,5,1),Set-5-Num(6,10,3),Set-12-Num(11,11,13),TestNumLess-Num(2,15,13),Countdown-Num(8,9,5),TestNumNEqu-Num(4,10,8),Close(3,0,10),SubmitNum-Num(0,8,4),While-Num(7,3,13),Set-4-Num(12,6,4)]"
PROBLEM_median__ARGS_NUM__MUT_0025,4483,median,Numeric,0.0025,0,True,17,418,242,"[Set-8-Num(15,10,12),LoadNum3-Num(1,12,3),Countdown-Num(15,13,6),TestNumLess-Num(1,0,6),LoadNum3-Num(15,5,3),LoadNum1-Num(3,4,14),Sub-Num(6,9,9),SubmitNum-Num(1,1,2),SwapMem-Num(1,0,4),Countdown-Num(9,9,5),LoadNum2-Num(0,10,12),CopyMem-Num(4,9,11),Set-4-Num(4,12,6),TestNumLess-Num(3,0,6),IfNot-Num(6,4,4),TestNumLess-Num(0,15,6),Sub-Num(6,11,9)]"
PROBLEM_median__ARGS_NUM__MUT_0025,4484,median,Numeric,0.0025,0,True,21,382,212,"[TestNumLess-Num(1,2,6),SubmitNum-Num(5,4,11),LoadNum2-Num(7,8,12),While-Num(2,13,5),LoadNum2-Num(11,7,5),LoadNum1-Num(4,8,15),SwapMem-Num(7,9,2),Floor-Num(6,6,0),TestNumLessTEqu-Num(9,4,3),Set-16-Num(9,12,5),SubmitNum-Num(4,11,0),LoadNum3-Num(8,7,4),Set-6-Num(0,1,11),Add-Num(2,3,7),SubmitNum-Num(1,6,3),Set-4-Num(10,11,1),SubmitNum-Num(8,8,6),TestNumNEqu-Num(3,6,13),IfNot-Num(13,3,8),Set-15-Num(5,14,12),If-Num(10,14,12)]"
PROBLEM_median__ARGS_NUM__MUT_0025,4485,median,Numeric,0.0025,0,True,18,375,347,"[SubmitNum-Num(1,10,7),SwapMem-Num(1,15,3),LoadNum1-Num(12,4,14),TestNumGreater-Num(12,15,4),Set-1-Num(13,8,15),LoadNum3-Num(3,10,13),While-Num(13,6,11),CopyMem-Num(3,14,15),Div-Num(15,4,3),SwapMem-Num(0,2,0),TestNumGreaterTEqu-Num(2,14,1),While-Num(1,0,12),TestNumGreaterTEqu-Num(15,2,1),If-Num(1,9,4),SubmitNum-Num(2,8,1),Close(14,1,4),LoadNum3-Num(15,6,4),Inc-Num(3,7,10)]"
PROBLEM_median__ARGS_NUM__MUT_0025,4486,median,Numeric,0.0025,0,True,11,470,145,"[Set-7-Num(10,14,14),While-Num(10,15,7),SwapMem-Num(1,0,7),SubmitNum-Num(1,0,14),TestNumGreaterTEqu-Num(2,1,7),If-Num(7,4,0),SwapMem-Num(1,2,7),SubmitNum-Num(1,4,9),Close(10,3,2),TestNumLess-Num(1,0,7),While-Num(7,6,15)]"
PROBLEM_median__ARGS_NUM__MUT_0025,4487,median,Numeric,0.0025,0,True,20,471,380,"[Set-5-Num(8,15,14),LoadNum3-Num(7,9,5),TestNumGreaterTEqu-Num(1,7,7),TestNumGreaterTEqu-Num(0,1,10),TestNumGreater-Num(0,2,0),Countdown-Num(8,1,13),LoadNum2-Num(2,14,14),Set-15-Num(11,2,5),Sub-Num(7,3,12),SubmitNum-Num(12,12,7),Sub-Num(7,0,14),LoadNum1-Num(7,15,14),Set-5-Num(13,10,1),TestNumEqu-Num(10,0,12),Countdown-Num(12,6,13),SubmitNum-Num(2,3,2),LoadNum3-Num(2,10,7),If-Num(14,5,1),Countdown-Num(11,9,10),Set-16-Num(12,3,8)]"
PROBLEM_median__ARGS_NUM__MUT_0025,4488,median,Numeric,0.0025,0,True,35,395,379,"[Set-7-Num(0,10,4),Close(4,6,3),LoadNum2-Num(15,1,12),SwapMem-Num(2,1,8),Close(9,6,1),LoadNum3-Num(11,12,7),Set-2-Num(7,9,15),SubmitNum-Num(0,13,13),LoadNum1-Num(1,15,5),LoadNum3-Num(12,4,1),Set-2-Num(4,14,10),Dec-Num(8,2,9),TestNumNEqu-Num(3,8,0),TestNumLessTEqu-Num(13,4,11),While-Num(0,3,14),Add-Num(14,14,9),SubmitNum-Num(2,15,1),LoadNum2-Num(0,1,5),Countdown-Num(4,13,15),Not-Num(4,4,8),CopyMem-Num(1,8,5),TestNumLess-Num(13,8,9),Mod-Num(13,10,12),TestNumLess-Num(1,15,15),Set-1-Num(13,5,6),TestNumGreaterTEqu-Num(12,8,8),TestNumLessTEqu-Num(0,1,4),Set-6-Num(13,9,0),LoadNum3-Num(6,11,5),If-Num(8,8,2),SubmitNum-Num(6,3,7),TestNumLessTEqu-Num(6,2,4),Div-Num(15,8,8),Set-12-Num(15,9,6),Break(8,11,11)]"
PROBLEM_median__ARGS_NUM__MUT_0025,4489,median,Numeric,0.0025,0,True,42,470,310,"[LoadNum2-Num(11,3,7),Close(8,12,7),TestNumGreater-Num(12,4,10),Mult-Num(0,11,1),TestNumLess-Num(11,0,1),TestNumNEqu-Num(8,15,15),TestNumLess-Num(10,0,6),Not-Num(1,0,8),Floor-Num(0,3,1),Close(3,12,13),While-Num(1,1,8),Set-10-Num(5,4,13),SubmitNum-Num(0,6,9),Not-Num(9,13,14),Not-Num(1,2,8),Close(8,14,14),Set-13-Num(12,13,3),Mod-Num(4,0,7),Sub-Num(9,2,3),TestNumEqu-Num(1,8,4),TestNumLess-Num(2,0,1),Break(2,14,15),CopyMem-Num(13,2,2),Set-7-Num(3,12,9),Not-Num(1,8,14),Add-Num(15,5,0),While-Num(1,8,4),SubmitNum-Num(13,7,15),LoadNum3-Num(13,9,13),CopyMem-Num(7,10,10),SwapMem-Num(13,11,1),LoadNum1-Num(0,0,14),SubmitNum-Num(13,9,13),TestNumLessTEqu-Num(13,11,1),If-Num(4,2,15),Close(8,5,13),While-Num(1,3,10),CopyMem-Num(0,11,1),Set-1-Num(5,5,5),LoadNum3-Num(13,0,2),Not-Num(1,14,8),TestNumEqu-Num(9,5,1)]"
PROBLEM_median__ARGS_NUM__MUT_0025,4490,median,Numeric,0.0025,0,True,41,420,369,"[Set-13-Num(7,8,7),LoadNum3-Num(15,0,4),SwapMem-Num(14,1,10),SubmitNum-Num(5,12,8),While-Num(2,15,8),CopyMem-Num(11,12,5),TestNumEqu-Num(6,10,4),TestNumLess-Num(12,8,9),Sub-Num(5,7,7),Set-9-Num(11,0,1),Countdown-Num(5,15,0),TestNumGreater-Num(2,13,5),Close(3,15,0),LoadNum2-Num(1,12,12),While-Num(7,8,15),LoadNum1-Num(6,11,13),SwapMem-Num(9,5,11),TestNumLess-Num(0,1,4),Sub-Num(2,8,1),SubmitNum-Num(2,4,4),LoadNum1-Num(5,0,14),Set-4-Num(11,1,4),Add-Num(14,8,0),Set-11-Num(11,4,12),LoadNum1-Num(9,3,7),Set-14-Num(5,8,9),Set-12-Num(13,9,6),TestNumGreater-Num(9,1,3),Add-Num(2,10,1),TestNumGreater-Num(14,15,7),SubmitNum-Num(0,4,12),Div-Num(4,7,11),Set-4-Num(10,2,15),Set-8-Num(12,9,1),IfNot-Num(4,14,10),Add-Num(9,8,13),SubmitNum-Num(9,4,12),TestNumGreater-Num(10,4,10),If-Num(3,11,15),LoadNum1-Num(1,13,7),Break(6,6,12)]"
PROBLEM_median__ARGS_NUM__MUT_0025,4491,median,Numeric,0.0025,0,False,NONE,NONE,NONE,"NONE"
PROBLEM_median__ARGS_NUM__MUT_0025,4492,median,Numeric,0.0025,0,True,12,460,220,"[LoadNum2-Num(5,14,10),TestNumGreaterTEqu-Num(5,2,11),SubmitNum-Num(5,15,8),TestNumLess-Num(0,5,9),LoadNum1-Num(4,10,2),TestNumNEqu-Num(11,9,13),IfNot-Num(13,1,3),TestNumLessTEqu-Num(4,2,9),TestNumNEqu-Num(11,9,13),SubmitNum-Num(4,3,1),IfNot-Num(13,1,2),SubmitNum-Num(2,15,0)]"
PROBLEM_median__ARGS_NUM__MUT_0025,4493,median,Numeric,0.0025,0,False,NONE,NONE,NONE,"NONE"
PROBLEM_median__ARGS_NUM__MUT_0025,4494,median,Numeric,0.0025,0,True,43,441,387,"[Close(3,12,9),Close(1,7,6),Close(4,6,13),Close(8,6,8),TestNumNEqu-Num(7,12,14),Set-14-Num(9,15,12),LoadNum2-Num(8,9,3),Set-9-Num(7,14,2),LoadNum1-Num(6,1,3),Div-Num(2,4,3),Div-Num(8,7,13),Set-10-Num(4,5,7),Set-14-Num(3,5,15),LoadNum1-Num(3,5,6),TestNumLess-Num(2,3,0),TestNumGreaterTEqu-Num(3,1,10),While-Num(0,11,11),TestNumGreaterTEqu-Num(8,7,14),TestNumLess-Num(2,1,0),If-Num(10,14,9),Set-1-Num(11,0,7),Close(3,2,0),SubmitNum-Num(1,12,6),Set-0-Num(13,15,7),Inc-Num(4,5,15),Set-9-Num(14,7,9),TestNumNEqu-Num(2,14,13),Add-Num(5,9,14),Set-14-Num(11,3,5),Floor-Num(4,9,8),SubmitNum-Num(6,12,1),Set-3-Num(15,15,9),Close(13,7,7),Inc-Num(3,10,10),Set-0-Num(6,5,14),LoadNum2-Num(9,5,4),LoadNum2-Num(12,12,4),Set-10-Num(10,4,15),SubmitNum-Num(2,11,1),TestNumLessTEqu-Num(2,12,11),SwapMem-Num(9,2,2),While-Num(11,15,0),Set-16-Num(12,1,12)]"
PROBLEM_median__ARGS_NUM__MUT_0025,4495,median,Numeric,0.0025,0,False,NONE,NONE,NONE,"NONE"
PROBLEM_median__ARGS_NUM__MUT_0025,4496,median,Numeric,0.0025,0,True,18,264,197,"[CopyMem-Num(2,1,6),LoadNum2-Num(11,6,7),LoadNum3-Num(5,2,14),TestNumGreater-Num(11,2,6),LoadNum1-Num(8,3,4),SubmitNum-Num(1,8,1),TestNumLessTEqu-Num(11,0,4),Countdown-Num(6,5,6),Dec-Num(4,0,15),TestNumLessTEqu-Num(8,1,8),Mult-Num(11,12,5),Close(7,9,11),LoadNum2-Num(9,3,8),TestNumGreaterTEqu-Num(5,8,11),While-Num(11,6,3),SubmitNum-Num(9,5,5),LoadNum1-Num(9,14,10),TestNumNEqu-Num(14,4,11)]"
PROBLEM_median__ARGS_NUM__MUT_0025,4497,median,Numeric,0.0025,0,True,21,261,261,"[Add-Num(3,2,6),SubmitNum-Num(4,11,13),LoadNum2-Num(14,0,2),LoadNum1-Num(15,15,1),LoadNum1-Num(11,3,6),Countdown-Num(2,9,11),SubmitNum-Num(0,14,15),LoadNum3-Num(13,15,3),While-Num(13,10,4),TestNumLess-Num(13,11,2),TestNumLess-Num(6,15,9),TestNumLessTEqu-Num(0,1,13),SwapMem-Num(0,14,0),LoadNum3-Num(14,14,2),Set-3-Num(11,2,6),If-Num(13,5,2),IfNot-Num(9,15,6),Set-1-Num(6,10,7),Add-Num(5,14,1),Set-15-Num(15,5,1),SubmitNum-Num(0,1,6)]"
PROBLEM_median__ARGS_NUM__MUT_0025,4498,median,Numeric,0.0025,0,False,NONE,NONE,NONE,"NONE"
PROBLEM_median__ARGS_NUM__MUT_0025,4499,median,Numeric,0.0025,0,False,NONE,NONE,NONE,"NONE"
PROBLEM_median__ARGS_NUM__MUT_0025,4500,median,Numeric,0.0025,0,True,17,310,270,"[Close(2,14,0),LoadNum1-Num(6,12,3),SubmitNum-Num(12,2,14),TestNumGreaterTEqu-Num(9,8,11),CopyMem-Num(6,4,15),LoadNum3-Num(7,2,11),LoadNum2-Num(3,6,5),TestNumGreaterTEqu-Num(2,4,5),Sub-Num(4,10,12),TestNumLess-Num(3,6,6),TestNumNEqu-Num(6,5,11),Countdown-Num(11,6,1),LoadNum3-Num(6,8,9),LoadNum2-Num(12,3,5),SubmitNum-Num(7,0,15),TestNumLess-Num(3,6,6),TestNumNEqu-Num(6,5,11)]"
PROBLEM_median__ARGS_NUM__MUT_005,4401,median,Numeric,0.005,0,True,38,491,274,"[Set-9-Num(12,15,3),Sub-Num(1,7,15),TestNumGreater-Num(15,2,4),Set-5-Num(5,5,7),SwapMem-Num(2,14,14),SwapMem-Num(15,10,10),Close(2,4,3),TestNumLess-Num(0,10,10),TestNumNEqu-Num(9,8,6),Set-9-Num(9,11,0),Set-4-Num(6,1,11),SubmitNum-Num(1,1,8),While-Num(5,7,10),Not-Num(3,10,6),Set-8-Num(2,15,14),Floor-Num(11,2,13),Set-8-Num(8,14,12),Set-16-Num(8,15,6),IfNot-Num(10,4,15),TestNumLess-Num(15,11,3),Set-3-Num(7,12,15),SwapMem-Num(12,4,14),Set-16-Num(11,0,11),Set-7-Num(10,14,4),SubmitNum-Num(0,14,0),Close(6,3,6),Set-12-Num(9,13,4),If-Num(3,10,7),TestNumLess-Num(0,14,10),LoadNum3-Num(0,3,15),Countdown-Num(12,9,5),If-Num(9,0,10),SubmitNum-Num(0,5,5),Add-Num(0,10,10),LoadNum1-Num(0,11,14),Add-Num(13,4,12),Set-10-Num(3,6,13),Break(12,4,15)]"
PROBLEM_median__ARGS_NUM__MUT_005,4402,median,Numeric,0.005,0,False,NONE,NONE,NONE,"NONE"
PROBLEM_median__ARGS_NUM__MUT_005,4403,median,Numeric,0.005,0,True,35,416,372,"[LoadNum1-Num(4,7,11),Set-16-Num(6,11,9),LoadNum2-Num(10,3,1),SubmitNum-Num(14,5,6),While-Num(2,15,0),IfNot-Num(12,10,8),TestNumGreaterTEqu-Num(1,0,12),TestNumEqu-Num(14,4,7),Sub-Num(8,7,8),Inc-Num(5,9,9),SubmitNum-Num(4,4,0),TestNumLessTEqu-Num(6,11,7),Close(15,3,7),TestNumLess-Num(2,0,11),Add-Num(0,1,3),Mod-Num(5,2,5),Floor-Num(10,14,8),Mult-Num(10,7,3),LoadNum2-Num(10,3,5),Set-10-Num(3,10,8),IfNot-Num(14,4,5),LoadNum2-Num(3,12,14),IfNot-Num(11,6,3),Set-5-Num(5,6,2),LoadNum1-Num(1,9,5),Mult-Num(3,3,14),LoadNum3-Num(14,1,3),LoadNum3-Num(0,3,13),Close(11,15,2),SubmitNum-Num(0,3,6),Sub-Num(10,14,0),Countdown-Num(12,1,0),TestNumLess-Num(2,3,5),LoadNum2-Num(4,2,13),While-Num(5,10,12)]"
PROBLEM_median__ARGS_NUM__MUT_005,4404,median,Numeric,0.005,0,True,24,367,84,"[LoadNum1-Num(7,7,9),Close(10,3,3),Set-9-Num(12,9,8),Set-12-Num(11,6,10),Set-10-Num(5,2,10),SwapMem-Num(1,7,9),SubmitNum-Num(1,10,8),TestNumGreater-Num(1,7,0),Set-3-Num(2,15,3),While-Num(12,5,15),Set-0-Num(3,15,3),Dec-Num(5,3,9),TestNumGreaterTEqu-Num(14,4,12),LoadNum3-Num(11,4,7),SwapMem-Num(4,13,12),IfNot-Num(0,6,7),If-Num(11,11,9),Close(8,2,12),LoadNum1-Num(0,13,5),CopyMem-Num(1,0,14),LoadNum3-Num(1,1,6),LoadNum3-Num(11,7,1),Set-11-Num(13,14,6),TestNumGreater-Num(11,0,0)]"
PROBLEM_median__ARGS_NUM__MUT_005,4405,median,Numeric,0.005,0,True,39,458,401,"[Sub-Num(2,14,15),Close(1,12,12),Div-Num(6,9,11),Div-Num(11,10,4),TestNumLessTEqu-Num(1,7,12),Set-7-Num(11,11,2),SubmitNum-Num(0,8,9),Dec-Num(9,7,3),TestNumNEqu-Num(1,12,11),LoadNum3-Num(2,14,13),Set-3-Num(10,6,4),TestNumEqu-Num(5,11,9),While-Num(11,1,12),TestNumLessTEqu-Num(1,2,2),IfNot-Num(9,15,12),Set-15-Num(4,8,5),Set-7-Num(6,1,1),Set-11-Num(9,13,1),LoadNum2-Num(12,7,9),Set-16-Num(4,12,0),While-Num(2,3,4),Set-9-Num(11,11,13),SwapMem-Num(7,14,4),SubmitNum-Num(12,15,0),IfNot-Num(13,6,4),TestNumLessTEqu-Num(1,0,5),Close(2,6,4),Countdown-Num(2,3,7),Set-15-Num(14,13,1),SubmitNum-Num(15,0,5),Close(12,5,8),Close(8,1,6),Sub-Num(0,5,2),Set-4-Num(13,1,12),TestNumLessTEqu-Num(0,15,9),If-Num(9,0,11),LoadNum3-Num(1,9,9),IfNot-Num(13,14,3),Mult-Num(3,4,0)]"
PROBLEM_median__ARGS_NUM__MUT_005,4406,median,Numeric,0.005,0,False,NONE,NONE,NONE,"NONE"
PROBLEM_median__ARGS_NUM__MUT_005,4407,median,Numeric,0.005,0,True,12,286,208,"[TestNumLess-Num(1,0,2),LoadNum1-Num(4,0,11),LoadNum2-Num(11,15,0),LoadNum3-Num(13,13,0),TestNumLessTEqu-Num(13,0,8),LoadNum3-Num(5,2,11),TestNumEqu-Num(2,8,7),Div-Num(11,7,4),TestNumLess-Num(11,5,7),TestNumEqu-Num(7,8,7),Div-Num(13,7,4),SubmitNum-Num(4,8,5)]"
PROBLEM_median__ARGS_NUM__MUT_005,4408,median,Numeric,0.005,0,False,NONE,NONE,NONE,"NONE"
PROBLEM_median__ARGS_NUM__MUT_005,4409,median,Numeric,0.005,0,True,17,460,221,"[Add-Num(14,0,11),TestNumGreaterTEqu-Num(2,11,15),TestNumGreater-Num(1,11,8),SwapMem-Num(2,4,14),IfNot-Num(15,7,2),Not-Num(7,9,8),Close(8,6,4),TestNumNEqu-Num(8,7,9),SubmitNum-Num(11,3,9),TestNumGreater-Num(1,4,14),SwapMem-Num(14,7,1),SwapMem-Num(2,4,2),While-Num(9,13,9),TestNumNEqu-Num(15,7,9),LoadNum2-Num(4,1,2),SubmitNum-Num(2,8,7),SwapMem-Num(2,4,5)]"
PROBLEM_median__ARGS_NUM__MUT_005,4410,median,Numeric,0.005,0,True,34,493,277,"[LoadNum2-Num(9,5,4),Close(1,12,2),Break(9,7,15),TestNumLessTEqu-Num(2,1,4),SubmitNum-Num(2,4,3),Set-16-Num(7,11,9),TestNumLessTEqu-Num(4,15,11),Set-10-Num(12,6,15),Set-1-Num(10,4,13),Set-2-Num(6,0,12),Countdown-Num(11,9,15),LoadNum1-Num(9,10,3),Close(7,14,12),LoadNum1-Num(15,0,14),SubmitNum-Num(12,7,9),Countdown-Num(10,4,3),Add-Num(14,0,7),LoadNum1-Num(15,8,9),Add-Num(13,8,11),Set-13-Num(3,11,12),Set-6-Num(8,15,12),Close(0,2,7),Set-6-Num(4,6,0),Set-3-Num(3,4,6),SubmitNum-Num(9,0,11),TestNumEqu-Num(2,13,8),Set-10-Num(5,6,0),TestNumLessTEqu-Num(2,15,11),SwapMem-Num(15,14,3),SwapMem-Num(9,2,6),SubmitNum-Num(1,2,10),Countdown-Num(11,3,11),Set-9-Num(2,1,1),Sub-Num(1,7,15)]"
PROBLEM_median__ARGS_NUM__MUT_005,4411,median,Numeric,0.005,0,False,NONE,NONE,NONE,"NONE"
PROBLEM_median__ARGS_NUM__MUT_005,4412,median,Numeric,0.005,0,True,21,440,365,"[TestNumLessTEqu-Num(0,2,11),Close(4,11,9),TestNumLessTEqu-Num(1,0,14),TestNumGreaterTEqu-Num(11,14,8),LoadNum3-Num(4,6,11),Div-Num(0,8,4),CopyMem-Num(14,10,1),SubmitNum-Num(4,14,10),LoadNum2-Num(0,6,12),Countdown-Num(10,15,6),LoadNum3-Num(7,1,12),Set-14-Num(11,6,5),SwapMem-Num(15,1,9),Close(9,3,2),Sub-Num(15,7,2),LoadNum3-Num(1,10,13),Dec-Num(13,11,9),TestNumLessTEqu-Num(2,6,10),Countdown-Num(13,6,9),Dec-Num(11,0,11),Mult-Num(11,10,13)]"
PROBLEM_median__ARGS_NUM__MUT_005,4413,median,Numeric,0.005,0,False,NONE,NONE,NONE,"NONE"
PROBLEM_median__ARGS_NUM__MUT_005,4414,median,Numeric,0.005,0,True,49,457,205,"[IfNot-Num(14,8,0),Close(9,7,11),LoadNum1-Num(12,8,4),Close(11,14,1),Dec-Num(3,15,0),Set-13-Num(11,6,2),Sub-Num(3,1,14),Sub-Num(1,12,5),Set-15-Num(15,4,8),Close(13,3,4),Div-Num(1,4,12),SwapMem-Num(1,2,8),Set-1-Num(6,11,1),LoadNum1-Num(6,1,1),Mod-Num(15,10,14),SubmitNum-Num(2,13,11),TestNumGreaterTEqu-Num(1,12,4),TestNumLessTEqu-Num(5,9,10),Countdown-Num(10,5,3),If-Num(15,3,6),Close(12,9,0),SubmitNum-Num(2,11,9),Set-15-Num(6,5,10),Set-1-Num(7,12,8),Set-15-Num(8,11,11),Set-7-Num(5,14,10),Add-Num(3,11,5),Inc-Num(4,6,13),Set-11-Num(9,6,4),Mod-Num(5,11,15),Countdown-Num(4,9,9),Close(1,11,0),Sub-Num(3,1,7),Set-5-Num(11,15,11),Set-0-Num(3,7,9),Set-12-Num(3,1,3),LoadNum3-Num(14,14,12),SubmitNum-Num(0,15,15),LoadNum3-Num(15,2,15),If-Num(6,3,10),TestNumLessTEqu-Num(0,4,0),Dec-Num(5,7,14),Set-0-Num(8,12,8),Set-7-Num(12,3,6),LoadNum2-Num(0,1,0),Close(6,6,4),Set-13-Num(6,12,2),TestNumGreaterTEqu-Num(2,14,15),CopyMem-Num(15,10,15)]"
PROBLEM_median__ARGS_NUM__MUT_005,4415,median,Numeric,0.005,0,True,37,430,197,"[LoadNum1-Num(13,3,14),Set-7-Num(1,0,2),Close(13,11,7),Set-1-Num(6,9,5),LoadNum2-Num(4,2,12),IfNot-Num(9,0,4),TestNumLess-Num(13,2,14),LoadNum2-Num(5,2,11),Set-8-Num(9,13,12),Set-11-Num(15,12,0),Set-11-Num(12,15,15),LoadNum3-Num(4,8,9),TestNumLess-Num(10,4,5),Set-15-Num(12,5,4),SubmitNum-Num(13,11,15),Set-4-Num(13,15,2),CopyMem-Num(12,2,13),LoadNum2-Num(2,15,4),LoadNum1-Num(13,11,8),LoadNum2-Num(12,2,3),LoadNum1-Num(15,5,11),While-Num(1,11,1),SwapMem-Num(14,9,3),Set-8-Num(3,6,12),Set-16-Num(1,8,14),TestNumLessTEqu-Num(6,0,10),SubmitNum-Num(13,4,13),TestNumLess-Num(13,2,7),LoadNum3-Num(13,15,0),IfNot-Num(7,9,7),TestNumEqu-Num(15,3,1),TestNumGreaterTEqu-Num(2,4,4),If-Num(4,13,6),SubmitNum-Num(12,11,1),Return(6,8,3),Close(8,10,10),Break(8,15,0)]"
PROBLEM_median__ARGS_NUM__MUT_005,4416,median,Numeric,0.005,0,True,33,335,167,"[Close(15,7,8),IfNot-Num(11,6,11),SubmitNum-Num(0,13,0),Set-4-Num(5,11,7),LoadNum3-Num(0,10,4),TestNumEqu-Num(3,8,15),TestNumLess-Num(5,3,8),TestNumNEqu-Num(9,11,11),LoadNum2-Num(4,10,3),Set-5-Num(3,0,4),TestNumLess-Num(2,4,14),TestNumLessTEqu-Num(2,1,7),TestNumGreaterTEqu-Num(4,1,9),TestNumEqu-Num(9,6,6),Countdown-Num(7,8,2),LoadNum1-Num(10,6,5),Div-Num(6,11,14),TestNumLessTEqu-Num(1,10,6),Close(15,3,2),SwapMem-Num(3,3,7),Mod-Num(2,14,11),Set-1-Num(9,7,1),SubmitNum-Num(4,8,6),Inc-Num(7,15,8),Set-13-Num(3,15,1),LoadNum1-Num(1,15,3),TestNumNEqu-Num(11,10,4),While-Num(6,15,15),Dec-Num(7,11,11),Set-16-Num(5,1,0),SubmitNum-Num(1,9,12),TestNumGreater-Num(14,10,2),Break(3,10,13)]"
PROBLEM_median__ARGS_NUM__MUT_005,4417,median,Numeric,0.005,0,False,NONE,NONE,NONE,"NONE"
PROBLEM_median__ARGS_NUM__MUT_005,4418,median,Numeric,0.005,0,True,26,371,196,"[Close(9,15,2),Set-16-Num(3,7,14),Set-12-Num(3,15,0),Set-16-Num(10,8,1),SubmitNum-Num(1,9,14),LoadNum3-Num(14,10,9),Set-12-Num(9,4,9),Set-12-Num(2,9,14),LoadNum1-Num(5,11,0),Add-Num(4,0,10),TestNumGreaterTEqu-Num(11,3,3),Sub-Num(10,1,6),Set-4-Num(3,13,13),SubmitNum-Num(5,15,6),Set-9-Num(13,14,4),IfNot-Num(7,3,14),TestNumGreater-Num(14,10,7),SubmitNum-Num(14,5,11),TestNumLessTEqu-Num(14,0,8),LoadNum3-Num(0,3,10),TestNumGreater-Num(11,6,2),Countdown-Num(2,6,0),Set-16-Num(5,4,5),TestNumNEqu-Num(7,8,2),Set-15-Num(9,3,10),Mult-Num(8,8,7)]"
PROBLEM_median__ARGS_NUM__MUT_005,4419,median,Numeric,0.005,0,False,NONE,NONE,NONE,"NONE"
PROBLEM_median__ARGS_NUM__MUT_005,4420,median,Numeric,0.005,0,False,NONE,NONE,NONE,"NONE"
PROBLEM_median__ARGS_NUM__MUT_005,4421,median,Numeric,0.005,0,False,NONE,NONE,NONE,"NONE"
PROBLEM_median__ARGS_NUM__MUT_005,4422,median,Numeric,0.005,0,True,18,234,145,"[Sub-Num(0,1,13),SubmitNum-Num(0,13,15),TestNumLess-Num(9,13,14),LoadNum3-Num(5,5,5),While-Num(13,0,13),TestNumLess-Num(5,0,2),LoadNum2-Num(9,9,4),Sub-Num(14,2,8),SwapMem-Num(5,1,8),LoadNum3-Num(12,15,0),Set-11-Num(3,5,2),TestNumLessTEqu-Num(9,12,4),SubmitNum-Num(1,6,6),Add-Num(11,10,6),Sub-Num(4,2,13),Set-7-Num(11,5,13),While-Num(8,2,11),SubmitNum-Num(0,5,3)]"
PROBLEM_median__ARGS_NUM__MUT_005,4423,median,Numeric,0.005,0,False,NONE,NONE,NONE,"NONE"
PROBLEM_median__ARGS_NUM__MUT_005,4424,median,Numeric,0.005,0,True,35,446,358,"[TestNumLess-Num(2,1,4),Set-15-Num(1,11,12),Countdown-Num(1,3,13),SwapMem-Num(0,1,7),TestNumNEqu-Num(11,8,12),LoadNum3-Num(0,12,13),Set-5-Num(3,4,11),Set-15-Num(5,10,9),LoadNum2-Num(14,15,13),Set-10-Num(2,15,10),Div-Num(10,14,6),TestNumGreaterTEqu-Num(1,6,10),Sub-Num(15,0,9),LoadNum3-Num(11,14,11),Not-Num(6,4,15),Set-4-Num(8,1,15),Set-6-Num(2,14,7),Sub-Num(1,10,7),Set-14-Num(2,8,4),SwapMem-Num(3,7,9),Set-1-Num(8,0,14),SubmitNum-Num(1,13,1),Dec-Num(10,15,8),Set-7-Num(5,9,2),TestNumLessTEqu-Num(11,1,1),TestNumGreaterTEqu-Num(3,14,5),IfNot-Num(5,2,15),LoadNum2-Num(3,13,8),Set-5-Num(9,7,9),LoadNum1-Num(0,14,0),Set-5-Num(15,11,3),SubmitNum-Num(14,8,5),IfNot-Num(12,13,0),If-Num(4,4,14),SubmitNum-Num(11,11,3)]"
PROBLEM_median__ARGS_NUM__MUT_005,4425,median,Numeric,0.005,0,True,23,494,435,"[Add-Num(0,10,3),TestNumGreater-Num(2,3,3),LoadNum1-Num(10,10,9),Set-10-Num(7,11,12),Div-Num(2,3,10),SubmitNum-Num(10,13,9),TestNumLess-Num(13,7,11),TestNumLess-Num(1,10,2),LoadNum3-Num(12,13,5),CopyMem-Num(3,14,5),Countdown-Num(2,3,9),SubmitNum-Num(10,2,1),Mod-Num(7,14,11),TestNumLess-Num(1,12,9),TestNumGreater-Num(11,11,3),CopyMem-Num(0,10,6),LoadNum3-Num(14,5,15),Set-0-Num(7,5,9),Mult-Num(9,9,2),Add-Num(0,4,12),SubmitNum-Num(1,14,7),If-Num(11,14,8),SwapMem-Num(14,0,13)]"
PROBLEM_median__ARGS_NUM__MUT_005,4426,median,Numeric,0.005,0,True,54,379,379,"[Sub-Num(0,7,6),LoadNum1-Num(8,2,8),Close(3,0,9),Set-15-Num(15,14,6),LoadNum1-Num(5,0,3),Div-Num(2,8,10),Break(4,6,9),Floor-Num(6,9,11),TestNumGreaterTEqu-Num(15,12,11),Set-2-Num(7,9,14),Div-Num(12,15,11),LoadNum2-Num(4,8,3),SubmitNum-Num(5,4,9),TestNumGreaterTEqu-Num(0,2,11),TestNumLess-Num(3,3,15),Set-4-Num(10,12,10),Floor-Num(4,3,2),While-Num(10,4,8),Set-13-Num(14,7,2),Set-4-Num(13,2,12),CopyMem-Num(11,9,10),TestNumGreaterTEqu-Num(8,1,12),TestNumLess-Num(4,15,14),Set-13-Num(8,1,3),TestNumGreaterTEqu-Num(2,0,7),TestNumEqu-Num(12,9,8),Floor-Num(11,7,6),SwapMem-Num(2,4,9),TestNumEqu-Num(8,15,0),IfNot-Num(0,3,8),Set-14-Num(6,9,6),SubmitNum-Num(2,4,3),Mod-Num(7,15,0),IfNot-Num(8,3,13),LoadNum2-Num(14,8,5),Mod-Num(8,6,6),Set-5-Num(12,3,15),Set-1-Num(4,9,0),CopyMem-Num(10,13,9),Add-Num(3,4,3),Set-2-Num(2,12,14),CopyMem-Num(11,10,5),TestNumNEqu-Num(4,5,8),Set-16-Num(2,8,10),Set-0-Num(8,10,13),Set-13-Num(4,15,15),Set-14-Num(4,0,5),Return(8,4,0),Dec-Num(11,0,7),TestNumGreaterTEqu-Num(0,10,13),Sub-Num(12,3,4),Close(13,13,15),Mod-Num(15,9,12),LoadNum3-Num(8,11,11)]"
PROBLEM_median__ARGS_NUM__MUT_005,4427,median,Numeric,0.005,0,True,20,474,455,"[Set-9-Num(6,8,15),LoadNum3-Num(11,9,6),CopyMem-Num(1,3,9),LoadNum2-Num(2,3,14),TestNumLess-Num(11,2,15),While-Num(6,7,3),SubmitNum-Num(3,6,6),TestNumLess-Num(0,3,10),TestNumNEqu-Num(12,15,13),Set-11-Num(8,9,1),IfNot-Num(10,2,5),Add-Num(5,0,13),SubmitNum-Num(0,5,13),LoadNum2-Num(0,8,7),TestNumGreaterTEqu-Num(13,11,6),CopyMem-Num(8,13,10),Close(14,12,6),Mult-Num(1,2,11),If-Num(13,11,5),LoadNum3-Num(3,15,11)]"
PROBLEM_median__ARGS_NUM__MUT_005,4428,median,Numeric,0.005,0,True,17,398,231,"[LoadNum3-Num(3,4,8),Set-3-Num(1,0,14),TestNumLessTEqu-Num(0,3,6),Close(15,10,1),LoadNum1-Num(12,5,3),LoadNum2-Num(13,15,9),SubmitNum-Num(12,10,8),TestNumLessTEqu-Num(0,13,15),Countdown-Num(1,7,11),TestNumGreater-Num(13,3,2),LoadNum2-Num(8,8,15),TestNumNEqu-Num(15,6,1),SubmitNum-Num(3,7,11),Not-Num(1,0,15),TestNumEqu-Num(15,2,5),IfNot-Num(5,0,10),SubmitNum-Num(13,12,1)]"
PROBLEM_median__ARGS_NUM__MUT_005,4429,median,Numeric,0.005,0,True,18,469,450,"[Sub-Num(6,1,10),TestNumGreater-Num(0,2,3),LoadNum2-Num(5,13,7),SwapMem-Num(5,2,1),SubmitNum-Num(0,7,8),TestNumGreaterTEqu-Num(1,5,8),TestNumGreaterTEqu-Num(2,0,2),Dec-Num(2,13,11),If-Num(2,1,9),Sub-Num(13,10,7),TestNumLessTEqu-Num(0,5,3),TestNumLessTEqu-Num(7,5,8),Close(15,8,0),IfNot-Num(8,10,15),LoadNum2-Num(5,14,5),Close(10,7,14),IfNot-Num(3,6,2),SubmitNum-Num(5,10,0)]"
PROBLEM_median__ARGS_NUM__MUT_005,4430,median,Numeric,0.005,0,True,19,338,276,"[Set-15-Num(5,4,7),While-Num(5,15,0),SubmitNum-Num(2,8,10),IfNot-Num(12,4,11),LoadNum2-Num(2,4,12),TestNumLessTEqu-Num(11,3,8),SwapMem-Num(11,6,2),LoadNum3-Num(7,3,10),TestNumLessTEqu-Num(0,7,10),TestNumLessTEqu-Num(0,2,3),IfNot-Num(11,9,10),CopyMem-Num(10,5,10),SwapMem-Num(11,8,0),TestNumLessTEqu-Num(7,1,12),LoadNum3-Num(14,15,9),LoadNum1-Num(2,9,12),If-Num(12,4,8),TestNumLessTEqu-Num(14,0,5),Mult-Num(7,3,12)]"
PROBLEM_median__ARGS_NUM__MUT_005,4431,median,Numeric,0.005,0,True,11,252,119,"[SubmitNum-Num(2,2,1),LoadNum1-Num(5,13,3),TestNumGreaterTEqu-Num(1,2,15),TestNumGreater-Num(5,2,4),TestNumLessTEqu-Num(1,5,12),TestNumEqu-Num(4,15,3),If-Num(3,8,13),SubmitNum-Num(5,10,15),TestNumEqu-Num(12,4,10),If-Num(10,8,10),SubmitNum-Num(1,13,1)]"
PROBLEM_median__ARGS_NUM__MUT_005,4432,median,Numeric,0.005,0,False,NONE,NONE,NONE,"NONE"
PROBLEM_median__ARGS_NUM__MUT_005,4433,median,Numeric,0.005,0,False,NONE,NONE,NONE,"NONE"
PROBLEM_median__ARGS_NUM__MUT_005,4434,median,Numeric,0.005,0,True,22,337,337,"[Close(2,7,14),Set-15-Num(5,7,2),Set-0-Num(4,0,14),TestNumGreaterTEqu-Num(15,10,5),Set-14-Num(14,5,9),While-Num(5,15,1),Set-9-Num(8,14,0),LoadNum2-Num(5,15,15),Set-12-Num(3,5,9),Div-Num(0,0,12),TestNumGreaterTEqu-Num(2,0,9),Set-3-Num(12,3,4),Sub-Num(0,5,15),SubmitNum-Num(0,12,12),LoadNum2-Num(8,8,8),LoadNum2-Num(0,10,12),TestNumGreater-Num(9,15,1),If-Num(9,12,2),LoadNum3-Num(0,0,2),Floor-Num(1,15,4),Sub-Num(5,12,2),SwapMem-Num(1,5,0)]"
PROBLEM_median__ARGS_NUM__MUT_005,4435,median,Numeric,0.005,0,False,NONE,NONE,NONE,"NONE"
PROBLEM_median__ARGS_NUM__MUT_005,4436,median,Numeric,0.005,0,True,23,286,164,"[LoadNum3-Num(12,3,0),Set-6-Num(4,10,0),LoadNum1-Num(8,1,3),Close(3,11,5),TestNumLessTEqu-Num(1,8,3),SubmitNum-Num(8,2,9),TestNumGreater-Num(2,8,5),Div-Num(3,4,0),SwapMem-Num(5,7,15),Div-Num(3,4,5),If-Num(5,11,3),LoadNum2-Num(8,9,6),While-Num(7,2,8),Close(11,15,5),SubmitNum-Num(12,6,2),TestNumGreater-Num(2,8,5),Close(15,11,5),SwapMem-Num(5,7,6),Div-Num(3,0,5),If-Num(5,7,3),LoadNum2-Num(8,7,6),While-Num(7,15,5),SwapMem-Num(15,5,3)]"
PROBLEM_median__ARGS_NUM__MUT_005,4437,median,Numeric,0.005,0,True,39,480,270,"[Close(10,13,3),Close(3,12,13),Break(9,12,9),Break(6,5,11),Close(6,9,10),LoadNum3-Num(15,14,5),SubmitNum-Num(2,3,8),Sub-Num(1,15,3),Mult-Num(7,12,1),LoadNum2-Num(9,10,12),Set-2-Num(13,7,1),Set-8-Num(1,13,12),TestNumLessTEqu-Num(0,2,15),SubmitNum-Num(4,11,10),Set-16-Num(8,6,14),Set-13-Num(6,4,4),TestNumLessTEqu-Num(6,11,12),TestNumGreater-Num(11,11,4),TestNumLess-Num(5,9,5),Break(14,4,9),Floor-Num(4,7,11),LoadNum1-Num(4,12,1),LoadNum2-Num(12,11,12),Set-14-Num(5,6,8),TestNumLessTEqu-Num(3,13,6),Floor-Num(13,10,5),Sub-Num(0,9,14),TestNumGreaterTEqu-Num(11,3,11),Mult-Num(11,8,7),SubmitNum-Num(12,8,10),CopyMem-Num(11,13,4),TestNumNEqu-Num(15,13,0),TestNumLess-Num(14,13,14),CopyMem-Num(15,13,10),TestNumLessTEqu-Num(13,14,12),Div-Num(15,14,12),While-Num(12,7,7),Countdown-Num(0,2,2),SubmitNum-Num(2,4,5)]"
PROBLEM_median__ARGS_NUM__MUT_005,4438,median,Numeric,0.005,0,True,21,388,266,"[SubmitNum-Num(2,5,10),Set-16-Num(4,4,9),TestNumGreaterTEqu-Num(1,2,15),Countdown-Num(4,10,9),TestNumGreaterTEqu-Num(0,2,13),IfNot-Num(15,3,15),SubmitNum-Num(1,13,15),Close(12,12,2),TestNumGreaterTEqu-Num(1,0,15),LoadNum3-Num(0,13,9),IfNot-Num(15,6,8),Dec-Num(13,0,11),SubmitNum-Num(2,5,10),TestNumGreaterTEqu-Num(1,0,7),Close(7,12,0),IfNot-Num(7,1,4),LoadNum1-Num(2,0,8),While-Num(13,15,15),SubmitNum-Num(2,15,3),Close(3,6,3),Return(1,3,5)]"
PROBLEM_median__ARGS_NUM__MUT_005,4439,median,Numeric,0.005,0,False,NONE,NONE,NONE,"NONE"
PROBLEM_median__ARGS_NUM__MUT_005,4440,median,Numeric,0.005,0,True,19,492,444,"[TestNumLess-Num(1,2,7),Set-12-Num(15,0,13),Countdown-Num(15,0,14),IfNot-Num(4,6,5),SubmitNum-Num(1,12,13),LoadNum2-Num(10,5,4),LoadNum1-Num(11,10,4),Sub-Num(0,4,13),Div-Num(13,7,1),LoadNum3-Num(8,2,7),LoadNum3-Num(0,0,2),TestNumLess-Num(10,13,15),TestNumLessTEqu-Num(1,11,7),IfNot-Num(7,4,9),TestNumGreaterTEqu-Num(11,8,14),SubmitNum-Num(11,8,4),TestNumNEqu-Num(15,14,4),IfNot-Num(4,4,6),SubmitNum-Num(8,2,15)]"
PROBLEM_median__ARGS_NUM__MUT_005,4441,median,Numeric,0.005,0,True,41,421,266,"[Set-4-Num(11,14,4),Close(14,11,13),Div-Num(6,6,10),Set-6-Num(5,15,0),Set-10-Num(6,11,12),Set-15-Num(12,10,15),Set-6-Num(3,11,9),Inc-Num(12,8,1),Floor-Num(0,2,13),SubmitNum-Num(15,11,1),Set-10-Num(8,12,5),Floor-Num(12,1,10),Div-Num(10,13,6),Set-10-Num(7,5,8),Set-11-Num(9,12,15),While-Num(11,4,10),LoadNum1-Num(2,2,2),SubmitNum-Num(2,3,0),LoadNum3-Num(15,10,9),Set-1-Num(9,5,5),Add-Num(2,10,12),TestNumLess-Num(12,15,0),LoadNum2-Num(4,2,6),Countdown-Num(0,8,0),Set-1-Num(12,3,3),Mod-Num(8,6,3),TestNumLessTEqu-Num(4,1,0),SwapMem-Num(2,1,10),Close(9,6,0),TestNumLessTEqu-Num(13,9,13),TestNumLess-Num(2,1,11),While-Num(5,2,6),TestNumLess-Num(4,15,0),Set-4-Num(14,2,6),Set-6-Num(13,2,2),Set-3-Num(2,12,11),SubmitNum-Num(4,0,6),Countdown-Num(6,14,1),Add-Num(1,10,13),SwapMem-Num(6,0,15),Set-9-Num(9,0,12)]"
PROBLEM_median__ARGS_NUM__MUT_005,4442,median,Numeric,0.005,0,True,26,395,315,"[LoadNum2-Num(14,15,15),TestNumGreater-Num(14,0,0),LoadNum3-Num(12,2,11),SubmitNum-Num(1,15,0),TestNumGreaterTEqu-Num(1,2,11),TestNumEqu-Num(15,11,6),Add-Num(0,10,4),Div-Num(11,4,6),While-Num(6,10,12),Add-Num(2,4,15),TestNumLess-Num(1,15,7),Set-4-Num(0,13,10),Countdown-Num(0,0,5),LoadNum1-Num(9,11,13),TestNumLessTEqu-Num(12,9,6),Countdown-Num(7,9,14),Mult-Num(5,8,6),Close(8,13,12),CopyMem-Num(12,11,12),SubmitNum-Num(12,0,1),Sub-Num(4,5,0),LoadNum1-Num(7,1,0),TestNumGreaterTEqu-Num(15,7,7),LoadNum1-Num(12,10,1),Countdown-Num(7,6,3),Not-Num(0,11,10)]"
PROBLEM_median__ARGS_NUM__MUT_005,4443,median,Numeric,0.005,0,True,11,321,90,"[TestNumGreater-Num(1,2,8),SubmitNum-Num(2,10,11),Sub-Num(1,0,3),TestNumGreater-Num(0,2,2),Not-Num(2,6,9),Sub-Num(2,8,15),While-Num(15,13,2),SubmitNum-Num(1,7,3),TestNumGreater-Num(7,3,8),Sub-Num(2,8,15),SubmitNum-Num(0,2,7)]"
PROBLEM_median__ARGS_NUM__MUT_005,4444,median,Numeric,0.005,0,False,NONE,NONE,NONE,"NONE"
PROBLEM_median__ARGS_NUM__MUT_005,4445,median,Numeric,0.005,0,True,20,377,272,"[Add-Num(3,1,2),LoadNum3-Num(9,9,14),SubmitNum-Num(2,4,0),LoadNum1-Num(13,3,10),TestNumGreater-Num(0,9,12),TestNumGreaterTEqu-Num(9,2,11),TestNumGreaterTEqu-Num(2,13,1),Not-Num(1,2,12),LoadNum3-Num(0,14,15),Countdown-Num(11,2,6),TestNumLess-Num(13,2,1),Dec-Num(12,4,13),Close(2,9,5),Close(5,14,9),IfNot-Num(1,6,10),SubmitNum-Num(0,1,0),While-Num(12,3,3),LoadNum1-Num(8,4,6),SwapMem-Num(0,8,15),TestNumGreater-Num(7,7,12)]"
PROBLEM_median__ARGS_NUM__MUT_005,4446,median,Numeric,0.005,0,False,NONE,NONE,NONE,"NONE"
PROBLEM_median__ARGS_NUM__MUT_005,4447,median,Numeric,0.005,0,False,NONE,NONE,NONE,"NONE"
PROBLEM_median__ARGS_NUM__MUT_005,4448,median,Numeric,0.005,0,True,40,496,469,"[Set-8-Num(6,10,5),TestNumLessTEqu-Num(1,3,15),TestNumLess-Num(1,0,14),While-Num(6,8,7),TestNumNEqu-Num(4,14,14),LoadNum3-Num(12,4,4),SubmitNum-Num(0,7,7),TestNumNEqu-Num(2,13,9),TestNumNEqu-Num(4,14,4),Set-4-Num(3,13,13),Div-Num(3,6,14),TestNumLessTEqu-Num(12,1,10),While-Num(14,7,5),TestNumLess-Num(4,9,3),Set-11-Num(8,11,10),Set-14-Num(12,6,5),TestNumLess-Num(14,3,13),SwapMem-Num(14,9,4),LoadNum2-Num(15,5,12),Set-14-Num(1,0,2),IfNot-Num(13,1,6),LoadNum3-Num(3,2,14),SubmitNum-Num(15,0,13),Set-0-Num(14,11,1),Set-3-Num(6,2,14),CopyMem-Num(12,6,9),Set-3-Num(12,12,0),TestNumGreater-Num(3,0,14),Set-8-Num(15,13,9),Set-12-Num(12,8,15),TestNumEqu-Num(9,14,15),SubmitNum-Num(3,14,7),IfNot-Num(10,10,5),Set-12-Num(2,7,7),Set-4-Num(12,6,5),Countdown-Num(4,9,7),While-Num(14,13,15),SubmitNum-Num(0,2,9),Close(15,0,15),Return(10,10,5)]"
PROBLEM_median__ARGS_NUM__MUT_005,4449,median,Numeric,0.005,0,True,19,347,183,"[Add-Num(13,0,5),Close(11,15,3),SubmitNum-Num(2,7,4),TestNumGreater-Num(5,2,4),TestNumLessTEqu-Num(1,2,14),IfNot-Num(4,2,7),SubmitNum-Num(5,0,10),Mod-Num(9,15,2),TestNumEqu-Num(15,11,2),LoadNum3-Num(5,6,7),Close(4,6,2),LoadNum2-Num(15,13,10),Countdown-Num(2,5,8),Set-1-Num(12,10,10),TestNumGreater-Num(15,0,0),LoadNum2-Num(2,6,11),IfNot-Num(0,9,13),Set-4-Num(15,13,0),Sub-Num(12,14,2)]"
PROBLEM_median__ARGS_NUM__MUT_005,4450,median,Numeric,0.005,0,True,20,439,439,"[Set-2-Num(5,13,10),SubmitNum-Num(2,0,15),LoadNum2-Num(8,0,1),While-Num(5,13,3),LoadNum1-Num(9,9,14),TestNumEqu-Num(8,7,3),TestNumGreaterTEqu-Num(2,0,4),Mult-Num(8,7,7),Mod-Num(11,10,2),SwapMem-Num(0,2,2),IfNot-Num(4,1,6),Set-6-Num(3,15,1),SubmitNum-Num(8,1,11),SwapMem-Num(2,8,7),TestNumLess-Num(1,9,14),IfNot-Num(14,6,9),Countdown-Num(3,1,12),Set-1-Num(0,0,3),Sub-Num(8,1,2),LoadNum3-Num(7,4,9)]"
PROBLEM_median__ARGS_NUM__MUT_0075,4351,median,Numeric,0.0075,0,True,19,467,346,"[TestNumLess-Num(0,1,6),LoadNum2-Num(5,9,13),LoadNum1-Num(14,8,7),TestNumGreater-Num(14,2,1),Div-Num(14,1,2),SubmitNum-Num(0,1,13),Div-Num(6,6,3),CopyMem-Num(1,6,6),Div-Num(6,6,3),LoadNum3-Num(11,6,12),While-Num(3,6,9),SubmitNum-Num(2,7,3),TestNumGreaterTEqu-Num(2,5,12),While-Num(12,0,7),TestNumGreater-Num(11,5,2),SubmitNum-Num(5,15,2),While-Num(6,5,1),If-Num(2,6,10),SubmitNum-Num(11,0,5)]"
PROBLEM_median__ARGS_NUM__MUT_0075,4352,median,Numeric,0.0075,0,True,32,278,146,"[LoadNum3-Num(4,12,2),LoadNum3-Num(5,4,10),TestNumLess-Num(5,1,2),Close(5,6,8),Set-11-Num(0,7,14),Set-11-Num(8,5,8),TestNumLessTEqu-Num(5,1,13),Dec-Num(14,14,0),Dec-Num(7,8,7),While-Num(13,6,3),Div-Num(8,0,0),Set-2-Num(5,1,1),SubmitNum-Num(3,10,13),Mod-Num(6,9,14),TestNumEqu-Num(5,3,7),Mult-Num(12,12,11),Mult-Num(6,7,13),LoadNum1-Num(3,7,14),Set-2-Num(5,12,0),Set-0-Num(12,7,6),LoadNum3-Num(0,10,14),Set-0-Num(5,14,6),Floor-Num(3,8,3),SubmitNum-Num(1,3,9),Sub-Num(3,15,5),Close(7,13,7),Close(15,11,12),Div-Num(10,0,15),Not-Num(14,6,7),SwapMem-Num(4,1,7),Countdown-Num(2,8,13),Inc-Num(5,14,0)]"
PROBLEM_median__ARGS_NUM__MUT_0075,4353,median,Numeric,0.0075,0,False,NONE,NONE,NONE,"NONE"
PROBLEM_median__ARGS_NUM__MUT_0075,4354,median,Numeric,0.0075,0,False,NONE,NONE,NONE,"NONE"
PROBLEM_median__ARGS_NUM__MUT_0075,4355,median,Numeric,0.0075,0,True,16,432,400,"[SubmitNum-Num(0,10,7),Close(13,3,0),TestNumGreater-Num(0,2,13),IfNot-Num(13,9,5),SubmitNum-Num(2,6,11),Close(14,7,2),Not-Num(5,6,8),Add-Num(10,1,0),TestNumGreater-Num(0,2,13),IfNot-Num(13,9,9),SubmitNum-Num(1,15,1),Add-Num(4,2,1),Close(4,6,15),LoadNum1-Num(2,6,9),IfNot-Num(5,10,10),Not-Num(7,3,8)]"
PROBLEM_median__ARGS_NUM__MUT_0075,4356,median,Numeric,0.0075,0,True,24,446,378,"[Add-Num(3,0,13),Sub-Num(13,4,2),Set-16-Num(4,10,14),LoadNum3-Num(14,10,0),While-Num(4,14,14),Set-7-Num(8,10,14),Countdown-Num(8,0,1),TestNumLess-Num(2,1,5),SubmitNum-Num(14,4,9),TestNumGreaterTEqu-Num(14,1,6),IfNot-Num(9,14,3),TestNumGreaterTEqu-Num(14,2,8),TestNumGreaterTEqu-Num(2,14,15),TestNumNEqu-Num(5,6,12),Add-Num(8,15,9),LoadNum2-Num(14,7,11),TestNumLess-Num(6,9,1),Countdown-Num(12,7,9),Not-Num(4,6,15),SubmitNum-Num(0,13,0),TestNumLessTEqu-Num(8,1,8),LoadNum3-Num(14,2,15),If-Num(1,0,11),While-Num(15,5,14)]"
PROBLEM_median__ARGS_NUM__MUT_0075,4357,median,Numeric,0.0075,0,True,24,427,211,"[Set-3-Num(10,4,8),TestNumLess-Num(1,0,11),Mod-Num(4,11,10),TestNumLessTEqu-Num(2,0,12),Div-Num(11,12,10),SubmitNum-Num(2,6,1),TestNumLessTEqu-Num(1,2,12),Countdown-Num(10,0,1),TestNumGreaterTEqu-Num(12,3,8),LoadNum3-Num(0,13,4),Close(1,0,14),While-Num(2,0,3),If-Num(8,4,3),CopyMem-Num(0,5,8),CopyMem-Num(12,8,2),Close(4,10,8),Set-2-Num(11,14,11),CopyMem-Num(11,10,6),CopyMem-Num(1,7,12),Countdown-Num(11,15,11),TestNumNEqu-Num(0,6,14),SubmitNum-Num(0,10,1),Close(13,15,10),SubmitNum-Num(7,0,8)]"
PROBLEM_median__ARGS_NUM__MUT_0075,4358,median,Numeric,0.0075,0,False,NONE,NONE,NONE,"NONE"
PROBLEM_median__ARGS_NUM__MUT_0075,4359,median,Numeric,0.0075,0,True,21,493,371,"[Set-3-Num(3,5,9),While-Num(3,14,5),LoadNum3-Num(13,12,5),TestNumLessTEqu-Num(1,0,14),Mult-Num(13,2,9),TestNumLess-Num(9,0,15),Dec-Num(14,0,12),Add-Num(15,14,5),Set-1-Num(2,4,5),SubmitNum-Num(0,7,11),While-Num(5,2,14),SwapMem-Num(1,0,13),TestNumLess-Num(13,0,15),Dec-Num(14,14,3),Add-Num(15,14,5),IfNot-Num(15,8,13),Mod-Num(3,14,3),SubmitNum-Num(13,9,13),While-Num(0,6,15),LoadNum2-Num(13,5,12),Mod-Num(5,3,0)]"
PROBLEM_median__ARGS_NUM__MUT_0075,4360,median,Numeric,0.0075,0,True,37,234,134,"[Set-16-Num(13,13,2),LoadNum3-Num(11,7,8),LoadNum1-Num(6,2,8),Sub-Num(11,6,6),LoadNum1-Num(2,4,8),Countdown-Num(13,0,3),Set-8-Num(14,13,5),Inc-Num(12,11,11),Sub-Num(8,15,3),TestNumGreater-Num(6,15,2),TestNumNEqu-Num(15,5,7),Countdown-Num(2,11,12),SubmitNum-Num(11,9,1),LoadNum3-Num(0,1,0),Set-16-Num(5,12,7),Set-10-Num(5,0,13),Close(0,12,10),TestNumLessTEqu-Num(8,4,5),SwapMem-Num(4,14,0),Set-11-Num(13,6,13),LoadNum1-Num(6,15,11),Set-1-Num(14,3,6),SwapMem-Num(4,7,1),Set-12-Num(7,15,13),LoadNum3-Num(12,15,4),Set-15-Num(12,3,11),Mod-Num(14,8,13),Set-14-Num(3,6,12),Floor-Num(15,15,9),SubmitNum-Num(0,6,4),TestNumGreater-Num(0,1,2),TestNumLessTEqu-Num(13,14,13),Countdown-Num(2,5,6),TestNumLess-Num(1,6,13),Sub-Num(11,1,6),SubmitNum-Num(1,8,6),LoadNum1-Num(11,0,4)]"
PROBLEM_median__ARGS_NUM__MUT_0075,4361,median,Numeric,0.0075,0,True,25,256,87,"[Close(10,4,10),SwapMem-Num(1,2,6),SubmitNum-Num(1,5,4),Sub-Num(8,3,3),TestNumLessTEqu-Num(8,2,6),IfNot-Num(5,9,1),CopyMem-Num(14,14,7),TestNumLess-Num(12,9,7),TestNumNEqu-Num(5,9,11),Set-13-Num(9,12,14),Set-16-Num(8,5,6),TestNumEqu-Num(9,4,11),IfNot-Num(3,6,0),Set-8-Num(12,9,12),TestNumLess-Num(2,1,5),While-Num(12,15,15),TestNumLessTEqu-Num(0,2,14),SubmitNum-Num(0,12,5),Floor-Num(3,14,9),Set-4-Num(4,11,1),TestNumLess-Num(13,8,6),Countdown-Num(14,3,10),Set-1-Num(6,12,3),Set-9-Num(7,8,2),Set-5-Num(15,8,13)]"
PROBLEM_median__ARGS_NUM__MUT_0075,4362,median,Numeric,0.0075,0,True,27,341,238,"[LoadNum1-Num(15,14,6),Set-11-Num(10,13,13),TestNumLessTEqu-Num(2,1,9),Sub-Num(15,2,14),SubmitNum-Num(2,11,9),If-Num(9,7,15),LoadNum3-Num(14,7,0),LoadNum1-Num(3,2,12),Close(13,1,1),Div-Num(3,9,9),TestNumLessTEqu-Num(14,9,13),LoadNum2-Num(2,4,2),If-Num(13,13,11),While-Num(10,13,12),TestNumEqu-Num(15,9,6),Set-2-Num(15,12,5),Set-10-Num(10,14,15),LoadNum1-Num(5,9,6),TestNumLessTEqu-Num(0,2,9),Set-6-Num(5,10,9),Set-13-Num(3,4,5),Dec-Num(11,2,6),SubmitNum-Num(2,9,2),LoadNum3-Num(14,3,15),If-Num(9,3,5),Close(6,9,15),SubmitNum-Num(0,0,11)]"
PROBLEM_median__ARGS_NUM__MUT_0075,4363,median,Numeric,0.0075,0,True,22,379,215,"[LoadNum3-Num(12,10,6),Set-14-Num(6,13,15),LoadNum1-Num(15,9,14),Countdown-Num(6,13,5),Add-Num(15,13,8),TestNumGreaterTEqu-Num(8,12,6),If-Num(6,6,9),SubmitNum-Num(0,3,6),Not-Num(14,4,0),Close(3,2,14),Set-8-Num(4,0,13),Set-4-Num(9,1,3),TestNumGreaterTEqu-Num(8,1,6),LoadNum2-Num(0,14,12),LoadNum3-Num(15,7,14),SubmitNum-Num(8,9,11),Add-Num(14,0,10),IfNot-Num(14,9,3),LoadNum3-Num(0,9,5),TestNumGreater-Num(11,4,2),Add-Num(10,2,15),Not-Num(6,0,8)]"
PROBLEM_median__ARGS_NUM__MUT_0075,4364,median,Numeric,0.0075,0,True,38,343,215,"[Sub-Num(2,3,6),LoadNum1-Num(9,9,1),Add-Num(5,2,8),Close(4,12,7),Close(7,7,12),Close(12,13,8),TestNumEqu-Num(0,0,3),Close(11,10,2),TestNumGreaterTEqu-Num(1,9,15),If-Num(3,2,5),Mult-Num(13,13,4),Set-15-Num(10,11,3),Set-13-Num(14,3,14),Set-5-Num(14,12,5),Set-6-Num(13,12,6),Floor-Num(3,8,10),IfNot-Num(15,7,4),Set-3-Num(14,11,5),Set-0-Num(11,1,12),Div-Num(0,3,5),LoadNum2-Num(8,5,1),Set-8-Num(15,14,13),TestNumGreaterTEqu-Num(6,5,6),Set-12-Num(3,3,2),TestNumGreaterTEqu-Num(12,0,11),SubmitNum-Num(9,13,4),Close(3,12,9),Set-14-Num(11,0,4),Set-2-Num(5,5,15),Set-14-Num(5,1,8),Floor-Num(5,1,6),TestNumGreaterTEqu-Num(8,0,15),Set-5-Num(14,14,15),SubmitNum-Num(8,4,6),LoadNum3-Num(9,10,12),If-Num(6,8,2),IfNot-Num(15,0,14),SubmitNum-Num(0,9,7)]"
PROBLEM_median__ARGS_NUM__MUT_0075,4365,median,Numeric,0.0075,0,True,32,327,291,"[TestNumLessTEqu-Num(4,6,11),Set-16-Num(14,15,6),CopyMem-Num(1,4,0),TestNumLess-Num(0,4,9),SwapMem-Num(1,0,9),TestNumGreaterTEqu-Num(13,9,7),While-Num(11,0,14),Set-6-Num(12,8,5),Countdown-Num(12,2,14),Set-8-Num(6,8,6),SubmitNum-Num(2,3,15),Set-14-Num(14,15,8),CopyMem-Num(1,4,0),TestNumLess-Num(0,4,9),LoadNum3-Num(2,0,0),SwapMem-Num(1,0,9),TestNumGreaterTEqu-Num(13,9,12),Set-9-Num(3,2,5),While-Num(12,15,0),IfNot-Num(7,4,9),Close(10,13,15),Set-9-Num(6,3,1),SubmitNum-Num(0,10,1),Set-12-Num(14,14,8),IfNot-Num(9,0,6),TestNumLess-Num(2,13,12),Close(8,4,1),Set-4-Num(4,5,13),CopyMem-Num(0,8,2),Set-16-Num(5,2,1),TestNumGreaterTEqu-Num(0,2,12),TestNumGreaterTEqu-Num(2,1,13)]"
PROBLEM_median__ARGS_NUM__MUT_0075,4366,median,Numeric,0.0075,0,False,NONE,NONE,NONE,"NONE"
PROBLEM_median__ARGS_NUM__MUT_0075,4367,median,Numeric,0.0075,0,False,NONE,NONE,NONE,"NONE"
PROBLEM_median__ARGS_NUM__MUT_0075,4368,median,Numeric,0.0075,0,False,NONE,NONE,NONE,"NONE"
PROBLEM_median__ARGS_NUM__MUT_0075,4369,median,Numeric,0.0075,0,True,36,436,258,"[LoadNum2-Num(4,14,14),TestNumNEqu-Num(15,5,5),TestNumLess-Num(0,4,1),Set-15-Num(14,12,7),Set-8-Num(5,1,3),Close(0,4,8),Mod-Num(15,4,12),Countdown-Num(1,15,8),Set-6-Num(9,7,1),SwapMem-Num(10,15,4),Close(1,15,13),Sub-Num(0,15,9),Sub-Num(9,0,15),Set-3-Num(7,11,14),Close(13,6,12),Close(0,5,0),IfNot-Num(10,2,7),SubmitNum-Num(0,0,8),Set-2-Num(14,5,2),Set-7-Num(14,10,12),IfNot-Num(15,4,5),Close(10,6,4),Set-14-Num(12,8,14),SubmitNum-Num(4,4,4),TestNumGreaterTEqu-Num(4,2,14),Set-10-Num(8,14,6),TestNumGreaterTEqu-Num(2,9,15),Close(8,4,0),Div-Num(9,10,7),Close(14,9,6),SubmitNum-Num(4,13,3),SubmitNum-Num(2,9,8),If-Num(14,3,4),TestNumGreaterTEqu-Num(2,0,1),If-Num(1,11,4),Countdown-Num(12,14,8)]"
PROBLEM_median__ARGS_NUM__MUT_0075,4370,median,Numeric,0.0075,0,True,40,345,292,"[LoadNum2-Num(6,0,8),Set-6-Num(13,11,4),Set-12-Num(12,1,5),Close(15,8,15),Div-Num(6,6,5),TestNumLessTEqu-Num(6,0,0),Set-8-Num(6,5,10),Not-Num(6,11,8),While-Num(0,1,7),Add-Num(7,8,6),Set-15-Num(10,6,14),SubmitNum-Num(8,15,1),LoadNum2-Num(5,5,6),SwapMem-Num(12,0,6),Dec-Num(14,3,13),TestNumEqu-Num(4,2,3),Floor-Num(0,2,9),TestNumLessTEqu-Num(10,4,0),SubmitNum-Num(1,5,8),LoadNum1-Num(6,4,3),LoadNum3-Num(8,1,6),CopyMem-Num(11,13,1),Div-Num(12,4,13),TestNumGreaterTEqu-Num(1,1,13),TestNumLessTEqu-Num(2,5,0),Close(8,4,3),TestNumLessTEqu-Num(11,12,0),Set-16-Num(11,1,7),While-Num(0,5,5),SubmitNum-Num(8,0,1),Mod-Num(0,5,6),Div-Num(15,6,10),LoadNum1-Num(12,4,11),Set-2-Num(7,2,4),LoadNum3-Num(11,13,5),SubmitNum-Num(12,13,13),Set-8-Num(6,8,15),Countdown-Num(13,2,15),IfNot-Num(11,15,3),Set-0-Num(10,15,7)]"
PROBLEM_median__ARGS_NUM__MUT_0075,4371,median,Numeric,0.0075,0,True,32,422,230,"[SubmitNum-Num(2,8,0),LoadNum1-Num(7,9,0),TestNumGreater-Num(2,7,15),LoadNum1-Num(3,7,3),Countdown-Num(2,10,7),LoadNum2-Num(5,10,10),Set-14-Num(14,9,10),Div-Num(12,7,8),TestNumLess-Num(3,1,10),Not-Num(11,14,1),CopyMem-Num(0,8,10),Mult-Num(5,14,0),LoadNum1-Num(4,1,11),TestNumNEqu-Num(9,1,3),Set-14-Num(5,9,0),IfNot-Num(10,5,10),Set-4-Num(13,9,0),LoadNum1-Num(5,3,13),LoadNum3-Num(8,13,12),SubmitNum-Num(1,12,11),SwapMem-Num(1,5,3),TestNumGreater-Num(5,2,15),Close(5,4,15),TestNumGreaterTEqu-Num(2,1,9),Set-4-Num(11,3,10),Div-Num(1,9,8),TestNumLess-Num(9,7,7),Mult-Num(2,3,3),LoadNum2-Num(2,11,3),IfNot-Num(15,2,2),Set-14-Num(15,0,6),SubmitNum-Num(8,6,3)]"
PROBLEM_median__ARGS_NUM__MUT_0075,4372,median,Numeric,0.0075,0,True,32,178,123,"[TestNumLess-Num(1,2,14),SubmitNum-Num(1,10,14),Close(2,12,3),Set-2-Num(3,15,9),TestNumLessTEqu-Num(0,1,8),Countdown-Num(3,7,7),Add-Num(6,14,3),Set-12-Num(1,4,4),Mod-Num(8,1,14),Set-6-Num(0,9,4),Not-Num(4,13,9),Set-4-Num(8,11,13),Close(1,11,10),Countdown-Num(14,2,6),Countdown-Num(1,8,7),TestNumGreaterTEqu-Num(10,4,4),CopyMem-Num(14,12,10),Set-5-Num(7,5,11),Floor-Num(9,15,0),Set-5-Num(11,15,6),TestNumGreaterTEqu-Num(12,8,4),SubmitNum-Num(2,14,4),CopyMem-Num(2,15,4),LoadNum1-Num(2,1,4),Not-Num(12,10,13),Mod-Num(11,1,14),Countdown-Num(7,2,2),TestNumLess-Num(2,15,10),Countdown-Num(14,2,7),If-Num(10,2,8),IfNot-Num(12,2,2),SubmitNum-Num(2,5,4)]"
PROBLEM_median__ARGS_NUM__MUT_0075,4373,median,Numeric,0.0075,0,False,NONE,NONE,NONE,"NONE"
PROBLEM_median__ARGS_NUM__MUT_0075,4374,median,Numeric,0.0075,0,False,NONE,NONE,NONE,"NONE"
PROBLEM_median__ARGS_NUM__MUT_0075,4375,median,Numeric,0.0075,0,True,23,453,370,"[Set-14-Num(7,15,13),Countdown-Num(7,6,2),LoadNum3-Num(4,10,7),LoadNum2-Num(15,13,0),SubmitNum-Num(8,10,2),TestNumLess-Num(7,8,5),If-Num(7,5,6),Set-9-Num(8,12,14),TestNumGreaterTEqu-Num(1,0,13),Dec-Num(13,0,8),LoadNum1-Num(8,10,12),Set-14-Num(6,5,1),Set-2-Num(14,3,11),SwapMem-Num(0,4,3),LoadNum3-Num(7,14,11),SubmitNum-Num(0,2,11),Mod-Num(10,5,7),IfNot-Num(13,11,13),SwapMem-Num(2,1,3),TestNumLess-Num(4,1,13),Div-Num(1,13,8),SubmitNum-Num(15,3,6),TestNumGreaterTEqu-Num(15,8,7)]"
PROBLEM_median__ARGS_NUM__MUT_0075,4376,median,Numeric,0.0075,0,False,NONE,NONE,NONE,"NONE"
PROBLEM_median__ARGS_NUM__MUT_0075,4377,median,Numeric,0.0075,0,False,NONE,NONE,NONE,"NONE"
PROBLEM_median__ARGS_NUM__MUT_0075,4378,median,Numeric,0.0075,0,False,NONE,NONE,NONE,"NONE"
PROBLEM_median__ARGS_NUM__MUT_0075,4379,median,Numeric,0.0075,0,False,NONE,NONE,NONE,"NONE"
PROBLEM_median__ARGS_NUM__MUT_0075,4380,median,Numeric,0.0075,0,False,NONE,NONE,NONE,"NONE"
PROBLEM_median__ARGS_NUM__MUT_0075,4381,median,Numeric,0.0075,0,True,28,456,230,"[TestNumLessTEqu-Num(11,7,0),Sub-Num(0,2,11),Countdown-Num(0,4,7),TestNumLess-Num(6,2,4),Set-6-Num(8,9,5),SubmitNum-Num(1,13,11),SubmitNum-Num(11,7,8),LoadNum1-Num(5,14,7),TestNumLess-Num(9,11,10),Set-14-Num(11,10,9),If-Num(4,6,7),Not-Num(10,1,3),Close(3,3,14),Set-1-Num(0,7,14),LoadNum2-Num(11,10,1),SubmitNum-Num(7,13,4),While-Num(10,9,2),LoadNum1-Num(6,14,3),LoadNum3-Num(11,15,4),TestNumGreater-Num(7,6,7),Set-8-Num(15,1,3),LoadNum2-Num(6,12,13),LoadNum1-Num(9,1,7),Div-Num(0,12,7),TestNumEqu-Num(8,8,5),LoadNum1-Num(7,15,9),Countdown-Num(10,0,13),Set-11-Num(3,1,0)]"
PROBLEM_median__ARGS_NUM__MUT_0075,4382,median,Numeric,0.0075,0,True,37,303,234,"[LoadNum3-Num(13,3,9),TestNumGreaterTEqu-Num(1,0,0),Close(6,14,0),LoadNum1-Num(3,14,8),TestNumLessTEqu-Num(15,15,12),Set-3-Num(1,11,2),CopyMem-Num(14,11,8),CopyMem-Num(15,4,11),SubmitNum-Num(3,15,11),Mod-Num(1,8,15),Close(2,7,7),SubmitNum-Num(4,13,9),Countdown-Num(13,5,9),LoadNum2-Num(10,0,1),Set-5-Num(14,9,9),Set-10-Num(7,4,7),Set-11-Num(6,6,11),TestNumGreater-Num(10,2,13),TestNumGreater-Num(3,2,5),Not-Num(0,15,7),Set-7-Num(4,14,7),CopyMem-Num(7,15,0),Countdown-Num(0,0,12),TestNumNEqu-Num(12,13,13),Dec-Num(5,14,3),Close(14,12,6),Set-12-Num(10,4,5),TestNumGreaterTEqu-Num(6,5,12),Set-14-Num(10,3,9),TestNumGreaterTEqu-Num(4,14,8),LoadNum3-Num(7,6,2),Inc-Num(10,12,13),Set-12-Num(1,8,7),Set-4-Num(12,12,0),SubmitNum-Num(7,8,3),IfNot-Num(5,4,6),LoadNum2-Num(4,0,14)]"
PROBLEM_median__ARGS_NUM__MUT_0075,4383,median,Numeric,0.0075,0,True,12,384,290,"[SubmitNum-Num(1,12,4),Add-Num(0,6,15),LoadNum2-Num(13,1,11),TestNumGreaterTEqu-Num(13,2,14),TestNumLessTEqu-Num(15,13,13),Sub-Num(13,14,3),IfNot-Num(3,7,13),TestNumGreaterTEqu-Num(2,15,9),TestNumEqu-Num(9,14,9),SubmitNum-Num(2,10,4),IfNot-Num(9,9,6),SubmitNum-Num(15,2,2)]"
PROBLEM_median__ARGS_NUM__MUT_0075,4384,median,Numeric,0.0075,0,False,NONE,NONE,NONE,"NONE"
PROBLEM_median__ARGS_NUM__MUT_0075,4385,median,Numeric,0.0075,0,True,25,458,392,"[TestNumGreater-Num(0,2,13),Set-7-Num(8,15,8),Set-1-Num(3,1,14),Div-Num(2,3,1),LoadNum1-Num(4,13,6),Countdown-Num(3,7,6),SwapMem-Num(3,2,0),Set-6-Num(14,2,12),LoadNum2-Num(9,7,10),SwapMem-Num(1,4,0),Sub-Num(4,7,15),LoadNum2-Num(8,15,0),TestNumGreater-Num(14,6,12),While-Num(12,5,15),TestNumGreater-Num(15,8,12),SwapMem-Num(8,4,4),SubmitNum-Num(4,5,3),TestNumNEqu-Num(10,14,10),IfNot-Num(12,0,8),LoadNum1-Num(10,4,0),TestNumGreaterTEqu-Num(9,10,12),Countdown-Num(13,4,11),Set-10-Num(6,13,11),Countdown-Num(12,9,5),SubmitNum-Num(1,12,11)]"
PROBLEM_median__ARGS_NUM__MUT_0075,4386,median,Numeric,0.0075,0,False,NONE,NONE,NONE,"NONE"
PROBLEM_median__ARGS_NUM__MUT_0075,4387,median,Numeric,0.0075,0,True,31,445,312,"[Set-9-Num(8,8,6),TestNumGreater-Num(2,1,14),Not-Num(5,6,3),Sub-Num(14,12,15),LoadNum1-Num(1,3,10),Dec-Num(9,11,7),SubmitNum-Num(10,5,15),While-Num(9,13,11),Sub-Num(14,5,7),If-Num(9,14,1),Floor-Num(9,4,10),Set-9-Num(4,7,3),Set-4-Num(14,10,0),Mult-Num(2,7,13),Dec-Num(13,0,11),LoadNum2-Num(8,6,15),Mod-Num(12,1,4),SubmitNum-Num(1,3,7),While-Num(7,14,10),TestNumGreater-Num(8,1,5),Add-Num(4,9,12),Set-14-Num(14,8,12),Set-16-Num(3,5,11),Add-Num(11,5,7),Dec-Num(6,10,2),Mod-Num(2,11,8),SwapMem-Num(8,2,15),TestNumLess-Num(1,8,13),SubmitNum-Num(8,13,4),IfNot-Num(13,10,5),While-Num(15,12,14)]"
PROBLEM_median__ARGS_NUM__MUT_0075,4388,median,Numeric,0.0075,0,True,43,425,336,"[LoadNum1-Num(7,0,14),Not-Num(15,4,5),TestNumLess-Num(1,2,11),IfNot-Num(4,12,15),Close(7,15,14),Close(5,7,1),Set-7-Num(9,15,2),TestNumLessTEqu-Num(1,0,14),LoadNum3-Num(10,1,1),Countdown-Num(9,9,9),Set-4-Num(13,4,13),If-Num(13,4,10),TestNumGreater-Num(10,7,9),LoadNum1-Num(4,12,7),SubmitNum-Num(2,2,8),Set-1-Num(3,15,15),Set-12-Num(12,0,11),Set-1-Num(13,7,6),SubmitNum-Num(1,0,4),TestNumLessTEqu-Num(1,7,8),Sub-Num(0,10,12),Set-1-Num(5,0,6),Set-10-Num(4,3,5),SwapMem-Num(7,10,13),Set-5-Num(13,13,2),LoadNum3-Num(10,8,13),Set-6-Num(3,9,7),Set-7-Num(0,10,5),LoadNum2-Num(10,12,1),Set-7-Num(13,11,9),TestNumLessTEqu-Num(6,12,12),LoadNum1-Num(0,13,15),Countdown-Num(12,13,5),SubmitNum-Num(0,0,3),LoadNum3-Num(6,15,6),Dec-Num(5,14,14),While-Num(3,5,8),CopyMem-Num(11,13,14),Dec-Num(4,13,8),While-Num(14,8,7),SubmitNum-Num(6,12,11),If-Num(11,3,14),Mult-Num(14,14,13)]"
PROBLEM_median__ARGS_NUM__MUT_0075,4389,median,Numeric,0.0075,0,True,13,271,133,"[TestNumGreater-Num(0,2,13),TestNumGreater-Num(1,0,12),LoadNum2-Num(6,3,1),Sub-Num(12,13,10),SubmitNum-Num(0,13,8),While-Num(10,6,12),Mult-Num(12,12,11),SubmitNum-Num(2,12,13),TestNumGreaterTEqu-Num(6,2,12),IfNot-Num(11,3,5),SubmitNum-Num(1,5,13),Set-9-Num(5,6,9),While-Num(12,11,11)]"
PROBLEM_median__ARGS_NUM__MUT_0075,4390,median,Numeric,0.0075,0,True,21,333,158,"[TestNumGreaterTEqu-Num(0,2,10),Set-13-Num(2,13,9),Countdown-Num(2,9,9),SubmitNum-Num(0,3,3),LoadNum2-Num(5,15,12),Set-14-Num(13,4,2),IfNot-Num(9,5,5),Set-7-Num(3,11,9),LoadNum1-Num(4,10,13),LoadNum1-Num(8,8,5),Div-Num(4,15,0),Set-14-Num(7,1,15),IfNot-Num(15,1,8),LoadNum3-Num(0,8,5),While-Num(10,12,1),TestNumLess-Num(8,5,10),TestNumGreater-Num(0,5,2),Close(1,14,13),SubmitNum-Num(5,13,12),TestNumGreater-Num(5,0,10),TestNumLessTEqu-Num(5,4,15)]"
PROBLEM_median__ARGS_NUM__MUT_0075,4391,median,Numeric,0.0075,0,True,19,391,184,"[Close(1,9,2),Set-2-Num(1,4,1),Dec-Num(13,3,6),While-Num(1,6,12),Add-Num(12,0,8),Set-4-Num(7,12,5),SwapMem-Num(0,2,8),Set-8-Num(12,10,8),While-Num(12,2,12),If-Num(7,1,1),TestNumGreater-Num(0,2,7),If-Num(13,11,10),SubmitNum-Num(2,6,0),LoadNum2-Num(2,4,15),LoadNum3-Num(0,0,5),TestNumLess-Num(2,8,12),TestNumGreaterTEqu-Num(0,8,1),Not-Num(7,2,6),TestNumGreaterTEqu-Num(2,0,13)]"
PROBLEM_median__ARGS_NUM__MUT_0075,4392,median,Numeric,0.0075,0,True,11,251,118,"[Add-Num(0,9,9),TestNumGreaterTEqu-Num(0,1,13),Not-Num(7,4,2),While-Num(7,10,2),TestNumLess-Num(2,0,0),SubmitNum-Num(9,12,13),TestNumEqu-Num(13,0,7),TestNumLessTEqu-Num(1,2,13),SwapMem-Num(2,12,3),SwapMem-Num(9,1,1),LoadNum3-Num(1,7,2)]"
PROBLEM_median__ARGS_NUM__MUT_0075,4393,median,Numeric,0.0075,0,True,41,392,308,"[Sub-Num(1,6,5),Close(4,15,4),Set-13-Num(6,6,6),CopyMem-Num(11,3,5),Div-Num(11,15,15),Set-0-Num(11,13,14),TestNumEqu-Num(14,14,5),Set-16-Num(4,6,3),Set-15-Num(8,3,9),Set-16-Num(13,7,6),Mult-Num(10,7,5),Set-5-Num(2,7,12),Floor-Num(1,14,5),SwapMem-Num(6,15,5),SubmitNum-Num(0,10,12),TestNumLess-Num(9,6,15),LoadNum3-Num(9,13,12),Set-15-Num(8,5,1),TestNumGreater-Num(0,9,8),Set-12-Num(14,13,2),TestNumGreaterTEqu-Num(1,9,6),Add-Num(2,15,5),Countdown-Num(5,1,8),If-Num(8,13,13),Add-Num(14,3,5),SubmitNum-Num(9,6,2),TestNumLessTEqu-Num(14,12,5),Close(2,8,2),TestNumEqu-Num(13,9,3),Set-3-Num(7,7,4),Add-Num(5,7,10),Mult-Num(6,4,12),TestNumEqu-Num(9,14,2),Not-Num(2,0,10),LoadNum2-Num(6,1,3),TestNumGreater-Num(6,0,8),Close(11,8,13),While-Num(12,2,0),SubmitNum-Num(6,1,5),IfNot-Num(8,8,3),TestNumEqu-Num(15,7,13)]"
PROBLEM_median__ARGS_NUM__MUT_0075,4394,median,Numeric,0.0075,0,False,NONE,NONE,NONE,"NONE"
PROBLEM_median__ARGS_NUM__MUT_0075,4395,median,Numeric,0.0075,0,True,36,153,152,"[TestNumEqu-Num(4,3,7),SubmitNum-Num(9,7,0),While-Num(2,8,5),LoadNum1-Num(4,1,6),IfNot-Num(12,1,12),Sub-Num(2,3,12),Dec-Num(10,10,8),LoadNum2-Num(6,3,13),Set-13-Num(15,13,10),TestNumLess-Num(1,12,10),SubmitNum-Num(1,5,4),Close(5,0,15),Set-7-Num(13,14,14),IfNot-Num(9,14,12),Set-11-Num(8,5,10),SwapMem-Num(1,12,2),Inc-Num(6,1,5),LoadNum3-Num(1,13,4),IfNot-Num(10,1,5),Set-0-Num(10,2,5),TestNumLessTEqu-Num(12,4,5),LoadNum1-Num(1,12,0),LoadNum2-Num(4,7,7),TestNumLess-Num(11,6,6),Sub-Num(1,13,12),Close(3,15,2),TestNumLess-Num(0,12,15),Add-Num(15,5,12),IfNot-Num(8,4,7),Set-7-Num(7,5,0),Add-Num(5,1,7),Set-6-Num(5,2,15),TestNumNEqu-Num(3,7,0),Mod-Num(14,0,8),While-Num(15,10,1),CopyMem-Num(1,10,6)]"
PROBLEM_median__ARGS_NUM__MUT_0075,4396,median,Numeric,0.0075,0,True,18,392,142,"[TestNumGreater-Num(2,0,15),SubmitNum-Num(2,0,1),LoadNum1-Num(4,5,14),While-Num(2,12,7),SwapMem-Num(8,0,11),CopyMem-Num(4,5,12),Inc-Num(3,5,14),LoadNum3-Num(8,2,13),While-Num(0,13,3),Sub-Num(2,6,4),Not-Num(8,10,3),TestNumLessTEqu-Num(14,7,13),Inc-Num(7,1,12),TestNumLess-Num(1,5,11),TestNumEqu-Num(15,11,0),Countdown-Num(0,4,9),SubmitNum-Num(1,15,10),LoadNum1-Num(1,1,2)]"
PROBLEM_median__ARGS_NUM__MUT_0075,4397,median,Numeric,0.0075,0,False,NONE,NONE,NONE,"NONE"
PROBLEM_median__ARGS_NUM__MUT_0075,4398,median,Numeric,0.0075,0,False,NONE,NONE,NONE,"NONE"
PROBLEM_median__ARGS_NUM__MUT_0075,4399,median,Numeric,0.0075,0,False,NONE,NONE,NONE,"NONE"
PROBLEM_median__ARGS_NUM__MUT_0075,4400,median,Numeric,0.0075,0,True,34,498,341,"[Close(10,15,10),Close(1,4,2),Set-13-Num(12,10,0),Sub-Num(2,1,4),LoadNum2-Num(14,11,10),LoadNum3-Num(9,12,11),Set-14-Num(3,12,1),Set-13-Num(8,7,5),While-Num(3,3,0),Set-15-Num(7,14,12),Set-2-Num(3,2,4),SubmitNum-Num(14,1,1),Add-Num(12,4,4),Set-7-Num(6,5,15),Set-8-Num(6,3,2),TestNumLessTEqu-Num(0,1,5),SwapMem-Num(1,8,9),LoadNum2-Num(12,1,6),TestNumGreaterTEqu-Num(14,8,15),TestNumLessTEqu-Num(1,4,1),Set-5-Num(15,8,3),TestNumGreater-Num(11,3,10),Dec-Num(3,0,8),LoadNum1-Num(8,5,11),TestNumLess-Num(5,5,4),SubmitNum-Num(9,15,0),TestNumLess-Num(2,8,3),While-Num(1,1,3),SubmitNum-Num(8,10,14),TestNumNEqu-Num(6,1,1),Not-Num(6,11,2),While-Num(5,1,8),Countdown-Num(15,3,11),IfNot-Num(2,6,8)]"
PROBLEM_median__ARGS_NUM__MUT_01,4051,median,Numeric,0.01,0,True,35,413,376,"[TestNumNEqu-Num(0,1,1),Set-0-Num(2,3,1),LoadNum3-Num(10,1,3),Close(7,3,15),Set-6-Num(7,7,7),TestNumGreater-Num(0,10,5),Set-10-Num(8,3,15),LoadNum2-Num(8,5,9),Set-15-Num(11,2,1),LoadNum1-Num(14,5,11),Set-1-Num(4,9,8),LoadNum3-Num(10,3,14),TestNumEqu-Num(1,5,13),Countdown-Num(1,15,10),Close(5,2,0),Div-Num(3,2,11),TestNumGreater-Num(0,8,1),TestNumLessTEqu-Num(8,0,2),SubmitNum-Num(14,11,14),While-Num(4,13,10),Set-2-Num(9,13,9),Set-3-Num(6,6,13),Countdown-Num(13,3,5),TestNumNEqu-Num(4,9,12),SubmitNum-Num(8,4,8),Inc-Num(12,3,5),Set-9-Num(12,0,5),Set-0-Num(6,13,11),TestNumGreaterTEqu-Num(10,8,13),Inc-Num(4,10,6),Set-1-Num(9,15,13),Set-11-Num(3,2,12),SubmitNum-Num(10,11,9),Set-2-Num(9,4,4),Add-Num(11,9,12)]"
PROBLEM_median__ARGS_NUM__MUT_01,4052,median,Numeric,0.01,0,True,18,202,156,"[LoadNum1-Num(6,4,7),Sub-Num(1,0,3),SubmitNum-Num(0,13,15),While-Num(3,8,13),TestNumGreaterTEqu-Num(2,0,13),Not-Num(13,9,1),If-Num(8,14,11),IfNot-Num(13,12,7),SubmitNum-Num(2,3,8),Return(11,11,15),Close(9,6,6),LoadNum2-Num(2,12,6),Close(3,8,7),LoadNum2-Num(0,12,14),TestNumGreater-Num(6,0,8),IfNot-Num(13,9,12),SubmitNum-Num(2,4,8),SwapMem-Num(6,2,1)]"
PROBLEM_median__ARGS_NUM__MUT_01,4053,median,Numeric,0.01,0,True,19,468,326,"[LoadNum1-Num(12,10,0),TestNumGreater-Num(1,0,3),LoadNum3-Num(15,4,2),TestNumGreaterTEqu-Num(1,15,11),LoadNum2-Num(2,12,1),TestNumLess-Num(15,12,1),Close(6,6,2),SubmitNum-Num(12,4,4),While-Num(3,8,14),Not-Num(11,6,0),Dec-Num(1,6,1),TestNumEqu-Num(12,3,3),Close(1,2,9),While-Num(11,7,10),SubmitNum-Num(2,15,8),Close(9,8,15),SubmitNum-Num(15,12,11),If-Num(1,7,6),Sub-Num(15,7,8)]"
PROBLEM_median__ARGS_NUM__MUT_01,4054,median,Numeric,0.01,0,True,13,270,157,"[Close(15,0,10),LoadNum1-Num(15,8,11),Mult-Num(13,13,5),SubmitNum-Num(2,8,2),TestNumGreaterTEqu-Num(1,2,7),TestNumGreaterTEqu-Num(2,15,13),TestNumEqu-Num(13,7,0),SwapMem-Num(1,2,13),SwapMem-Num(15,5,4),While-Num(0,5,5),Close(8,7,15),If-Num(15,1,14),SubmitNum-Num(5,10,11)]"
PROBLEM_median__ARGS_NUM__MUT_01,4055,median,Numeric,0.01,0,True,57,500,499,"[Close(0,2,9),LoadNum1-Num(4,0,5),Set-10-Num(6,2,11),SwapMem-Num(1,2,9),LoadNum3-Num(4,11,13),Set-4-Num(5,6,7),Set-11-Num(13,8,10),SubmitNum-Num(2,5,1),SwapMem-Num(0,4,5),Set-7-Num(0,15,4),TestNumEqu-Num(4,11,14),TestNumLessTEqu-Num(2,1,0),TestNumGreaterTEqu-Num(13,5,12),Inc-Num(6,5,7),CopyMem-Num(1,5,7),Set-14-Num(12,5,5),Dec-Num(13,1,4),Set-11-Num(14,12,6),LoadNum3-Num(9,14,13),Set-2-Num(4,0,9),IfNot-Num(0,9,10),Inc-Num(12,15,7),LoadNum1-Num(4,1,1),Set-11-Num(8,6,8),Set-3-Num(15,3,15),Sub-Num(8,11,13),TestNumGreaterTEqu-Num(4,2,0),IfNot-Num(0,10,10),LoadNum1-Num(1,9,10),TestNumGreaterTEqu-Num(12,12,14),TestNumLess-Num(5,4,6),Inc-Num(0,15,2),SubmitNum-Num(1,7,7),TestNumGreater-Num(14,15,15),IfNot-Num(6,3,8),SubmitNum-Num(5,1,5),Not-Num(2,10,0),Break(1,8,15),Set-1-Num(7,3,11),Set-7-Num(8,8,15),Add-Num(14,7,11),Floor-Num(7,1,3),Break(12,7,2),Set-15-Num(9,4,12),CopyMem-Num(5,13,1),Set-16-Num(9,5,11),Set-5-Num(13,5,15),Close(15,8,1),Set-8-Num(8,13,2),Sub-Num(11,4,3),Add-Num(4,14,2),Close(3,11,8),TestNumLess-Num(7,2,1),TestNumLessTEqu-Num(2,9,14),Set-7-Num(9,7,13),Set-6-Num(0,13,14),Mult-Num(7,13,2)]"
PROBLEM_median__ARGS_NUM__MUT_01,4056,median,Numeric,0.01,0,True,13,453,329,"[TestNumLess-Num(2,0,9),TestNumEqu-Num(12,9,12),Close(8,2,4),SubmitNum-Num(0,15,3),Sub-Num(1,0,15),TestNumLess-Num(15,3,7),TestNumLess-Num(1,2,4),TestNumNEqu-Num(4,7,13),TestNumNEqu-Num(12,7,6),Div-Num(1,13,2),SubmitNum-Num(2,5,11),While-Num(6,12,7),Set-5-Num(0,2,1)]"
PROBLEM_median__ARGS_NUM__MUT_01,4057,median,Numeric,0.01,0,False,NONE,NONE,NONE,"NONE"
PROBLEM_median__ARGS_NUM__MUT_01,4058,median,Numeric,0.01,0,True,14,157,116,"[Close(11,8,10),TestNumEqu-Num(8,9,4),SubmitNum-Num(1,4,14),TestNumLess-Num(1,0,10),TestNumGreater-Num(2,1,9),TestNumEqu-Num(10,9,12),While-Num(12,3,5),Add-Num(0,7,1),SubmitNum-Num(2,1,13),TestNumGreater-Num(2,1,9),TestNumEqu-Num(10,9,12),While-Num(12,3,2),Countdown-Num(4,3,3),TestNumGreater-Num(9,6,6)]"
PROBLEM_median__ARGS_NUM__MUT_01,4059,median,Numeric,0.01,0,True,31,436,224,"[Set-14-Num(13,3,2),TestNumLessTEqu-Num(3,10,14),Countdown-Num(14,2,13),LoadNum3-Num(12,5,14),TestNumGreater-Num(12,0,14),LoadNum3-Num(0,14,13),Close(15,9,14),Close(2,15,8),Dec-Num(11,10,15),If-Num(13,6,2),Set-5-Num(4,3,8),Countdown-Num(4,14,12),SubmitNum-Num(2,5,1),Not-Num(13,13,6),Set-0-Num(10,0,10),While-Num(13,5,12),Set-13-Num(12,12,4),TestNumLessTEqu-Num(1,2,14),TestNumEqu-Num(6,3,13),LoadNum3-Num(11,5,3),LoadNum2-Num(11,7,11),TestNumGreater-Num(12,1,5),LoadNum2-Num(15,10,13),LoadNum1-Num(2,14,7),Set-14-Num(10,7,1),SubmitNum-Num(0,0,0),Countdown-Num(14,6,10),Dec-Num(6,1,7),TestNumGreater-Num(1,2,14),SubmitNum-Num(1,3,15),TestNumEqu-Num(15,15,6)]"
PROBLEM_median__ARGS_NUM__MUT_01,4060,median,Numeric,0.01,0,True,36,480,245,"[Sub-Num(0,2,12),Set-5-Num(6,6,12),LoadNum1-Num(15,7,2),Close(15,2,1),TestNumGreater-Num(12,10,7),Break(11,15,0),CopyMem-Num(1,12,13),IfNot-Num(7,2,6),TestNumGreaterTEqu-Num(2,12,15),LoadNum2-Num(7,7,11),TestNumGreater-Num(0,7,12),Close(4,15,7),Set-0-Num(14,4,13),LoadNum3-Num(13,15,9),Floor-Num(8,15,0),TestNumLess-Num(12,15,8),Set-2-Num(7,5,3),Set-1-Num(6,11,5),CopyMem-Num(15,9,5),Floor-Num(3,10,14),Not-Num(12,15,15),Div-Num(7,8,11),SubmitNum-Num(1,10,3),While-Num(7,14,3),LoadNum2-Num(10,9,7),SubmitNum-Num(4,13,11),SwapMem-Num(9,7,0),IfNot-Num(5,3,11),SubmitNum-Num(0,9,2),LoadNum3-Num(4,8,4),TestNumLessTEqu-Num(4,1,7),While-Num(8,0,1),Add-Num(9,9,0),LoadNum3-Num(12,6,12),Countdown-Num(0,7,5),SubmitNum-Num(10,9,0)]"
PROBLEM_median__ARGS_NUM__MUT_01,4061,median,Numeric,0.01,0,True,20,431,172,"[LoadNum2-Num(13,14,12),Close(8,6,9),Inc-Num(0,2,13),LoadNum1-Num(9,12,11),SubmitNum-Num(9,2,13),LoadNum1-Num(8,13,15),TestNumLess-Num(13,0,0),Countdown-Num(0,5,4),SubmitNum-Num(13,7,13),SwapMem-Num(8,13,10),Close(8,1,9),LoadNum3-Num(14,12,14),TestNumGreater-Num(13,14,9),TestNumLess-Num(8,14,10),Break(10,1,11),LoadNum3-Num(0,1,4),While-Num(10,9,10),SubmitNum-Num(2,13,10),If-Num(9,5,3),CopyMem-Num(9,5,11)]"
PROBLEM_median__ARGS_NUM__MUT_01,4062,median,Numeric,0.01,0,True,39,478,342,"[LoadNum3-Num(13,8,3),Set-9-Num(15,9,12),SubmitNum-Num(2,13,4),While-Num(15,5,0),TestNumGreaterTEqu-Num(1,13,6),CopyMem-Num(12,9,3),TestNumLessTEqu-Num(13,0,7),Set-5-Num(14,10,9),Mod-Num(5,4,6),Inc-Num(4,11,9),Set-6-Num(14,7,15),If-Num(7,13,13),Set-11-Num(9,4,9),TestNumEqu-Num(3,8,14),Sub-Num(0,2,12),LoadNum3-Num(8,3,14),Add-Num(3,6,7),LoadNum1-Num(5,2,7),Set-3-Num(12,11,7),Set-11-Num(14,4,12),Set-7-Num(13,15,8),If-Num(10,14,4),LoadNum2-Num(2,11,14),Close(1,9,2),Set-11-Num(10,8,14),Set-10-Num(3,13,0),SwapMem-Num(1,1,4),SubmitNum-Num(2,15,6),TestNumEqu-Num(13,9,10),Floor-Num(8,4,4),Floor-Num(15,15,4),Set-2-Num(10,6,4),SubmitNum-Num(0,10,14),Close(14,14,0),Div-Num(1,11,0),LoadNum2-Num(13,12,1),IfNot-Num(6,11,14),TestNumLessTEqu-Num(15,7,10),TestNumLessTEqu-Num(13,2,11)]"
PROBLEM_median__ARGS_NUM__MUT_01,4063,median,Numeric,0.01,0,True,18,351,209,"[Set-15-Num(4,11,8),Sub-Num(2,10,15),TestNumGreaterTEqu-Num(2,0,9),While-Num(4,6,6),TestNumGreaterTEqu-Num(15,0,12),Set-2-Num(2,5,3),SubmitNum-Num(0,12,11),Countdown-Num(2,12,4),LoadNum1-Num(11,2,3),LoadNum2-Num(0,4,10),Mult-Num(12,12,13),TestNumLess-Num(11,1,2),Not-Num(13,12,8),IfNot-Num(13,7,11),LoadNum1-Num(1,4,15),CopyMem-Num(0,15,4),TestNumLess-Num(2,9,2),LoadNum3-Num(0,0,10)]"
PROBLEM_median__ARGS_NUM__MUT_01,4064,median,Numeric,0.01,0,False,NONE,NONE,NONE,"NONE"
PROBLEM_median__ARGS_NUM__MUT_01,4065,median,Numeric,0.01,0,True,15,155,131,"[LoadNum3-Num(4,3,3),LoadNum2-Num(5,9,9),Set-2-Num(13,6,10),While-Num(13,9,11),TestNumGreaterTEqu-Num(4,5,7),SwapMem-Num(5,2,8),If-Num(7,3,9),SubmitNum-Num(2,10,11),LoadNum1-Num(4,3,5),TestNumGreater-Num(4,2,13),TestNumGreaterTEqu-Num(4,5,7),SwapMem-Num(5,2,1),LoadNum1-Num(5,15,14),If-Num(7,4,4),SubmitNum-Num(2,10,14)]"
PROBLEM_median__ARGS_NUM__MUT_01,4066,median,Numeric,0.01,0,True,46,380,380,"[Set-8-Num(6,3,3),Add-Num(0,4,7),Set-2-Num(9,9,6),LoadNum2-Num(4,4,7),Close(9,2,2),Countdown-Num(9,11,3),TestNumLess-Num(1,2,10),LoadNum2-Num(15,14,8),Set-11-Num(5,12,14),TestNumNEqu-Num(2,1,14),TestNumLessTEqu-Num(5,6,11),Div-Num(5,10,13),Add-Num(3,4,2),SubmitNum-Num(4,4,10),TestNumGreater-Num(11,2,1),Set-6-Num(11,9,8),Set-4-Num(15,15,6),Set-5-Num(1,10,10),Sub-Num(5,1,9),Set-0-Num(3,9,3),TestNumLess-Num(10,3,12),Mod-Num(6,8,4),While-Num(14,7,2),SubmitNum-Num(7,12,10),Div-Num(12,14,3),LoadNum3-Num(3,13,5),Div-Num(13,12,15),Mod-Num(4,8,3),TestNumGreater-Num(1,11,1),SubmitNum-Num(4,8,5),TestNumGreater-Num(4,7,9),IfNot-Num(9,14,8),Mod-Num(11,14,15),SwapMem-Num(1,13,5),Set-9-Num(13,13,3),Set-7-Num(9,9,11),Close(8,3,11),Dec-Num(11,2,9),While-Num(14,1,4),LoadNum3-Num(4,8,2),SwapMem-Num(15,1,5),Div-Num(12,15,13),Not-Num(1,8,7),TestNumLess-Num(3,0,2),Countdown-Num(13,2,13),Set-0-Num(9,3,10)]"
PROBLEM_median__ARGS_NUM__MUT_01,4067,median,Numeric,0.01,0,True,18,407,116,"[LoadNum2-Num(15,8,4),LoadNum3-Num(9,7,13),Set-11-Num(12,6,9),While-Num(12,12,7),TestNumLess-Num(15,9,2),Set-5-Num(7,9,9),SubmitNum-Num(15,11,5),TestNumGreater-Num(15,0,12),Set-4-Num(5,10,15),Set-9-Num(3,11,1),LoadNum3-Num(15,4,0),LoadNum1-Num(9,14,14),While-Num(2,8,13),Set-0-Num(3,8,1),IfNot-Num(12,13,1),SubmitNum-Num(0,8,12),Countdown-Num(2,3,7),TestNumGreater-Num(0,15,12)]"
PROBLEM_median__ARGS_NUM__MUT_01,4068,median,Numeric,0.01,0,True,37,397,332,"[LoadNum3-Num(9,6,7),Dec-Num(1,4,11),Set-11-Num(6,7,6),Close(2,4,3),LoadNum3-Num(12,12,3),Set-3-Num(5,1,9),SubmitNum-Num(9,3,8),TestNumLess-Num(11,9,3),Break(1,1,1),Set-6-Num(3,0,3),LoadNum1-Num(11,2,7),TestNumGreaterTEqu-Num(0,2,8),LoadNum1-Num(7,5,10),Countdown-Num(3,6,3),TestNumGreater-Num(9,14,6),Set-11-Num(14,13,15),SwapMem-Num(1,11,6),Set-4-Num(4,2,0),Set-2-Num(5,5,0),Add-Num(15,13,15),TestNumEqu-Num(8,3,4),LoadNum2-Num(13,6,0),TestNumLess-Num(11,1,13),LoadNum2-Num(11,1,3),SwapMem-Num(8,13,6),LoadNum2-Num(4,5,6),Set-4-Num(0,13,11),TestNumLess-Num(2,1,3),IfNot-Num(13,2,15),Add-Num(10,3,5),SubmitNum-Num(4,8,14),LoadNum3-Num(1,1,10),TestNumEqu-Num(2,12,13),Set-16-Num(0,15,5),Set-2-Num(10,2,12),While-Num(8,11,2),SubmitNum-Num(7,2,2)]"
PROBLEM_median__ARGS_NUM__MUT_01,4069,median,Numeric,0.01,0,False,NONE,NONE,NONE,"NONE"
PROBLEM_median__ARGS_NUM__MUT_01,4070,median,Numeric,0.01,0,True,28,383,383,"[Set-10-Num(0,7,0),LoadNum2-Num(8,12,8),Add-Num(15,8,11),LoadNum1-Num(4,11,14),Countdown-Num(0,11,0),IfNot-Num(12,12,13),Close(7,0,10),Inc-Num(15,10,10),Set-11-Num(13,0,13),TestNumEqu-Num(5,3,8),CopyMem-Num(15,13,0),SubmitNum-Num(2,12,6),Set-11-Num(0,8,8),Set-1-Num(9,12,9),Mult-Num(1,13,13),Countdown-Num(9,0,2),TestNumLessTEqu-Num(4,2,14),SubmitNum-Num(1,13,13),Div-Num(8,6,0),TestNumGreater-Num(4,1,7),Sub-Num(7,14,14),Add-Num(7,11,4),Inc-Num(6,0,8),TestNumNEqu-Num(4,11,11),IfNot-Num(14,12,9),LoadNum1-Num(1,9,10),Set-14-Num(5,13,9),LoadNum2-Num(14,13,0)]"
PROBLEM_median__ARGS_NUM__MUT_01,4071,median,Numeric,0.01,0,False,NONE,NONE,NONE,"NONE"
PROBLEM_median__ARGS_NUM__MUT_01,4072,median,Numeric,0.01,0,True,24,474,422,"[TestNumLess-Num(1,2,15),SubmitNum-Num(1,5,9),Set-1-Num(13,2,14),TestNumGreaterTEqu-Num(0,2,4),Dec-Num(7,5,4),IfNot-Num(15,4,8),TestNumLessTEqu-Num(1,0,12),Div-Num(11,4,7),Close(15,6,14),IfNot-Num(12,4,7),Sub-Num(2,3,9),SubmitNum-Num(0,7,15),IfNot-Num(4,3,0),Div-Num(1,13,0),Close(5,14,4),Countdown-Num(7,11,1),SubmitNum-Num(9,1,12),TestNumLessTEqu-Num(2,0,15),IfNot-Num(15,8,8),LoadNum1-Num(8,7,9),LoadNum1-Num(9,7,8),TestNumGreater-Num(1,8,3),Countdown-Num(3,4,2),LoadNum2-Num(9,9,0)]"
PROBLEM_median__ARGS_NUM__MUT_01,4073,median,Numeric,0.01,0,True,34,253,253,"[Set-9-Num(1,15,3),LoadNum1-Num(14,11,7),LoadNum2-Num(15,13,0),Mult-Num(9,11,9),While-Num(1,14,3),Dec-Num(0,7,2),LoadNum3-Num(3,11,1),Sub-Num(2,9,10),TestNumGreater-Num(10,0,1),Set-4-Num(8,2,12),LoadNum2-Num(6,11,7),Add-Num(15,14,11),Set-7-Num(4,15,3),Sub-Num(4,7,0),Floor-Num(10,10,6),SubmitNum-Num(2,14,6),Countdown-Num(8,12,14),TestNumGreater-Num(15,2,8),Mult-Num(11,2,3),LoadNum1-Num(2,0,10),LoadNum3-Num(9,0,8),IfNot-Num(13,11,8),TestNumLess-Num(6,15,5),While-Num(8,4,13),Set-15-Num(13,0,1),TestNumGreater-Num(15,2,8),LoadNum1-Num(2,11,3),Set-5-Num(12,11,3),LoadNum3-Num(9,2,8),IfNot-Num(1,6,5),TestNumLess-Num(3,6,15),Floor-Num(11,2,4),SubmitNum-Num(6,7,13),Mod-Num(2,3,6)]"
PROBLEM_median__ARGS_NUM__MUT_01,4074,median,Numeric,0.01,0,True,13,363,216,"[SubmitNum-Num(1,5,12),TestNumGreater-Num(1,2,14),TestNumGreaterTEqu-Num(0,2,13),TestNumEqu-Num(13,14,12),IfNot-Num(12,5,7),SubmitNum-Num(2,13,12),Close(14,12,9),TestNumLessTEqu-Num(0,1,7),IfNot-Num(7,5,4),Not-Num(13,5,11),Close(8,10,13),While-Num(13,11,0),SubmitNum-Num(0,13,14)]"
PROBLEM_median__ARGS_NUM__MUT_01,4075,median,Numeric,0.01,0,True,37,461,134,"[LoadNum3-Num(1,6,1),LoadNum2-Num(14,1,13),SwapMem-Num(10,3,3),CopyMem-Num(14,5,8),LoadNum2-Num(10,9,2),Close(0,1,0),Close(6,12,15),SwapMem-Num(9,13,14),SubmitNum-Num(10,5,1),LoadNum1-Num(6,12,7),TestNumGreaterTEqu-Num(1,0,12),TestNumLess-Num(5,2,8),IfNot-Num(8,9,14),Mod-Num(4,8,11),Set-5-Num(15,5,10),Set-13-Num(1,4,1),Close(9,12,0),Sub-Num(5,11,1),SubmitNum-Num(2,13,3),Set-12-Num(7,14,11),TestNumLessTEqu-Num(10,14,4),While-Num(12,14,13),Set-14-Num(8,3,7),Floor-Num(12,14,15),Sub-Num(13,13,7),LoadNum2-Num(6,11,4),LoadNum1-Num(10,12,0),Dec-Num(4,14,6),Set-5-Num(12,5,8),CopyMem-Num(6,15,3),TestNumEqu-Num(5,10,9),Set-15-Num(8,1,13),SubmitNum-Num(5,3,3),Set-7-Num(11,2,9),Not-Num(12,15,13),Set-2-Num(4,0,10),Set-5-Num(8,7,11)]"
PROBLEM_median__ARGS_NUM__MUT_01,4076,median,Numeric,0.01,0,True,17,366,272,"[SubmitNum-Num(1,8,1),LoadNum2-Num(3,11,4),TestNumLess-Num(0,2,12),TestNumGreater-Num(3,0,14),TestNumLess-Num(1,2,4),While-Num(4,1,5),Set-7-Num(14,10,8),TestNumLess-Num(0,3,4),Close(4,3,12),Countdown-Num(14,0,13),SubmitNum-Num(2,14,4),SwapMem-Num(0,12,6),TestNumEqu-Num(11,0,3),Div-Num(0,14,3),CopyMem-Num(7,14,6),While-Num(3,15,7),SubmitNum-Num(12,7,12)]"
PROBLEM_median__ARGS_NUM__MUT_01,4077,median,Numeric,0.01,0,True,41,437,275,"[SubmitNum-Num(8,12,15),Not-Num(15,0,2),CopyMem-Num(11,4,15),LoadNum1-Num(2,1,13),Mod-Num(13,5,7),LoadNum3-Num(11,0,2),TestNumEqu-Num(11,13,7),Add-Num(5,11,13),Close(0,10,3),SubmitNum-Num(6,12,14),TestNumGreaterTEqu-Num(2,1,12),SwapMem-Num(3,2,10),SubmitNum-Num(0,9,4),LoadNum2-Num(2,0,1),Set-14-Num(7,13,9),Set-12-Num(4,5,7),CopyMem-Num(13,1,13),Countdown-Num(12,1,0),Div-Num(8,0,2),SwapMem-Num(8,1,15),SwapMem-Num(8,10,0),Div-Num(4,3,11),LoadNum3-Num(2,8,5),LoadNum1-Num(1,9,3),Close(11,11,14),SubmitNum-Num(3,5,6),Mod-Num(13,1,13),TestNumGreaterTEqu-Num(2,1,12),Set-15-Num(14,3,1),LoadNum3-Num(6,12,13),Set-9-Num(9,4,8),Set-12-Num(2,3,15),LoadNum3-Num(13,12,0),LoadNum2-Num(2,13,1),SubmitNum-Num(0,7,8),LoadNum2-Num(2,9,15),CopyMem-Num(6,1,15),Countdown-Num(12,14,7),SwapMem-Num(4,12,12),LoadNum3-Num(2,11,3),LoadNum1-Num(1,0,8)]"
PROBLEM_median__ARGS_NUM__MUT_01,4078,median,Numeric,0.01,0,True,36,486,446,"[LoadNum1-Num(5,12,14),Sub-Num(6,1,9),Close(14,12,3),TestNumGreater-Num(1,0,12),LoadNum2-Num(0,1,15),Set-8-Num(7,14,13),Mod-Num(9,12,3),Add-Num(9,2,9),Set-8-Num(12,2,4),Dec-Num(15,9,5),Set-15-Num(11,8,5),Set-15-Num(14,12,13),Div-Num(12,4,4),TestNumLessTEqu-Num(9,15,15),Close(11,2,6),SubmitNum-Num(0,2,2),Set-16-Num(2,0,10),TestNumLess-Num(0,5,13),TestNumGreater-Num(8,5,1),Inc-Num(1,14,0),TestNumEqu-Num(13,15,3),CopyMem-Num(7,2,0),Set-16-Num(13,2,10),Not-Num(13,13,4),Set-7-Num(6,3,11),IfNot-Num(10,6,13),Set-14-Num(12,2,13),If-Num(1,3,10),LoadNum3-Num(0,1,4),SubmitNum-Num(5,3,14),While-Num(3,13,4),Set-15-Num(3,1,14),Not-Num(3,6,9),Set-9-Num(10,11,10),IfNot-Num(7,11,8),Set-4-Num(11,10,7)]"
PROBLEM_median__ARGS_NUM__MUT_01,4079,median,Numeric,0.01,0,True,38,407,313,"[LoadNum1-Num(9,13,4),LoadNum2-Num(4,10,11),SubmitNum-Num(1,0,9),TestNumLess-Num(9,1,11),LoadNum3-Num(7,14,8),Countdown-Num(11,12,4),Add-Num(7,9,2),SubmitNum-Num(0,0,0),CopyMem-Num(0,4,12),LoadNum2-Num(9,9,10),Close(12,13,7),TestNumGreater-Num(7,4,11),Countdown-Num(11,8,10),TestNumGreaterTEqu-Num(4,14,12),TestNumGreaterTEqu-Num(6,10,5),Set-2-Num(1,13,8),Set-13-Num(2,13,15),While-Num(1,0,1),TestNumGreaterTEqu-Num(0,8,0),Set-11-Num(6,5,11),Set-14-Num(4,1,1),Set-9-Num(10,0,13),Set-1-Num(5,2,5),TestNumLess-Num(9,7,1),Set-3-Num(4,1,9),LoadNum3-Num(3,13,6),TestNumLessTEqu-Num(6,10,6),LoadNum2-Num(8,6,3),LoadNum3-Num(0,13,6),SubmitNum-Num(8,11,10),Sub-Num(0,7,5),CopyMem-Num(1,11,7),LoadNum3-Num(9,0,10),Mod-Num(15,3,1),Add-Num(7,15,4),Dec-Num(14,7,7),SubmitNum-Num(7,2,3),LoadNum1-Num(7,5,14)]"
PROBLEM_median__ARGS_NUM__MUT_01,4080,median,Numeric,0.01,0,True,19,377,251,"[LoadNum2-Num(3,2,3),Dec-Num(12,4,4),Set-12-Num(0,4,5),TestNumLessTEqu-Num(1,2,14),SwapMem-Num(14,0,10),LoadNum1-Num(7,5,10),TestNumLessTEqu-Num(1,7,15),Countdown-Num(14,13,1),TestNumGreaterTEqu-Num(7,2,14),Div-Num(0,15,13),SubmitNum-Num(2,4,11),SwapMem-Num(12,0,11),Dec-Num(15,5,15),While-Num(12,13,1),TestNumEqu-Num(1,13,0),SubmitNum-Num(3,4,7),If-Num(13,0,11),SubmitNum-Num(7,13,14),Countdown-Num(12,4,7)]"
PROBLEM_median__ARGS_NUM__MUT_01,4081,median,Numeric,0.01,0,False,NONE,NONE,NONE,"NONE"
PROBLEM_median__ARGS_NUM__MUT_01,4082,median,Numeric,0.01,0,True,12,283,198,"[SwapMem-Num(7,2,1),Set-2-Num(9,6,6),Countdown-Num(9,10,8),SwapMem-Num(7,1,8),TestNumLessTEqu-Num(0,1,2),TestNumGreaterTEqu-Num(1,7,8),Countdown-Num(8,12,4),SubmitNum-Num(1,10,5),Countdown-Num(2,9,4),SubmitNum-Num(7,11,9),TestNumLessTEqu-Num(7,0,2),Sub-Num(0,4,7)]"
PROBLEM_median__ARGS_NUM__MUT_01,4083,median,Numeric,0.01,0,True,17,410,92,"[TestNumGreater-Num(0,2,4),SwapMem-Num(2,5,0),TestNumGreaterTEqu-Num(1,5,13),SubmitNum-Num(5,9,13),Set-12-Num(7,10,14),Mod-Num(12,4,13),IfNot-Num(13,13,1),While-Num(7,0,1),Set-11-Num(14,7,11),SwapMem-Num(0,5,11),TestNumGreaterTEqu-Num(1,5,13),SwapMem-Num(4,11,9),SubmitNum-Num(5,15,9),Mod-Num(6,4,7),While-Num(13,5,12),IfNot-Num(11,3,1),SubmitNum-Num(1,13,12)]"
PROBLEM_median__ARGS_NUM__MUT_01,4084,median,Numeric,0.01,0,False,NONE,NONE,NONE,"NONE"
PROBLEM_median__ARGS_NUM__MUT_01,4085,median,Numeric,0.01,0,False,NONE,NONE,NONE,"NONE"
PROBLEM_median__ARGS_NUM__MUT_01,4086,median,Numeric,0.01,0,False,NONE,NONE,NONE,"NONE"
PROBLEM_median__ARGS_NUM__MUT_01,4087,median,Numeric,0.01,0,False,NONE,NONE,NONE,"NONE"
PROBLEM_median__ARGS_NUM__MUT_01,4088,median,Numeric,0.01,0,True,44,473,456,"[Set-4-Num(0,9,3),Sub-Num(13,10,13),LoadNum1-Num(12,13,1),LoadNum2-Num(6,13,15),SubmitNum-Num(6,12,4),Set-3-Num(8,4,9),Close(11,14,8),TestNumLess-Num(13,8,13),LoadNum1-Num(5,0,15),TestNumLess-Num(14,13,3),SubmitNum-Num(2,7,0),Div-Num(11,15,1),TestNumGreaterTEqu-Num(12,1,1),Floor-Num(4,7,8),LoadNum2-Num(10,11,15),TestNumNEqu-Num(10,6,15),TestNumGreaterTEqu-Num(15,1,8),Set-13-Num(10,8,14),Countdown-Num(0,14,2),Add-Num(6,11,10),TestNumNEqu-Num(10,3,3),Set-3-Num(7,4,12),TestNumGreaterTEqu-Num(10,2,11),Set-10-Num(0,3,13),SubmitNum-Num(2,8,1),Set-8-Num(0,15,11),SubmitNum-Num(6,9,14),LoadNum2-Num(4,9,13),TestNumLessTEqu-Num(14,14,10),IfNot-Num(11,2,13),Mod-Num(3,15,9),LoadNum1-Num(6,7,5),Set-2-Num(10,15,1),Set-15-Num(13,9,8),Set-15-Num(9,9,8),Set-4-Num(0,12,11),Set-9-Num(1,4,12),Close(12,6,1),LoadNum1-Num(10,5,13),Floor-Num(9,12,3),Countdown-Num(8,15,4),Countdown-Num(13,0,6),LoadNum1-Num(6,11,9),TestNumGreater-Num(10,2,0)]"
PROBLEM_median__ARGS_NUM__MUT_01,4089,median,Numeric,0.01,0,True,12,437,233,"[TestNumGreater-Num(1,2,10),IfNot-Num(10,8,0),SwapMem-Num(1,2,4),Close(8,11,9),TestNumGreaterTEqu-Num(0,2,8),TestNumGreater-Num(1,0,10),While-Num(8,5,10),SwapMem-Num(10,8,14),SubmitNum-Num(0,1,2),SwapMem-Num(1,2,2),Close(12,13,1),SubmitNum-Num(2,10,3)]"
PROBLEM_median__ARGS_NUM__MUT_01,4090,median,Numeric,0.01,0,True,32,353,325,"[Close(6,3,4),LoadNum2-Num(15,3,1),Set-9-Num(11,7,2),Add-Num(0,5,4),Floor-Num(12,8,6),While-Num(11,2,15),CopyMem-Num(15,5,7),SubmitNum-Num(0,4,14),TestNumNEqu-Num(5,10,3),IfNot-Num(12,1,7),LoadNum1-Num(3,8,5),Close(8,12,13),TestNumLessTEqu-Num(5,4,5),Not-Num(9,1,6),Add-Num(12,0,15),Set-6-Num(4,10,15),LoadNum3-Num(4,3,11),If-Num(5,7,3),Set-0-Num(8,13,4),SubmitNum-Num(2,6,14),Set-9-Num(9,12,10),LoadNum3-Num(5,4,13),Inc-Num(1,7,11),TestNumLessTEqu-Num(1,4,5),LoadNum2-Num(0,13,4),Countdown-Num(5,8,8),LoadNum1-Num(10,3,8),SubmitNum-Num(10,14,10),IfNot-Num(13,1,15),Close(7,14,13),Set-7-Num(4,7,15),LoadNum1-Num(1,12,6)]"
PROBLEM_median__ARGS_NUM__MUT_01,4091,median,Numeric,0.01,0,True,25,374,215,"[LoadNum3-Num(0,8,8),Dec-Num(0,0,4),LoadNum1-Num(7,5,13),TestNumGreater-Num(7,0,8),SwapMem-Num(2,7,8),Set-3-Num(13,12,11),IfNot-Num(8,1,14),Set-3-Num(0,15,4),Close(13,14,6),SubmitNum-Num(2,8,5),TestNumLess-Num(11,11,12),Countdown-Num(0,1,11),LoadNum2-Num(15,13,4),TestNumEqu-Num(15,5,9),SubmitNum-Num(7,9,10),TestNumGreater-Num(15,2,8),SwapMem-Num(2,7,3),TestNumNEqu-Num(6,15,9),Set-4-Num(4,3,7),IfNot-Num(8,11,9),Set-13-Num(10,7,0),LoadNum1-Num(15,14,13),SubmitNum-Num(7,15,14),TestNumGreater-Num(2,1,0),SubmitNum-Num(1,2,11)]"
PROBLEM_median__ARGS_NUM__MUT_01,4092,median,Numeric,0.01,0,True,36,269,225,"[SubmitNum-Num(2,13,11),Set-4-Num(13,11,8),While-Num(13,15,13),LoadNum1-Num(0,3,4),LoadNum2-Num(12,10,8),TestNumGreaterTEqu-Num(2,12,11),LoadNum3-Num(8,2,14),TestNumLessTEqu-Num(7,8,1),LoadNum1-Num(8,10,7),Set-11-Num(4,3,13),Mod-Num(5,14,1),While-Num(11,9,9),TestNumEqu-Num(15,7,4),SwapMem-Num(14,8,1),TestNumLess-Num(0,9,7),If-Num(13,5,1),SubmitNum-Num(12,10,3),TestNumGreaterTEqu-Num(2,0,6),Close(2,8,11),LoadNum3-Num(12,15,14),Inc-Num(5,12,15),SwapMem-Num(11,6,6),Dec-Num(11,14,4),LoadNum2-Num(2,12,3),Close(15,10,12),TestNumGreaterTEqu-Num(0,2,12),LoadNum1-Num(10,14,0),TestNumLessTEqu-Num(15,14,8),If-Num(12,10,0),SubmitNum-Num(10,12,1),Add-Num(7,10,2),Dec-Num(1,0,1),Set-4-Num(1,13,11),Set-5-Num(13,4,9),Set-14-Num(8,3,11),Countdown-Num(8,10,3)]"
PROBLEM_median__ARGS_NUM__MUT_01,4093,median,Numeric,0.01,0,True,22,487,231,"[LoadNum2-Num(10,8,10),Close(0,4,6),Close(11,8,5),Dec-Num(1,7,10),LoadNum3-Num(3,3,12),SubmitNum-Num(2,7,12),Sub-Num(3,0,0),While-Num(3,6,13),LoadNum2-Num(2,12,8),If-Num(1,10,8),TestNumLessTEqu-Num(13,0,1),If-Num(1,2,12),SwapMem-Num(3,2,7),LoadNum1-Num(10,14,4),Close(4,15,15),LoadNum1-Num(0,9,11),TestNumLess-Num(3,10,11),TestNumLess-Num(2,0,1),TestNumGreater-Num(2,3,3),SwapMem-Num(0,2,9),IfNot-Num(11,4,2),Set-12-Num(11,8,12)]"
PROBLEM_median__ARGS_NUM__MUT_01,4094,median,Numeric,0.01,0,True,23,392,227,"[Set-6-Num(5,4,11),LoadNum3-Num(15,13,12),TestNumLess-Num(1,2,3),While-Num(5,0,12),Mult-Num(10,15,9),LoadNum3-Num(0,15,13),LoadNum2-Num(6,4,8),Dec-Num(1,4,3),SubmitNum-Num(15,3,2),Dec-Num(3,15,9),LoadNum1-Num(1,0,3),SwapMem-Num(9,0,5),LoadNum1-Num(4,4,0),TestNumLess-Num(15,4,5),SubmitNum-Num(11,10,14),Set-1-Num(6,6,15),LoadNum2-Num(15,1,14),SubmitNum-Num(2,11,6),SwapMem-Num(1,2,12),Set-4-Num(6,6,12),IfNot-Num(3,0,3),TestNumGreaterTEqu-Num(9,2,5),LoadNum2-Num(2,3,8)]"
PROBLEM_median__ARGS_NUM__MUT_01,4095,median,Numeric,0.01,0,False,NONE,NONE,NONE,"NONE"
PROBLEM_median__ARGS_NUM__MUT_01,4096,median,Numeric,0.01,0,True,17,273,145,"[LoadNum2-Num(14,11,7),TestNumLess-Num(2,14,13),TestNumGreaterTEqu-Num(1,0,12),Close(5,9,3),TestNumEqu-Num(12,13,7),LoadNum3-Num(4,15,2),TestNumGreater-Num(4,0,9),SubmitNum-Num(14,8,5),Mod-Num(5,7,4),Sub-Num(12,9,7),If-Num(7,9,9),SubmitNum-Num(0,1,4),Close(12,15,9),SwapMem-Num(4,9,14),LoadNum3-Num(14,10,8),If-Num(9,9,10),Floor-Num(6,15,4)]"
PROBLEM_median__ARGS_NUM__MUT_01,4097,median,Numeric,0.01,0,True,47,250,250,"[SubmitNum-Num(0,6,1),IfNot-Num(12,11,2),LoadNum2-Num(13,2,2),Set-5-Num(15,4,10),SubmitNum-Num(0,3,8),Set-16-Num(7,5,0),IfNot-Num(12,3,2),LoadNum1-Num(13,5,2),Set-5-Num(15,4,6),TestNumLess-Num(10,6,3),Dec-Num(13,12,9),TestNumGreater-Num(1,0,0),Close(8,1,1),TestNumGreater-Num(7,8,12),Countdown-Num(15,10,9),IfNot-Num(0,12,3),Set-8-Num(8,14,9),TestNumNEqu-Num(8,4,15),TestNumLessTEqu-Num(9,7,6),Set-11-Num(4,9,1),Set-3-Num(14,3,0),SubmitNum-Num(1,9,5),Not-Num(7,4,4),TestNumLessTEqu-Num(2,13,13),SwapMem-Num(5,14,3),Close(14,9,7),LoadNum3-Num(12,12,7),SwapMem-Num(14,11,11),LoadNum3-Num(5,5,9),TestNumLess-Num(1,12,8),LoadNum1-Num(1,4,3),Set-5-Num(9,5,8),If-Num(13,15,7),Set-3-Num(15,6,5),Set-8-Num(13,12,2),LoadNum2-Num(10,9,6),Set-7-Num(0,11,2),While-Num(8,4,13),Mult-Num(8,15,0),Floor-Num(15,0,9),TestNumLess-Num(11,13,6),Set-15-Num(3,10,11),TestNumNEqu-Num(8,3,9),LoadNum1-Num(15,7,7),SwapMem-Num(10,2,2),SubmitNum-Num(2,11,11),Div-Num(14,15,14)]"
PROBLEM_median__ARGS_NUM__MUT_01,4098,median,Numeric,0.01,0,False,NONE,NONE,NONE,"NONE"
PROBLEM_median__ARGS_NUM__MUT_01,4099,median,Numeric,0.01,0,True,11,494,178,"[TestNumGreaterTEqu-Num(0,2,6),If-Num(6,3,2),SwapMem-Num(2,0,12),Close(5,13,1),TestNumGreater-Num(2,1,6),While-Num(6,6,4),LoadNum2-Num(2,15,4),SubmitNum-Num(0,7,8),TestNumGreater-Num(0,1,6),Close(11,6,6),SubmitNum-Num(2,14,10)]"
PROBLEM_median__ARGS_NUM__MUT_01,4100,median,Numeric,0.01,0,True,14,477,269,"[TestNumGreaterTEqu-Num(1,0,9),TestNumLessTEqu-Num(2,0,11),SubmitNum-Num(2,13,12),TestNumGreaterTEqu-Num(1,2,5),Add-Num(5,9,0),Inc-Num(4,7,9),TestNumLess-Num(1,2,13),TestNumNEqu-Num(4,0,7),If-Num(7,2,3),TestNumEqu-Num(11,13,14),LoadNum1-Num(1,0,10),Close(11,0,15),IfNot-Num(14,13,0),SubmitNum-Num(1,9,2)]"
PROBLEM_median__ARGS_NUM__MUT_025,4301,median,Numeric,0.025,0,True,12,398,312,"[SubmitNum-Num(1,10,7),TestNumLess-Num(2,1,5),IfNot-Num(5,12,6),SubmitNum-Num(2,3,11),SwapMem-Num(2,1,3),Close(2,3,10),TestNumLessTEqu-Num(1,0,5),TestNumGreater-Num(2,0,3),IfNot-Num(5,5,5),SubmitNum-Num(0,3,0),Countdown-Num(3,3,3),SubmitNum-Num(2,13,14)]"
PROBLEM_median__ARGS_NUM__MUT_025,4302,median,Numeric,0.025,0,True,12,473,176,"[Not-Num(15,9,3),SwapMem-Num(15,13,0),LoadNum3-Num(15,8,9),TestNumLess-Num(1,15,5),While-Num(13,11,11),SwapMem-Num(0,1,8),SubmitNum-Num(15,3,7),Sub-Num(0,12,15),TestNumLessTEqu-Num(2,1,13),Add-Num(13,1,2),If-Num(5,3,9),TestNumLessTEqu-Num(2,1,13)]"
PROBLEM_median__ARGS_NUM__MUT_025,4303,median,Numeric,0.025,0,True,18,466,292,"[TestNumLess-Num(1,2,7),TestNumGreaterTEqu-Num(2,0,9),Set-5-Num(15,0,13),SwapMem-Num(12,2,5),TestNumGreater-Num(0,1,11),Countdown-Num(15,3,3),TestNumLessTEqu-Num(0,12,10),SubmitNum-Num(12,14,0),Countdown-Num(7,2,1),TestNumGreaterTEqu-Num(10,11,15),Mult-Num(0,9,12),LoadNum2-Num(0,13,10),TestNumLess-Num(14,11,10),Close(13,6,11),IfNot-Num(10,4,1),SubmitNum-Num(1,6,10),IfNot-Num(11,7,13),SubmitNum-Num(0,13,15)]"
PROBLEM_median__ARGS_NUM__MUT_025,4304,median,Numeric,0.025,0,True,18,151,53,"[SubmitNum-Num(0,15,5),Close(10,11,9),TestNumLessTEqu-Num(0,2,4),TestNumNEqu-Num(11,5,1),TestNumLessTEqu-Num(4,11,5),LoadNum1-Num(13,1,0),LoadNum2-Num(0,14,10),While-Num(1,14,11),SubmitNum-Num(0,1,12),Close(10,14,3),TestNumLessTEqu-Num(0,2,11),TestNumNEqu-Num(11,4,1),While-Num(1,14,14),SubmitNum-Num(2,1,0),Close(10,8,11),TestNumLessTEqu-Num(13,0,11),While-Num(15,0,0),Add-Num(2,14,15)]"
PROBLEM_median__ARGS_NUM__MUT_025,4305,median,Numeric,0.025,0,True,49,435,435,"[Set-13-Num(10,3,11),TestNumLessTEqu-Num(10,11,14),SubmitNum-Num(10,1,5),LoadNum3-Num(14,15,8),LoadNum3-Num(4,3,12),SubmitNum-Num(14,2,1),Set-13-Num(14,15,6),Set-3-Num(7,14,5),Sub-Num(0,1,5),Set-0-Num(14,1,15),Dec-Num(3,4,4),Inc-Num(11,6,4),TestNumLessTEqu-Num(0,4,12),IfNot-Num(12,3,12),Sub-Num(2,1,6),LoadNum1-Num(2,13,5),Set-7-Num(14,2,4),Mod-Num(8,8,10),LoadNum2-Num(7,8,11),LoadNum3-Num(8,9,0),Sub-Num(7,0,5),Mod-Num(0,0,10),Close(11,3,10),TestNumGreaterTEqu-Num(12,6,8),Add-Num(3,13,9),Set-5-Num(13,7,12),LoadNum3-Num(14,7,6),TestNumGreater-Num(2,1,9),Div-Num(1,9,14),Set-14-Num(13,5,9),Countdown-Num(8,15,8),SubmitNum-Num(0,2,5),While-Num(11,15,5),TestNumGreater-Num(11,2,9),TestNumLess-Num(12,13,15),Set-3-Num(7,11,7),Mult-Num(6,5,2),SubmitNum-Num(14,11,7),Set-4-Num(9,15,0),Sub-Num(12,11,11),Set-11-Num(10,8,9),Inc-Num(3,14,0),Set-9-Num(3,10,6),Set-15-Num(10,0,10),CopyMem-Num(4,1,0),TestNumGreater-Num(5,4,13),Floor-Num(4,10,4),SubmitNum-Num(0,7,15),TestNumLessTEqu-Num(5,11,11)]"
PROBLEM_median__ARGS_NUM__MUT_025,4306,median,Numeric,0.025,0,True,33,500,488,"[Countdown-Num(3,13,3),Close(7,13,6),Not-Num(12,4,0),LoadNum1-Num(14,5,0),SubmitNum-Num(10,5,15),Set-2-Num(0,4,13),SubmitNum-Num(0,5,2),LoadNum3-Num(15,8,5),Mult-Num(1,12,12),Dec-Num(10,2,3),Mod-Num(11,6,15),Sub-Num(1,3,7),While-Num(0,15,1),Add-Num(0,4,10),Set-5-Num(8,13,8),LoadNum1-Num(6,1,1),TestNumLessTEqu-Num(14,7,10),SwapMem-Num(15,7,8),SwapMem-Num(10,1,4),SwapMem-Num(12,14,7),LoadNum3-Num(12,12,4),SubmitNum-Num(15,13,14),SwapMem-Num(6,4,14),While-Num(1,14,7),Set-10-Num(4,13,5),Sub-Num(2,3,14),SwapMem-Num(9,1,4),Floor-Num(5,9,13),Set-12-Num(9,3,1),LoadNum1-Num(7,7,11),SubmitNum-Num(14,15,11),SubmitNum-Num(15,13,5),Countdown-Num(11,5,5)]"
PROBLEM_median__ARGS_NUM__MUT_025,4307,median,Numeric,0.025,0,False,NONE,NONE,NONE,"NONE"
PROBLEM_median__ARGS_NUM__MUT_025,4308,median,Numeric,0.025,0,True,18,358,126,"[SubmitNum-Num(2,5,12),Add-Num(0,14,7),TestNumLess-Num(1,2,14),TestNumLessTEqu-Num(2,0,8),Countdown-Num(8,15,9),TestNumLessTEqu-Num(13,12,8),IfNot-Num(14,10,1),Set-11-Num(14,10,4),SubmitNum-Num(0,6,8),Add-Num(1,5,12),LoadNum1-Num(13,1,13),Close(9,0,1),Close(3,4,12),While-Num(14,7,9),TestNumEqu-Num(13,12,14),SubmitNum-Num(1,13,6),TestNumGreaterTEqu-Num(7,1,12),SwapMem-Num(1,7,2)]"
PROBLEM_median__ARGS_NUM__MUT_025,4309,median,Numeric,0.025,0,False,NONE,NONE,NONE,"NONE"
PROBLEM_median__ARGS_NUM__MUT_025,4310,median,Numeric,0.025,0,True,17,218,121,"[SubmitNum-Num(2,12,10),Close(6,4,0),TestNumLessTEqu-Num(1,0,6),TestNumLess-Num(2,1,15),Not-Num(10,10,10),IfNot-Num(15,6,9),SubmitNum-Num(1,12,8),Close(6,6,10),TestNumGreaterTEqu-Num(2,0,15),LoadNum2-Num(2,5,14),IfNot-Num(15,2,15),SubmitNum-Num(0,10,10),LoadNum3-Num(0,3,10),Close(8,3,3),While-Num(10,12,1),IfNot-Num(6,5,4),Set-7-Num(15,9,12)]"
PROBLEM_median__ARGS_NUM__MUT_025,4311,median,Numeric,0.025,0,True,17,345,153,"[CopyMem-Num(1,8,14),LoadNum1-Num(3,10,15),TestNumLess-Num(1,3,0),TestNumLessTEqu-Num(2,1,11),Not-Num(0,1,4),Countdown-Num(11,8,2),TestNumGreater-Num(3,1,0),Close(6,8,14),TestNumLessTEqu-Num(3,8,6),TestNumLessTEqu-Num(0,11,11),SubmitNum-Num(8,1,11),Countdown-Num(11,10,14),TestNumGreater-Num(3,2,11),TestNumEqu-Num(6,11,7),SubmitNum-Num(2,12,7),Countdown-Num(7,2,13),SubmitNum-Num(3,14,3)]"
PROBLEM_median__ARGS_NUM__MUT_025,4312,median,Numeric,0.025,0,True,15,481,126,"[TestNumLess-Num(2,1,13),SubmitNum-Num(2,0,8),LoadNum2-Num(5,11,15),TestNumLess-Num(5,0,12),TestNumLess-Num(0,2,8),If-Num(8,4,15),SwapMem-Num(5,12,3),Div-Num(2,13,1),TestNumGreaterTEqu-Num(7,5,12),Set-11-Num(13,7,13),Close(12,8,14),While-Num(13,14,4),SubmitNum-Num(0,11,5),While-Num(12,14,5),SubmitNum-Num(1,6,14)]"
PROBLEM_median__ARGS_NUM__MUT_025,4313,median,Numeric,0.025,0,False,NONE,NONE,NONE,"NONE"
PROBLEM_median__ARGS_NUM__MUT_025,4314,median,Numeric,0.025,0,False,NONE,NONE,NONE,"NONE"
PROBLEM_median__ARGS_NUM__MUT_025,4315,median,Numeric,0.025,0,True,40,362,135,"[LoadNum1-Num(8,6,13),SubmitNum-Num(8,7,11),TestNumGreaterTEqu-Num(1,0,4),Set-8-Num(14,13,15),Add-Num(5,2,9),Countdown-Num(14,1,7),If-Num(9,2,11),Set-2-Num(14,13,14),LoadNum2-Num(1,10,0),Close(12,0,5),TestNumGreater-Num(2,8,14),TestNumGreaterTEqu-Num(11,4,4),Sub-Num(9,1,6),TestNumEqu-Num(3,7,5),While-Num(4,15,1),TestNumLessTEqu-Num(0,6,13),SubmitNum-Num(2,2,1),Set-1-Num(5,0,8),Not-Num(4,5,8),TestNumGreaterTEqu-Num(7,6,6),Sub-Num(6,14,0),Mult-Num(0,5,1),While-Num(0,14,0),Countdown-Num(5,7,4),Inc-Num(6,1,12),CopyMem-Num(10,2,14),Set-7-Num(13,13,7),LoadNum3-Num(12,13,10),Set-13-Num(3,5,4),Add-Num(12,5,3),Floor-Num(13,1,12),TestNumGreaterTEqu-Num(5,1,2),Floor-Num(1,4,11),LoadNum3-Num(14,15,8),Set-4-Num(2,4,6),SubmitNum-Num(8,11,15),LoadNum2-Num(14,14,9),Close(5,9,12),SubmitNum-Num(14,3,15),SwapMem-Num(5,1,14)]"
PROBLEM_median__ARGS_NUM__MUT_025,4316,median,Numeric,0.025,0,False,NONE,NONE,NONE,"NONE"
PROBLEM_median__ARGS_NUM__MUT_025,4317,median,Numeric,0.025,0,True,11,471,136,"[TestNumLess-Num(0,2,15),TestNumGreater-Num(1,0,12),SubmitNum-Num(0,7,13),TestNumEqu-Num(12,15,8),If-Num(8,10,5),Dec-Num(12,8,13),SubmitNum-Num(2,14,2),TestNumGreaterTEqu-Num(2,1,11),Add-Num(11,12,0),If-Num(0,14,15),SubmitNum-Num(1,13,2)]"
PROBLEM_median__ARGS_NUM__MUT_025,4318,median,Numeric,0.025,0,True,36,412,289,"[TestNumGreaterTEqu-Num(6,6,4),TestNumLessTEqu-Num(12,12,12),While-Num(4,1,3),SubmitNum-Num(15,8,7),TestNumLessTEqu-Num(6,15,8),Set-14-Num(10,0,8),Countdown-Num(12,10,3),Set-3-Num(7,3,7),Set-14-Num(3,7,2),Set-0-Num(10,2,2),Set-1-Num(15,10,5),IfNot-Num(12,0,7),Close(13,10,3),Dec-Num(12,7,10),Countdown-Num(7,13,1),TestNumGreaterTEqu-Num(11,9,8),Sub-Num(1,8,11),CopyMem-Num(8,11,13),LoadNum2-Num(15,12,12),TestNumGreater-Num(15,2,6),If-Num(11,11,7),Set-12-Num(3,4,11),Close(10,10,4),LoadNum1-Num(4,11,9),SubmitNum-Num(2,10,15),TestNumGreater-Num(15,10,13),Sub-Num(0,2,5),Sub-Num(7,1,3),Div-Num(6,8,12),Add-Num(5,7,9),Set-13-Num(13,6,15),TestNumLess-Num(1,0,7),SubmitNum-Num(0,15,1),While-Num(6,10,13),TestNumGreater-Num(3,3,6),SubmitNum-Num(15,13,7)]"
PROBLEM_median__ARGS_NUM__MUT_025,4319,median,Numeric,0.025,0,False,NONE,NONE,NONE,"NONE"
PROBLEM_median__ARGS_NUM__MUT_025,4320,median,Numeric,0.025,0,True,28,485,382,"[Close(11,7,14),TestNumLess-Num(2,1,7),TestNumNEqu-Num(6,11,9),Close(6,12,2),Set-12-Num(6,4,15),Set-10-Num(4,15,12),Set-6-Num(11,9,2),SubmitNum-Num(2,0,15),CopyMem-Num(1,6,0),Set-11-Num(8,14,10),LoadNum2-Num(1,11,1),Not-Num(11,10,10),SubmitNum-Num(0,3,6),Add-Num(5,0,1),LoadNum2-Num(5,13,3),TestNumLess-Num(6,1,12),Set-8-Num(11,7,9),TestNumGreaterTEqu-Num(9,10,7),Set-5-Num(11,2,4),Inc-Num(4,10,8),Close(6,7,12),TestNumGreaterTEqu-Num(5,6,5),Countdown-Num(7,0,3),LoadNum2-Num(11,0,14),TestNumNEqu-Num(7,2,13),SwapMem-Num(11,0,15),If-Num(12,9,11),TestNumLess-Num(11,2,7)]"
PROBLEM_median__ARGS_NUM__MUT_025,4321,median,Numeric,0.025,0,True,30,330,70,"[TestNumLess-Num(2,0,9),LoadNum3-Num(11,4,5),LoadNum2-Num(15,8,9),Dec-Num(9,5,6),SubmitNum-Num(11,2,5),While-Num(11,7,10),SwapMem-Num(9,4,3),TestNumLess-Num(0,15,8),Set-9-Num(9,11,10),SwapMem-Num(5,8,6),LoadNum3-Num(2,10,12),TestNumLessTEqu-Num(15,11,13),LoadNum2-Num(14,15,4),TestNumEqu-Num(3,4,3),LoadNum3-Num(8,6,13),LoadNum2-Num(1,0,12),SwapMem-Num(3,13,6),TestNumGreaterTEqu-Num(14,11,11),Set-2-Num(14,4,0),Floor-Num(0,2,8),While-Num(4,2,15),Dec-Num(5,13,1),Set-8-Num(7,2,9),SubmitNum-Num(0,11,5),SwapMem-Num(13,4,13),SwapMem-Num(2,0,3),TestNumLess-Num(15,8,3),Add-Num(3,5,10),While-Num(10,5,5),SubmitNum-Num(15,0,8)]"
PROBLEM_median__ARGS_NUM__MUT_025,4322,median,Numeric,0.025,0,True,18,408,399,"[Set-12-Num(10,6,13),Close(9,13,12),Set-2-Num(13,3,7),TestNumGreater-Num(0,1,3),SubmitNum-Num(1,15,2),While-Num(9,1,5),Sub-Num(0,5,1),Break(1,12,8),Close(3,11,8),Not-Num(10,9,14),TestNumLessTEqu-Num(1,2,9),Mod-Num(11,3,11),Set-11-Num(10,4,5),Set-15-Num(6,13,14),IfNot-Num(3,11,1),SubmitNum-Num(2,1,8),SwapMem-Num(1,0,8),Break(9,13,7)]"
PROBLEM_median__ARGS_NUM__MUT_025,4323,median,Numeric,0.025,0,False,NONE,NONE,NONE,"NONE"
PROBLEM_median__ARGS_NUM__MUT_025,4324,median,Numeric,0.025,0,True,14,477,230,"[Close(3,4,10),TestNumNEqu-Num(12,8,8),If-Num(8,15,13),TestNumLessTEqu-Num(4,7,4),LoadNum1-Num(2,13,11),Close(3,7,3),IfNot-Num(4,15,1),TestNumGreater-Num(0,2,7),SubmitNum-Num(2,3,5),TestNumLessTEqu-Num(1,2,12),TestNumGreater-Num(1,0,8),TestNumNEqu-Num(8,7,7),LoadNum2-Num(2,10,14),Break(2,3,8)]"
PROBLEM_median__ARGS_NUM__MUT_025,4325,median,Numeric,0.025,0,False,NONE,NONE,NONE,"NONE"
PROBLEM_median__ARGS_NUM__MUT_025,4326,median,Numeric,0.025,0,True,35,446,399,"[LoadNum1-Num(5,13,12),TestNumGreater-Num(5,2,0),SwapMem-Num(0,5,4),LoadNum1-Num(6,9,8),SubmitNum-Num(6,1,13),IfNot-Num(5,15,9),TestNumGreaterTEqu-Num(0,1,8),Set-6-Num(12,12,13),While-Num(8,11,5),Close(3,6,11),Close(5,0,1),CopyMem-Num(2,3,3),Close(11,2,8),Set-4-Num(8,3,7),Set-11-Num(10,11,9),CopyMem-Num(2,9,0),SubmitNum-Num(3,3,11),Mult-Num(12,7,7),TestNumGreaterTEqu-Num(2,1,5),Div-Num(13,1,9),SubmitNum-Num(2,1,10),Div-Num(11,4,2),Countdown-Num(5,14,9),SubmitNum-Num(1,13,0),Inc-Num(13,8,8),Close(1,6,8),Set-12-Num(2,8,11),TestNumEqu-Num(11,13,8),CopyMem-Num(0,2,11),Set-14-Num(7,8,3),TestNumEqu-Num(5,11,12),Set-1-Num(13,5,1),Countdown-Num(7,8,2),If-Num(4,3,0),Close(3,7,0)]"
PROBLEM_median__ARGS_NUM__MUT_025,4327,median,Numeric,0.025,0,True,17,458,268,"[SwapMem-Num(2,12,11),Sub-Num(12,4,15),SubmitNum-Num(12,9,15),SwapMem-Num(1,2,12),TestNumGreater-Num(0,12,0),Close(1,6,15),Dec-Num(8,3,9),TestNumGreaterTEqu-Num(15,2,5),TestNumEqu-Num(0,5,13),While-Num(13,10,1),Close(3,5,1),LoadNum1-Num(15,2,1),SubmitNum-Num(15,7,1),Set-13-Num(4,12,9),While-Num(12,7,2),SubmitNum-Num(2,5,11),Break(15,6,7)]"
PROBLEM_median__ARGS_NUM__MUT_025,4328,median,Numeric,0.025,0,True,26,215,163,"[LoadNum2-Num(10,15,9),SubmitNum-Num(2,1,15),Set-10-Num(6,8,5),LoadNum2-Num(8,10,13),Inc-Num(1,1,14),TestNumLessTEqu-Num(1,0,14),TestNumEqu-Num(8,15,9),Countdown-Num(14,13,7),LoadNum1-Num(8,15,10),TestNumGreaterTEqu-Num(2,10,9),Set-4-Num(3,0,15),Add-Num(9,8,2),Close(3,3,13),LoadNum3-Num(3,15,9),Set-7-Num(1,6,0),TestNumLessTEqu-Num(8,3,13),Break(6,1,0),TestNumLessTEqu-Num(2,0,11),Set-8-Num(3,2,3),Countdown-Num(13,8,11),Inc-Num(11,8,13),Close(14,12,11),Countdown-Num(11,3,9),SubmitNum-Num(10,13,15),Set-5-Num(11,14,10),SubmitNum-Num(0,5,1)]"
PROBLEM_median__ARGS_NUM__MUT_025,4329,median,Numeric,0.025,0,True,10,316,89,"[SubmitNum-Num(1,1,8),TestNumGreaterTEqu-Num(0,1,8),TestNumLessTEqu-Num(2,1,6),Sub-Num(8,6,1),If-Num(1,3,8),SubmitNum-Num(0,13,10),TestNumLessTEqu-Num(2,0,8),Sub-Num(8,6,1),If-Num(1,15,10),SubmitNum-Num(2,2,14)]"
PROBLEM_median__ARGS_NUM__MUT_025,4330,median,Numeric,0.025,0,False,NONE,NONE,NONE,"NONE"
PROBLEM_median__ARGS_NUM__MUT_025,4331,median,Numeric,0.025,0,False,NONE,NONE,NONE,"NONE"
PROBLEM_median__ARGS_NUM__MUT_025,4332,median,Numeric,0.025,0,True,8,262,128,"[Set-1-Num(8,15,13),While-Num(8,1,7),SwapMem-Num(1,2,8),TestNumLessTEqu-Num(1,0,9),SwapMem-Num(0,2,15),TestNumGreater-Num(2,0,13),TestNumEqu-Num(13,9,8),SubmitNum-Num(2,14,8)]"
PROBLEM_median__ARGS_NUM__MUT_025,4333,median,Numeric,0.025,0,True,39,449,367,"[SubmitNum-Num(15,5,1),LoadNum1-Num(14,0,10),Countdown-Num(2,0,7),LoadNum2-Num(1,14,6),CopyMem-Num(9,10,13),LoadNum3-Num(6,4,15),SubmitNum-Num(14,4,5),TestNumLess-Num(1,6,9),Mod-Num(7,14,4),Set-5-Num(2,13,12),Set-5-Num(0,15,0),TestNumGreaterTEqu-Num(6,14,12),Set-16-Num(7,10,5),SubmitNum-Num(6,0,13),Set-11-Num(11,1,3),Set-15-Num(13,2,15),Set-2-Num(11,8,6),Set-12-Num(13,5,6),Set-5-Num(5,15,4),Mod-Num(14,10,12),Set-14-Num(11,4,9),Add-Num(13,10,0),Set-3-Num(13,2,15),Set-10-Num(10,12,7),TestNumEqu-Num(12,11,0),IfNot-Num(12,4,13),Countdown-Num(13,13,10),TestNumEqu-Num(9,8,13),Div-Num(4,12,0),SubmitNum-Num(1,11,0),LoadNum1-Num(10,11,8),TestNumLess-Num(10,1,0),CopyMem-Num(8,15,15),If-Num(0,2,11),LoadNum1-Num(1,12,9),Set-13-Num(13,5,4),Close(12,14,4),Close(11,14,7),SubmitNum-Num(10,3,10)]"
PROBLEM_median__ARGS_NUM__MUT_025,4334,median,Numeric,0.025,0,True,55,500,497,"[SwapMem-Num(6,13,10),SwapMem-Num(10,10,2),Add-Num(1,1,7),Close(14,4,4),Set-6-Num(7,3,0),Mod-Num(0,8,10),TestNumLessTEqu-Num(2,1,15),SubmitNum-Num(0,2,13),Set-11-Num(5,11,11),Set-3-Num(12,0,7),Set-15-Num(12,14,8),Set-14-Num(9,5,1),Inc-Num(6,5,11),If-Num(15,14,13),Set-0-Num(6,7,4),Set-11-Num(9,2,1),Floor-Num(9,14,2),TestNumLess-Num(7,15,8),SubmitNum-Num(2,15,9),Set-2-Num(5,11,8),Close(1,8,3),Set-8-Num(3,0,4),TestNumGreater-Num(0,2,12),TestNumEqu-Num(14,10,10),Set-10-Num(15,6,11),Set-1-Num(10,15,8),TestNumGreaterTEqu-Num(4,2,5),TestNumLessTEqu-Num(13,1,15),Set-16-Num(14,4,11),If-Num(12,3,15),Sub-Num(15,6,3),Set-2-Num(11,13,8),LoadNum1-Num(4,11,0),Sub-Num(2,1,12),Set-4-Num(15,3,6),Set-1-Num(10,15,1),LoadNum1-Num(7,0,14),LoadNum3-Num(7,11,12),Inc-Num(7,5,0),SubmitNum-Num(2,10,0),Div-Num(12,15,7),Set-15-Num(9,5,4),Close(7,4,13),TestNumLess-Num(7,3,12),If-Num(12,10,5),TestNumGreaterTEqu-Num(0,1,14),Not-Num(11,10,9),SubmitNum-Num(1,6,14),Set-13-Num(13,12,13),While-Num(12,11,6),LoadNum2-Num(10,11,4),Mod-Num(14,13,12),Set-2-Num(9,13,2),Mult-Num(10,9,8),TestNumLessTEqu-Num(11,3,13)]"
PROBLEM_median__ARGS_NUM__MUT_025,4335,median,Numeric,0.025,0,True,17,375,264,"[TestNumLess-Num(1,0,14),Close(6,0,7),TestNumLessTEqu-Num(2,1,2),SubmitNum-Num(1,15,0),Break(1,2,14),LoadNum3-Num(10,8,1),LoadNum1-Num(6,2,11),Countdown-Num(14,0,1),Add-Num(11,0,10),LoadNum3-Num(6,15,0),Dec-Num(2,12,2),Close(8,5,1),TestNumLessTEqu-Num(10,6,14),LoadNum3-Num(1,0,10),If-Num(2,12,3),While-Num(14,3,1),SubmitNum-Num(0,7,12)]"
PROBLEM_median__ARGS_NUM__MUT_025,4336,median,Numeric,0.025,0,True,18,407,129,"[Not-Num(8,10,11),LoadNum3-Num(12,9,9),While-Num(8,7,8),Set-10-Num(10,5,8),SubmitNum-Num(0,9,0),SwapMem-Num(0,2,2),Sub-Num(2,4,9),While-Num(10,0,0),TestNumLessTEqu-Num(9,1,8),TestNumLessTEqu-Num(12,9,10),Sub-Num(2,5,12),LoadNum2-Num(9,15,15),LoadNum2-Num(2,13,9),Inc-Num(5,4,13),Countdown-Num(5,15,14),LoadNum3-Num(4,8,12),Set-0-Num(4,0,5),Set-4-Num(15,15,5)]"
PROBLEM_median__ARGS_NUM__MUT_025,4337,median,Numeric,0.025,0,True,38,340,246,"[Close(6,2,7),Close(5,6,0),Set-12-Num(7,1,3),TestNumNEqu-Num(14,0,3),SubmitNum-Num(6,1,2),Sub-Num(7,13,7),LoadNum1-Num(10,1,4),Set-8-Num(1,13,15),Set-2-Num(15,5,12),LoadNum2-Num(8,15,10),Set-1-Num(6,3,1),Dec-Num(14,11,9),LoadNum2-Num(12,4,4),Set-4-Num(13,13,10),LoadNum3-Num(5,1,8),Set-0-Num(11,2,14),Mod-Num(0,7,15),Set-1-Num(4,2,13),Add-Num(4,2,11),Inc-Num(11,6,11),Dec-Num(7,13,4),TestNumLessTEqu-Num(0,2,7),Set-8-Num(14,10,10),SubmitNum-Num(10,3,2),Countdown-Num(7,10,13),SubmitNum-Num(5,3,8),Not-Num(2,11,12),Sub-Num(5,12,0),Close(10,2,12),Mult-Num(3,1,5),SubmitNum-Num(12,7,1),Set-1-Num(5,10,1),Mult-Num(1,2,14),TestNumLessTEqu-Num(8,10,11),SubmitNum-Num(10,15,7),Countdown-Num(11,3,14),Set-14-Num(8,4,14),LoadNum2-Num(0,10,9)]"
PROBLEM_median__ARGS_NUM__MUT_025,4338,median,Numeric,0.025,0,True,40,422,311,"[Inc-Num(8,11,13),TestNumLessTEqu-Num(15,6,11),Close(6,6,14),Dec-Num(5,8,11),LoadNum2-Num(9,9,15),LoadNum1-Num(4,9,10),LoadNum3-Num(12,10,7),Set-16-Num(6,13,14),Inc-Num(4,9,13),Set-16-Num(14,10,13),Set-2-Num(11,7,1),Div-Num(0,8,9),TestNumNEqu-Num(1,1,6),TestNumLessTEqu-Num(10,13,8),LoadNum3-Num(10,14,5),Set-1-Num(6,2,8),SubmitNum-Num(0,13,1),Set-15-Num(7,1,1),CopyMem-Num(10,7,15),SwapMem-Num(10,9,5),Set-0-Num(9,0,4),TestNumGreater-Num(10,2,3),SubmitNum-Num(10,11,13),TestNumGreater-Num(1,0,8),Countdown-Num(5,15,3),Set-8-Num(14,12,3),If-Num(5,9,5),SwapMem-Num(7,1,8),TestNumLessTEqu-Num(10,13,11),Mod-Num(12,14,6),Set-8-Num(15,7,6),IfNot-Num(3,11,8),SubmitNum-Num(7,6,9),LoadNum3-Num(2,15,14),Countdown-Num(8,12,14),LoadNum2-Num(0,0,3),TestNumGreaterTEqu-Num(2,7,15),Close(9,7,7),Set-16-Num(7,8,6),CopyMem-Num(15,3,2)]"
PROBLEM_median__ARGS_NUM__MUT_025,4339,median,Numeric,0.025,0,False,NONE,NONE,NONE,"NONE"
PROBLEM_median__ARGS_NUM__MUT_025,4340,median,Numeric,0.025,0,True,12,286,108,"[TestNumGreater-Num(0,1,6),Close(12,6,3),SubmitNum-Num(1,15,10),TestNumGreaterTEqu-Num(2,1,10),TestNumEqu-Num(10,6,6),If-Num(6,8,3),SubmitNum-Num(2,7,6),TestNumLess-Num(10,6,6),Set-13-Num(13,15,8),LoadNum1-Num(1,0,2),Countdown-Num(13,0,12),Set-4-Num(11,0,0)]"
PROBLEM_median__ARGS_NUM__MUT_025,4341,median,Numeric,0.025,0,True,11,455,275,"[TestNumLessTEqu-Num(0,2,7),SubmitNum-Num(0,3,3),TestNumLessTEqu-Num(0,1,0),TestNumEqu-Num(7,0,0),TestNumGreater-Num(0,7,15),Countdown-Num(0,5,14),TestNumGreater-Num(1,2,8),SubmitNum-Num(2,7,2),Sub-Num(15,8,5),TestNumEqu-Num(0,5,0),LoadNum2-Num(2,11,2)]"
PROBLEM_median__ARGS_NUM__MUT_025,4342,median,Numeric,0.025,0,False,NONE,NONE,NONE,"NONE"
PROBLEM_median__ARGS_NUM__MUT_025,4343,median,Numeric,0.025,0,True,25,460,251,"[SwapMem-Num(0,3,8),LoadNum3-Num(5,10,4),Set-3-Num(15,15,6),LoadNum1-Num(9,13,1),TestNumGreaterTEqu-Num(5,1,0),Countdown-Num(0,9,3),LoadNum3-Num(14,1,3),LoadNum3-Num(9,3,3),LoadNum1-Num(5,1,3),Close(7,5,15),SubmitNum-Num(5,8,15),TestNumGreaterTEqu-Num(5,9,0),Countdown-Num(0,2,6),LoadNum3-Num(1,15,11),Close(13,12,10),While-Num(15,15,10),LoadNum2-Num(13,7,9),SubmitNum-Num(3,6,7),LoadNum1-Num(6,15,15),TestNumGreaterTEqu-Num(6,1,0),Set-6-Num(10,14,7),IfNot-Num(0,9,10),Close(6,7,5),SubmitNum-Num(1,7,3),Set-3-Num(10,10,4)]"
PROBLEM_median__ARGS_NUM__MUT_025,4344,median,Numeric,0.025,0,True,24,493,306,"[LoadNum3-Num(8,8,3),SwapMem-Num(12,1,0),TestNumLessTEqu-Num(12,0,11),LoadNum2-Num(3,3,1),CopyMem-Num(8,15,7),TestNumLessTEqu-Num(0,15,10),TestNumGreaterTEqu-Num(15,3,14),TestNumGreaterTEqu-Num(14,10,14),SubmitNum-Num(8,14,2),Add-Num(11,5,7),TestNumGreater-Num(8,0,5),TestNumGreater-Num(3,8,10),Div-Num(7,10,5),Countdown-Num(14,6,6),TestNumLessTEqu-Num(3,0,14),While-Num(5,1,12),Not-Num(14,4,13),SubmitNum-Num(3,9,1),Div-Num(10,7,5),Close(14,5,4),SubmitNum-Num(0,3,6),Countdown-Num(7,6,6),Div-Num(15,14,3),Set-13-Num(5,10,6)]"
PROBLEM_median__ARGS_NUM__MUT_025,4345,median,Numeric,0.025,0,False,NONE,NONE,NONE,"NONE"
PROBLEM_median__ARGS_NUM__MUT_025,4346,median,Numeric,0.025,0,True,13,418,147,"[Set-3-Num(3,1,11),SubmitNum-Num(2,5,8),LoadNum1-Num(12,3,5),TestNumGreaterTEqu-Num(0,2,7),While-Num(2,11,7),Not-Num(10,9,4),TestNumEqu-Num(7,3,14),TestNumGreater-Num(1,12,3),LoadNum3-Num(12,9,5),If-Num(14,0,7),SubmitNum-Num(1,12,7),TestNumLessTEqu-Num(10,4,2),Mult-Num(0,2,1)]"
PROBLEM_median__ARGS_NUM__MUT_025,4347,median,Numeric,0.025,0,True,20,448,146,"[LoadNum2-Num(11,1,8),Close(1,12,5),LoadNum2-Num(12,5,6),LoadNum1-Num(4,8,2),Not-Num(6,4,2),TestNumGreaterTEqu-Num(4,12,1),LoadNum3-Num(7,14,8),Sub-Num(6,4,15),SubmitNum-Num(11,3,6),IfNot-Num(1,9,9),Add-Num(7,15,4),TestNumLessTEqu-Num(2,11,7),Set-0-Num(12,6,3),Close(3,10,5),TestNumGreaterTEqu-Num(12,7,1),LoadNum1-Num(11,9,7),IfNot-Num(1,9,5),TestNumGreater-Num(4,7,12),If-Num(12,0,1),SubmitNum-Num(2,7,12)]"
PROBLEM_median__ARGS_NUM__MUT_025,4348,median,Numeric,0.025,0,True,12,324,99,"[Sub-Num(0,1,9),SubmitNum-Num(0,13,13),TestNumGreater-Num(2,0,1),LoadNum2-Num(8,2,4),TestNumLessTEqu-Num(12,9,0),TestNumNEqu-Num(0,1,10),TestNumGreater-Num(2,8,6),If-Num(10,5,9),TestNumNEqu-Num(1,6,5),SubmitNum-Num(8,6,10),If-Num(5,5,8),SubmitNum-Num(2,3,1)]"
PROBLEM_median__ARGS_NUM__MUT_025,4349,median,Numeric,0.025,0,True,30,197,197,"[Close(8,10,5),Set-10-Num(6,15,15),Add-Num(1,10,4),LoadNum2-Num(13,14,8),TestNumLess-Num(3,5,11),CopyMem-Num(0,1,6),Mult-Num(12,9,15),TestNumLessTEqu-Num(14,12,3),Set-10-Num(5,5,13),Close(3,3,11),Inc-Num(3,13,15),Mult-Num(3,4,11),SubmitNum-Num(2,10,15),TestNumLess-Num(4,2,12),IfNot-Num(12,9,11),LoadNum1-Num(11,12,4),Set-15-Num(6,11,0),Set-2-Num(13,1,5),TestNumLessTEqu-Num(4,15,6),Inc-Num(8,8,12),Set-0-Num(0,6,5),Close(6,13,2),TestNumLessTEqu-Num(14,11,3),Sub-Num(11,0,7),LoadNum2-Num(14,11,14),SubmitNum-Num(4,2,7),TestNumLessTEqu-Num(14,7,12),IfNot-Num(12,3,2),IfNot-Num(5,14,14),LoadNum1-Num(9,9,10)]"
PROBLEM_median__ARGS_NUM__MUT_025,4350,median,Numeric,0.025,0,True,46,463,351,"[LoadNum1-Num(15,12,14),SubmitNum-Num(15,12,4),Set-5-Num(10,1,13),Floor-Num(3,1,15),Dec-Num(14,11,3),LoadNum3-Num(14,6,14),Set-12-Num(4,12,12),LoadNum1-Num(2,12,9),Countdown-Num(4,10,1),TestNumGreaterTEqu-Num(13,5,11),Dec-Num(8,2,9),Set-8-Num(3,4,2),While-Num(10,13,6),Countdown-Num(10,14,0),TestNumGreaterTEqu-Num(12,5,11),TestNumLess-Num(10,5,10),LoadNum3-Num(11,10,6),Close(0,4,12),Set-9-Num(3,6,8),TestNumLess-Num(14,1,4),LoadNum3-Num(6,9,1),Close(4,14,12),While-Num(3,14,11),Floor-Num(8,3,10),TestNumLess-Num(14,0,14),Mod-Num(1,13,1),LoadNum1-Num(5,5,15),LoadNum2-Num(12,2,10),TestNumGreaterTEqu-Num(12,15,0),If-Num(14,7,5),SubmitNum-Num(11,1,5),CopyMem-Num(15,6,0),SubmitNum-Num(12,10,10),Set-15-Num(9,3,4),Set-11-Num(0,3,5),Mult-Num(6,8,8),While-Num(4,12,15),Set-8-Num(5,8,6),Sub-Num(1,11,10),Sub-Num(7,3,3),Set-4-Num(3,13,2),TestNumGreaterTEqu-Num(1,2,4),Set-16-Num(7,8,13),TestNumGreater-Num(15,8,9),SubmitNum-Num(11,1,5),LoadNum1-Num(11,14,8)]"
PROBLEM_median__ARGS_NUM__MUT_05,4251,median,Numeric,0.05,0,True,18,258,144,"[Close(9,0,1),Close(14,7,0),TestNumGreaterTEqu-Num(11,2,15),TestNumLessTEqu-Num(1,2,3),SubmitNum-Num(2,5,7),Close(3,3,13),Set-12-Num(15,14,15),Div-Num(8,3,15),TestNumGreater-Num(0,2,4),If-Num(6,9,15),LoadNum1-Num(2,10,5),Close(0,7,6),SwapMem-Num(6,15,9),IfNot-Num(4,7,0),LoadNum2-Num(2,6,12),TestNumGreaterTEqu-Num(13,6,8),IfNot-Num(8,6,3),Inc-Num(8,3,3)]"
PROBLEM_median__ARGS_NUM__MUT_05,4252,median,Numeric,0.05,0,False,NONE,NONE,NONE,"NONE"
PROBLEM_median__ARGS_NUM__MUT_05,4253,median,Numeric,0.05,0,True,27,362,164,"[Set-2-Num(5,14,4),Set-12-Num(11,2,8),Set-2-Num(3,0,14),LoadNum1-Num(14,9,2),LoadNum3-Num(11,7,1),While-Num(5,0,2),TestNumLessTEqu-Num(3,12,13),TestNumLess-Num(1,2,6),Div-Num(5,15,5),TestNumLessTEqu-Num(11,2,5),Set-0-Num(3,14,15),SubmitNum-Num(11,15,9),Add-Num(5,0,9),Dec-Num(15,14,1),Set-9-Num(3,0,14),Set-12-Num(8,3,0),SubmitNum-Num(14,13,2),LoadNum1-Num(2,2,14),Set-16-Num(13,13,1),Set-11-Num(4,10,14),IfNot-Num(6,15,5),TestNumLess-Num(11,2,4),SubmitNum-Num(1,11,1),LoadNum2-Num(0,12,2),TestNumGreater-Num(0,2,5),IfNot-Num(4,13,12),LoadNum3-Num(14,12,7)]"
PROBLEM_median__ARGS_NUM__MUT_05,4254,median,Numeric,0.05,0,False,NONE,NONE,NONE,"NONE"
PROBLEM_median__ARGS_NUM__MUT_05,4255,median,Numeric,0.05,0,True,19,445,237,"[Close(4,11,12),TestNumEqu-Num(13,3,11),TestNumLess-Num(0,2,12),LoadNum2-Num(2,3,15),Set-13-Num(9,9,15),TestNumGreater-Num(0,2,15),TestNumNEqu-Num(12,15,13),Floor-Num(5,8,6),LoadNum3-Num(5,8,12),SubmitNum-Num(0,15,12),LoadNum2-Num(10,11,12),Countdown-Num(13,6,15),CopyMem-Num(5,0,12),Mult-Num(7,6,14),Set-11-Num(10,4,5),IfNot-Num(12,12,1),Set-12-Num(13,11,10),TestNumGreater-Num(0,2,12),SubmitNum-Num(2,3,6)]"
PROBLEM_median__ARGS_NUM__MUT_05,4256,median,Numeric,0.05,0,True,32,268,147,"[Set-1-Num(6,1,4),SubmitNum-Num(0,5,4),Break(11,2,13),While-Num(6,15,3),Add-Num(12,11,7),Set-7-Num(11,12,15),Floor-Num(1,3,12),TestNumLess-Num(0,2,12),LoadNum1-Num(7,13,14),Set-9-Num(11,10,11),Set-13-Num(13,15,4),Mult-Num(15,1,9),TestNumGreater-Num(1,0,0),TestNumLessTEqu-Num(2,1,15),TestNumGreaterTEqu-Num(10,13,10),LoadNum2-Num(5,13,3),Set-9-Num(6,15,13),Set-1-Num(2,11,12),Set-1-Num(3,9,3),Set-7-Num(1,7,5),Countdown-Num(12,5,6),TestNumGreater-Num(7,5,0),CopyMem-Num(9,13,0),If-Num(15,14,13),TestNumEqu-Num(10,11,2),TestNumLessTEqu-Num(13,12,15),Set-8-Num(12,6,12),Set-6-Num(7,4,2),LoadNum3-Num(7,3,4),Set-10-Num(14,0,13),SubmitNum-Num(5,3,11),LoadNum3-Num(5,12,7)]"
PROBLEM_median__ARGS_NUM__MUT_05,4257,median,Numeric,0.05,0,True,10,306,103,"[TestNumLessTEqu-Num(0,2,11),SubmitNum-Num(2,10,0),Close(6,7,0),TestNumLess-Num(2,1,12),Sub-Num(12,11,13),While-Num(13,2,5),SubmitNum-Num(0,13,14),TestNumLessTEqu-Num(0,1,11),LoadNum2-Num(0,14,0),Break(8,9,9)]"
PROBLEM_median__ARGS_NUM__MUT_05,4258,median,Numeric,0.05,0,True,17,397,332,"[LoadNum3-Num(7,14,7),TestNumLess-Num(2,0,15),Close(5,14,5),LoadNum1-Num(9,6,8),SubmitNum-Num(0,7,15),IfNot-Num(15,2,14),SubmitNum-Num(7,12,9),SwapMem-Num(7,9,10),Close(1,15,11),LoadNum3-Num(0,6,14),TestNumLess-Num(1,7,10),TestNumGreaterTEqu-Num(1,9,13),Break(10,8,2),IfNot-Num(13,10,9),SubmitNum-Num(1,7,4),IfNot-Num(10,15,14),TestNumGreaterTEqu-Num(3,8,6)]"
PROBLEM_median__ARGS_NUM__MUT_05,4259,median,Numeric,0.05,0,True,13,226,147,"[LoadNum3-Num(7,2,9),Set-7-Num(11,8,10),TestNumGreaterTEqu-Num(7,1,5),Div-Num(1,5,2),While-Num(11,6,15),Mod-Num(7,5,11),SubmitNum-Num(7,8,14),TestNumGreaterTEqu-Num(0,2,5),TestNumLessTEqu-Num(0,7,3),LoadNum2-Num(7,15,13),Div-Num(0,5,2),While-Num(3,5,0),SubmitNum-Num(2,11,15)]"
PROBLEM_median__ARGS_NUM__MUT_05,4260,median,Numeric,0.05,0,True,14,297,72,"[SubmitNum-Num(2,11,2),TestNumLessTEqu-Num(2,0,13),LoadNum2-Num(10,10,15),TestNumLess-Num(2,1,7),While-Num(2,8,3),IfNot-Num(13,6,11),TestNumLess-Num(1,2,7),Close(10,6,11),If-Num(7,8,9),Sub-Num(0,1,2),SubmitNum-Num(10,8,6),LoadNum1-Num(10,6,12),TestNumLess-Num(2,14,7),TestNumEqu-Num(0,1,1)]"
PROBLEM_median__ARGS_NUM__MUT_05,4261,median,Numeric,0.05,0,False,NONE,NONE,NONE,"NONE"
PROBLEM_median__ARGS_NUM__MUT_05,4262,median,Numeric,0.05,0,False,NONE,NONE,NONE,"NONE"
PROBLEM_median__ARGS_NUM__MUT_05,4263,median,Numeric,0.05,0,True,41,423,266,"[Div-Num(9,13,11),TestNumLessTEqu-Num(2,1,8),Set-5-Num(11,0,5),LoadNum1-Num(10,11,12),Set-11-Num(6,5,10),Sub-Num(2,10,14),TestNumLessTEqu-Num(1,10,15),SubmitNum-Num(2,0,1),Set-15-Num(1,2,15),Mult-Num(15,14,10),Countdown-Num(11,2,5),Dec-Num(15,4,7),TestNumGreaterTEqu-Num(14,13,5),Countdown-Num(15,14,8),Mod-Num(13,6,15),Mod-Num(6,1,13),LoadNum1-Num(14,5,4),TestNumLessTEqu-Num(8,10,8),Set-0-Num(15,8,11),Close(0,1,10),Set-7-Num(6,14,9),Set-15-Num(7,1,7),TestNumGreaterTEqu-Num(7,2,9),TestNumLessTEqu-Num(9,0,4),Set-10-Num(12,9,0),CopyMem-Num(14,4,12),Add-Num(13,10,9),TestNumLessTEqu-Num(2,4,1),TestNumGreaterTEqu-Num(3,1,2),Set-9-Num(15,13,10),Inc-Num(15,8,6),TestNumEqu-Num(8,13,2),While-Num(8,3,4),If-Num(13,11,4),LoadNum2-Num(4,15,11),Close(14,0,5),Set-13-Num(2,11,12),Set-1-Num(15,9,4),Set-7-Num(13,9,10),Set-14-Num(1,9,13),SubmitNum-Num(4,10,5)]"
PROBLEM_median__ARGS_NUM__MUT_05,4264,median,Numeric,0.05,0,False,NONE,NONE,NONE,"NONE"
PROBLEM_median__ARGS_NUM__MUT_05,4265,median,Numeric,0.05,0,True,10,207,147,"[TestNumLess-Num(0,1,3),SubmitNum-Num(1,9,1),TestNumLess-Num(1,2,11),TestNumNEqu-Num(3,11,8),If-Num(8,3,7),SubmitNum-Num(2,12,1),TestNumLessTEqu-Num(2,0,13),TestNumNEqu-Num(11,13,15),If-Num(15,7,1),SubmitNum-Num(0,5,15)]"
PROBLEM_median__ARGS_NUM__MUT_05,4266,median,Numeric,0.05,0,True,25,256,256,"[Set-8-Num(9,14,8),Div-Num(0,10,3),TestNumLessTEqu-Num(0,2,9),Sub-Num(9,8,4),LoadNum1-Num(15,9,14),Close(9,11,15),LoadNum2-Num(4,14,3),Close(6,12,0),Set-2-Num(15,6,9),Add-Num(14,14,6),Countdown-Num(15,4,2),Set-1-Num(3,12,13),Set-2-Num(14,11,9),SubmitNum-Num(4,14,11),TestNumGreaterTEqu-Num(1,0,7),Add-Num(9,6,14),LoadNum1-Num(13,15,4),TestNumLessTEqu-Num(2,4,0),LoadNum3-Num(4,8,15),Mod-Num(0,9,0),Sub-Num(2,1,1),Mod-Num(3,9,2),Mult-Num(1,9,1),SwapMem-Num(7,15,4),SubmitNum-Num(13,10,15)]"
PROBLEM_median__ARGS_NUM__MUT_05,4267,median,Numeric,0.05,0,True,15,438,255,"[Sub-Num(1,2,11),TestNumGreaterTEqu-Num(11,8,13),SubmitNum-Num(1,5,7),Mult-Num(0,11,7),Mult-Num(11,1,14),TestNumGreaterTEqu-Num(0,2,9),Set-12-Num(3,15,1),TestNumLess-Num(7,14,10),Sub-Num(13,9,6),LoadNum3-Num(5,7,11),While-Num(10,3,4),SubmitNum-Num(5,13,6),While-Num(3,10,8),SwapMem-Num(3,6,1),LoadNum1-Num(5,5,5)]"
PROBLEM_median__ARGS_NUM__MUT_05,4268,median,Numeric,0.05,0,True,18,478,393,"[LoadNum1-Num(10,0,4),Add-Num(2,6,15),SubmitNum-Num(9,4,7),Countdown-Num(2,9,9),SwapMem-Num(1,0,10),SubmitNum-Num(0,3,5),Set-12-Num(9,10,8),TestNumLessTEqu-Num(15,1,14),TestNumGreaterTEqu-Num(1,10,2),If-Num(14,0,5),TestNumLess-Num(0,1,14),TestNumLessTEqu-Num(15,0,10),Countdown-Num(14,1,15),Countdown-Num(10,1,13),Set-8-Num(10,14,11),Close(15,13,10),SubmitNum-Num(15,3,5),Sub-Num(4,4,2)]"
PROBLEM_median__ARGS_NUM__MUT_05,4269,median,Numeric,0.05,0,True,43,483,267,"[Set-1-Num(13,2,13),TestNumLessTEqu-Num(2,1,8),SubmitNum-Num(0,7,9),LoadNum2-Num(3,8,7),Div-Num(10,2,4),LoadNum1-Num(12,13,11),Set-4-Num(11,2,11),Add-Num(6,9,13),Mod-Num(14,7,5),Add-Num(0,6,7),Add-Num(2,14,15),Set-11-Num(2,3,10),Set-16-Num(0,0,10),LoadNum1-Num(14,6,2),While-Num(11,10,6),Set-4-Num(10,8,10),Not-Num(1,11,1),LoadNum2-Num(7,2,12),Set-16-Num(9,3,4),TestNumLessTEqu-Num(10,4,0),Set-11-Num(4,8,3),TestNumGreaterTEqu-Num(14,15,0),Set-5-Num(2,13,4),Add-Num(11,4,13),Set-9-Num(13,7,11),Set-13-Num(1,3,6),TestNumGreater-Num(3,3,6),Set-8-Num(7,0,6),Set-1-Num(2,3,7),TestNumLessTEqu-Num(0,11,4),Mod-Num(8,3,10),Countdown-Num(8,11,1),Set-0-Num(8,13,1),Mod-Num(10,4,0),SubmitNum-Num(12,12,5),TestNumGreater-Num(15,14,0),Sub-Num(4,2,5),SubmitNum-Num(3,9,7),Close(12,6,4),Set-11-Num(8,10,11),TestNumGreater-Num(3,14,11),If-Num(0,4,8),SubmitNum-Num(15,9,7)]"
PROBLEM_median__ARGS_NUM__MUT_05,4270,median,Numeric,0.05,0,True,21,496,338,"[LoadNum1-Num(11,13,5),LoadNum3-Num(0,4,1),TestNumGreaterTEqu-Num(1,2,14),LoadNum1-Num(7,3,1),TestNumGreaterTEqu-Num(1,7,6),SubmitNum-Num(7,2,9),If-Num(14,5,4),SwapMem-Num(0,7,11),If-Num(6,4,4),LoadNum1-Num(1,0,8),Close(9,15,6),Close(2,6,12),TestNumLessTEqu-Num(7,1,7),Add-Num(11,6,10),TestNumGreater-Num(10,0,8),Countdown-Num(7,2,9),LoadNum1-Num(2,4,9),SubmitNum-Num(1,11,3),Close(5,9,5),Countdown-Num(8,7,4),SubmitNum-Num(2,5,2)]"
PROBLEM_median__ARGS_NUM__MUT_05,4271,median,Numeric,0.05,0,False,NONE,NONE,NONE,"NONE"
PROBLEM_median__ARGS_NUM__MUT_05,4272,median,Numeric,0.05,0,True,28,445,422,"[Set-16-Num(1,3,8),LoadNum2-Num(4,9,8),Countdown-Num(1,7,8),Set-16-Num(1,12,8),SubmitNum-Num(9,4,10),Set-2-Num(7,14,1),Mult-Num(2,10,3),Inc-Num(5,9,13),Mod-Num(0,6,5),Set-16-Num(1,1,8),TestNumLess-Num(14,0,3),TestNumLessTEqu-Num(2,0,6),TestNumLess-Num(4,2,0),Mod-Num(10,7,1),SubmitNum-Num(2,2,2),Div-Num(6,5,1),TestNumLessTEqu-Num(8,14,2),TestNumGreater-Num(11,12,8),LoadNum1-Num(2,10,9),Add-Num(7,1,12),Set-16-Num(11,2,14),LoadNum2-Num(9,15,15),SwapMem-Num(13,14,3),Set-5-Num(7,12,7),Set-0-Num(12,14,3),If-Num(0,10,6),LoadNum3-Num(0,12,14),Not-Num(1,0,5)]"
PROBLEM_median__ARGS_NUM__MUT_05,4273,median,Numeric,0.05,0,False,NONE,NONE,NONE,"NONE"
PROBLEM_median__ARGS_NUM__MUT_05,4274,median,Numeric,0.05,0,False,NONE,NONE,NONE,"NONE"
PROBLEM_median__ARGS_NUM__MUT_05,4275,median,Numeric,0.05,0,True,22,453,256,"[SubmitNum-Num(0,2,14),Add-Num(6,1,8),Close(11,7,9),LoadNum3-Num(3,10,11),Set-6-Num(15,8,13),TestNumGreater-Num(0,8,6),LoadNum2-Num(14,6,6),Add-Num(11,0,13),TestNumLessTEqu-Num(0,2,4),Floor-Num(6,2,2),Mod-Num(11,14,14),SwapMem-Num(3,0,12),LoadNum1-Num(8,1,3),CopyMem-Num(8,2,14),TestNumNEqu-Num(13,7,9),Countdown-Num(6,1,15),SubmitNum-Num(3,6,11),While-Num(4,3,15),Close(0,10,0),Mod-Num(15,15,5),Add-Num(11,1,8),SubmitNum-Num(8,3,14)]"
PROBLEM_median__ARGS_NUM__MUT_05,4276,median,Numeric,0.05,0,True,19,500,160,"[If-Num(13,9,13),Close(8,3,1),LoadNum1-Num(5,1,8),Close(0,0,8),Countdown-Num(9,13,15),LoadNum2-Num(2,6,6),Close(3,14,6),TestNumGreater-Num(1,5,9),TestNumEqu-Num(8,10,7),Set-2-Num(11,6,2),SubmitNum-Num(2,1,14),While-Num(11,0,6),LoadNum3-Num(5,12,13),Div-Num(2,9,1),TestNumLessTEqu-Num(2,0,7),IfNot-Num(7,6,7),SubmitNum-Num(0,4,7),LoadNum3-Num(0,3,13),SwapMem-Num(11,9,6)]"
PROBLEM_median__ARGS_NUM__MUT_05,4277,median,Numeric,0.05,0,True,37,385,235,"[Set-2-Num(15,2,1),SubmitNum-Num(2,5,1),Set-11-Num(13,14,2),TestNumGreaterTEqu-Num(0,1,9),While-Num(13,0,11),Countdown-Num(9,15,6),Set-1-Num(15,5,7),TestNumLess-Num(2,1,12),Close(4,0,7),LoadNum3-Num(0,14,12),LoadNum1-Num(3,12,9),Div-Num(0,7,6),Set-1-Num(13,6,7),Set-3-Num(8,14,8),TestNumLessTEqu-Num(2,3,9),Add-Num(2,8,14),Set-6-Num(11,6,11),LoadNum1-Num(6,11,1),Set-16-Num(11,10,14),TestNumGreater-Num(13,4,7),TestNumLessTEqu-Num(15,12,6),LoadNum2-Num(15,14,14),Mult-Num(1,4,4),LoadNum2-Num(4,11,13),TestNumNEqu-Num(12,11,13),Set-16-Num(12,15,12),Sub-Num(1,15,14),Mod-Num(3,5,14),SwapMem-Num(0,12,14),Countdown-Num(6,3,12),Not-Num(7,1,0),LoadNum1-Num(4,4,11),SubmitNum-Num(3,1,6),Set-7-Num(12,3,14),LoadNum2-Num(3,1,10),Set-10-Num(6,4,5),Dec-Num(14,12,8)]"
PROBLEM_median__ARGS_NUM__MUT_05,4278,median,Numeric,0.05,0,True,30,249,145,"[Mult-Num(1,13,14),Set-5-Num(5,4,10),Countdown-Num(5,14,5),Inc-Num(7,14,11),Set-9-Num(14,10,11),LoadNum3-Num(3,7,4),SubmitNum-Num(3,15,0),TestNumGreater-Num(0,2,8),Sub-Num(0,5,2),CopyMem-Num(3,12,6),TestNumLess-Num(1,3,5),Countdown-Num(8,7,4),Set-5-Num(10,14,7),Set-6-Num(3,10,10),TestNumLessTEqu-Num(1,0,8),LoadNum2-Num(3,0,9),SubmitNum-Num(3,9,3),Sub-Num(12,9,1),Sub-Num(10,3,0),LoadNum3-Num(4,5,7),LoadNum2-Num(11,1,2),Set-4-Num(12,10,3),Set-1-Num(11,2,3),LoadNum1-Num(14,11,8),SwapMem-Num(3,0,9),Set-3-Num(10,9,10),SubmitNum-Num(14,14,2),Set-9-Num(12,14,12),Div-Num(8,12,7),Div-Num(8,9,0)]"
PROBLEM_median__ARGS_NUM__MUT_05,4279,median,Numeric,0.05,0,True,27,488,229,"[LoadNum3-Num(4,6,4),TestNumLessTEqu-Num(1,4,12),Close(3,3,15),Set-11-Num(13,10,6),Close(0,14,14),Set-10-Num(6,7,1),LoadNum2-Num(9,6,2),TestNumEqu-Num(6,9,3),LoadNum3-Num(10,12,4),TestNumLessTEqu-Num(0,2,14),Close(5,13,7),Inc-Num(13,14,11),IfNot-Num(12,6,15),TestNumGreater-Num(12,8,6),CopyMem-Num(10,9,10),Close(2,13,14),Dec-Num(3,7,11),SubmitNum-Num(9,11,7),LoadNum1-Num(7,3,0),LoadNum2-Num(2,11,14),Div-Num(2,12,7),IfNot-Num(14,5,5),TestNumLessTEqu-Num(7,1,12),SubmitNum-Num(0,8,4),Dec-Num(12,15,5),Countdown-Num(13,2,14),LoadNum2-Num(4,12,4)]"
PROBLEM_median__ARGS_NUM__MUT_05,4280,median,Numeric,0.05,0,True,27,485,454,"[SubmitNum-Num(0,15,5),Set-14-Num(15,10,12),Set-1-Num(0,7,2),LoadNum1-Num(3,10,10),Dec-Num(14,3,15),Dec-Num(14,11,0),Countdown-Num(15,3,15),TestNumLess-Num(6,0,0),Set-8-Num(5,9,1),TestNumGreaterTEqu-Num(2,1,0),SwapMem-Num(3,2,7),TestNumNEqu-Num(5,3,4),TestNumGreaterTEqu-Num(2,3,15),Not-Num(0,2,1),SubmitNum-Num(3,6,9),IfNot-Num(0,15,13),Set-8-Num(12,0,6),Set-10-Num(0,5,3),Dec-Num(15,15,6),Set-8-Num(5,4,4),TestNumGreaterTEqu-Num(2,1,0),SwapMem-Num(3,2,10),SwapMem-Num(14,7,11),Not-Num(15,0,8),SubmitNum-Num(3,2,5),IfNot-Num(0,15,8),SubmitNum-Num(1,2,15)]"
PROBLEM_median__ARGS_NUM__MUT_05,4281,median,Numeric,0.05,0,True,21,310,166,"[LoadNum2-Num(11,1,11),LoadNum3-Num(13,15,12),Close(10,14,2),Set-13-Num(15,6,2),While-Num(15,6,4),TestNumGreater-Num(13,0,15),TestNumLess-Num(0,11,0),CopyMem-Num(0,6,5),SubmitNum-Num(13,15,11),Div-Num(13,15,0),Set-9-Num(11,1,2),SwapMem-Num(14,13,10),LoadNum1-Num(13,8,10),Dec-Num(15,13,1),TestNumLess-Num(1,14,9),While-Num(9,6,1),If-Num(0,8,1),SubmitNum-Num(1,10,7),Set-14-Num(1,9,6),If-Num(6,10,10),Set-0-Num(0,2,10)]"
PROBLEM_median__ARGS_NUM__MUT_05,4282,median,Numeric,0.05,0,True,16,425,150,"[LoadNum2-Num(9,1,1),Close(13,13,7),SubmitNum-Num(0,11,10),TestNumLess-Num(2,0,4),TestNumGreaterTEqu-Num(2,9,14),SwapMem-Num(14,10,5),Close(2,12,9),SubmitNum-Num(9,3,5),TestNumGreater-Num(0,9,1),TestNumGreaterTEqu-Num(12,4,14),LoadNum3-Num(9,15,11),Sub-Num(4,10,10),Countdown-Num(10,12,14),Div-Num(4,1,14),While-Num(14,0,12),Div-Num(9,4,12)]"
PROBLEM_median__ARGS_NUM__MUT_05,4283,median,Numeric,0.05,0,False,NONE,NONE,NONE,"NONE"
PROBLEM_median__ARGS_NUM__MUT_05,4284,median,Numeric,0.05,0,True,40,399,339,"[TestNumLess-Num(2,8,11),Set-6-Num(0,1,7),Close(3,8,0),LoadNum2-Num(14,12,0),Mod-Num(2,2,9),Dec-Num(9,10,0),Close(5,0,10),LoadNum3-Num(5,13,11),TestNumNEqu-Num(1,4,9),Close(3,10,12),If-Num(0,11,8),TestNumLess-Num(0,1,0),Set-16-Num(8,13,4),LoadNum2-Num(10,1,9),Add-Num(9,6,4),Set-7-Num(7,15,13),Close(4,8,14),LoadNum1-Num(15,6,10),Set-2-Num(3,7,13),Set-16-Num(12,15,11),TestNumGreater-Num(15,2,3),SubmitNum-Num(10,11,4),TestNumGreater-Num(1,5,14),If-Num(3,7,0),TestNumLess-Num(1,2,14),LoadNum2-Num(3,7,14),LoadNum1-Num(6,10,14),Close(10,0,5),SubmitNum-Num(15,1,15),Set-1-Num(11,2,11),LoadNum1-Num(3,11,4),Set-9-Num(3,8,11),TestNumGreaterTEqu-Num(15,1,0),TestNumGreaterTEqu-Num(2,15,11),Dec-Num(3,5,11),Set-4-Num(3,15,11),SubmitNum-Num(10,4,12),Set-10-Num(6,9,5),While-Num(14,4,15),SubmitNum-Num(5,6,4)]"
PROBLEM_median__ARGS_NUM__MUT_05,4285,median,Numeric,0.05,0,True,23,144,131,"[Set-15-Num(3,14,6),Add-Num(7,0,11),While-Num(3,2,0),LoadNum2-Num(12,4,2),TestNumGreater-Num(12,2,9),Floor-Num(14,8,7),Div-Num(8,10,10),Set-15-Num(14,4,10),Set-3-Num(8,3,7),TestNumLess-Num(0,2,7),SubmitNum-Num(2,8,5),If-Num(9,4,1),LoadNum2-Num(11,15,0),TestNumGreaterTEqu-Num(13,7,7),Close(12,5,11),Dec-Num(7,4,9),Mult-Num(5,14,14),CopyMem-Num(11,2,7),While-Num(7,11,2),Close(11,14,12),Set-5-Num(1,15,3),LoadNum1-Num(11,6,4),LoadNum1-Num(14,11,8)]"
PROBLEM_median__ARGS_NUM__MUT_05,4286,median,Numeric,0.05,0,True,41,312,190,"[Set-5-Num(10,3,3),LoadNum1-Num(15,10,15),Set-0-Num(11,1,10),TestNumLessTEqu-Num(1,2,4),Set-2-Num(6,9,2),Close(0,8,10),Close(2,7,6),Dec-Num(12,1,13),IfNot-Num(2,10,4),Set-3-Num(14,13,14),SubmitNum-Num(5,15,13),Add-Num(10,9,6),CopyMem-Num(0,2,12),Set-7-Num(13,0,9),Set-8-Num(14,3,7),TestNumGreaterTEqu-Num(5,15,6),LoadNum1-Num(0,15,12),Close(14,2,7),Set-2-Num(10,10,10),TestNumGreaterTEqu-Num(2,0,2),Set-8-Num(1,2,8),LoadNum2-Num(12,6,14),SwapMem-Num(12,5,12),If-Num(6,1,9),SubmitNum-Num(0,7,6),LoadNum1-Num(1,9,6),LoadNum3-Num(0,0,7),Not-Num(13,7,8),If-Num(4,2,5),LoadNum1-Num(3,10,4),TestNumNEqu-Num(1,5,10),CopyMem-Num(2,5,12),Set-16-Num(3,8,0),LoadNum2-Num(8,4,10),TestNumLess-Num(8,15,4),TestNumNEqu-Num(13,1,2),TestNumGreater-Num(10,1,10),Countdown-Num(5,9,9),Mult-Num(4,0,5),Set-13-Num(0,6,7),LoadNum1-Num(14,12,6)]"
PROBLEM_median__ARGS_NUM__MUT_05,4287,median,Numeric,0.05,0,True,23,474,176,"[TestNumLessTEqu-Num(1,2,15),LoadNum3-Num(13,12,1),TestNumGreater-Num(1,0,11),Close(1,11,0),CopyMem-Num(12,10,14),Sub-Num(11,2,7),Dec-Num(14,5,12),SubmitNum-Num(0,6,12),TestNumLessTEqu-Num(0,13,8),Set-0-Num(5,1,14),While-Num(8,9,1),Add-Num(14,1,2),Sub-Num(11,15,8),Set-15-Num(14,11,2),Mult-Num(4,13,11),Close(8,14,7),Set-11-Num(15,6,5),Set-6-Num(1,13,9),SubmitNum-Num(13,12,8),While-Num(1,12,4),LoadNum2-Num(0,8,0),LoadNum1-Num(13,9,2),TestNumGreaterTEqu-Num(2,0,1)]"
PROBLEM_median__ARGS_NUM__MUT_05,4288,median,Numeric,0.05,0,False,NONE,NONE,NONE,"NONE"
PROBLEM_median__ARGS_NUM__MUT_05,4289,median,Numeric,0.05,0,True,50,462,272,"[Set-10-Num(5,6,11),If-Num(5,14,13),LoadNum1-Num(5,2,14),Set-0-Num(6,9,3),Set-16-Num(9,11,13),Close(12,10,4),TestNumLess-Num(2,4,14),Set-9-Num(11,15,8),LoadNum1-Num(12,14,5),LoadNum3-Num(9,10,5),SubmitNum-Num(9,15,4),Set-6-Num(7,2,13),Close(4,8,9),TestNumGreaterTEqu-Num(7,5,7),SubmitNum-Num(10,9,6),Dec-Num(15,0,9),SwapMem-Num(2,9,13),Div-Num(13,14,4),Add-Num(7,11,3),Set-11-Num(9,15,3),SubmitNum-Num(1,4,3),TestNumGreater-Num(12,2,2),Set-8-Num(3,0,15),SwapMem-Num(0,4,6),LoadNum2-Num(0,12,7),Mod-Num(6,7,6),Set-6-Num(5,0,0),IfNot-Num(2,8,1),SubmitNum-Num(12,5,8),LoadNum3-Num(1,12,5),Set-5-Num(15,2,10),TestNumGreater-Num(0,12,9),Close(3,6,15),Set-2-Num(6,0,8),While-Num(9,5,15),Set-13-Num(14,12,10),TestNumGreater-Num(14,12,6),Set-2-Num(3,2,2),Set-9-Num(13,12,1),Set-5-Num(8,1,4),Countdown-Num(5,14,5),Set-14-Num(14,2,0),LoadNum3-Num(11,1,4),LoadNum2-Num(9,10,1),LoadNum3-Num(14,15,4),SubmitNum-Num(11,10,13),TestNumGreater-Num(9,14,2),Not-Num(4,14,10),IfNot-Num(2,9,6),SubmitNum-Num(0,3,13)]"
PROBLEM_median__ARGS_NUM__MUT_05,4290,median,Numeric,0.05,0,True,18,330,167,"[TestNumGreaterTEqu-Num(2,1,9),TestNumLess-Num(0,1,10),TestNumLess-Num(2,0,4),SubmitNum-Num(0,1,12),If-Num(4,8,1),TestNumEqu-Num(10,15,10),While-Num(9,12,4),SubmitNum-Num(2,9,8),Close(5,4,3),LoadNum3-Num(1,0,7),Close(10,5,5),TestNumGreater-Num(1,2,4),While-Num(4,15,8),SubmitNum-Num(2,1,4),Close(3,11,4),While-Num(10,13,14),LoadNum2-Num(4,6,5),SubmitNum-Num(4,15,12)]"
PROBLEM_median__ARGS_NUM__MUT_05,4291,median,Numeric,0.05,0,True,14,463,221,"[SubmitNum-Num(0,5,11),TestNumLess-Num(2,0,6),TestNumGreater-Num(1,0,0),LoadNum2-Num(5,10,13),LoadNum3-Num(4,9,7),Countdown-Num(0,4,0),Dec-Num(6,7,0),CopyMem-Num(8,5,5),TestNumLessTEqu-Num(4,1,2),Close(8,8,15),While-Num(6,7,6),SubmitNum-Num(4,5,5),TestNumGreaterTEqu-Num(5,2,6),LoadNum2-Num(4,12,3)]"
PROBLEM_median__ARGS_NUM__MUT_05,4292,median,Numeric,0.05,0,True,22,452,132,"[LoadNum2-Num(14,1,13),TestNumGreater-Num(14,0,1),SubmitNum-Num(0,15,1),TestNumGreaterTEqu-Num(0,2,15),TestNumGreaterTEqu-Num(6,15,3),LoadNum2-Num(12,10,10),TestNumLessTEqu-Num(1,3,3),While-Num(3,3,0),Dec-Num(13,15,0),CopyMem-Num(12,8,12),TestNumGreaterTEqu-Num(2,0,3),LoadNum1-Num(12,4,0),TestNumLessTEqu-Num(2,14,2),Div-Num(1,2,15),Countdown-Num(13,4,4),SubmitNum-Num(8,14,11),Countdown-Num(15,1,0),Set-16-Num(14,0,2),Set-6-Num(12,5,4),LoadNum3-Num(8,6,11),Close(1,5,4),TestNumGreater-Num(14,12,13)]"
PROBLEM_median__ARGS_NUM__MUT_05,4293,median,Numeric,0.05,0,True,13,438,200,"[TestNumGreaterTEqu-Num(1,0,5),Set-10-Num(4,8,4),TestNumLessTEqu-Num(0,2,14),Set-9-Num(15,1,6),Countdown-Num(4,15,14),Div-Num(7,14,15),SubmitNum-Num(1,10,15),TestNumGreaterTEqu-Num(1,2,4),Div-Num(14,4,15),SubmitNum-Num(0,1,4),Div-Num(14,5,4),Countdown-Num(15,10,1),SubmitNum-Num(2,15,13)]"
PROBLEM_median__ARGS_NUM__MUT_05,4294,median,Numeric,0.05,0,True,12,334,243,"[TestNumLess-Num(2,1,6),IfNot-Num(6,2,0),SwapMem-Num(2,1,12),Close(8,2,8),TestNumGreater-Num(1,0,13),TestNumLess-Num(2,0,6),IfNot-Num(6,11,5),Mult-Num(13,2,0),Close(2,9,14),SubmitNum-Num(0,14,0),IfNot-Num(13,3,7),SubmitNum-Num(1,5,9)]"
PROBLEM_median__ARGS_NUM__MUT_05,4295,median,Numeric,0.05,0,False,NONE,NONE,NONE,"NONE"
PROBLEM_median__ARGS_NUM__MUT_05,4296,median,Numeric,0.05,0,True,23,396,232,"[TestNumGreaterTEqu-Num(1,2,5),Set-2-Num(8,14,8),SubmitNum-Num(2,11,11),TestNumGreater-Num(5,6,10),LoadNum2-Num(6,15,4),Countdown-Num(8,6,2),LoadNum1-Num(12,8,14),TestNumLessTEqu-Num(6,2,11),Set-12-Num(14,14,7),TestNumNEqu-Num(1,2,6),TestNumNEqu-Num(10,7,14),TestNumLessTEqu-Num(2,12,2),While-Num(11,1,8),Dec-Num(3,10,4),TestNumGreaterTEqu-Num(1,0,5),If-Num(5,0,4),SubmitNum-Num(0,3,15),Sub-Num(8,7,10),Close(9,11,2),LoadNum3-Num(1,0,0),Countdown-Num(10,14,11),LoadNum2-Num(13,1,1),SubmitNum-Num(13,0,7)]"
PROBLEM_median__ARGS_NUM__MUT_05,4297,median,Numeric,0.05,0,True,23,498,466,"[Mult-Num(3,1,12),CopyMem-Num(5,10,9),Set-15-Num(4,14,12),TestNumNEqu-Num(7,15,5),CopyMem-Num(1,10,2),While-Num(4,11,6),While-Num(3,1,3),TestNumLessTEqu-Num(12,6,3),Set-2-Num(6,5,11),Close(12,3,12),TestNumGreater-Num(10,2,9),SubmitNum-Num(10,15,11),Add-Num(12,3,3),TestNumLessTEqu-Num(0,10,3),SwapMem-Num(2,10,1),While-Num(9,12,8),Floor-Num(15,0,3),Inc-Num(12,7,9),Dec-Num(13,3,5),TestNumGreaterTEqu-Num(8,9,8),TestNumLess-Num(14,15,7),SubmitNum-Num(0,12,12),Break(15,2,1)]"
PROBLEM_median__ARGS_NUM__MUT_05,4298,median,Numeric,0.05,0,True,12,289,233,"[TestNumGreater-Num(2,1,13),Set-13-Num(0,15,4),Countdown-Num(0,6,11),SubmitNum-Num(1,8,10),SwapMem-Num(13,0,5),LoadNum1-Num(5,7,3),TestNumGreater-Num(1,5,14),LoadNum3-Num(1,15,4),Countdown-Num(14,0,5),Dec-Num(0,8,9),LoadNum1-Num(1,9,10),TestNumGreater-Num(2,5,13)]"
PROBLEM_median__ARGS_NUM__MUT_05,4299,median,Numeric,0.05,0,True,20,331,166,"[Inc-Num(3,9,15),TestNumGreaterTEqu-Num(1,2,8),Set-4-Num(10,0,0),While-Num(10,1,8),Set-11-Num(9,10,9),TestNumLess-Num(1,12,6),TestNumGreaterTEqu-Num(2,0,12),Countdown-Num(12,3,5),Countdown-Num(3,14,12),SubmitNum-Num(0,5,4),TestNumLessTEqu-Num(1,0,3),Close(1,11,9),Close(3,9,12),Set-16-Num(5,15,3),Set-11-Num(11,1,11),Inc-Num(8,13,2),Set-2-Num(6,7,3),SubmitNum-Num(1,15,2),Countdown-Num(8,10,0),SwapMem-Num(2,1,14)]"
PROBLEM_median__ARGS_NUM__MUT_05,4300,median,Numeric,0.05,0,True,11,176,145,"[Set-9-Num(14,5,0),While-Num(14,7,11),IfNot-Num(12,9,7),TestNumGreater-Num(0,1,12),SwapMem-Num(1,0,14),TestNumGreaterTEqu-Num(0,2,6),IfNot-Num(6,7,7),SwapMem-Num(2,0,13),TestNumGreater-Num(6,7,12),Close(7,13,1),SubmitNum-Num(0,1,12)]"
PROBLEM_median__ARGS_NUM__MUT_075,4201,median,Numeric,0.075,0,True,17,475,267,"[LoadNum1-Num(13,3,7),Set-15-Num(14,10,14),While-Num(14,14,9),Mod-Num(8,7,0),SubmitNum-Num(13,15,5),TestNumGreater-Num(13,1,14),LoadNum3-Num(13,1,2),Add-Num(4,2,6),Set-11-Num(7,15,12),Add-Num(4,12,2),TestNumGreaterTEqu-Num(7,15,10),TestNumGreater-Num(0,6,4),IfNot-Num(4,0,11),Dec-Num(14,2,9),SwapMem-Num(10,8,1),While-Num(10,3,8),SubmitNum-Num(1,14,2)]"
PROBLEM_median__ARGS_NUM__MUT_075,4202,median,Numeric,0.075,0,False,NONE,NONE,NONE,"NONE"
PROBLEM_median__ARGS_NUM__MUT_075,4203,median,Numeric,0.075,0,False,NONE,NONE,NONE,"NONE"
PROBLEM_median__ARGS_NUM__MUT_075,4204,median,Numeric,0.075,0,True,10,432,107,"[TestNumGreaterTEqu-Num(2,1,15),SubmitNum-Num(1,11,1),TestNumGreaterTEqu-Num(0,2,7),TestNumGreaterTEqu-Num(0,1,9),TestNumEqu-Num(7,9,14),TestNumNEqu-Num(15,9,5),IfNot-Num(5,4,10),SubmitNum-Num(0,13,14),If-Num(14,15,11),SubmitNum-Num(2,3,5)]"
PROBLEM_median__ARGS_NUM__MUT_075,4205,median,Numeric,0.075,0,True,42,476,172,"[Set-15-Num(12,6,2),SwapMem-Num(3,10,15),TestNumGreater-Num(1,2,14),Add-Num(9,5,15),LoadNum1-Num(5,9,6),CopyMem-Num(7,7,15),Set-4-Num(4,5,12),LoadNum2-Num(9,5,2),TestNumLessTEqu-Num(5,1,7),SubmitNum-Num(1,0,1),LoadNum3-Num(15,11,4),TestNumGreater-Num(6,5,10),IfNot-Num(14,3,6),Set-15-Num(10,8,1),CopyMem-Num(2,10,15),Not-Num(7,0,0),Close(5,9,10),Set-7-Num(12,6,9),TestNumLessTEqu-Num(0,7,10),Countdown-Num(7,15,4),Mod-Num(11,0,1),TestNumLessTEqu-Num(15,15,14),Set-10-Num(7,11,0),TestNumGreater-Num(15,0,2),Set-3-Num(7,2,12),Inc-Num(13,8,14),Set-2-Num(13,3,4),LoadNum3-Num(12,13,4),CopyMem-Num(11,3,5),Set-14-Num(6,11,10),SubmitNum-Num(5,13,5),LoadNum3-Num(8,2,14),SubmitNum-Num(15,1,11),Set-7-Num(6,8,2),LoadNum2-Num(12,15,6),CopyMem-Num(15,12,8),Countdown-Num(2,5,14),Countdown-Num(13,8,4),Set-11-Num(1,11,0),SubmitNum-Num(11,15,4),Set-11-Num(12,5,8),TestNumGreater-Num(7,14,2)]"
PROBLEM_median__ARGS_NUM__MUT_075,4206,median,Numeric,0.075,0,True,12,208,158,"[Set-3-Num(9,9,10),While-Num(9,3,4),TestNumGreaterTEqu-Num(0,1,8),SwapMem-Num(0,1,5),Countdown-Num(8,15,5),SubmitNum-Num(0,14,10),CopyMem-Num(13,12,7),LoadNum3-Num(13,7,8),Not-Num(12,11,0),Countdown-Num(12,8,9),TestNumGreaterTEqu-Num(13,0,9),LoadNum3-Num(0,8,3)]"
PROBLEM_median__ARGS_NUM__MUT_075,4207,median,Numeric,0.075,0,False,NONE,NONE,NONE,"NONE"
PROBLEM_median__ARGS_NUM__MUT_075,4208,median,Numeric,0.075,0,True,23,354,342,"[LoadNum1-Num(5,10,14),SubmitNum-Num(2,10,3),TestNumGreater-Num(5,1,8),SwapMem-Num(0,7,7),Close(11,2,4),SwapMem-Num(5,1,8),Set-3-Num(15,10,11),TestNumLessTEqu-Num(5,2,14),Dec-Num(3,11,11),TestNumLessTEqu-Num(2,1,7),While-Num(14,12,3),SwapMem-Num(15,7,3),Add-Num(5,0,2),While-Num(15,7,8),Close(9,4,5),Set-0-Num(14,5,14),Close(4,3,4),If-Num(7,14,15),SubmitNum-Num(5,5,15),Countdown-Num(15,4,14),Mod-Num(3,8,3),Dec-Num(2,14,8),TestNumEqu-Num(0,3,15)]"
PROBLEM_median__ARGS_NUM__MUT_075,4209,median,Numeric,0.075,0,True,21,358,153,"[Set-15-Num(7,0,10),Countdown-Num(7,10,7),CopyMem-Num(1,9,13),Dec-Num(9,3,14),Not-Num(10,8,14),LoadNum1-Num(5,0,8),TestNumGreaterTEqu-Num(5,2,4),TestNumLessTEqu-Num(1,5,15),TestNumLessTEqu-Num(2,1,7),SubmitNum-Num(1,15,13),Set-6-Num(13,9,12),LoadNum3-Num(1,4,3),TestNumGreater-Num(1,9,2),Countdown-Num(15,0,7),Dec-Num(7,9,11),Countdown-Num(2,7,1),LoadNum1-Num(6,13,8),TestNumGreaterTEqu-Num(6,1,7),Set-4-Num(13,9,3),TestNumEqu-Num(0,12,9),SubmitNum-Num(0,6,8)]"
PROBLEM_median__ARGS_NUM__MUT_075,4210,median,Numeric,0.075,0,False,NONE,NONE,NONE,"NONE"
PROBLEM_median__ARGS_NUM__MUT_075,4211,median,Numeric,0.075,0,True,22,289,289,"[Close(11,15,12),TestNumLess-Num(2,0,5),SubmitNum-Num(0,5,6),TestNumLessTEqu-Num(5,9,15),Close(1,13,5),Set-1-Num(7,10,11),TestNumGreater-Num(2,1,11),TestNumNEqu-Num(11,15,1),Set-5-Num(15,5,2),SubmitNum-Num(2,0,6),LoadNum2-Num(2,7,11),LoadNum3-Num(10,13,2),Dec-Num(9,15,4),TestNumGreater-Num(0,2,3),Div-Num(11,3,9),Set-16-Num(4,0,12),Set-11-Num(15,13,7),Mod-Num(13,5,9),Mod-Num(0,2,11),Countdown-Num(15,10,11),Countdown-Num(1,2,10),Set-1-Num(1,3,5)]"
PROBLEM_median__ARGS_NUM__MUT_075,4212,median,Numeric,0.075,0,False,NONE,NONE,NONE,"NONE"
PROBLEM_median__ARGS_NUM__MUT_075,4213,median,Numeric,0.075,0,True,13,414,339,"[Sub-Num(2,1,4),LoadNum2-Num(14,5,0),TestNumGreater-Num(0,14,0),TestNumLess-Num(4,10,5),TestNumNEqu-Num(0,5,0),SubmitNum-Num(14,2,6),LoadNum1-Num(12,11,14),While-Num(0,5,13),TestNumGreater-Num(12,2,4),TestNumNEqu-Num(4,5,7),SubmitNum-Num(12,3,6),If-Num(7,12,7),SubmitNum-Num(2,0,2)]"
PROBLEM_median__ARGS_NUM__MUT_075,4214,median,Numeric,0.075,0,True,31,290,198,"[TestNumLess-Num(1,0,13),Close(10,8,3),TestNumGreaterTEqu-Num(6,0,12),Set-4-Num(11,4,1),Dec-Num(11,1,6),TestNumLessTEqu-Num(1,2,14),SubmitNum-Num(2,15,7),Set-15-Num(3,1,8),Set-6-Num(9,8,9),Set-12-Num(2,13,9),Countdown-Num(14,6,0),LoadNum1-Num(2,12,2),Set-15-Num(4,4,7),TestNumGreater-Num(1,2,13),Close(1,6,10),SubmitNum-Num(1,4,4),TestNumLessTEqu-Num(4,5,14),Add-Num(3,14,6),Set-13-Num(12,7,0),Set-16-Num(11,11,15),TestNumNEqu-Num(13,14,11),TestNumLess-Num(0,14,8),Add-Num(8,2,12),Floor-Num(3,11,4),Set-0-Num(10,15,13),Set-3-Num(5,1,15),LoadNum3-Num(1,9,5),Set-6-Num(9,15,1),LoadNum1-Num(2,11,13),Countdown-Num(13,3,7),Set-9-Num(13,10,4)]"
PROBLEM_median__ARGS_NUM__MUT_075,4215,median,Numeric,0.075,0,False,NONE,NONE,NONE,"NONE"
PROBLEM_median__ARGS_NUM__MUT_075,4216,median,Numeric,0.075,0,True,16,236,186,"[LoadNum2-Num(13,2,9),SubmitNum-Num(2,5,11),Close(13,7,8),TestNumGreaterTEqu-Num(1,2,4),Set-14-Num(1,13,0),Close(7,6,10),Sub-Num(1,4,10),TestNumLess-Num(2,0,3),SwapMem-Num(13,0,11),TestNumEqu-Num(4,3,2),TestNumGreaterTEqu-Num(0,13,1),If-Num(2,14,12),Countdown-Num(10,13,13),SubmitNum-Num(13,12,3),Countdown-Num(11,3,11),Countdown-Num(15,13,4)]"
PROBLEM_median__ARGS_NUM__MUT_075,4217,median,Numeric,0.075,0,True,15,354,171,"[TestNumGreater-Num(0,2,6),SubmitNum-Num(0,7,14),LoadNum3-Num(12,1,10),LoadNum2-Num(8,8,6),TestNumLessTEqu-Num(8,0,14),Countdown-Num(14,0,14),LoadNum2-Num(2,0,14),TestNumLess-Num(0,12,6),LoadNum3-Num(8,3,12),Close(15,14,15),IfNot-Num(6,12,9),SubmitNum-Num(12,10,2),TestNumLess-Num(8,2,14),While-Num(14,10,0),SubmitNum-Num(1,13,15)]"
PROBLEM_median__ARGS_NUM__MUT_075,4218,median,Numeric,0.075,0,False,NONE,NONE,NONE,"NONE"
PROBLEM_median__ARGS_NUM__MUT_075,4219,median,Numeric,0.075,0,False,NONE,NONE,NONE,"NONE"
PROBLEM_median__ARGS_NUM__MUT_075,4220,median,Numeric,0.075,0,False,NONE,NONE,NONE,"NONE"
PROBLEM_median__ARGS_NUM__MUT_075,4221,median,Numeric,0.075,0,True,16,226,158,"[LoadNum1-Num(5,13,5),Set-9-Num(8,6,10),TestNumGreaterTEqu-Num(2,1,6),Set-6-Num(14,14,7),TestNumGreater-Num(0,1,15),Mod-Num(10,6,8),TestNumLess-Num(5,2,3),Sub-Num(3,15,7),Mod-Num(12,6,15),Div-Num(8,3,14),SubmitNum-Num(5,3,2),Countdown-Num(7,2,8),SubmitNum-Num(1,4,8),SwapMem-Num(7,14,10),LoadNum3-Num(1,9,4),While-Num(15,10,6)]"
PROBLEM_median__ARGS_NUM__MUT_075,4222,median,Numeric,0.075,0,True,28,449,165,"[Set-13-Num(11,15,14),While-Num(11,6,10),Set-9-Num(6,6,9),TestNumLessTEqu-Num(15,9,14),Inc-Num(13,4,10),Set-4-Num(10,4,6),TestNumGreaterTEqu-Num(2,0,0),Set-9-Num(8,7,6),Sub-Num(8,10,14),TestNumGreaterTEqu-Num(2,1,11),SubmitNum-Num(1,5,2),IfNot-Num(0,5,13),If-Num(13,14,6),Close(8,12,10),TestNumLessTEqu-Num(1,14,3),Dec-Num(11,6,4),Close(3,8,11),LoadNum1-Num(3,0,0),LoadNum2-Num(0,6,14),Set-3-Num(3,14,14),SubmitNum-Num(2,10,12),Mult-Num(7,5,8),TestNumLessTEqu-Num(5,1,10),Set-11-Num(4,7,9),LoadNum1-Num(2,9,0),Set-0-Num(13,4,6),Set-2-Num(5,6,13),IfNot-Num(6,0,3)]"
PROBLEM_median__ARGS_NUM__MUT_075,4223,median,Numeric,0.075,0,False,NONE,NONE,NONE,"NONE"
PROBLEM_median__ARGS_NUM__MUT_075,4224,median,Numeric,0.075,0,True,18,424,310,"[Sub-Num(1,2,2),LoadNum3-Num(13,3,3),Set-10-Num(7,15,6),Sub-Num(14,2,9),SwapMem-Num(9,3,6),TestNumGreaterTEqu-Num(1,0,9),TestNumGreaterTEqu-Num(13,0,4),Mod-Num(11,4,3),Countdown-Num(7,10,8),Set-13-Num(13,5,13),SubmitNum-Num(1,11,7),LoadNum1-Num(1,1,1),TestNumEqu-Num(9,4,9),Set-0-Num(4,7,13),Countdown-Num(9,12,3),LoadNum3-Num(1,3,14),TestNumLess-Num(2,15,6),TestNumLess-Num(3,6,9)]"
PROBLEM_median__ARGS_NUM__MUT_075,4225,median,Numeric,0.075,0,False,NONE,NONE,NONE,"NONE"
PROBLEM_median__ARGS_NUM__MUT_075,4226,median,Numeric,0.075,0,True,41,491,189,"[IfNot-Num(12,3,6),SubmitNum-Num(2,8,6),Set-6-Num(7,12,13),Sub-Num(1,3,0),LoadNum1-Num(9,12,4),Close(14,2,6),LoadNum3-Num(11,13,14),Close(7,14,6),Set-10-Num(13,1,7),Set-1-Num(15,11,15),LoadNum3-Num(8,13,9),TestNumLessTEqu-Num(0,9,13),Countdown-Num(13,0,9),TestNumLessTEqu-Num(9,11,13),Set-15-Num(10,4,12),Set-14-Num(10,2,13),Set-10-Num(4,4,14),Floor-Num(2,0,2),Set-10-Num(5,15,6),TestNumNEqu-Num(11,4,10),Set-6-Num(10,13,15),Set-12-Num(14,9,11),Set-5-Num(4,0,7),Set-1-Num(10,9,15),LoadNum3-Num(3,15,7),TestNumGreater-Num(9,13,14),TestNumEqu-Num(2,10,10),Inc-Num(5,14,1),Mod-Num(1,9,5),SubmitNum-Num(11,7,2),Set-7-Num(12,10,3),LoadNum1-Num(11,14,7),Close(3,9,11),LoadNum1-Num(10,15,9),Close(15,9,7),TestNumGreaterTEqu-Num(2,1,3),LoadNum2-Num(11,14,3),LoadNum3-Num(0,7,10),Countdown-Num(3,12,2),Set-8-Num(9,15,10),TestNumLessTEqu-Num(2,14,0)]"
PROBLEM_median__ARGS_NUM__MUT_075,4227,median,Numeric,0.075,0,True,35,305,144,"[TestNumLess-Num(1,0,14),LoadNum1-Num(6,11,6),CopyMem-Num(5,15,14),Set-6-Num(9,14,11),While-Num(9,15,14),Mod-Num(14,2,12),Set-6-Num(13,14,10),SubmitNum-Num(2,12,1),Set-10-Num(4,3,2),Set-13-Num(0,0,6),Floor-Num(3,6,7),Inc-Num(10,11,0),LoadNum1-Num(3,9,3),Sub-Num(13,13,13),SubmitNum-Num(15,6,12),Set-4-Num(13,3,8),LoadNum3-Num(7,3,13),CopyMem-Num(11,15,10),Mult-Num(14,14,12),TestNumGreater-Num(6,8,6),Set-0-Num(11,4,5),Inc-Num(5,10,13),Set-15-Num(14,10,9),TestNumLessTEqu-Num(3,2,9),SubmitNum-Num(3,0,6),While-Num(12,10,13),Mod-Num(11,13,5),Set-9-Num(7,12,3),Set-6-Num(14,12,3),Set-7-Num(4,0,14),Set-7-Num(3,11,14),TestNumLessTEqu-Num(2,1,12),SubmitNum-Num(2,7,7),Set-12-Num(4,11,13),LoadNum2-Num(2,15,6)]"
PROBLEM_median__ARGS_NUM__MUT_075,4228,median,Numeric,0.075,0,True,38,483,410,"[LoadNum2-Num(7,6,4),LoadNum1-Num(5,10,12),CopyMem-Num(2,8,12),TestNumGreaterTEqu-Num(2,5,13),Close(7,9,8),Div-Num(0,9,5),Add-Num(11,11,11),Set-6-Num(12,1,2),SubmitNum-Num(1,13,6),Set-15-Num(4,9,9),Set-13-Num(2,9,3),TestNumLessTEqu-Num(7,8,3),Not-Num(14,5,11),TestNumLess-Num(1,5,4),Set-0-Num(15,6,14),LoadNum1-Num(7,3,12),TestNumGreater-Num(0,1,9),Div-Num(1,0,11),Countdown-Num(3,6,6),LoadNum1-Num(9,13,12),Div-Num(4,12,5),TestNumNEqu-Num(13,5,5),Mult-Num(11,6,11),Mult-Num(3,4,14),Mod-Num(15,11,3),LoadNum2-Num(10,14,8),Set-0-Num(11,11,12),Close(2,4,0),TestNumEqu-Num(13,4,10),Set-12-Num(13,0,8),TestNumLessTEqu-Num(3,6,3),SubmitNum-Num(8,2,1),LoadNum1-Num(12,8,4),Sub-Num(15,3,15),Close(5,10,11),Set-13-Num(15,3,10),If-Num(10,10,4),SubmitNum-Num(7,0,7)]"
PROBLEM_median__ARGS_NUM__MUT_075,4229,median,Numeric,0.075,0,True,40,478,332,"[Floor-Num(6,13,3),Set-0-Num(5,6,7),LoadNum3-Num(13,14,0),TestNumLess-Num(15,7,4),TestNumLess-Num(3,2,3),TestNumLessTEqu-Num(2,0,11),Close(0,0,5),SwapMem-Num(3,4,3),SubmitNum-Num(0,3,10),IfNot-Num(11,4,8),Sub-Num(1,10,0),LoadNum1-Num(1,12,9),Close(10,9,15),Add-Num(5,11,12),Inc-Num(10,12,15),CopyMem-Num(13,3,8),Set-5-Num(4,11,14),Set-0-Num(7,7,2),Mult-Num(14,2,13),Not-Num(8,14,4),TestNumGreater-Num(3,0,13),Add-Num(0,1,5),Set-10-Num(7,4,5),TestNumLess-Num(1,0,4),Set-2-Num(3,5,7),TestNumEqu-Num(2,13,12),LoadNum3-Num(13,12,6),While-Num(4,3,3),TestNumNEqu-Num(6,11,9),SubmitNum-Num(13,15,4),Floor-Num(6,10,6),Set-2-Num(14,9,0),LoadNum2-Num(8,12,2),TestNumGreater-Num(13,8,5),TestNumGreaterTEqu-Num(13,6,2),Set-13-Num(3,5,9),Set-15-Num(10,4,11),IfNot-Num(5,5,15),Set-7-Num(6,2,1),SubmitNum-Num(1,15,15)]"
PROBLEM_median__ARGS_NUM__MUT_075,4230,median,Numeric,0.075,0,True,28,450,144,"[LoadNum3-Num(3,10,14),LoadNum1-Num(11,11,11),Not-Num(5,2,2),Close(5,2,0),TestNumGreaterTEqu-Num(11,2,15),Close(9,0,12),TestNumLess-Num(3,1,12),LoadNum3-Num(6,7,1),Set-0-Num(13,12,14),TestNumNEqu-Num(15,12,12),Not-Num(7,1,4),LoadNum2-Num(10,4,9),Div-Num(6,8,5),Mod-Num(10,13,4),SubmitNum-Num(1,12,1),If-Num(12,5,7),Set-10-Num(13,1,1),Close(3,9,3),CopyMem-Num(1,8,4),LoadNum1-Num(3,4,12),SubmitNum-Num(0,11,13),SubmitNum-Num(11,1,8),Sub-Num(13,4,10),Mult-Num(12,11,0),SubmitNum-Num(2,10,3),TestNumGreater-Num(6,2,6),Countdown-Num(12,0,5),Set-2-Num(0,0,0)]"
PROBLEM_median__ARGS_NUM__MUT_075,4231,median,Numeric,0.075,0,True,27,383,225,"[LoadNum1-Num(15,4,11),Set-9-Num(3,15,3),TestNumLessTEqu-Num(11,6,13),Div-Num(6,5,15),Not-Num(8,2,7),Set-16-Num(2,0,15),Close(3,1,0),Close(15,9,2),Set-15-Num(13,8,10),TestNumGreaterTEqu-Num(15,1,14),Inc-Num(4,12,11),Set-12-Num(10,2,15),Set-15-Num(5,4,7),Countdown-Num(4,0,13),SubmitNum-Num(0,5,14),LoadNum3-Num(12,6,0),Set-14-Num(8,5,1),TestNumEqu-Num(13,13,13),LoadNum3-Num(15,10,5),If-Num(14,9,13),SwapMem-Num(0,1,0),Close(12,12,10),Add-Num(10,3,3),Inc-Num(13,15,7),SubmitNum-Num(15,5,8),Set-8-Num(9,13,10),TestNumLess-Num(12,0,4)]"
PROBLEM_median__ARGS_NUM__MUT_075,4232,median,Numeric,0.075,0,True,13,363,178,"[Set-14-Num(4,0,1),Set-10-Num(9,2,12),While-Num(4,4,2),TestNumGreater-Num(1,2,10),SwapMem-Num(9,6,0),TestNumLess-Num(1,0,4),SubmitNum-Num(1,13,10),LoadNum1-Num(1,1,6),If-Num(10,2,15),SubmitNum-Num(2,12,6),If-Num(6,12,13),TestNumLessTEqu-Num(2,1,4),LoadNum2-Num(2,10,2)]"
PROBLEM_median__ARGS_NUM__MUT_075,4233,median,Numeric,0.075,0,False,NONE,NONE,NONE,"NONE"
PROBLEM_median__ARGS_NUM__MUT_075,4234,median,Numeric,0.075,0,False,NONE,NONE,NONE,"NONE"
PROBLEM_median__ARGS_NUM__MUT_075,4235,median,Numeric,0.075,0,True,13,275,161,"[SubmitNum-Num(2,11,6),TestNumLess-Num(2,1,7),TestNumGreaterTEqu-Num(1,0,4),TestNumGreater-Num(0,2,12),While-Num(12,1,2),Not-Num(7,6,9),TestNumLessTEqu-Num(1,0,4),Dec-Num(12,7,13),Close(9,13,1),IfNot-Num(7,12,2),SubmitNum-Num(0,11,1),If-Num(4,1,11),SubmitNum-Num(1,10,15)]"
PROBLEM_median__ARGS_NUM__MUT_075,4236,median,Numeric,0.075,0,False,NONE,NONE,NONE,"NONE"
PROBLEM_median__ARGS_NUM__MUT_075,4237,median,Numeric,0.075,0,True,14,278,171,"[SubmitNum-Num(0,13,2),Set-4-Num(9,5,1),TestNumGreater-Num(2,1,15),TestNumGreater-Num(2,0,12),TestNumLess-Num(15,12,2),Mult-Num(12,9,14),Mod-Num(2,14,15),TestNumGreater-Num(0,1,9),TestNumEqu-Num(12,9,8),LoadNum3-Num(2,1,3),IfNot-Num(8,9,6),SubmitNum-Num(1,15,5),Countdown-Num(15,15,4),SubmitNum-Num(2,0,7)]"
PROBLEM_median__ARGS_NUM__MUT_075,4238,median,Numeric,0.075,0,True,51,454,362,"[Set-7-Num(6,10,12),SubmitNum-Num(4,7,6),LoadNum1-Num(15,9,11),TestNumGreater-Num(2,1,3),Set-7-Num(4,10,11),Set-10-Num(1,9,15),TestNumLessTEqu-Num(0,2,12),Dec-Num(12,7,9),LoadNum2-Num(9,14,11),Set-4-Num(7,13,3),Set-6-Num(0,12,1),Set-5-Num(14,14,11),Set-12-Num(6,2,11),While-Num(2,7,13),LoadNum1-Num(6,5,9),SwapMem-Num(0,12,12),Sub-Num(1,15,15),If-Num(0,11,3),Set-6-Num(7,5,1),Set-14-Num(7,1,9),Not-Num(3,5,7),While-Num(3,6,15),Set-9-Num(10,0,1),Floor-Num(6,6,11),Mod-Num(9,11,5),TestNumGreater-Num(6,9,12),SubmitNum-Num(7,5,1),Set-15-Num(8,7,13),Set-4-Num(4,0,13),While-Num(12,10,8),Set-14-Num(7,7,9),TestNumGreater-Num(0,4,14),Add-Num(7,2,11),TestNumLessTEqu-Num(6,7,12),Not-Num(15,13,8),If-Num(3,3,3),Close(1,13,1),Set-2-Num(4,1,3),Set-16-Num(15,13,4),SubmitNum-Num(6,14,12),TestNumLessTEqu-Num(13,15,1),Break(8,6,12),Close(13,6,0),TestNumLess-Num(13,1,0),LoadNum2-Num(7,13,14),Set-1-Num(8,8,14),Add-Num(2,13,9),Set-15-Num(13,12,6),SubmitNum-Num(2,6,5),While-Num(9,5,3),Break(10,1,14)]"
PROBLEM_median__ARGS_NUM__MUT_075,4239,median,Numeric,0.075,0,True,17,500,447,"[Close(10,13,15),Sub-Num(0,2,11),SubmitNum-Num(2,4,4),Sub-Num(11,15,1),Sub-Num(2,5,15),Mult-Num(1,15,8),Close(0,12,15),Set-7-Num(3,15,11),LoadNum1-Num(13,12,10),Mult-Num(13,1,5),Mult-Num(2,1,15),TestNumGreaterTEqu-Num(15,5,13),LoadNum2-Num(2,13,2),TestNumLess-Num(8,15,10),While-Num(10,14,13),While-Num(13,9,0),SubmitNum-Num(0,15,10)]"
PROBLEM_median__ARGS_NUM__MUT_075,4240,median,Numeric,0.075,0,False,NONE,NONE,NONE,"NONE"
PROBLEM_median__ARGS_NUM__MUT_075,4241,median,Numeric,0.075,0,True,13,326,202,"[Set-5-Num(12,3,0),LoadNum3-Num(9,12,13),TestNumGreater-Num(0,1,2),Countdown-Num(12,13,14),SubmitNum-Num(0,5,8),Sub-Num(11,2,12),Add-Num(0,15,8),TestNumGreaterTEqu-Num(9,8,15),LoadNum3-Num(0,0,5),If-Num(15,9,1),Inc-Num(11,14,15),LoadNum2-Num(0,14,11),TestNumLess-Num(8,0,12)]"
PROBLEM_median__ARGS_NUM__MUT_075,4242,median,Numeric,0.075,0,False,NONE,NONE,NONE,"NONE"
PROBLEM_median__ARGS_NUM__MUT_075,4243,median,Numeric,0.075,0,True,16,432,237,"[Close(13,0,14),SubmitNum-Num(1,0,6),Break(4,15,3),TestNumLess-Num(2,0,0),LoadNum1-Num(10,10,8),LoadNum2-Num(5,11,15),TestNumLessTEqu-Num(5,2,14),TestNumGreaterTEqu-Num(5,10,4),Sub-Num(10,2,13),Mult-Num(4,13,12),LoadNum1-Num(1,3,1),TestNumNEqu-Num(4,14,10),TestNumLess-Num(12,0,7),Countdown-Num(10,9,13),Countdown-Num(7,13,8),LoadNum3-Num(1,8,7)]"
PROBLEM_median__ARGS_NUM__MUT_075,4244,median,Numeric,0.075,0,True,46,269,243,"[Mod-Num(13,5,15),Set-2-Num(14,8,9),Set-14-Num(8,15,13),LoadNum1-Num(6,12,1),Set-6-Num(12,11,10),Set-4-Num(2,6,11),TestNumEqu-Num(8,0,12),Not-Num(10,9,6),TestNumNEqu-Num(11,10,14),LoadNum1-Num(6,8,9),Set-1-Num(10,13,7),Inc-Num(5,12,15),Set-0-Num(5,10,8),Set-5-Num(5,14,9),Set-7-Num(5,2,9),Div-Num(14,0,9),Set-11-Num(8,8,1),LoadNum3-Num(7,0,10),Close(14,13,4),SubmitNum-Num(1,2,0),LoadNum2-Num(5,10,8),TestNumGreaterTEqu-Num(1,7,3),Set-12-Num(12,7,14),TestNumLess-Num(1,0,12),Inc-Num(13,15,10),SubmitNum-Num(5,12,6),Div-Num(2,12,11),Dec-Num(7,7,13),TestNumNEqu-Num(15,8,1),If-Num(11,13,11),LoadNum3-Num(8,2,2),TestNumEqu-Num(15,3,10),SubmitNum-Num(6,0,5),Set-12-Num(9,4,15),Close(1,9,3),LoadNum3-Num(1,5,7),IfNot-Num(3,14,4),Set-14-Num(2,6,5),LoadNum1-Num(14,8,10),LoadNum2-Num(5,9,9),Floor-Num(3,13,2),Set-0-Num(2,12,9),Mod-Num(12,14,14),SubmitNum-Num(4,4,6),TestNumLess-Num(8,8,10),Break(6,13,6)]"
PROBLEM_median__ARGS_NUM__MUT_075,4245,median,Numeric,0.075,0,False,NONE,NONE,NONE,"NONE"
PROBLEM_median__ARGS_NUM__MUT_075,4246,median,Numeric,0.075,0,False,NONE,NONE,NONE,"NONE"
PROBLEM_median__ARGS_NUM__MUT_075,4247,median,Numeric,0.075,0,True,16,489,126,"[Close(14,0,2),SubmitNum-Num(2,4,13),TestNumGreater-Num(1,2,7),Set-9-Num(9,6,7),Not-Num(12,12,10),TestNumGreaterTEqu-Num(2,0,5),LoadNum2-Num(2,5,4),Sub-Num(5,7,3),While-Num(12,13,13),LoadNum1-Num(2,9,15),Countdown-Num(3,5,12),IfNot-Num(3,13,11),Add-Num(2,9,0),TestNumEqu-Num(0,7,6),SubmitNum-Num(13,3,0),Break(8,15,9)]"
PROBLEM_median__ARGS_NUM__MUT_075,4248,median,Numeric,0.075,0,False,NONE,NONE,NONE,"NONE"
PROBLEM_median__ARGS_NUM__MUT_075,4249,median,Numeric,0.075,0,True,31,320,199,"[LoadNum2-Num(1,5,10),Set-10-Num(3,0,0),Countdown-Num(3,2,13),TestNumLessTEqu-Num(12,5,6),Not-Num(7,9,6),SubmitNum-Num(2,6,6),Not-Num(4,2,15),LoadNum1-Num(13,0,1),Mod-Num(15,11,3),Set-15-Num(5,11,5),Set-16-Num(15,11,11),Sub-Num(11,6,12),Countdown-Num(15,6,15),SwapMem-Num(2,13,8),TestNumGreater-Num(9,11,14),LoadNum3-Num(10,4,4),SubmitNum-Num(10,2,9),TestNumGreater-Num(13,1,7),LoadNum1-Num(13,11,6),Set-4-Num(15,4,13),TestNumLess-Num(0,1,5),TestNumLess-Num(2,10,15),LoadNum2-Num(4,6,14),Set-12-Num(12,1,11),Countdown-Num(7,4,15),SwapMem-Num(7,15,2),TestNumEqu-Num(11,9,15),SwapMem-Num(12,7,12),SubmitNum-Num(1,0,0),Set-6-Num(9,9,6),While-Num(5,7,14)]"
PROBLEM_median__ARGS_NUM__MUT_075,4250,median,Numeric,0.075,0,True,38,479,239,"[SubmitNum-Num(0,4,3),TestNumLess-Num(0,2,11),Set-12-Num(6,9,3),TestNumNEqu-Num(13,9,5),Set-9-Num(15,7,3),Set-13-Num(13,3,10),Countdown-Num(11,7,1),SubmitNum-Num(2,5,11),Close(14,0,10),TestNumLessTEqu-Num(1,2,10),While-Num(10,9,11),LoadNum1-Num(12,12,1),SubmitNum-Num(1,10,15),TestNumEqu-Num(8,6,10),Close(15,8,10),LoadNum3-Num(15,9,8),TestNumLessTEqu-Num(1,0,10),While-Num(10,7,5),Set-4-Num(14,5,1),Set-14-Num(15,14,8),TestNumNEqu-Num(12,14,6),SubmitNum-Num(2,13,11),Floor-Num(8,4,1),SubmitNum-Num(3,12,9),Set-13-Num(12,2,4),Floor-Num(7,1,2),Set-1-Num(6,5,12),Set-12-Num(1,4,1),LoadNum2-Num(12,9,7),SwapMem-Num(3,8,1),Set-10-Num(14,2,0),Set-10-Num(9,4,5),Mult-Num(6,8,1),SubmitNum-Num(0,3,10),Sub-Num(0,8,3),LoadNum2-Num(3,8,12),LoadNum3-Num(15,8,6),Set-5-Num(6,8,3)]"
PROBLEM_median__ARGS_NUM__MUT_1,4001,median,Numeric,0.1,0,False,NONE,NONE,NONE,"NONE"
PROBLEM_median__ARGS_NUM__MUT_1,4002,median,Numeric,0.1,0,True,13,449,224,"[TestNumGreaterTEqu-Num(1,0,10),CopyMem-Num(1,3,2),SubmitNum-Num(0,14,4),Set-2-Num(15,8,7),LoadNum2-Num(7,14,13),Countdown-Num(15,5,9),TestNumGreater-Num(2,7,12),TestNumEqu-Num(10,12,11),While-Num(11,15,1),SubmitNum-Num(3,10,5),Close(15,15,0),LoadNum1-Num(7,4,7),LoadNum3-Num(3,0,9)]"
PROBLEM_median__ARGS_NUM__MUT_1,4003,median,Numeric,0.1,0,True,14,492,452,"[TestNumGreaterTEqu-Num(1,0,6),Close(9,6,5),TestNumLessTEqu-Num(2,0,15),SubmitNum-Num(2,7,1),IfNot-Num(9,13,15),SubmitNum-Num(0,12,15),Set-6-Num(9,6,7),Close(10,9,10),Add-Num(2,5,0),TestNumEqu-Num(6,15,15),SwapMem-Num(2,1,13),Countdown-Num(15,9,3),While-Num(9,5,2),Close(10,14,3)]"
PROBLEM_median__ARGS_NUM__MUT_1,4004,median,Numeric,0.1,0,False,NONE,NONE,NONE,"NONE"
PROBLEM_median__ARGS_NUM__MUT_1,4005,median,Numeric,0.1,0,True,36,297,233,"[Set-14-Num(12,3,9),Close(3,5,0),Set-0-Num(15,4,12),Set-6-Num(7,8,13),Set-1-Num(6,4,15),Countdown-Num(7,3,4),SubmitNum-Num(0,0,1),Set-3-Num(7,6,4),While-Num(6,4,7),Dec-Num(9,8,10),LoadNum3-Num(6,10,14),Break(14,0,1),Close(15,11,4),LoadNum2-Num(10,7,5),SubmitNum-Num(6,3,4),Set-12-Num(13,15,2),Countdown-Num(5,4,11),LoadNum2-Num(4,13,8),Set-6-Num(12,0,8),Not-Num(2,3,9),Set-1-Num(3,7,15),TestNumNEqu-Num(15,7,10),Close(3,3,11),SwapMem-Num(5,14,8),LoadNum2-Num(12,14,4),While-Num(2,13,1),TestNumGreaterTEqu-Num(1,0,13),LoadNum2-Num(2,10,12),TestNumLess-Num(0,6,5),SubmitNum-Num(12,2,3),TestNumGreater-Num(12,6,2),Set-14-Num(15,15,10),Countdown-Num(13,8,9),Set-0-Num(12,8,14),IfNot-Num(6,15,14),Inc-Num(7,10,11)]"
PROBLEM_median__ARGS_NUM__MUT_1,4006,median,Numeric,0.1,0,True,36,475,364,"[Set-3-Num(9,2,15),Mod-Num(1,6,8),Sub-Num(0,8,4),Floor-Num(12,1,11),LoadNum3-Num(11,10,9),LoadNum2-Num(12,12,5),Dec-Num(5,5,12),LoadNum2-Num(6,2,8),Set-5-Num(12,5,13),LoadNum2-Num(2,0,11),Close(7,3,13),Close(14,7,8),Set-5-Num(7,5,2),Set-3-Num(1,12,15),SwapMem-Num(15,8,6),Add-Num(15,12,3),SubmitNum-Num(2,0,8),Set-10-Num(9,14,4),TestNumEqu-Num(5,3,13),LoadNum1-Num(2,11,14),TestNumGreater-Num(6,0,10),While-Num(12,1,0),TestNumLessTEqu-Num(6,0,12),SwapMem-Num(1,2,10),LoadNum3-Num(6,7,15),LoadNum2-Num(0,14,2),Close(10,15,3),While-Num(10,0,14),Set-4-Num(9,14,8),Set-0-Num(1,10,12),Mult-Num(2,6,3),LoadNum3-Num(2,6,6),LoadNum1-Num(14,15,10),Set-1-Num(15,5,0),TestNumLess-Num(4,2,10),CopyMem-Num(0,4,10)]"
PROBLEM_median__ARGS_NUM__MUT_1,4007,median,Numeric,0.1,0,True,35,373,296,"[Set-12-Num(13,12,2),Set-3-Num(8,9,0),Add-Num(7,11,7),LoadNum3-Num(10,11,12),While-Num(13,15,0),Set-16-Num(12,1,7),TestNumGreaterTEqu-Num(2,0,13),Set-6-Num(3,13,2),TestNumGreater-Num(8,10,1),Set-1-Num(6,0,0),Set-7-Num(0,3,2),Set-13-Num(7,2,6),Set-6-Num(6,2,3),LoadNum1-Num(0,13,15),SubmitNum-Num(2,3,0),LoadNum2-Num(9,10,3),TestNumLess-Num(2,9,5),LoadNum1-Num(2,2,2),If-Num(7,10,1),Set-8-Num(4,1,5),Countdown-Num(5,2,12),SwapMem-Num(13,5,8),Inc-Num(15,14,14),Set-11-Num(1,14,12),Set-1-Num(6,3,7),Set-10-Num(1,4,7),LoadNum1-Num(0,3,10),Set-5-Num(12,3,13),Set-3-Num(6,14,13),TestNumGreaterTEqu-Num(8,3,11),Sub-Num(14,7,11),LoadNum1-Num(12,12,4),SubmitNum-Num(9,6,1),TestNumLess-Num(0,9,13),LoadNum3-Num(9,1,4)]"
PROBLEM_median__ARGS_NUM__MUT_1,4008,median,Numeric,0.1,0,False,NONE,NONE,NONE,"NONE"
PROBLEM_median__ARGS_NUM__MUT_1,4009,median,Numeric,0.1,0,False,NONE,NONE,NONE,"NONE"
PROBLEM_median__ARGS_NUM__MUT_1,4010,median,Numeric,0.1,0,True,13,318,136,"[SubmitNum-Num(0,14,5),Close(0,10,3),TestNumGreaterTEqu-Num(0,2,5),IfNot-Num(15,13,9),TestNumLessTEqu-Num(0,1,3),Set-10-Num(15,8,0),Sub-Num(3,5,11),TestNumGreater-Num(2,1,5),LoadNum2-Num(0,6,3),Countdown-Num(11,1,9),SubmitNum-Num(2,4,4),Countdown-Num(5,1,12),SubmitNum-Num(1,10,9)]"
PROBLEM_median__ARGS_NUM__MUT_1,4011,median,Numeric,0.1,0,True,29,193,155,"[SubmitNum-Num(1,0,5),Add-Num(14,1,6),Close(15,4,4),Dec-Num(6,9,13),Set-3-Num(14,13,5),TestNumGreaterTEqu-Num(2,1,14),Set-15-Num(11,3,15),LoadNum2-Num(7,14,5),IfNot-Num(14,11,2),TestNumEqu-Num(1,1,4),Mod-Num(3,6,12),Set-5-Num(15,0,12),SubmitNum-Num(2,12,13),SwapMem-Num(1,6,1),Close(12,14,10),SwapMem-Num(15,1,4),Dec-Num(5,13,2),LoadNum1-Num(1,7,8),TestNumEqu-Num(1,10,4),TestNumGreaterTEqu-Num(15,1,10),Set-15-Num(5,9,14),IfNot-Num(10,15,12),SubmitNum-Num(0,9,1),SwapMem-Num(4,7,3),LoadNum2-Num(0,4,10),Set-0-Num(4,9,14),Set-11-Num(13,15,7),Set-16-Num(15,7,8),Break(1,4,0)]"
PROBLEM_median__ARGS_NUM__MUT_1,4012,median,Numeric,0.1,0,False,NONE,NONE,NONE,"NONE"
PROBLEM_median__ARGS_NUM__MUT_1,4013,median,Numeric,0.1,0,True,31,450,141,"[Close(11,9,3),Dec-Num(13,12,9),LoadNum1-Num(9,12,12),If-Num(14,4,14),LoadNum1-Num(1,5,1),Close(5,8,0),SubmitNum-Num(0,2,12),Close(8,0,8),Set-10-Num(5,1,9),Set-4-Num(11,8,5),TestNumGreater-Num(0,1,8),LoadNum3-Num(6,6,10),SubmitNum-Num(1,2,10),LoadNum3-Num(0,6,9),Mult-Num(0,14,13),Countdown-Num(8,0,5),TestNumGreater-Num(1,6,8),LoadNum2-Num(1,2,15),Close(15,14,0),Set-15-Num(7,9,7),Not-Num(10,6,12),TestNumNEqu-Num(3,7,14),TestNumGreater-Num(2,1,8),SubmitNum-Num(3,3,15),SubmitNum-Num(1,14,11),Mod-Num(6,8,13),LoadNum3-Num(4,6,3),Break(6,9,0),Countdown-Num(8,0,4),Set-6-Num(9,10,14),LoadNum2-Num(0,3,3)]"
PROBLEM_median__ARGS_NUM__MUT_1,4014,median,Numeric,0.1,0,False,NONE,NONE,NONE,"NONE"
PROBLEM_median__ARGS_NUM__MUT_1,4015,median,Numeric,0.1,0,True,12,485,400,"[TestNumGreater-Num(0,1,15),SubmitNum-Num(0,5,11),TestNumGreater-Num(2,0,12),Sub-Num(12,15,0),Countdown-Num(0,7,3),Mult-Num(7,15,4),SubmitNum-Num(2,11,11),TestNumGreater-Num(2,1,12),Sub-Num(12,0,15),Countdown-Num(15,1,13),Add-Num(0,7,5),SubmitNum-Num(1,12,2)]"
PROBLEM_median__ARGS_NUM__MUT_1,4016,median,Numeric,0.1,0,True,61,500,499,"[LoadNum1-Num(13,11,14),LoadNum3-Num(10,9,3),TestNumLess-Num(14,5,11),TestNumGreaterTEqu-Num(0,2,13),Set-14-Num(14,7,6),SubmitNum-Num(10,0,9),SubmitNum-Num(2,4,1),Set-0-Num(12,11,9),Set-14-Num(11,11,9),CopyMem-Num(6,11,0),Set-10-Num(14,9,6),Set-9-Num(9,0,13),LoadNum3-Num(6,7,5),Set-13-Num(11,12,5),Set-11-Num(15,12,9),While-Num(2,6,10),If-Num(13,13,14),TestNumGreaterTEqu-Num(1,6,5),LoadNum2-Num(10,5,12),If-Num(5,3,14),SubmitNum-Num(8,12,2),Set-1-Num(12,0,13),SubmitNum-Num(1,12,8),CopyMem-Num(2,6,5),TestNumLess-Num(3,8,1),Set-2-Num(7,8,14),Set-0-Num(7,6,9),Set-12-Num(12,2,10),LoadNum1-Num(1,8,12),Set-9-Num(9,0,6),Set-4-Num(9,3,0),SwapMem-Num(4,5,10),Floor-Num(8,1,15),Close(7,15,4),LoadNum1-Num(11,13,5),Dec-Num(6,15,12),Set-5-Num(15,10,2),Not-Num(3,11,3),Set-5-Num(13,13,4),SwapMem-Num(12,4,4),Close(3,12,2),LoadNum1-Num(6,9,1),TestNumLess-Num(1,10,13),Set-13-Num(9,2,13),Set-4-Num(15,14,1),Set-7-Num(4,13,15),Mod-Num(15,10,12),TestNumEqu-Num(0,15,9),Set-2-Num(3,9,8),If-Num(13,12,11),TestNumGreaterTEqu-Num(3,3,7),Set-0-Num(10,13,14),Set-11-Num(12,0,5),TestNumGreaterTEqu-Num(3,14,3),TestNumLessTEqu-Num(8,4,2),SubmitNum-Num(5,6,1),Set-2-Num(7,14,8),Floor-Num(15,7,9),Set-8-Num(2,7,0),SubmitNum-Num(9,13,13),SubmitNum-Num(0,3,9)]"
PROBLEM_median__ARGS_NUM__MUT_1,4017,median,Numeric,0.1,0,True,18,258,221,"[Close(6,11,6),Set-3-Num(3,15,5),While-Num(3,15,8),SubmitNum-Num(2,0,11),TestNumLessTEqu-Num(2,1,8),LoadNum3-Num(9,5,15),SwapMem-Num(2,1,6),LoadNum2-Num(6,9,7),If-Num(8,5,9),CopyMem-Num(0,1,4),Sub-Num(6,0,5),While-Num(12,8,2),Close(12,12,15),TestNumGreater-Num(1,9,8),Set-8-Num(12,9,3),TestNumLessTEqu-Num(5,10,3),IfNot-Num(8,8,4),Dec-Num(6,8,0)]"
PROBLEM_median__ARGS_NUM__MUT_1,4018,median,Numeric,0.1,0,True,44,332,288,"[Set-14-Num(5,2,4),SubmitNum-Num(0,6,4),TestNumLess-Num(0,2,9),TestNumLessTEqu-Num(0,4,13),TestNumLessTEqu-Num(0,1,14),Set-1-Num(5,11,2),If-Num(9,8,11),Add-Num(15,14,15),TestNumLessTEqu-Num(1,0,14),Set-15-Num(12,14,1),Set-6-Num(4,4,7),SwapMem-Num(10,6,7),CopyMem-Num(2,0,11),TestNumLess-Num(15,5,0),Set-10-Num(9,3,3),Set-15-Num(10,8,2),Dec-Num(10,11,9),Close(13,10,4),Set-6-Num(6,6,6),Set-1-Num(10,9,3),IfNot-Num(14,12,5),Set-11-Num(14,3,8),Div-Num(10,5,4),Set-9-Num(9,12,11),CopyMem-Num(3,3,5),CopyMem-Num(10,3,6),LoadNum2-Num(4,8,10),Set-16-Num(12,5,8),Set-1-Num(15,11,8),TestNumGreaterTEqu-Num(1,2,9),Set-6-Num(1,6,8),LoadNum2-Num(13,9,5),Dec-Num(6,0,2),Add-Num(9,0,4),If-Num(5,10,5),LoadNum3-Num(6,11,4),Mult-Num(6,2,2),Set-11-Num(12,13,5),While-Num(1,11,8),SubmitNum-Num(6,9,1),LoadNum2-Num(12,0,15),SubmitNum-Num(12,3,10),If-Num(9,15,13),If-Num(13,10,2)]"
PROBLEM_median__ARGS_NUM__MUT_1,4019,median,Numeric,0.1,0,False,NONE,NONE,NONE,"NONE"
PROBLEM_median__ARGS_NUM__MUT_1,4020,median,Numeric,0.1,0,True,23,370,153,"[Add-Num(2,13,7),SubmitNum-Num(12,5,13),While-Num(2,3,8),Set-16-Num(5,9,12),TestNumGreater-Num(0,7,14),TestNumGreaterTEqu-Num(3,11,13),Mod-Num(3,14,2),LoadNum3-Num(4,10,1),TestNumGreater-Num(1,7,8),Set-10-Num(12,0,11),SubmitNum-Num(7,5,11),Not-Num(15,5,9),LoadNum1-Num(7,8,2),Countdown-Num(8,11,15),Set-15-Num(7,13,14),SwapMem-Num(4,15,0),Set-0-Num(11,4,15),CopyMem-Num(6,7,15),Div-Num(2,15,8),TestNumGreater-Num(12,11,10),Set-8-Num(2,5,14),Mult-Num(0,12,5),LoadNum2-Num(7,12,11)]"
PROBLEM_median__ARGS_NUM__MUT_1,4021,median,Numeric,0.1,0,False,NONE,NONE,NONE,"NONE"
PROBLEM_median__ARGS_NUM__MUT_1,4022,median,Numeric,0.1,0,False,NONE,NONE,NONE,"NONE"
PROBLEM_median__ARGS_NUM__MUT_1,4023,median,Numeric,0.1,0,True,13,462,304,"[SubmitNum-Num(1,4,0),LoadNum1-Num(9,4,3),TestNumGreaterTEqu-Num(9,1,14),TestNumLess-Num(2,1,0),IfNot-Num(14,10,15),Dec-Num(0,9,8),Close(13,4,6),IfNot-Num(0,11,15),SubmitNum-Num(2,5,9),TestNumGreaterTEqu-Num(9,2,12),TestNumEqu-Num(14,12,15),IfNot-Num(15,9,0),SubmitNum-Num(9,12,14)]"
PROBLEM_median__ARGS_NUM__MUT_1,4024,median,Numeric,0.1,0,False,NONE,NONE,NONE,"NONE"
PROBLEM_median__ARGS_NUM__MUT_1,4025,median,Numeric,0.1,0,False,NONE,NONE,NONE,"NONE"
PROBLEM_median__ARGS_NUM__MUT_1,4026,median,Numeric,0.1,0,False,NONE,NONE,NONE,"NONE"
PROBLEM_median__ARGS_NUM__MUT_1,4027,median,Numeric,0.1,0,True,36,483,331,"[Set-9-Num(12,7,9),Set-12-Num(6,3,10),Inc-Num(11,3,11),Set-1-Num(1,6,6),TestNumLessTEqu-Num(3,1,12),Close(3,11,15),Set-10-Num(9,1,5),TestNumGreater-Num(4,8,2),TestNumEqu-Num(2,15,11),Close(15,2,10),Floor-Num(15,12,4),Add-Num(7,7,2),SubmitNum-Num(8,2,7),Close(8,11,11),LoadNum1-Num(15,14,12),Add-Num(4,11,5),LoadNum3-Num(12,2,11),SwapMem-Num(0,8,14),Set-1-Num(2,14,7),LoadNum2-Num(5,3,12),If-Num(6,7,10),Mult-Num(5,3,13),TestNumLessTEqu-Num(8,12,2),TestNumLess-Num(5,8,6),Set-4-Num(1,7,10),LoadNum2-Num(0,8,7),LoadNum2-Num(9,5,4),Countdown-Num(2,2,14),If-Num(1,11,11),Add-Num(5,0,11),LoadNum2-Num(10,15,13),Set-5-Num(11,8,7),Close(2,1,13),SubmitNum-Num(12,12,4),TestNumLess-Num(10,15,13),TestNumLessTEqu-Num(12,10,2)]"
PROBLEM_median__ARGS_NUM__MUT_1,4028,median,Numeric,0.1,0,True,32,393,164,"[LoadNum3-Num(14,3,10),LoadNum2-Num(5,9,0),TestNumGreater-Num(5,2,1),CopyMem-Num(7,8,2),Set-11-Num(12,1,15),Close(15,8,9),Set-2-Num(4,13,4),LoadNum2-Num(6,12,9),Set-3-Num(2,12,0),Set-16-Num(9,10,0),Set-15-Num(13,6,1),TestNumGreaterTEqu-Num(0,14,10),Set-14-Num(11,3,5),While-Num(2,4,4),SubmitNum-Num(0,12,12),Set-14-Num(15,8,10),If-Num(10,5,8),TestNumLess-Num(10,6,10),CopyMem-Num(13,11,2),Sub-Num(8,5,15),TestNumGreater-Num(14,5,1),Set-10-Num(4,12,14),Close(0,7,5),LoadNum3-Num(9,2,8),Inc-Num(7,7,1),Floor-Num(8,5,8),SubmitNum-Num(14,2,9),Countdown-Num(13,8,14),Floor-Num(7,0,4),LoadNum2-Num(14,11,7),If-Num(1,5,9),Set-12-Num(9,7,12)]"
PROBLEM_median__ARGS_NUM__MUT_1,4029,median,Numeric,0.1,0,True,36,436,311,"[Close(4,3,0),SubmitNum-Num(1,4,14),Set-12-Num(13,10,10),SwapMem-Num(4,0,11),Mult-Num(10,3,13),Set-4-Num(3,7,10),Set-2-Num(8,9,10),LoadNum1-Num(13,15,14),TestNumGreaterTEqu-Num(13,1,5),Set-10-Num(14,9,6),Close(0,12,3),Set-7-Num(9,14,10),LoadNum1-Num(12,9,7),Set-0-Num(4,6,4),Mult-Num(6,5,10),TestNumGreaterTEqu-Num(1,2,3),Dec-Num(6,6,11),If-Num(3,12,8),TestNumLessTEqu-Num(13,1,5),LoadNum1-Num(2,15,8),Set-14-Num(3,13,7),Set-1-Num(12,4,15),Close(6,14,13),IfNot-Num(5,9,7),Return(11,10,4),Close(0,14,7),TestNumLess-Num(0,12,4),Close(14,0,4),Set-3-Num(8,7,11),Break(0,11,13),Sub-Num(2,3,9),LoadNum3-Num(1,5,1),SubmitNum-Num(2,6,0),Dec-Num(9,4,11),While-Num(6,3,8),CopyMem-Num(11,6,3)]"
PROBLEM_median__ARGS_NUM__MUT_1,4030,median,Numeric,0.1,0,True,20,499,440,"[Sub-Num(0,5,2),Floor-Num(13,0,5),SubmitNum-Num(1,2,13),TestNumLessTEqu-Num(2,1,14),Add-Num(14,13,12),LoadNum3-Num(7,13,5),TestNumLessTEqu-Num(7,1,8),Not-Num(14,11,12),Div-Num(12,8,14),Div-Num(9,1,12),Dec-Num(8,12,2),While-Num(14,8,1),SubmitNum-Num(2,3,15),TestNumLessTEqu-Num(2,7,14),If-Num(8,7,12),Set-13-Num(6,15,14),TestNumGreaterTEqu-Num(0,7,14),Close(12,14,10),LoadNum3-Num(2,4,3),IfNot-Num(2,0,6)]"
PROBLEM_median__ARGS_NUM__MUT_1,4031,median,Numeric,0.1,0,False,NONE,NONE,NONE,"NONE"
PROBLEM_median__ARGS_NUM__MUT_1,4032,median,Numeric,0.1,0,True,13,366,272,"[SubmitNum-Num(1,2,14),TestNumLessTEqu-Num(2,1,6),Close(0,0,7),TestNumGreater-Num(0,1,12),TestNumNEqu-Num(6,12,6),While-Num(6,7,1),SubmitNum-Num(0,10,5),TestNumNEqu-Num(12,15,6),LoadNum1-Num(1,13,4),LoadNum3-Num(0,0,3),While-Num(3,8,10),IfNot-Num(9,9,11),Close(11,15,4)]"
PROBLEM_median__ARGS_NUM__MUT_1,4033,median,Numeric,0.1,0,False,NONE,NONE,NONE,"NONE"
PROBLEM_median__ARGS_NUM__MUT_1,4034,median,Numeric,0.1,0,True,46,489,177,"[LoadNum1-Num(12,9,15),Set-16-Num(8,2,15),Close(11,9,10),Set-6-Num(8,15,1),TestNumGreaterTEqu-Num(12,2,8),SubmitNum-Num(2,4,3),IfNot-Num(8,2,7),Set-9-Num(7,5,10),IfNot-Num(11,13,15),Div-Num(10,1,14),Close(9,6,12),Set-12-Num(5,1,5),Close(14,7,8),LoadNum3-Num(5,5,2),Add-Num(1,11,14),Set-6-Num(15,3,4),Set-5-Num(5,13,2),Set-3-Num(4,4,7),TestNumGreaterTEqu-Num(0,1,9),Mod-Num(7,7,14),SubmitNum-Num(0,6,8),Set-2-Num(5,8,2),Close(8,2,1),LoadNum1-Num(14,12,4),Set-0-Num(7,0,1),Set-8-Num(3,11,1),Set-16-Num(3,5,2),SubmitNum-Num(1,11,8),Set-3-Num(13,11,8),SwapMem-Num(0,2,10),While-Num(9,7,0),Set-11-Num(12,3,4),Set-0-Num(14,7,15),TestNumLessTEqu-Num(8,7,4),Set-11-Num(13,2,4),TestNumGreaterTEqu-Num(1,0,9),Set-6-Num(14,12,8),Sub-Num(1,13,12),TestNumGreater-Num(14,12,8),Add-Num(10,4,3),Set-12-Num(14,9,12),TestNumNEqu-Num(13,12,15),Set-3-Num(10,6,5),Set-14-Num(6,10,8),Set-1-Num(6,3,8),TestNumEqu-Num(10,8,7)]"
PROBLEM_median__ARGS_NUM__MUT_1,4035,median,Numeric,0.1,0,False,NONE,NONE,NONE,"NONE"
PROBLEM_median__ARGS_NUM__MUT_1,4036,median,Numeric,0.1,0,True,11,408,318,"[TestNumLess-Num(2,1,5),TestNumGreaterTEqu-Num(2,0,14),SubmitNum-Num(0,1,10),TestNumEqu-Num(14,5,11),TestNumLessTEqu-Num(0,1,5),TestNumEqu-Num(14,5,0),IfNot-Num(11,5,11),SwapMem-Num(2,1,6),Close(9,15,12),While-Num(0,9,5),SubmitNum-Num(2,12,7)]"
PROBLEM_median__ARGS_NUM__MUT_1,4037,median,Numeric,0.1,0,True,14,447,262,"[SubmitNum-Num(1,0,14),TestNumLess-Num(0,1,4),While-Num(4,3,13),SubmitNum-Num(0,13,6),Dec-Num(4,2,6),SwapMem-Num(1,0,3),Close(8,13,2),TestNumLessTEqu-Num(0,2,4),While-Num(4,0,3),SubmitNum-Num(0,7,6),Close(13,9,0),TestNumLessTEqu-Num(1,2,14),While-Num(14,2,3),SubmitNum-Num(2,14,15)]"
PROBLEM_median__ARGS_NUM__MUT_1,4038,median,Numeric,0.1,0,True,33,363,159,"[Close(12,14,10),Not-Num(6,11,6),LoadNum2-Num(10,8,1),Set-6-Num(13,8,6),CopyMem-Num(3,8,15),SubmitNum-Num(0,15,10),Mod-Num(15,2,15),LoadNum1-Num(10,13,13),TestNumNEqu-Num(10,11,5),TestNumLessTEqu-Num(1,0,13),Set-16-Num(8,9,11),TestNumLessTEqu-Num(8,10,0),LoadNum3-Num(8,2,11),IfNot-Num(13,9,5),SubmitNum-Num(1,12,12),SwapMem-Num(1,10,2),Close(7,9,2),Set-3-Num(11,11,1),Close(14,10,9),Set-3-Num(13,6,6),LoadNum2-Num(12,5,13),Set-15-Num(9,11,10),LoadNum2-Num(3,1,10),LoadNum3-Num(0,8,3),Mod-Num(2,11,11),Set-9-Num(3,13,9),TestNumLessTEqu-Num(8,2,15),Set-14-Num(11,6,4),Set-2-Num(13,5,10),TestNumGreaterTEqu-Num(10,0,13),TestNumLessTEqu-Num(7,10,3),IfNot-Num(13,1,9),LoadNum2-Num(13,11,12)]"
PROBLEM_median__ARGS_NUM__MUT_1,4039,median,Numeric,0.1,0,False,NONE,NONE,NONE,"NONE"
PROBLEM_median__ARGS_NUM__MUT_1,4040,median,Numeric,0.1,0,True,18,201,183,"[SubmitNum-Num(12,0,8),While-Num(2,14,2),SwapMem-Num(0,1,1),TestNumGreater-Num(1,0,10),Set-4-Num(8,1,4),Set-1-Num(3,14,12),IfNot-Num(10,12,4),TestNumGreater-Num(2,0,13),SubmitNum-Num(0,7,0),While-Num(8,12,11),SwapMem-Num(2,1,4),Set-4-Num(5,3,4),IfNot-Num(13,1,4),TestNumLessTEqu-Num(1,8,5),TestNumLessTEqu-Num(2,1,7),Set-16-Num(11,12,5),If-Num(7,2,13),SubmitNum-Num(1,1,1)]"
PROBLEM_median__ARGS_NUM__MUT_1,4041,median,Numeric,0.1,0,True,12,456,158,"[Set-15-Num(0,12,9),While-Num(0,7,7),SubmitNum-Num(2,15,1),TestNumLess-Num(2,1,0),LoadNum1-Num(4,4,1),TestNumGreaterTEqu-Num(2,4,14),LoadNum1-Num(2,7,15),Countdown-Num(14,11,0),LoadNum2-Num(2,0,13),Mult-Num(0,0,14),LoadNum3-Num(1,9,11),Set-9-Num(0,5,9)]"
PROBLEM_median__ARGS_NUM__MUT_1,4042,median,Numeric,0.1,0,True,9,346,111,"[SubmitNum-Num(0,12,12),TestNumGreater-Num(0,2,7),TestNumGreaterTEqu-Num(1,0,10),TestNumNEqu-Num(7,10,11),TestNumLess-Num(1,2,0),Countdown-Num(11,4,5),Sub-Num(7,0,11),SubmitNum-Num(2,4,12),LoadNum2-Num(2,9,14)]"
PROBLEM_median__ARGS_NUM__MUT_1,4043,median,Numeric,0.1,0,False,NONE,NONE,NONE,"NONE"
PROBLEM_median__ARGS_NUM__MUT_1,4044,median,Numeric,0.1,0,False,NONE,NONE,NONE,"NONE"
PROBLEM_median__ARGS_NUM__MUT_1,4045,median,Numeric,0.1,0,False,NONE,NONE,NONE,"NONE"
PROBLEM_median__ARGS_NUM__MUT_1,4046,median,Numeric,0.1,0,False,NONE,NONE,NONE,"NONE"
PROBLEM_median__ARGS_NUM__MUT_1,4047,median,Numeric,0.1,0,False,NONE,NONE,NONE,"NONE"
PROBLEM_median__ARGS_NUM__MUT_1,4048,median,Numeric,0.1,0,False,NONE,NONE,NONE,"NONE"
PROBLEM_median__ARGS_NUM__MUT_1,4049,median,Numeric,0.1,0,True,15,411,318,"[LoadNum1-Num(12,5,11),TestNumGreaterTEqu-Num(12,2,8),LoadNum2-Num(0,1,11),Close(6,14,0),SubmitNum-Num(12,9,15),TestNumGreater-Num(2,0,1),Set-10-Num(13,10,11),Close(1,14,1),TestNumEqu-Num(8,1,9),TestNumGreaterTEqu-Num(12,0,1),Not-Num(13,9,4),Add-Num(2,15,12),Countdown-Num(9,2,6),While-Num(13,8,9),SubmitNum-Num(0,7,1)]"
PROBLEM_median__ARGS_NUM__MUT_1,4050,median,Numeric,0.1,0,True,14,468,367,"[TestNumGreaterTEqu-Num(0,2,6),Countdown-Num(6,6,10),SwapMem-Num(2,0,15),Close(2,13,14),SubmitNum-Num(2,2,2),TestNumGreater-Num(1,2,6),Countdown-Num(6,9,12),Return(4,2,3),Close(14,10,0),SubmitNum-Num(1,8,7),TestNumGreater-Num(1,0,6),While-Num(6,10,10),Close(7,13,3),SubmitNum-Num(0,2,6)]"
PROBLEM_median__ARGS_TAG_BF__MUT_0001,7151,median,Tag-BitFlips,0.0001,0,False,NONE,NONE,NONE,"NONE"
PROBLEM_median__ARGS_TAG_BF__MUT_0001,7152,median,Tag-BitFlips,0.0001,0,False,NONE,NONE,NONE,"NONE"
PROBLEM_median__ARGS_TAG_BF__MUT_0001,7153,median,Tag-BitFlips,0.0001,0,False,NONE,NONE,NONE,"NONE"
PROBLEM_median__ARGS_TAG_BF__MUT_0001,7154,median,Tag-BitFlips,0.0001,0,True,16,347,344,"[SubmitNum-Tag(1101111010111010,0101101100110100,1001011000000000),Add-Tag(0111111100010110,0100101001001101,1100100010101100),TestNumLess-Tag(1011001111110111,0001110100000100,1101011011111010),LoadNum3-Tag(1110000001100111,0100010010100111,0000011111001001),TestNumLessTEqu-Tag(0011111000111011,0111101000101101,1100000001101011),LoadNum2-Tag(1010010000001101,1111100000010010,1100101110100011),TestNumLess-Tag(0100001101110101,1110100001001111,0001011110001111),TestNumLessTEqu-Tag(0010001111010011,1000000111110101,0111110000111000),TestNumLess-Tag(0000100010100011,0100111011110111,1101101011001001),TestNumNEqu-Tag(0000100001110000,1101101000111001,1100110010011100),TestNumEqu-Tag(0000011110001010,1110101010000111,0100011000111111),Countdown-Tag(1100100100010000,1011011011100101,0000110101000111),SubmitNum-Tag(1000101111100101,0001000011001101,0111110111110100),Close(1110110001011101,1111001010111110,1111111010000101),If-Tag(0001111101001101,1011010110110010,0010001111101000),SubmitNum-Tag(0101101001110010,1100000111101011,0000010011100101)]"
PROBLEM_median__ARGS_TAG_BF__MUT_0001,7155,median,Tag-BitFlips,0.0001,0,True,17,411,294,"[SwapMem-Tag(0100111101011101,0110110111110111,0000011011111001),LoadNum1-Tag(1100001100011000,0000001111011011,0011001111100100),Close(0110111010010101,0111000001001110,1110000001000111),CopyMem-Tag(1110101100010010,0000111010111111,0111010110100010),Close(0001101100111101,1110110111100101,1101000001010011),SubmitNum-Tag(1010001110011100,0010010000000000,0110110110100001),TestNumLessTEqu-Tag(0101000100100011,1111011100011010,0110110010110001),IfNot-Tag(1011010011110010,1110110001110111,1110111100010011),TestNumGreater-Tag(1010110111011101,1101101110000000,0011010111000110),SwapMem-Tag(0011111111111010,1101110110001101,1000111100101011),Countdown-Tag(0100110010010010,0111010101110100,1010011001001010),While-Tag(0111110111001011,0100011101010010,0111100001101101),SwapMem-Tag(0011111111110101,1101110110001101,1000111100100011),TestNumGreaterTEqu-Tag(0100111110001000,0100101110010000,0111100100100000),Countdown-Tag(0110101001011010,1111011001100011,1100100011010110),SubmitNum-Tag(0010000101110111,1011000110011111,0001011101011111),Close(0101000011101101,1100010100111101,0110011111100100)]"
PROBLEM_median__ARGS_TAG_BF__MUT_0001,7156,median,Tag-BitFlips,0.0001,0,True,21,306,187,"[TestNumLessTEqu-Tag(0000011101111010,1111110100101010,0100110011110110),LoadNum2-Tag(0000011110011000,1010101000001000,1101000111001010),TestNumGreaterTEqu-Tag(0001111111110000,1110110011011001,1100100000111000),Set-2-Tag(1010000000110010,0010100011000100,1110001100100110),LoadNum1-Tag(0010111010101110,0110001101001001,1010100011100101),IfNot-Tag(0000101010111100,0010100100000110,0000111011010100),IfNot-Tag(1000110000101011,1110001010100111,1001000001010110),LoadNum3-Tag(0000000000001010,0110011111011010,0111001100101111),LoadNum3-Tag(1110111100011101,1001110101101000,0100110011111101),Close(0001111111110000,1110010011011001,1100100000110010),Dec-Tag(0100110010110000,0011111100001011,0010001111100111),Add-Tag(1111011111100001,1000110001010111,0100010100111001),Close(0011111011001010,1101111010010010,1111111101011011),While-Tag(0011101110010011,1100000011010010,1000110111101110),SubmitNum-Tag(1010111011101110,0110001101001011,1010100011100101),If-Tag(1000110000101011,0110001000100111,1000100001010110),TestNumGreater-Tag(0000000000001010,0110011111011010,0111001100101111),LoadNum3-Tag(1110111100011101,1001110101101000,0100110011111101),TestNumGreaterTEqu-Tag(0100111001010000,1101110100101110,1010001111000011),Countdown-Tag(0100011111001001,0010110011101100,1000000101100000),Add-Tag(0110011001110000,1110000111010000,1011110101101100)]"
PROBLEM_median__ARGS_TAG_BF__MUT_0001,7157,median,Tag-BitFlips,0.0001,0,False,NONE,NONE,NONE,"NONE"
PROBLEM_median__ARGS_TAG_BF__MUT_0001,7158,median,Tag-BitFlips,0.0001,0,True,19,220,220,"[SubmitNum-Tag(0111011111110011,1111000011000011,1000101011010100),LoadNum2-Tag(0011010110011000,1010011111011000,1110000000110011),LoadNum1-Tag(0010101111000100,0100000011010000,0101101001111000),Close(1111000110010100,1010011001000000,1011111111000001),LoadNum3-Tag(0110110100101000,1110100010101101,1001010011010100),TestNumGreaterTEqu-Tag(1000100101011101,0110000010101010,1000111100001100),SwapMem-Tag(1110101101001100,0101010111000110,1101001100111110),TestNumLessTEqu-Tag(1010101001010100,0000011101000001,1110000110111001),TestNumGreater-Tag(0100100001001111,1010111111000100,1010110111100101),Sub-Tag(0101100110000000,1111010110110000,1011011110111110),If-Tag(0011111010111101,0111010101111111,1001100111001111),LoadNum2-Tag(1110000100010000,1001000011100000,0011100101011011),TestNumLessTEqu-Tag(1010100001010100,0000011101000001,1110000110111001),Sub-Tag(0101100110010000,1111010110110000,1011011100111110),Close(0100101111011101,1000011001100011,0001001000101110),LoadNum3-Tag(1010001110001001,1000101000111011,0011110101110001),If-Tag(0011111010111101,0011010101111111,1001100111001111),CopyMem-Tag(1110011001101010,0001110101101101,1010001101100000),SubmitNum-Tag(0111100111101000,1101000011000010,0110011110111111)]"
PROBLEM_median__ARGS_TAG_BF__MUT_0001,7159,median,Tag-BitFlips,0.0001,0,False,NONE,NONE,NONE,"NONE"
PROBLEM_median__ARGS_TAG_BF__MUT_0001,7160,median,Tag-BitFlips,0.0001,0,False,NONE,NONE,NONE,"NONE"
PROBLEM_median__ARGS_TAG_BF__MUT_0001,7161,median,Tag-BitFlips,0.0001,0,False,NONE,NONE,NONE,"NONE"
PROBLEM_median__ARGS_TAG_BF__MUT_0001,7162,median,Tag-BitFlips,0.0001,0,True,42,427,307,"[LoadNum1-Tag(0101011110110000,1011000001011111,0001110101010010),LoadNum2-Tag(1000101011111110,0111000011101000,1001001100101001),Set-2-Tag(1110011101110101,1000011110000000,1110011011110000),TestNumLess-Tag(0011001001010111,0011000011111010,0011011111011000),Countdown-Tag(1011110100010110,1000010001001110,1011001000011001),LoadNum2-Tag(1010100111100000,1011010111111111,1110001100110100),LoadNum2-Tag(1111010111100001,0011100000000000,0010111000100001),TestNumLess-Tag(0101101000001111,1011000001011010,1011001110000110),Set-14-Tag(1011100011101101,1001101000000010,0000000000010110),Set-13-Tag(0010100000000100,0000011111000000,1001000110000110),TestNumEqu-Tag(0001111010100001,1110111110101110,1000111000101010),Dec-Tag(0010011111100010,0010100101111101,1010000110101010),Set-15-Tag(1110110100011001,0011100000101111,1111100000000110),Set-12-Tag(1001111111000011,0100001000100110,1101101001111001),LoadNum3-Tag(1101101000100011,0110001001111011,0101001111011011),Mult-Tag(0110000110010001,1110010000010010,0011101100011000),Set-14-Tag(0010000011100010,0010001101000001,0101111011011110),TestNumLess-Tag(1010010010110011,1110010001000100,1001111111000100),Set-12-Tag(1001111110000011,1101001111000010,0111000101111111),LoadNum2-Tag(1110101010110101,1110100010011001,1101001100110011),Set-9-Tag(1101100000110001,1000110001111001,1101010101011111),Set-2-Tag(1100001000111001,1001001001111110,0010001110000101),SubmitNum-Tag(0110010011100101,0001110100110111,1000100111110001),IfNot-Tag(1110110010111110,0011010010110011,0100110110001110),Dec-Tag(1111000000110000,0001100000010110,1111110001001110),Set-8-Tag(0110000000000100,1110110001010110,0010100110110011),Close(1111000001001110,1100001111000001,0011111010010011),LoadNum3-Tag(1111010110100101,0011100000000100,0010111000100001),TestNumGreaterTEqu-Tag(0101001011001000,1001000101010011,0111101011011001),Set-15-Tag(0110011100000000,1111010000100110,1110110001011111),TestNumLessTEqu-Tag(1010010011110011,1110010101000100,1001111111000100),SubmitNum-Tag(0110010001100101,0001111100110111,1101100111110000),IfNot-Tag(1110110010111110,0011010010010011,0100010110001100),LoadNum2-Tag(0100101100111011,1101011100100000,1010001100100111),Close(0110000110000001,1110010000010010,0011101100011000),TestNumGreater-Tag(0010000011100000,0010001000000001,0101111011011110),IfNot-Tag(1110110010111110,0011010010010011,0100110110001100),Mult-Tag(0111100100010000,1011111001110010,0001101111001010),SubmitNum-Tag(0110010011100101,0001111100110111,1001100111110000),LoadNum3-Tag(1000110101010110,1010111101110000,1011101111001000),Set-14-Tag(1101111111010110,0011111101110011,1001101101101010),Countdown-Tag(1111100001101111,0101111010110010,1100100100111011)]"
PROBLEM_median__ARGS_TAG_BF__MUT_0001,7163,median,Tag-BitFlips,0.0001,0,False,NONE,NONE,NONE,"NONE"
PROBLEM_median__ARGS_TAG_BF__MUT_0001,7164,median,Tag-BitFlips,0.0001,0,True,50,426,409,"[Sub-Tag(0011001000101101,0101111011101010,0110110101101000),Inc-Tag(1101110011100111,1100001001100101,0100111100110011),Break(0101001000011010,1110011000000110,1000011011101110),Set-6-Tag(0000111100010100,0101111100011010,0100001101001010),LoadNum2-Tag(0100100110111000,0010001111001001,1000011001110010),SubmitNum-Tag(0111011010010100,1101101100100110,0010000111110001),Set-11-Tag(0111010001000000,1011011010010111,0000011000111110),Countdown-Tag(0001010011011000,1010111011010111,0100100110000100),Add-Tag(1110100110001100,1110011110000101,1111010101000000),TestNumLess-Tag(1000011001001000,1101000101101001,0100110100101100),Sub-Tag(0010100110110000,0010001011100110,0001000011000011),SubmitNum-Tag(0001001111110010,1111111011010011,0101011011110101),TestNumGreaterTEqu-Tag(1001011110011010,1001111011110011,0101110111110100),Div-Tag(0001110011100101,0110011010000100,0101110111000111),Mult-Tag(1010101101001001,1010001100100111,0111011001011111),Set-3-Tag(0101001110001011,0011101111010100,0011110001110100),SubmitNum-Tag(1011110000011001,1111111000110100,1100101111010100),TestNumGreater-Tag(0011101011101001,1111000010111100,0000011011100100),Set-2-Tag(0011001000011001,1010111001110101,0011101011100101),IfNot-Tag(1101000001110001,1010001011001100,1110001110110000),Div-Tag(0110010101101110,1100100000111001,0101101101111010),SubmitNum-Tag(0011110110000010,0010000010011110,1011010011100011),Close(0111011100011001,1000000001100101,1100110011111010),LoadNum1-Tag(1011001000101011,1111001111110010,0010000011000110),Set-10-Tag(1100111100000101,0011010001110111,1010001110000101),TestNumGreaterTEqu-Tag(0001101110001111,1000101010111100,0001000100010001),IfNot-Tag(1111011110000001,1011010001011001,0001100100011100),Set-11-Tag(1011111111110001,0110011000111001,0101101011111000),Div-Tag(1000000001111101,1010011010000001,1100001000100110),Close(0011011000011110,1010010011000101,0110000111000010),TestNumNEqu-Tag(1100101010111111,0011010111001100,1100101110001011),Dec-Tag(1101000000011010,1011001000110011,1110010110110011),LoadNum3-Tag(0010100110101110,0000000010111011,1110101011000001),SubmitNum-Tag(1011110000011001,1111111000110100,1100101111010101),TestNumGreater-Tag(0011101011101001,1111000010111100,0000011011100100),SubmitNum-Tag(0011110110000010,0010000010011110,1011010011100011),CopyMem-Tag(1110011000011110,1111001000100011,1101001010001000),Inc-Tag(1110010001100011,1110110000000000,1010110001100011),Dec-Tag(0000111111100001,0110011010000100,0101010111000101),Set-13-Tag(0111011100011001,1000000001100101,1100110011111010),TestNumEqu-Tag(0000101100101111,1101000000111111,0011000100110001),LoadNum1-Tag(1011001000101011,1111001111110010,0010100011000110),Not-Tag(0100101110101000,1101111101001001,1100010011101111),TestNumGreaterTEqu-Tag(0001101110001111,1000101010111100,0001000100010001),Set-5-Tag(1101111110111100,1010100100100010,1100111101010100),IfNot-Tag(1111011110000001,1011010011011111,0001100100011100),Div-Tag(1000000001111101,1010011010000001,1100001000100110),Dec-Tag(1001000100010101,1110101000100001,0001111110100011),LoadNum3-Tag(0010100110101110,0000000010110011,1110101011000001),Set-1-Tag(0101101111001010,0100000001110011,1010110011001100)]"
PROBLEM_median__ARGS_TAG_BF__MUT_0001,7165,median,Tag-BitFlips,0.0001,0,False,NONE,NONE,NONE,"NONE"
PROBLEM_median__ARGS_TAG_BF__MUT_0001,7166,median,Tag-BitFlips,0.0001,0,True,41,334,321,"[TestNumGreaterTEqu-Tag(0111101100011001,0011100111111010,0010110100110111),LoadNum3-Tag(1100001011100111,1010100000001000,0111111000111100),LoadNum2-Tag(0101101110001001,1001011001010100,0111100101011100),TestNumLessTEqu-Tag(1001111111001111,1101010001000101,0001000111100101),Close(1001100100011010,1100110111101110,1001010001001101),TestNumGreater-Tag(0101101011011001,1000011111000001,0101010010101100),TestNumLessTEqu-Tag(0100010000001110,1111110011100001,1000000110111101),Close(0101010111001000,1110110000011001,1000101011011111),LoadNum2-Tag(1101001001010010,1010111000000100,1000110001000111),Set-1-Tag(1100000000111010,1100100110001101,0000001110101100),Not-Tag(0100000001110100,1010100100001110,0010111001000100),CopyMem-Tag(0001100011100000,0110111100001010,0101010010100111),While-Tag(0101011101001011,1000100010101101,0101110011110101),Not-Tag(1100001101110100,0010011011111101,1000101100110010),LoadNum1-Tag(1010011111010101,0111001100110010,0100100011011111),SubmitNum-Tag(1100011110101010,0111000100011010,0100001111011010),While-Tag(0010000110110000,1100111010000100,0110011011000111),SubmitNum-Tag(1010001010110101,0000101100100100,1101111000000001),Close(0101011100111010,0011011001110111,0000011110111100),Set-16-Tag(1001010011100100,0111111011110101,1011011000011111),Close(1000011100011101,1010001011100110,1011011110101011),Add-Tag(0101000101101101,0001111101111111,1111001100100000),Set-13-Tag(1111001101011101,1001101100000001,0101100011101011),TestNumGreater-Tag(0111010000011110,0001111111000011,0100010001110000),LoadNum3-Tag(0110101000101111,1111001101001111,1100110000100010),LoadNum1-Tag(1001001101000010,1010001101101011,1110001110100100),Break(0101010001010000,1111110010111000,1011001101010100),SwapMem-Tag(1110000011101000,1011010100001000,0000011100010111),Break(1011010001010100,1001111000110111,1111110100101110),Break(0000101100011111,1110001100010011,1000010001001111),TestNumEqu-Tag(1010010010011101,0111010110001001,0010011110100011),Dec-Tag(0111100011010010,0101100110000101,0000000111011000),Add-Tag(0100101111101101,0101000010110101,0100010001010011),Set-9-Tag(0001011111111001,0111010011101111,0101100100100000),Inc-Tag(0000011010001000,0001100010100101,0011011110010111),SubmitNum-Tag(0000111010110110,1000111001101110,0010101111000010),Countdown-Tag(0111100010000100,1001110100000010,0101001111101100),Set-0-Tag(0101010011011010,1011001000011111,0110000000101111),While-Tag(0100111111011011,0001101101011111,1111101100010000),LoadNum3-Tag(1000110010010001,0000001010111000,0000001101111100),Break(1101100100111101,0110111011010101,0110100110011111)]"
PROBLEM_median__ARGS_TAG_BF__MUT_0001,7167,median,Tag-BitFlips,0.0001,0,True,27,291,136,"[LoadNum3-Tag(1000010011000101,0011001001011010,1000000000111100),Close(0010001001000000,1010101110000011,1010110110101111),Not-Tag(0010100001011100,0000001110101000,0100101011010001),SubmitNum-Tag(1111001110011111,1001101111110100,1010011100011110),SwapMem-Tag(1011101000100111,1111011110110111,1011110011001110),TestNumLessTEqu-Tag(1000010011000101,0011001001011010,0000000001111100),LoadNum1-Tag(0100101010000011,0110101101010100,0000010000111011),Mod-Tag(0000110100101010,0111001010011010,1000000000110000),Add-Tag(0010101001100011,1111110011110110,1000010010100101),LoadNum2-Tag(1000010011000101,0011001001011010,1000000001111000),Not-Tag(0100001111011100,1001000100111011,0010010001101011),Set-13-Tag(1100110000100100,1110010011110001,1111111110101010),LoadNum1-Tag(0001001001011000,0010010110101011,0010010110101001),IfNot-Tag(1010000010111111,0100010110000111,0110011100001011),SubmitNum-Tag(1111001110011111,1001111111110100,1010011100011010),SwapMem-Tag(1011101000100111,1111011010110111,1011110011001110),TestNumGreaterTEqu-Tag(1000010011000101,0011001001111010,1000000001111100),Close(0000110100101010,0111001110011010,0000000000110100),Set-4-Tag(0000100000101001,1001101011000111,1101110101010101),Set-13-Tag(0100001101011101,1001000101111011,0010010001100001),Break(1100100100010010,1100111111100101,0111001100101000),LoadNum2-Tag(0100000101100111,1011001100011111,1000111000010100),Set-2-Tag(0101000100010011,1111000000011110,0101111111010010),IfNot-Tag(1010000010111111,0100010110000111,0110011100101011),LoadNum1-Tag(0011100110110000,0110101101101100,1001101111010011),LoadNum2-Tag(0111001111101011,0101100001001011,0001110101100011),Break(1100000001100101,0100101110001111,0001010001101100)]"
PROBLEM_median__ARGS_TAG_BF__MUT_0001,7168,median,Tag-BitFlips,0.0001,0,False,NONE,NONE,NONE,"NONE"
PROBLEM_median__ARGS_TAG_BF__MUT_0001,7169,median,Tag-BitFlips,0.0001,0,True,19,296,254,"[Set-6-Tag(0111011010000001,0110100100001000,0010000101001111),Set-8-Tag(0100100001000100,0001011010001101,1100001001011100),Set-16-Tag(1010100011101000,0101110101010010,1001110101001001),While-Tag(0100100111001001,0101010111011101,0111000101111111),LoadNum2-Tag(1001101110101000,0000110111001111,1111001011101010),LoadNum2-Tag(1101101001100011,0100010101101001,1011000110010000),SubmitNum-Tag(0101100010111001,0011111111100000,1001101001001001),Set-8-Tag(0011111111100111,0111000111111010,0111100111000110),LoadNum3-Tag(0000011101001011,1110101111100010,0100011000001110),While-Tag(0110010001100111,0000000010011101,0101011111000001),While-Tag(1010110111011011,1111111100111000,1010011101001101),SubmitNum-Tag(1010001000111011,1000010001101110,0111000101010010),TestNumLessTEqu-Tag(1001001101011010,1110001010101010,0010100101000011),LoadNum1-Tag(1011011110110001,1111010010001101,1111111111011111),Mod-Tag(0011010010111001,1001101111101101,1001010101000110),TestNumGreaterTEqu-Tag(0011011110110111,1100011100101100,0110110111011011),IfNot-Tag(1110110101001011,1110111110010001,0101110110001101),Not-Tag(0011111110010101,1011100010101101,1111000101101011),Set-14-Tag(0110111001001000,0011111100010111,0100111110000100)]"
PROBLEM_median__ARGS_TAG_BF__MUT_0001,7170,median,Tag-BitFlips,0.0001,0,True,18,456,360,"[Close(0110011000110111,1110110000011100,1010111100101101),LoadNum3-Tag(1100000101001011,1110100101010011,1100001011011101),Set-15-Tag(1111101100101110,1000111110011010,1000001011101011),LoadNum1-Tag(1001000101001010,0100101111001111,0110110010000010),Countdown-Tag(1110011111001101,1011010101100010,0011000110010001),TestNumLess-Tag(1010100000011001,0011000000101001,1101010101000101),LoadNum1-Tag(0011010001111010,1110001001001111,0100100001000011),LoadNum2-Tag(0011001001101100,0000101101000100,0100100000001000),SubmitNum-Tag(1110000011110010,0010000101001000,1110000100101010),TestNumLessTEqu-Tag(1101100111000010,1011000110101000,0010110111111101),TestNumLess-Tag(1000000001001000,1100001011111010,0001110000001010),TestNumNEqu-Tag(1100110110000011,0000101001101011,0110101011110101),SwapMem-Tag(1101011011100011,1001010110011101,1110101011011010),If-Tag(0010110100011111,1110110110011100,0100100110100111),If-Tag(0111000000010101,0000011101111001,1010011010111001),LoadNum2-Tag(1100010101001011,1100100100010011,1100101011011101),LoadNum1-Tag(1001100001001011,0100001110001111,0110110010100010),TestNumLessTEqu-Tag(1111100111000001,0001010110101000,0010110111111101)]"
PROBLEM_median__ARGS_TAG_BF__MUT_0001,7171,median,Tag-BitFlips,0.0001,0,True,48,484,484,"[LoadNum3-Tag(0101100010001011,0110010010010010,0001001110101110),LoadNum3-Tag(0000101000010000,0010111100011001,0100000101111111),TestNumNEqu-Tag(0000101101001000,1100010111100010,0101011010101100),Close(1110001010001101,0010010110100010,0101010111010010),SwapMem-Tag(1101100010001011,0110010010010010,0001001110111110),LoadNum2-Tag(0110000110101110,1010111011111011,0011001111100011),Sub-Tag(1011100001010101,1010101101111011,1101101001110110),SubmitNum-Tag(0000101000110100,1110111000011001,1110001101011111),TestNumNEqu-Tag(0010000110001010,1001101110011011,0001000001101011),TestNumGreater-Tag(0001001000001011,1110010011101000,0100011000011010),Mult-Tag(1110111100111001,1100011101100011,0110011001100000),TestNumLess-Tag(1111101011111001,1010100011111000,1011110100110100),LoadNum3-Tag(1011101110101000,0000011111011001,0010010111001110),CopyMem-Tag(1111011111011101,1111011111111000,1100101111011111),CopyMem-Tag(0011111100100011,0010100111110000,1110010101101000),LoadNum1-Tag(0001011110101001,1011010011000001,0000110010111000),Countdown-Tag(0101011110110110,1011101011011101,0011101011100000),CopyMem-Tag(0100010100011100,0101101010010010,0111110111111111),Set-7-Tag(1000110001011111,1011111111100100,0011111110000110),LoadNum3-Tag(0001011111000111,1000100011001010,0011101100010000),TestNumNEqu-Tag(1000000001110101,0101110100001011,0100111111100000),SubmitNum-Tag(1101011001101000,1011011101101011,0111001010011110),Set-16-Tag(1010000010011000,1101010011001111,1100000111010001),LoadNum1-Tag(0110100100110010,1011000100111101,0001110011110000),Mod-Tag(0110111010000110,1010010001110100,1100111011000101),Countdown-Tag(0000010001011101,0111110100000000,1110110110001000),Sub-Tag(1110011100011001,0101000011000011,1010001010111101),LoadNum2-Tag(0001011111101011,0011100111110111,1011011001010001),If-Tag(1100010011100001,1000000001001110,1010011010001010),SubmitNum-Tag(1111011001100000,0010010101101011,0111011000011110),Set-6-Tag(0101011100110011,1110011101110010,0010000010011101),TestNumLess-Tag(0100000100111001,1110100110010000,1100111011100101),Set-11-Tag(0101101000100111,1100111001101101,0101001111001101),Dec-Tag(0110111011111110,1110100111101001,1010011110111100),Set-9-Tag(0110001100101011,0100100001110101,1001011001001010),TestNumLessTEqu-Tag(1111010001001111,0000111101100010,1000011100011111),SubmitNum-Tag(1001001000111001,0100001100011011,1001010111111100),Mult-Tag(1110000011011010,1111110111101001,1000000111001101),TestNumGreater-Tag(0110110111101001,1010111011101011,0100110011110010),Set-16-Tag(1110000111010100,1101011111111111,0100100010101100),Close(1100001100000100,0011011100110110,1010001100100100),TestNumEqu-Tag(0000011100011111,0100101100011001,1111101100111111),LoadNum2-Tag(0111111011010101,1110000010001000,1000100110100011),Set-15-Tag(1000111111010001,1101001110110110,1011110111110111),SubmitNum-Tag(1111101110010010,0010000001011111,1101100000000101),Set-7-Tag(1000100100101010,0010110111100011,1001110011011010),Div-Tag(1110111111010111,0101010110010011,0100111110111001),Break(0111010111010000,1100101001000001,1111000010111000)]"
PROBLEM_median__ARGS_TAG_BF__MUT_0001,7172,median,Tag-BitFlips,0.0001,0,False,NONE,NONE,NONE,"NONE"
PROBLEM_median__ARGS_TAG_BF__MUT_0001,7173,median,Tag-BitFlips,0.0001,0,False,NONE,NONE,NONE,"NONE"
PROBLEM_median__ARGS_TAG_BF__MUT_0001,7174,median,Tag-BitFlips,0.0001,0,False,NONE,NONE,NONE,"NONE"
PROBLEM_median__ARGS_TAG_BF__MUT_0001,7175,median,Tag-BitFlips,0.0001,0,True,25,462,428,"[LoadNum3-Tag(0010101010000110,0110101010110100,0100101111001000),Add-Tag(1110000111100011,1110111000001100,1110110001110111),LoadNum1-Tag(0101000101101000,0101110101010100,1001010010101111),Close(1101010001101011,0010101110000111,1111100100010110),Sub-Tag(1000110100100100,1011001101001001,0110111000101100),TestNumGreaterTEqu-Tag(0001010000011001,1001111000111011,1001001101101010),Dec-Tag(1011111010001000,1101001011111000,1100100101111110),Close(1011110001001000,1101100100111000,0010000111010110),TestNumGreater-Tag(1111111100101000,0001011100011000,0101010011101110),Add-Tag(0010000011010111,1111010001001101,1011000111101100),SubmitNum-Tag(1101110111111101,0001000110001001,0100000011001011),SwapMem-Tag(1001000100001101,0000111010010111,0011001111010010),Countdown-Tag(0001110110101110,1111110110110100,1101101001110110),LoadNum3-Tag(0001010000011001,1001011000111011,1101010101101010),If-Tag(1101010110000110,0111100100001111,0110101111011011),SwapMem-Tag(1101110100100110,0111110110011001,0000100110101010),Close(0010101000001011,0011000110110000,1000000101110101),TestNumGreaterTEqu-Tag(1101010100011110,1111110011111110,1100010011010100),LoadNum2-Tag(1101010111101101,0001001100001011,0100001011001111),TestNumEqu-Tag(0100010000001100,0000001101110101,0000100010001100),If-Tag(1101010110000110,0111100110001111,0110101111011011),While-Tag(0011011111101000,1000110110010001,1101101001000010),SubmitNum-Tag(0011001011011010,0110011011100010,0000101100100100),Close(0011111001010100,1101001100010110,1100100010000011),TestNumLessTEqu-Tag(0100011111101101,0110000110001001,0001111000101010)]"
PROBLEM_median__ARGS_TAG_BF__MUT_0001,7176,median,Tag-BitFlips,0.0001,0,True,45,326,297,"[Div-Tag(1111111111011001,1100110000011001,0111111100010111),LoadNum3-Tag(1101111101000111,0101111111110111,0110111111000100),SwapMem-Tag(1010011111010011,0100100111010111,1000100111000001),TestNumGreater-Tag(1111001000110111,0110110001101011,1100101010000101),Add-Tag(1010001000001101,1111001111001111,0010100101010111),SubmitNum-Tag(1000111000101010,0101100101111010,0001001110111000),LoadNum1-Tag(0001100100001110,0011001101011000,1111010000100010),While-Tag(1010011001010001,1000001110110010,0010100110001100),Set-12-Tag(1001001011101111,1000001110011011,0011100000001011),Dec-Tag(0110010000011101,0010101100000110,0100011010100100),LoadNum2-Tag(0111101111010010,0010101110001101,1101001000101010),Sub-Tag(1100101000000100,1110100111011001,1100000110111110),SubmitNum-Tag(0011011101011011,0101110110101000,0110010111011101),SubmitNum-Tag(1111111001110010,1010001100101001,0111000110110000),TestNumGreaterTEqu-Tag(0111111010110011,1110001001100101,0011111001000100),Mod-Tag(0110101001000110,0111011011101000,0100101010011011),Sub-Tag(0000011110001111,1011000010110111,1010001101101110),TestNumGreater-Tag(1010001100011110,1110111100001100,1101011010111100),Mult-Tag(0111101100100100,0100011100110010,0011111011000010),Set-1-Tag(1100111000010001,0011011000011100,0101101100110011),Set-6-Tag(0000000010001010,0110001111101111,1111111111010001),SubmitNum-Tag(0001101000010011,0111100101010011,1000011001101100),LoadNum3-Tag(1010110000001010,0111001000011100,0000010000011010),LoadNum1-Tag(0010111000110001,1001011011110000,0111010000110001),If-Tag(1001101110101110,1100100000111010,1110110110101000),TestNumEqu-Tag(0010011101010101,1101110100000011,1110101010001110),Mod-Tag(0110110100010111,0011110100100110,1110111000001011),TestNumLess-Tag(0100110111101011,0010001011001011,1100001001111111),Mod-Tag(1110010100011111,0111000001111111,1100111001010010),Sub-Tag(0011011101100010,1001001001010110,0001010101011100),TestNumLess-Tag(0011111100111001,1101001011010111,0000100010001001),Set-8-Tag(1010111001010000,1111000111100011,1011001001000011),Close(0001000001101010,1011000010111110,0011100100000011),Set-8-Tag(1111011001000110,1100001011010001,1100101000011000),If-Tag(1011000110011101,1010100100001001,0101101111100111),Set-12-Tag(1001100101100010,0001101100010100,0010000111011111),Add-Tag(0011001101011111,1010001100011100,1010101100101100),LoadNum2-Tag(1010011010000101,0010111011000111,1010110011001111),LoadNum3-Tag(0000011001001100,0111010011001110,0000110101101011),Countdown-Tag(0111000101010011,1111001000000010,1100001110110111),SwapMem-Tag(1001111101001111,1000011010011001,1011011010000100),LoadNum3-Tag(0001101101111100,1100001100110011,0001111101011100),TestNumLessTEqu-Tag(1111100100111110,1000010100110110,0110010101100111),Add-Tag(0000001110000110,0000010010101101,0110011100110001),Not-Tag(1111101011101110,1111001010011011,1101111001110111)]"
PROBLEM_median__ARGS_TAG_BF__MUT_0001,7177,median,Tag-BitFlips,0.0001,0,True,38,438,265,"[TestNumGreaterTEqu-Tag(1101111101110100,0101001110100011,1010011000101101),Close(1010111101011100,1001100000011011,0100110010000100),Sub-Tag(1010000100100111,0010011001001111,1111001101100010),Not-Tag(0001101110010010,0010101011011101,0100110110100010),LoadNum1-Tag(0111000100100110,1100100110001110,1100101101001110),Set-7-Tag(0110101111001000,1010111110111100,0000101001000100),Set-11-Tag(0101100110000110,1010100000110101,0010101000101100),SwapMem-Tag(0010110001000100,0010001111011101,1101110101101101),While-Tag(1111010010100000,0100110011010101,1010000011100000),CopyMem-Tag(1010111111011011,1101011010000010,0101000101101010),TestNumGreater-Tag(0001001000010100,1000111111111100,1010011011110100),SubmitNum-Tag(1110100101010010,0000000010100101,1011100101010110),Dec-Tag(1111000001110011,0101010001010010,0010111110110001),Set-1-Tag(0011111000010000,0110001111110111,1110001101000101),Set-14-Tag(0111000000111011,0011100011011011,1110111001100110),TestNumGreater-Tag(1101101001101101,1011011111100001,0010101010011000),Add-Tag(1111001011010001,0101101000011011,0100011011011101),SubmitNum-Tag(0000010101110111,1001001010100011,0111101111110100),TestNumGreater-Tag(0111101011001101,1111000111011101,1110010100001111),Set-16-Tag(1010101011110011,1010101101111011,1011111001110110),Close(0001000110010001,1011000000100101,1100100101000000),Set-0-Tag(0110101110110011,0100001011100100,1100110110100110),Div-Tag(1100110100110000,1000000010110111,0001110101101101),LoadNum2-Tag(0011111000010000,0110001111110111,1110001001000001),LoadNum3-Tag(0111000000111001,1011000011001011,0110111001100110),Close(1010101101011100,1001100000011011,0100110010000100),SubmitNum-Tag(0001101110010010,0010101011011101,1101110110100010),LoadNum2-Tag(0111000100100110,1100100110001111,1100101101001110),LoadNum3-Tag(1011000011100100,1011011111100101,0110011100110011),TestNumGreater-Tag(0001001000010100,1000010111111100,1010011011110100),Countdown-Tag(1010110001100000,0000000110100101,1001100001111111),CopyMem-Tag(0010001010100011,1001101110101111,0111101110111001),Sub-Tag(0011111000010000,0110001111110111,1110001101000101),LoadNum2-Tag(0111000000111011,0011101011011011,1110011001100110),Close(1101111100000111,1100101011101001,0011001010101111),Set-6-Tag(0010000010000111,0101000000111110,0011011100110011),Countdown-Tag(0100010010111011,1011011101110111,0100011100011101),Set-9-Tag(1010111011110011,1010101101110010,1011111011110111)]"
PROBLEM_median__ARGS_TAG_BF__MUT_0001,7178,median,Tag-BitFlips,0.0001,0,False,NONE,NONE,NONE,"NONE"
PROBLEM_median__ARGS_TAG_BF__MUT_0001,7179,median,Tag-BitFlips,0.0001,0,True,20,379,233,"[SubmitNum-Tag(0111011100010011,0101010100110101,1011011101001110),TestNumGreaterTEqu-Tag(1010001100000010,1001011101010000,0000101011110000),LoadNum1-Tag(0101011101010111,1011101001101001,1110010011100100),IfNot-Tag(0001011010111101,0110100001000111,1110111101101011),LoadNum3-Tag(1011110011111100,1100001111111010,1100111001011010),LoadNum1-Tag(0011011100000111,1100000101111100,1111001100111011),Close(0111100001101001,0110110111000011,0111110000111000),TestNumLessTEqu-Tag(1101100111111100,1111001000110101,1001100000111001),LoadNum1-Tag(1000011111111111,0100001001110110,0100000111100110),Countdown-Tag(0001001110011001,1000100111010101,1000111110100101),SubmitNum-Tag(1111000011111111,1101111101001100,1100011010100011),LoadNum2-Tag(1011001110110100,1001111111010001,1111101100111110),IfNot-Tag(0001011010111111,0110110001000111,1110011111111011),Add-Tag(1101000100010011,1100011100010011,1010101100110011),LoadNum2-Tag(1101111001000111,0001010101011111,0101110110110010),Close(0111100001101001,0110110111000011,0111110000111000),LoadNum2-Tag(0000111100000001,1001101000011110,1100110111101011),TestNumLessTEqu-Tag(1101101111111100,1111001000110101,1001100000111001),While-Tag(0001000110011001,1000100111010101,1000111111100101),SubmitNum-Tag(1010110101001011,0111010111110100,0111011101111010)]"
PROBLEM_median__ARGS_TAG_BF__MUT_0001,7180,median,Tag-BitFlips,0.0001,0,False,NONE,NONE,NONE,"NONE"
PROBLEM_median__ARGS_TAG_BF__MUT_0001,7181,median,Tag-BitFlips,0.0001,0,False,NONE,NONE,NONE,"NONE"
PROBLEM_median__ARGS_TAG_BF__MUT_0001,7182,median,Tag-BitFlips,0.0001,0,False,NONE,NONE,NONE,"NONE"
PROBLEM_median__ARGS_TAG_BF__MUT_0001,7183,median,Tag-BitFlips,0.0001,0,True,27,478,249,"[LoadNum1-Tag(1000000001100011,1010001111011001,0010110111110111),Close(0111000001110111,0011011010100001,1110111100011000),TestNumLessTEqu-Tag(1101011010000011,0101100100100000,0111111000010001),SubmitNum-Tag(0011001101001100,1100101111001010,0011101010011001),Close(0111000001110111,0010011010100001,1110111101011000),TestNumLess-Tag(1101011010000001,0101110100100000,0111111000010001),Close(0011011010110101,1011100111010111,0111101010000101),Set-15-Tag(1101001010010011,0111010011101101,1100100111000001),SwapMem-Tag(1011111110000110,1101000100011101,0100101010110011),Break(0100111101111000,1100110001101011,1001010100011001),SubmitNum-Tag(1010111111100111,1101001001110111,0011000101110111),While-Tag(0010110010011011,0010001110011111,0001110110011100),IfNot-Tag(0010101111101001,0000011001110011,0110101000000000),LoadNum3-Tag(1100000001100011,1010001111011001,0100110111110101),SubmitNum-Tag(0011000101001100,1100101111001010,0010101010011001),Close(0101000001110111,0010011010100001,1110111101011000),TestNumLessTEqu-Tag(1101011010000011,0101110100100000,0111111000010001),TestNumLess-Tag(0011010110110111,1011100111010110,0111101010000101),Close(1011111100000110,1111000100011101,0100101010110011),TestNumLessTEqu-Tag(1101111010000001,0100110100100010,0111111000010001),TestNumGreaterTEqu-Tag(0100001000111111,1010011011100100,0000111110100101),LoadNum3-Tag(1110001110101010,1000010001101001,0011000100011110),Set-4-Tag(1100100000010010,1110011000001111,1000010010110101),Countdown-Tag(0010110010011011,0010001110011111,0001110110011100),Set-2-Tag(0110001011010001,0010000000000101,1000010000100011),SubmitNum-Tag(0011100000110011,0100000100001011,0011111101100011),Div-Tag(0101101011001000,1101001110001010,0110111010001011)]"
PROBLEM_median__ARGS_TAG_BF__MUT_0001,7184,median,Tag-BitFlips,0.0001,0,False,NONE,NONE,NONE,"NONE"
PROBLEM_median__ARGS_TAG_BF__MUT_0001,7185,median,Tag-BitFlips,0.0001,0,True,36,476,267,"[LoadNum2-Tag(1000000111000000,1001010111011010,0101010000001111),Set-1-Tag(1010011001110110,0000110101101010,1100110111110101),Set-13-Tag(1101000010010100,0110101100010011,1110000001110011),While-Tag(1101110000011101,1001101001100110,1010010111011000),Set-13-Tag(0000100111110000,1000111001000011,0010010001011110),LoadNum3-Tag(0010010100101111,1000010111010111,0100001011011011),SubmitNum-Tag(0011011010110110,1100001010100111,1000101111101001),Set-5-Tag(0001011101010101,0010011011000111,0110011111000110),LoadNum2-Tag(0010011011110100,1000001001010110,0010100110111001),CopyMem-Tag(0111110100001010,0011000001000010,1001010110110101),TestNumLessTEqu-Tag(0010011011111000,0011111100001111,0111000100111100),IfNot-Tag(0000010011011011,0011000111101110,0111100111010110),IfNot-Tag(0110100010000100,0100000110100111,0101010010000101),SubmitNum-Tag(1001101111100010,0101101011101110,1100101000111111),TestNumGreater-Tag(1100001110111011,0111001110010110,0000011100001000),Not-Tag(0001111101001001,1111100100100011,0011000000000110),TestNumLessTEqu-Tag(0001101111111110,1110110010001100,1100000100111101),Close(0101101111111111,0101001010001000,1101010010001011),Mult-Tag(0111111110111010,1011001001000111,1111010010010000),Set-6-Tag(1001011001111110,1000010101010010,0110010001010010),Set-0-Tag(1010101100111100,1000101100000100,1010011101100101),TestNumNEqu-Tag(1010111011001110,0111000110000000,0011101011100001),LoadNum1-Tag(1001101111100010,0100101011101110,1100101000111111),Countdown-Tag(0001111101001000,1111101100100010,0010000001000010),TestNumLess-Tag(1100001001111010,0001111100110111,0011111100001111),Set-11-Tag(0110100010000100,0100000100100111,0101010010000101),IfNot-Tag(0000010000010001,0001111000000101,0110101110110111),SubmitNum-Tag(1001101111100010,0101101011101110,1100101000111011),TestNumGreater-Tag(1100001111111010,0111001110010110,0010011100001000),Countdown-Tag(0001111101001001,1011101100100010,0010000000000110),TestNumLessTEqu-Tag(0001111110011100,0100101001100100,1000000110111001),Sub-Tag(1001101101110001,0111011000010111,1101011101000011),Set-3-Tag(0110100011000100,0100000110100111,0101010010000101),TestNumGreater-Tag(1000001111111010,0111001110010110,0010111100001000),Not-Tag(0001111101001001,1111100101100011,0011001000000110),Dec-Tag(0101110001011011,1101110001100000,0011010100011110)]"
PROBLEM_median__ARGS_TAG_BF__MUT_0001,7186,median,Tag-BitFlips,0.0001,0,False,NONE,NONE,NONE,"NONE"
PROBLEM_median__ARGS_TAG_BF__MUT_0001,7187,median,Tag-BitFlips,0.0001,0,True,55,429,429,"[LoadNum3-Tag(1000011010110011,1010101111000010,1111011101001111),SubmitNum-Tag(1011011100010011,0111110100000000,1100000100001110),Sub-Tag(1011101000100001,1011101011101111,0001111000011011),Set-9-Tag(1101101111001101,1111101100010100,0110001011000001),Not-Tag(1000000001010110,0100001010100100,1011111010001001),TestNumLess-Tag(0100101000000111,0100100111101011,1011001100001110),CopyMem-Tag(1001000001011100,1111111000100101,0001111101111001),SwapMem-Tag(1100011100010111,1101010001000011,0101010010001001),Set-3-Tag(1100101111111010,1000010011111000,1010101110000100),TestNumLessTEqu-Tag(0111111100110011,0100001001010001,1110000110101100),Set-15-Tag(0010111010001000,1011011000101110,1110111111001110),LoadNum1-Tag(1010001000111101,1111000011100110,0110010001010101),TestNumLessTEqu-Tag(1110100111011010,0110010101011011,0000110111010011),Countdown-Tag(1000000010111011,1010000001111110,1001101000010011),TestNumLess-Tag(0011000100111010,0000000101011111,0100111001010010),Div-Tag(1000110111100111,1011100011001110,0011111000100011),TestNumLess-Tag(0101001100111000,1001010000010100,0001111100001110),Set-14-Tag(1011001111001010,1110100111111111,0110001101101000),Add-Tag(1010011110111000,0010011110111110,0000011001111011),TestNumGreater-Tag(0101111100001110,1000011001100100,1000000100011010),Add-Tag(1010111001100011,1100110110111001,1000110100001001),CopyMem-Tag(1000011101110110,1100001011101111,0101100010001111),Div-Tag(0101101101000110,0111000101100011,1010011101101101),IfNot-Tag(0010111100100100,0101001011100110,0110101111100011),Set-6-Tag(1111100011101111,1000101100000111,0101101011111001),SwapMem-Tag(0011000110000110,1000000010110010,0011010111100010),Set-2-Tag(0000111000011000,1101011100101110,0101000111011101),TestNumEqu-Tag(0100100111001110,0010010011011000,0100001011000010),Add-Tag(1111101101100001,0111010000011001,1010111001010100),LoadNum2-Tag(1010010111110111,1011011011101010,1111001100000001),If-Tag(0010001001111110,0111010000111001,0110001101011001),Mod-Tag(0010100001011100,0110001110111110,0111110001110110),TestNumEqu-Tag(1001011010111101,1001000010000000,0111111100000110),Countdown-Tag(0101000110101011,1010010111101000,1110100111111101),SubmitNum-Tag(1001100101011000,0001111011011010,1101100000001110),TestNumNEqu-Tag(1011101110101011,0010001110111101,0100011100001011),Countdown-Tag(0111000010111111,0110111101110001,0001100010010011),Set-4-Tag(1100001001110011,1100100101001000,0110011000111010),TestNumLessTEqu-Tag(1010011101100000,1101101010111001,1001110011110110),TestNumEqu-Tag(1100000110001101,0110101001110000,1110010101101010),SwapMem-Tag(0100111101010001,0000111111010000,1100101100011110),LoadNum1-Tag(1000010010110111,0001001101000001,0110001011111010),TestNumLessTEqu-Tag(1000111101101010,0011101110000111,0100111010111011),LoadNum1-Tag(1001100010101010,0010011001111110,0111000100010110),Set-11-Tag(1010101010110100,0011101101011111,0110111111010001),If-Tag(1011010011011111,0010000100101011,1110010111101001),Set-6-Tag(0110110000101001,1111001010100010,1110011110100100),Set-9-Tag(1110011101101011,1110110000101101,1000100011000110),SubmitNum-Tag(0101010000100110,0000001001100110,0010111101100000),Not-Tag(1010101011001100,1100111100011100,0111101110101010),Set-12-Tag(1010000011010011,0101111010010011,0011001010110111),Countdown-Tag(1100111110010110,0101011111001110,0110111101110001),Countdown-Tag(0010100001001110,1111000110111011,0101010000010011),Floor-Tag(1000101101010101,0100100011110011,1110110101111111),SubmitNum-Tag(1010000110000000,1100100001101100,1011011011101011)]"
PROBLEM_median__ARGS_TAG_BF__MUT_0001,7188,median,Tag-BitFlips,0.0001,0,False,NONE,NONE,NONE,"NONE"
PROBLEM_median__ARGS_TAG_BF__MUT_0001,7189,median,Tag-BitFlips,0.0001,0,True,37,500,303,"[LoadNum1-Tag(0101000001101100,0100001110001100,0010110011100100),CopyMem-Tag(1011101100000010,0111111100111100,0111011010010010),Set-6-Tag(0000101110011010,0010111110111011,0101101011000111),LoadNum2-Tag(0010001000101111,1100011001011000,1101100001000010),LoadNum3-Tag(0101101000011110,1010111011110001,1110100000010110),Countdown-Tag(1001101110011011,0110101110010101,1110000010111000),SwapMem-Tag(1011101100000010,0111111100111100,0111011010010010),TestNumLessTEqu-Tag(1111110100110100,0100110000101111,0000100001010000),While-Tag(0010001001011000,0110111100100010,0011011101100000),Mult-Tag(1100001100110001,1111110100001101,1100000100000011),Countdown-Tag(1001100110011011,0110101110010100,1011000010111000),Set-4-Tag(0101101110101111,1101110001100110,0110100100000001),Set-10-Tag(0100110100011010,0100111000010110,0001001011111101),TestNumLessTEqu-Tag(1100110010101101,0101010100011011,1111010111100001),Set-14-Tag(1110110110100010,1011000111101100,1001001101001010),LoadNum2-Tag(1011000010010000,0001111011011010,1111011011101111),Set-12-Tag(1100100101011011,1000001110001110,1101010010001011),Inc-Tag(1011011010100100,1110000101011000,1010100110010111),IfNot-Tag(1100101000110011,0001011100001110,0001001011101101),SwapMem-Tag(1011101100000010,0111111100110100,0111011010010010),LoadNum1-Tag(0000111011001001,1011000001001000,1011111110001000),SubmitNum-Tag(1001100101100011,1100111101101101,0110101111000011),Set-16-Tag(0000101111000000,0011110100111001,1010010100100000),Inc-Tag(1001111010100000,1100100011100111,1000101100010001),TestNumLessTEqu-Tag(1111110100110100,0100110000101111,0000100001010000),While-Tag(0010001001011000,0110111100100010,0001011101100000),LoadNum2-Tag(0110001110100100,1101101110100000,1001001110101001),Set-1-Tag(0100000110011001,0100101111011011,1011101011111110),TestNumLess-Tag(0101111001011001,0001010011100001,0010101011011011),SwapMem-Tag(0001110010000000,1101001001100111,1011101010101101),Set-9-Tag(1110101110100000,0011010010111111,0100010110100001),Add-Tag(0001110001100010,0111001101001100,0011000110000111),Set-12-Tag(0110100100001001,1111000000110111,0101000000011000),TestNumLessTEqu-Tag(0101111100010111,0110010001001001,0010000101101001),Mod-Tag(1110011110110111,0101000110101010,1111100001011010),SubmitNum-Tag(1101011101110001,1010011111011000,1110110011010010),Break(0011111010010011,1111110110010110,1101101001000001)]"
PROBLEM_median__ARGS_TAG_BF__MUT_0001,7190,median,Tag-BitFlips,0.0001,0,False,NONE,NONE,NONE,"NONE"
PROBLEM_median__ARGS_TAG_BF__MUT_0001,7191,median,Tag-BitFlips,0.0001,0,False,NONE,NONE,NONE,"NONE"
PROBLEM_median__ARGS_TAG_BF__MUT_0001,7192,median,Tag-BitFlips,0.0001,0,False,NONE,NONE,NONE,"NONE"
PROBLEM_median__ARGS_TAG_BF__MUT_0001,7193,median,Tag-BitFlips,0.0001,0,False,NONE,NONE,NONE,"NONE"
PROBLEM_median__ARGS_TAG_BF__MUT_0001,7194,median,Tag-BitFlips,0.0001,0,False,NONE,NONE,NONE,"NONE"
PROBLEM_median__ARGS_TAG_BF__MUT_0001,7195,median,Tag-BitFlips,0.0001,0,True,26,479,207,"[Close(1010101011100011,0100100011001010,0000010000110011),TestNumGreater-Tag(1010111101111011,1000011000011111,0100001011111000),Close(0100110000011010,0001110100010011,0101000010110001),LoadNum1-Tag(0001100000000001,0101010010001111,0110010011111010),SwapMem-Tag(1110111100011101,0010001101100100,1011111100100001),Close(0100111000011000,0001110100010011,0100000010100001),TestNumLessTEqu-Tag(0011111111101110,1010100110010101,1101010010101100),SwapMem-Tag(0011111101100011,1001010110111110,1001100100101010),Floor-Tag(0011110101101000,0001000001001000,0100111100101100),LoadNum2-Tag(0010110000010111,1100010010111111,1100111110100010),SubmitNum-Tag(1110111011001010,0111010001100101,0101101110010100),Set-13-Tag(0000000011111000,1000101000110111,0111111100111010),Add-Tag(1011111110101011,1010000010001001,1101111001101101),SwapMem-Tag(1101111000110001,1100100000111000,0111000010001110),Break(0000110110010100,0100111011011111,0001100101011001),Set-11-Tag(0100110000011010,0001110000010011,0100000110100001),IfNot-Tag(0110001110000100,1000001110110110,1001101011101010),SwapMem-Tag(0011001101100111,1001010110111110,1001100101111010),Close(0111011000100101,1101010001100001,1001001010110001),TestNumGreater-Tag(1101100011010100,0010001101001011,1101110010111000),IfNot-Tag(0110010110011101,1011110010111111,0010101011110111),SubmitNum-Tag(0111111100010100,1011011100110100,0101100011000111),While-Tag(1101001110001001,0010101001000000,0010111011010001),While-Tag(0111101001110011,1111000111010100,0110001011101001),IfNot-Tag(0000110011100110,0101011001000001,0001001110010110),SubmitNum-Tag(0111110011011110,1010010101110100,1010011101011001)]"
PROBLEM_median__ARGS_TAG_BF__MUT_0001,7196,median,Tag-BitFlips,0.0001,0,False,NONE,NONE,NONE,"NONE"
PROBLEM_median__ARGS_TAG_BF__MUT_0001,7197,median,Tag-BitFlips,0.0001,0,True,38,444,385,"[Add-Tag(1001100010100001,0111100101011100,0110001101011001),TestNumGreater-Tag(1110111011001011,1010100101001001,1010111011001110),SubmitNum-Tag(1011100100011100,1000010000111110,1000001100100111),While-Tag(0111100001110010,1000000110011010,0001011011110111),While-Tag(1110111011110110,1101110100110110,1111001110000101),SubmitNum-Tag(0111110100110000,0100111000000000,0111001011111011),Set-15-Tag(1100100010000111,1011110101111110,0011010110001010),Set-3-Tag(0000111101000111,0000100010110000,0101101010001010),Mult-Tag(1100100000000100,0111010001010100,0111100000101001),Set-12-Tag(1010111011111111,1100100010011101,0110111011111011),TestNumGreater-Tag(0100011101100100,0111001110101010,0110111110111111),Sub-Tag(0011111010100011,1010101111101010,1110101001111001),Close(1011100010100111,1001111100110010,1101000000101100),LoadNum3-Tag(0101100011011010,1000100100101010,1011111010000000),Set-9-Tag(1101111101001100,0110101100101011,1110001101001000),TestNumNEqu-Tag(1010001101011011,0101101110100001,0110111011101110),TestNumLessTEqu-Tag(0000110011101001,0011110010011101,0110111111011111),TestNumEqu-Tag(1010010101001100,1011110010011011,1111011110000011),Mod-Tag(1011100011010111,0001010011100010,1100001110110111),Set-15-Tag(0000100100101111,0100011001011011,0010001101000010),SubmitNum-Tag(0001111110000001,1011000111011001,1110111100100001),LoadNum1-Tag(0011101011000010,1000001000110101,1100010001111100),IfNot-Tag(1111110011110101,1011000111101100,1111010001100101),Set-8-Tag(0101100011100000,1010011010001010,1010100110110100),CopyMem-Tag(1010100101011000,0110010001010100,1111010110000110),Set-12-Tag(1111010001111100,0011101011101100,1110000111100101),CopyMem-Tag(1110110101111100,1111011101101011,1101101010101010),Close(0100100011010110,0111101010111110,0010000011101011),Set-6-Tag(1001111000011110,1100101101110010,1110100001111000),Set-4-Tag(1111000011001001,1011000100001110,0000011001101101),Add-Tag(1100000011111001,1101100000000101,1100010111100110),Div-Tag(0111111110011101,0101001100101000,0110100010001101),SubmitNum-Tag(0011100001000111,1000101101011010,0101010010000010),CopyMem-Tag(0101111110011100,0110101110001000,1101011100010010),Div-Tag(1001110111011000,0110111110101101,0000101001111111),LoadNum2-Tag(0110111000110011,0011110101010010,1001001110000000),IfNot-Tag(0111111000100111,1101111000111110,1110010111101001),CopyMem-Tag(0100000011100010,1010101010000001,0100001011000111)]"
PROBLEM_median__ARGS_TAG_BF__MUT_0001,7198,median,Tag-BitFlips,0.0001,0,False,NONE,NONE,NONE,"NONE"
PROBLEM_median__ARGS_TAG_BF__MUT_0001,7199,median,Tag-BitFlips,0.0001,0,False,NONE,NONE,NONE,"NONE"
PROBLEM_median__ARGS_TAG_BF__MUT_0001,7200,median,Tag-BitFlips,0.0001,0,False,NONE,NONE,NONE,"NONE"
PROBLEM_median__ARGS_TAG_BF__MUT_001,7101,median,Tag-BitFlips,0.001,0,True,21,417,276,"[Set-13-Tag(1000010110000000,1000010110100100,0000100010011011),LoadNum2-Tag(1110000001000101,1101110101010001,0010110110110101),TestNumLess-Tag(0101111101011110,0010101010110111,0100011000001101),Countdown-Tag(1000011010100111,0101010000111010,1100001100000111),SubmitNum-Tag(1001100101110111,0001101100111000,1010101111111101),Set-7-Tag(0000001001111101,1001010110110110,0000111101110011),LoadNum3-Tag(1011101101111010,0110101100000000,0010010000101000),TestNumLess-Tag(0001011111011101,0001001100110001,0100011101011010),TestNumGreaterTEqu-Tag(0101111010101011,0000001101001110,0011001100011010),Countdown-Tag(1001010011111100,1100100110110101,0101011000010101),Div-Tag(0000001010000111,0110110101010011,1011011101000011),Close(1010100000010101,1010101110000110,1011101110101000),If-Tag(0100101100110111,1110010001100101,0001101001010111),LoadNum1-Tag(0010001101010111,1111101101101110,1000010100101100),Sub-Tag(1000000001010100,0001110010010010,0001101110011010),TestNumLessTEqu-Tag(0000001111011001,0010101000110110,0110011001010011),CopyMem-Tag(0001111100011011,1000011010100101,0001001001110111),LoadNum2-Tag(0011010111111000,1100100010001010,0100111001011101),Countdown-Tag(0111011010000111,1001101111011101,1001000001011101),SubmitNum-Tag(1101100111101110,0001001010011000,1100101000110111),LoadNum1-Tag(0010111101111101,0110001101000111,0100001101001111)]"
PROBLEM_median__ARGS_TAG_BF__MUT_001,7102,median,Tag-BitFlips,0.001,0,True,26,391,220,"[LoadNum3-Tag(1010100101111110,1110111110101100,0111110000100000),SubmitNum-Tag(0000010100001110,1100011011011110,0011000001010011),While-Tag(1110101111001110,1001100110001101,1111100011100011),SubmitNum-Tag(0110111100010101,0110010100000111,1001010001010011),TestNumGreaterTEqu-Tag(0000110101110000,0000001100111101,0101101001110010),TestNumGreaterTEqu-Tag(0001001101111001,1010110000001111,1111000000110100),LoadNum1-Tag(0001100101000110,1101100000100011,1001100100001011),TestNumGreater-Tag(1111111101011100,1110010111010001,0111101011110100),LoadNum2-Tag(1101111000101110,1000011010110000,1011000101110010),LoadNum3-Tag(0000111100110101,1011101101000100,1000000101011011),IfNot-Tag(0010000100010011,1011011100110000,0110001101101011),LoadNum2-Tag(1000111100110111,1101011011000100,0001101010101011),SubmitNum-Tag(0001110000111111,1001010101101101,1010010111011110),LoadNum3-Tag(1101111110111000,1010101101000101,0000000100011100),Div-Tag(0001101010100111,1111010000011101,1001101110011101),TestNumNEqu-Tag(1001110100101100,0100111110111000,1010000000110010),If-Tag(0111101110110110,0110011111010000,1110010100101010),Close(1000001011000101,1010001111101100,0011100000100011),IfNot-Tag(1111001110110011,0111010110011100,0110001000100011),SubmitNum-Tag(1001110111010111,0001010110110011,0110101111001100),Return(1111100101011001,1010100000100011,1110011010010000),Close(0001011110000110,0010100111010100,0110011100101000),Close(0110110110001010,0001000010011011,1001001010100110),SwapMem-Tag(1111001000010011,0000101110001101,1100111001100101),TestNumGreaterTEqu-Tag(1100001100111101,0111010001100101,1011110101100110),Countdown-Tag(0011101011000000,0110110000010111,0111100011101100)]"
PROBLEM_median__ARGS_TAG_BF__MUT_001,7103,median,Tag-BitFlips,0.001,0,True,29,375,369,"[TestNumLessTEqu-Tag(1101100111011111,1001000100110011,0110010110100000),LoadNum3-Tag(1011101010011101,0011010010000011,0101011111011101),Close(0101000110101100,0001101100001011,0111001000100010),Set-5-Tag(0110110011011011,1010111110100111,1011111001000000),LoadNum1-Tag(0100101111001101,0011001000111110,0000011011011110),TestNumNEqu-Tag(0110010110101000,0100011110000111,1010111011101001),Close(1101000100101100,0111101000011111,0101101000100010),Mult-Tag(0101111100000101,0011000111100100,1011100101110101),Break(1000100110111001,0011001101011110,0000100101110011),Not-Tag(1100001010111000,1000011001101001,0010111000110001),TestNumGreaterTEqu-Tag(0101110001100111,1000110110000000,0101011111100010),SubmitNum-Tag(1111111010101100,1010111110101000,0000100010001110),Mult-Tag(0001010011010100,0110100111000110,1111010111111100),CopyMem-Tag(0111100101111000,1010010000010011,0011101001011100),SubmitNum-Tag(0001001000000110,1011111010111101,0001100011110110),Div-Tag(0100010001000011,1000010000000000,0011011111100011),Set-12-Tag(0101101000111101,1010111100100001,1000011100010000),Sub-Tag(1111010011000101,1110000011001011,1111011011110100),TestNumGreater-Tag(0111001100001001,0111110111001110,1010001001100101),LoadNum1-Tag(1010001100001001,0010011001011110,0110101101111010),TestNumLessTEqu-Tag(1011110010011001,1111011001101111,1110011101100001),Set-8-Tag(1100110100001101,1011100100101101,1101110001110110),LoadNum1-Tag(1000011110111000,1101101000011000,0001100101110011),Mod-Tag(1111110010101111,0111100101101011,0011010110110011),Mult-Tag(1010001110101001,1011101100001011,1100010011101010),LoadNum2-Tag(1011001111011101,1000001111000100,1000001010011110),SwapMem-Tag(1100001110011011,1111100110110001,0001000111110010),If-Tag(1110011001010110,0110100110110111,1011100001110000),TestNumNEqu-Tag(0010111000101101,0011011001000010,1010011001011110)]"
PROBLEM_median__ARGS_TAG_BF__MUT_001,7104,median,Tag-BitFlips,0.001,0,True,15,411,305,"[Add-Tag(0101000111011001,1110001010100101,0011000010001100),Sub-Tag(1011000001110011,1011011000011111,0100111100101001),LoadNum3-Tag(0010101011010111,0000110110000011,0000000010110010),SubmitNum-Tag(1011110000010110,1000111000100000,1101100101010101),LoadNum2-Tag(1010000101111001,1110010110011000,0111111010010100),Mult-Tag(1111111101000110,0100010110001111,0011100010011000),Mult-Tag(0010100001010111,0100101001000111,1101010000011011),TestNumGreater-Tag(1110110001100111,1010110100011011,1001101001111010),TestNumGreater-Tag(0100101011111000,0011001001010101,1000100000110110),While-Tag(1010011001111010,0100100011010100,0100000111011101),SubmitNum-Tag(1101111101000110,0100111110101110,0100111110111110),TestNumGreaterTEqu-Tag(1110101100100001,1011101110101101,1001000000011101),Sub-Tag(1110111000100111,1011100010010011,1001101001101110),Countdown-Tag(1000011001011000,1100101111001111,0110010001000101),SubmitNum-Tag(1101100000101110,1111010000101011,0111110011010000)]"
PROBLEM_median__ARGS_TAG_BF__MUT_001,7105,median,Tag-BitFlips,0.001,0,True,11,233,158,"[Set-6-Tag(1010001001010110,1001011110110001,0101101001110100),While-Tag(1110101000100110,0111110111000111,1110111010101011),SwapMem-Tag(1111100110110011,1101000000110101,1111100000101111),TestNumGreaterTEqu-Tag(0010100101110010,0101010110111011,0010100000000001),TestNumLessTEqu-Tag(0110110011110110,1000010000010101,0000110011100010),SwapMem-Tag(1011011000110010,0110010101011010,0111111101110010),SubmitNum-Tag(1111101010110011,1101000100100101,0110101011001100),While-Tag(1110100101111010,0101111001000100,0101010101100011),If-Tag(0111010111100011,1000101001111101,1101101110011101),TestNumLessTEqu-Tag(1011011010110010,0100010101010011,0011110101111000),SubmitNum-Tag(1011000100111011,1001000010101011,0110100110000001)]"
PROBLEM_median__ARGS_TAG_BF__MUT_001,7106,median,Tag-BitFlips,0.001,0,True,21,433,236,"[SubmitNum-Tag(1111010011011111,1111000101001100,1111011100001100),Close(0110111011101001,0111010111110110,1010110000000000),TestNumGreaterTEqu-Tag(1001001110101101,0100000110001011,1000110001110000),TestNumGreater-Tag(1100110111111010,0001001110101000,1000101100000100),TestNumGreaterTEqu-Tag(0011001111111101,0101011101010000,1101010110110111),IfNot-Tag(1111101110011101,0001111100010110,1111000100111101),Div-Tag(1010010000101011,0011110101101000,1110001001110000),LoadNum1-Tag(0010011011010001,1001100101101000,1111010001111101),LoadNum3-Tag(0000111111010000,1100111011101010,0110010110011111),TestNumGreaterTEqu-Tag(0111011011010101,0110101110011100,1000110000101100),Close(0111000100101111,0011110101010001,1100000001111101),Countdown-Tag(1001111100101110,1011101101011100,0100101001110000),LoadNum2-Tag(1101010001011101,0110010001111111,0111010111111011),SubmitNum-Tag(1111111011000010,1011000001110111,1011111000011100),Countdown-Tag(1100110001100001,1011000001111011,1110010110101001),Add-Tag(0101001100100111,1011100111110101,0010010011100011),TestNumGreaterTEqu-Tag(1110010111010001,0010010001110010,0101001011011010),SubmitNum-Tag(0101110100100110,0111111000001011,0101110111101000),Set-6-Tag(0000110101011000,0001101011001100,0010011110000101),IfNot-Tag(0111110001001101,0101111111101001,1110010110110101),Set-7-Tag(1101111001100001,1011011110000110,1101111001101011)]"
PROBLEM_median__ARGS_TAG_BF__MUT_001,7107,median,Tag-BitFlips,0.001,0,True,24,223,207,"[TestNumLess-Tag(0001111100010010,1110101010101010,1011100000110001),LoadNum1-Tag(0101101001110100,1000110110011010,0100100000000010),Add-Tag(0110110011100111,0010100110110111,1100111011001000),LoadNum2-Tag(1101100110001000,0000111011010001,0011100111001001),LoadNum3-Tag(0100111000110101,1101100001010011,1111100110001010),SubmitNum-Tag(1101110110110101,0100110001100111,0110101111001011),Mult-Tag(1111101101000011,1101001011100011,0111010110011100),Not-Tag(1101000010010100,1101010100000001,0011010011010000),Div-Tag(1110100010011001,0101001111000111,1001111001110110),TestNumGreaterTEqu-Tag(1101110000011000,0101111001100111,0100101101001001),TestNumEqu-Tag(0111000001110100,0101000001101001,1010000011000101),If-Tag(1000011110111100,1110111110000111,1111010110010000),Countdown-Tag(0101101101111001,1001101101011110,1110011100000110),LoadNum2-Tag(0100010100100010,0111011010110101,1101110000110110),LoadNum3-Tag(1010111011110110,1001111100010111,1011100100010101),Close(0101110111000001,0011110001000110,0110111110100001),LoadNum3-Tag(1100000101011001,1001000100101001,1111110111110110),TestNumGreaterTEqu-Tag(1110011000110010,0111111111000111,1000110100001011),Set-10-Tag(1011101011001110,1111111011000011,1101101100000101),While-Tag(1111111100100010,0001011001000000,1011010101111100),SubmitNum-Tag(0100110101011010,0011100100001000,1000010001100011),LoadNum2-Tag(1111011101100110,0010101100000010,1100100011110110),SwapMem-Tag(1000011111101110,0111010100000111,0101001100001111),Mod-Tag(0011001001110010,0000011100011101,1111111101010011)]"
PROBLEM_median__ARGS_TAG_BF__MUT_001,7108,median,Tag-BitFlips,0.001,0,True,19,394,317,"[Set-11-Tag(1000101100001100,1001001101110000,0110000001001001),While-Tag(0110101101001110,0011010110010100,1001010011011101),IfNot-Tag(1100001010001000,1000010001011110,1111011011000111),TestNumGreater-Tag(1101011110101010,0110000111110011,0000001000101101),TestNumLessTEqu-Tag(1110101111011000,0010010101100010,0101100010001011),If-Tag(1101110011000010,1110010000010110,1010101101111011),LoadNum3-Tag(1100111101110100,0001000011101110,0111001000110010),Add-Tag(0101101100001100,1100001100010111,1001001100001100),Close(1011000000101110,1000011110001101,1110011001100101),TestNumGreaterTEqu-Tag(0001010000010100,1110011001111100,1110000001100010),SubmitNum-Tag(0001111101111111,0100011001001010,0111111110111010),Set-11-Tag(0011010011010110,0111101001011000,1111111010110100),Countdown-Tag(1001101000010001,0010111100110110,1110001101011010),Add-Tag(0000001011111001,0101000011011100,0111011010011010),LoadNum3-Tag(0000000010111100,1001100111000110,1101100001110010),While-Tag(1101001010000111,1111100010000110,1001000001010011),SubmitNum-Tag(0101111100010000,0000111011111011,0110110001011010),Not-Tag(0010111100100101,1101000001110101,0110001110110001),TestNumLessTEqu-Tag(0010010010010010,0010011011011111,1110001110100011)]"
PROBLEM_median__ARGS_TAG_BF__MUT_001,7109,median,Tag-BitFlips,0.001,0,True,29,414,216,"[Close(1101000011010110,0110101101011101,0001011001101010),Set-9-Tag(1100111101101100,1011001111011010,0010001111101010),LoadNum3-Tag(1100101111111110,0111010010001111,1011011110101110),LoadNum1-Tag(0001001100110100,0000100111011010,1000010111000010),SubmitNum-Tag(0111111111100100,1010101010110011,0100110100011010),LoadNum3-Tag(1010101110011001,0101000000011100,0001100011010111),Set-9-Tag(0001101000110100,0001011100010010,0001111111000010),CopyMem-Tag(1011100111011110,1100111001011000,1000010101001001),TestNumLess-Tag(1111001100001101,1110010010110001,1111000011111101),Set-13-Tag(1111001010111110,0001000101011011,1110101010011010),LoadNum2-Tag(1000111111000111,0000101100110000,1101100110110100),While-Tag(1111001001111010,0010000101100000,1010001111001101),SwapMem-Tag(0010001111101101,1010011110011100,1110001111000000),Set-5-Tag(1110101110111111,0010011111110010,1011101111000000),LoadNum1-Tag(1100100001100011,0010100000001111,0101010110101101),TestNumNEqu-Tag(0011110010101001,0000111100000101,1011110111101100),SubmitNum-Tag(1011000110110110,0111001001000111,1001101001101111),TestNumLessTEqu-Tag(1000111011010101,1011001110011011,0110101011101110),Not-Tag(0110110111101111,1111101100011101,0000010001101110),LoadNum2-Tag(1010111011000111,0100101000110001,1101100000110011),While-Tag(1111111011111011,0010100110100100,1100001111101110),TestNumLessTEqu-Tag(0000111100110100,1011001101011011,1111001110101110),Close(0110110111110110,1110101100011100,0001111000101010),TestNumLessTEqu-Tag(1000111001000110,1101101100001011,1110001111101110),Not-Tag(0100110111110111,1111101101010100,0110110001111000),Set-0-Tag(1000001000101101,0010010111110110,0000010001000010),Add-Tag(0011101001111110,1010001000110011,0110110110001011),SubmitNum-Tag(0001010001010100,0011110000111010,0000111110100110),CopyMem-Tag(0000110001010110,1011110001011000,0000110001010001)]"
PROBLEM_median__ARGS_TAG_BF__MUT_001,7110,median,Tag-BitFlips,0.001,0,True,19,470,291,"[SubmitNum-Tag(0001111101010111,1110111101001110,0001011000010110),LoadNum2-Tag(1000101110000101,1110001110000110,1110000010011100),LoadNum3-Tag(0000110100010110,0011100111110101,0011100011001000),Sub-Tag(1000011000011111,0111001111101101,1010000101110101),LoadNum1-Tag(0001010000010000,0100010010110101,0011101101101101),LoadNum1-Tag(0001001000110010,0101100101010100,1001111011010000),Set-15-Tag(0001010000101110,1101101001110010,0100000100111000),While-Tag(1100111100000001,1101110110101011,0011111010110100),Sub-Tag(0011100011011100,0100000111110000,0010011000000111),Add-Tag(1110000100000101,0011110011011110,1101111101010111),Mult-Tag(1111111101100111,0100101000001001,0010010110110100),Add-Tag(1011000010100100,1010110110100111,1100001011100011),Sub-Tag(0011001011100110,1001101000111100,1010010001110000),TestNumLess-Tag(1111000011010010,1101100111101011,0001011111111100),If-Tag(0110011001101110,0100001101001001,0011111010110101),SubmitNum-Tag(0001001101010100,1110000011111011,1000001111110100),Return(1010001111100110,1011000011011001,0110100000110001),Close(0001011001100101,1010101010101100,1000001111110001),LoadNum3-Tag(0101000001010001,0000000000101101,0100110011110110)]"
PROBLEM_median__ARGS_TAG_BF__MUT_001,7111,median,Tag-BitFlips,0.001,0,True,47,473,201,"[LoadNum3-Tag(1100011100110101,1000001001111101,1000100100111101),TestNumLess-Tag(0100111000110001,1100000101111110,1001100110010111),TestNumLess-Tag(1011111011110100,0011101000111010,1101000101000000),TestNumGreaterTEqu-Tag(1001010010101001,0100011101101100,0100000110110010),Set-2-Tag(0010011010011000,1100011001001000,1110110100000010),Countdown-Tag(0010010101100010,0001001010100110,0110001110100011),TestNumNEqu-Tag(0100110111100000,0011110101110101,0110010101001100),Set-0-Tag(1001111010111001,1110010000001100,1111011001101101),Set-15-Tag(1100101100010010,0001111001011110,0110100100001011),Set-0-Tag(0011110011011010,0111010001000110,0011101001010111),Close(0010111001101000,0111011100110110,0000110110101000),Set-3-Tag(1011011101111010,0011101000111110,0110100010111000),Set-14-Tag(1110111100111100,0100100000101110,0010111100111011),Set-10-Tag(1111100101000010,1011111000010001,0000111001000101),Set-8-Tag(1011010110110011,0001010111011111,0101101010110110),Set-5-Tag(0101111000001011,0101010001000110,0010001111111100),Floor-Tag(0111110110010001,0101011101000010,1100011001110101),Close(0000011111010001,0011000001001001,1000000001010001),LoadNum3-Tag(0100011000010111,1000000101010100,0001101011100111),Mult-Tag(0110001111111001,1011011011000001,1001010011101100),Set-14-Tag(0001110110010011,0001101000011011,0000101110001100),TestNumGreater-Tag(0100111011100001,1111001001100011,0101000010000000),Mult-Tag(1011100010110000,0000000000100010,1000000100010111),Close(1000000010011110,0000101100101010,1010011000001100),Set-0-Tag(1111100101101011,1111000111010001,0110100011000111),Sub-Tag(1001111110010001,1011010010111000,1100011001001001),TestNumGreaterTEqu-Tag(0100011011001010,1000010111001101,0110000111110011),Set-6-Tag(1001001000001001,0110011000001010,1101001100101101),TestNumNEqu-Tag(1000101000011110,0000111011110100,0101101010110010),Countdown-Tag(0000000000100000,0000010010101100,1010001010000010),Inc-Tag(0011001100010101,0111011001000001,0101011011000110),SubmitNum-Tag(1011011011001110,0001010001011000,1110101100000111),LoadNum1-Tag(0110011111010010,0101001100000011,0110101101010000),LoadNum2-Tag(1010000101110100,1011010010011111,0101101010100010),LoadNum3-Tag(0010010000010110,0101000011111100,1001001111011110),SubmitNum-Tag(0111011000000100,0101010111111101,1001111110010100),Mult-Tag(0001001111110011,0001011011011101,1000110111101110),TestNumGreaterTEqu-Tag(1011010110101000,1001010101000101,1110000101110010),Countdown-Tag(0111000100100011,0001001000011110,0010100000110011),LoadNum1-Tag(1010010101110000,0111110011100010,0011110010010001),SwapMem-Tag(1010011111010110,0100101000101110,1110110101011100),LoadNum2-Tag(0101011001111110,0101010000001001,0011010111011101),Close(1101000110111010,0001111100101010,1100101001000001),TestNumGreaterTEqu-Tag(1101101110101010,1000010011001100,0010000001100010),Countdown-Tag(0011000000101010,0001000111101101,1110101100011001),SubmitNum-Tag(1101000011001011,0100011000000100,1110011101110001),SubmitNum-Tag(1110110101100101,0000010011011110,0111001011111011)]"
PROBLEM_median__ARGS_TAG_BF__MUT_001,7112,median,Tag-BitFlips,0.001,0,True,19,498,162,"[SubmitNum-Tag(1011111110101110,0111101100010010,0010001000000011),TestNumLess-Tag(1110011100111100,0001010100011100,1100011000001110),Countdown-Tag(1000110001001111,1110001111111001,1001111111010000),LoadNum1-Tag(0010000001010011,0010100001101110,1100001100001101),LoadNum3-Tag(1010100100111110,0110101101100010,0000010000101011),Close(0101100011110001,1001010001101101,0100101111010010),TestNumGreater-Tag(1111110011111110,0011101100100011,1010101010101010),Countdown-Tag(0101101100111111,0100011111100101,0110011101101110),Dec-Tag(0001111011111010,0011011100010001,0110101101011010),Div-Tag(1111011110100001,0011010111101101,0010100001101100),SubmitNum-Tag(0000110010010000,0011000100100000,1010010110001101),LoadNum1-Tag(1100001011001010,1111111100000100,1011110000100100),LoadNum3-Tag(1100101010110011,1010101100110111,1110100011010111),Dec-Tag(0111000000100110,0011110010011011,0111001011010000),LoadNum2-Tag(1101100111001011,0001101110101100,0111101001100001),TestNumLess-Tag(0100110010000011,1000100011101000,1110110111000101),SubmitNum-Tag(1100000001110001,1101001101110000,0011110101101110),IfNot-Tag(1110100101101001,1100111110100000,0101111101001011),Set-7-Tag(1001111110100110,1011110011110110,1001010010011001)]"
PROBLEM_median__ARGS_TAG_BF__MUT_001,7113,median,Tag-BitFlips,0.001,0,False,NONE,NONE,NONE,"NONE"
PROBLEM_median__ARGS_TAG_BF__MUT_001,7114,median,Tag-BitFlips,0.001,0,False,NONE,NONE,NONE,"NONE"
PROBLEM_median__ARGS_TAG_BF__MUT_001,7115,median,Tag-BitFlips,0.001,0,True,25,392,147,"[SubmitNum-Tag(1011011111101011,1110011111110011,1110110000101000),TestNumGreaterTEqu-Tag(1001010100010011,0011001101010011,0010010101111000),Close(1100111010111100,1001011011100100,1010111001100000),LoadNum1-Tag(1011100001010101,0010110111101001,0010011110001001),TestNumGreaterTEqu-Tag(1010100000000100,0101000011011101,1101101001010111),Mod-Tag(0001110011000011,0110010011101100,1100101011010100),TestNumGreaterTEqu-Tag(0011010100000010,1101110111001101,1101101011010110),While-Tag(1111111101000111,0111001110010011,0011110000010001),LoadNum1-Tag(1000000010000101,0010000111101111,0110111011011010),Set-16-Tag(1010111001111000,1010001101001110,0000101011110111),If-Tag(0110100001110100,1010000110110000,0000111010100010),SubmitNum-Tag(0100011011000100,0111010011100111,0111101110100010),CopyMem-Tag(0011011101011010,0101001101100000,0111000011011110),Close(1110111100001101,1010011001010111,0100000100111111),TestNumGreaterTEqu-Tag(1010010100100001,0100010001001100,1101101111010110),Set-14-Tag(1001010011001010,0100001011011010,0010111010111010),Close(0010110001001110,0100000111010011,0111010111011101),Set-3-Tag(1101010111111001,1111110100100101,1011101111010111),Add-Tag(0011101011010001,1001101001110000,0000100001101000),Countdown-Tag(1010001000000111,0100001110011010,1000110000011111),LoadNum2-Tag(0111010011111011,1100101010011101,0001001111100111),SubmitNum-Tag(0000111111010000,0001000111111010,0111110011100010),Countdown-Tag(1010001000000111,0100001110011010,1000110000011111),LoadNum2-Tag(0111010011111011,1100101010011101,0001001111100111),SubmitNum-Tag(0000111111010000,0001000111111010,0111110011100010)]"
PROBLEM_median__ARGS_TAG_BF__MUT_001,7116,median,Tag-BitFlips,0.001,0,True,27,407,316,"[Not-Tag(1011010100001010,1000010001010011,1101111011001100),Add-Tag(0001010000011001,0011011010001111,1101000110100010),SubmitNum-Tag(0011111010101111,0011010100011010,0110010101100001),LoadNum3-Tag(0111010111000101,0110001000011110,1111010010110011),TestNumLess-Tag(1101101110001111,1110001001101011,1011110110011000),Sub-Tag(1101111110101101,0011000100100000,1010000110100010),TestNumLess-Tag(0101000111000110,1111100111111001,1110010011101110),If-Tag(1011111111010000,0111101001010000,0010001101110101),LoadNum1-Tag(1000000100010010,0011000101001110,0011011101010000),LoadNum2-Tag(1110011001111100,1001000111011100,1011100010100100),TestNumLess-Tag(0111001000100101,1110000000101101,0010101111011000),TestNumGreaterTEqu-Tag(0100010110000111,1011101111110101,1100010101101110),Close(1001000001010000,0011011100001101,0001111011011011),LoadNum2-Tag(1000111100010101,0010001101010110,1010100111111101),Countdown-Tag(0000100100011010,1110111000000010,1110110111001000),Countdown-Tag(1110010001001011,0100101001110110,0011101011010100),TestNumGreater-Tag(0001011110100011,1000011100101011,1011101011010101),If-Tag(1111111111010010,0100001001110001,1111010001001110),Set-9-Tag(1111111001000101,0001101110111001,0010011100001000),LoadNum3-Tag(0001101000001011,1110000111011001,0001011101100011),Close(1101101110010111,0010111101001110,0001010001111110),Set-5-Tag(1111011001111100,0011110101101110,0011101100010000),TestNumGreaterTEqu-Tag(1110010101100100,0101100010100100,1110001001000000),SwapMem-Tag(0010111100000000,0001010100110110,0110111111010010),TestNumLessTEqu-Tag(1100101101000010,1111011010001111,1111010000011010),While-Tag(1010101001010110,1001001100100010,1000000111111110),SubmitNum-Tag(0101110100010101,1101010101010110,1010110000001100)]"
PROBLEM_median__ARGS_TAG_BF__MUT_001,7117,median,Tag-BitFlips,0.001,0,False,NONE,NONE,NONE,"NONE"
PROBLEM_median__ARGS_TAG_BF__MUT_001,7118,median,Tag-BitFlips,0.001,0,True,14,428,119,"[Add-Tag(0111111010111110,1010011011100011,0010101000100110),Inc-Tag(0000001010000000,1011111110110101,0110001001011111),SubmitNum-Tag(1011001111110001,1000110111111101,0011101011011111),TestNumLess-Tag(0000110111011100,0011001010100010,0111010010001101),While-Tag(1110001101000001,0110000011000100,0010000101100100),LoadNum3-Tag(1110100101011011,1001111001000101,1010101000101110),TestNumGreaterTEqu-Tag(0110110100100001,0110010001010101,1011001111001110),TestNumNEqu-Tag(1111011010111110,0011011010011100,1010011101001100),Sub-Tag(1111000100111001,0010100010111110,0100110111110101),Countdown-Tag(0010011001001111,0111100011100101,1010110010001101),LoadNum2-Tag(1001100100100001,0100110011110011,0110111000000111),SubmitNum-Tag(1101100001101101,0001110000110010,1000000110111111),Set-16-Tag(0010100111001111,0000111011111001,1010011011100011),SubmitNum-Tag(1010100111010000,1011110100110001,0111000100101001)]"
PROBLEM_median__ARGS_TAG_BF__MUT_001,7119,median,Tag-BitFlips,0.001,0,True,21,468,358,"[TestNumLess-Tag(1011001100010000,0111010011100101,1101001111100000),IfNot-Tag(1100101111100101,1000011110001000,0010001010111000),CopyMem-Tag(0010001101011010,0101010000000101,1111001000000011),LoadNum3-Tag(0100000111100110,0010100100010011,1111111111000000),TestNumGreater-Tag(1100100010000011,1100001110111110,1000000011110010),Close(0001011010100010,1011111001001111,1110100000011001),Set-1-Tag(1111111111011110,1011000010010111,0101111111110100),While-Tag(1111101010110011,1101011001000010,0110111111011010),SubmitNum-Tag(0001011001010100,0110011110111110,1110000011000000),LoadNum1-Tag(1011110110001111,1000010101000111,1010010010100110),TestNumGreaterTEqu-Tag(0111111100101110,0101001001010111,0101101111111010),LoadNum1-Tag(0101000001110110,0101010110101100,1111110000001001),IfNot-Tag(0000011100011111,1000010100110010,1011111001110110),LoadNum3-Tag(0100010100110100,1011011001101100,0000101011000101),LoadNum2-Tag(0100010110100111,1110101101010100,1111100010011100),Set-4-Tag(0001010110001110,1111101110010100,1100111101100011),Not-Tag(1110110011011101,1001111110100000,1110010010111111),While-Tag(0100001010110111,1111011111110010,0001001111101101),SubmitNum-Tag(1111010110000111,1100100100101001,1000100111100110),LoadNum1-Tag(0111010110010110,0111010001111101,0001100001010011),TestNumLessTEqu-Tag(0111010110000100,1011011110100110,0000010011111001)]"
PROBLEM_median__ARGS_TAG_BF__MUT_001,7120,median,Tag-BitFlips,0.001,0,True,31,427,168,"[TestNumGreaterTEqu-Tag(0010011000110000,0111000100100011,0011011011111011),Sub-Tag(1010100011111000,1001011100010001,1000001110111011),LoadNum1-Tag(0011111100101100,0000101111111010,1111111000110000),Sub-Tag(0100111100011101,1000010101010110,1100000011111100),LoadNum3-Tag(0110110101101101,1011001000111000,1011110101100000),While-Tag(1111111101010101,1011111101111010,1110011000110110),Sub-Tag(0010011010010000,0010011110110010,0011111010110110),Set-9-Tag(1000010011100110,1000100111101000,0011000000111010),Floor-Tag(1100011101110000,0110010101100101,0110000000001100),Set-10-Tag(1111001100111010,1011000101011100,1101010101111110),TestNumLessTEqu-Tag(1101111100111001,0111100001011010,1001111100110010),Set-1-Tag(1101011101101110,1011110100010110,1000011001010110),SubmitNum-Tag(1001111101001010,0010101101101110,1110010001001101),Div-Tag(0101111001011100,0001101101101011,0001000011110101),While-Tag(0000001100110001,1110101000110011,0010010101111110),Sub-Tag(0110011000110101,0000111101000001,1010001110111010),Sub-Tag(1110111001101110,0010001101101110,1111011101100000),TestNumLessTEqu-Tag(0010011001011101,0110101111110110,0011001010110110),Set-9-Tag(1010101001000110,1000100010100100,0110000100111110),Close(0011111010011000,0011001011001110,1000111010011000),CopyMem-Tag(1111100000101011,1111001001001111,1000100101101000),Sub-Tag(0000110101000110,1000011011001101,1011101110101011),Set-12-Tag(1010111101111111,1001001101110000,0001010001001000),Set-7-Tag(0111111100111110,0000100101101101,0110011101100111),LoadNum1-Tag(0100011011011001,1010111101110001,0010111001101111),TestNumGreaterTEqu-Tag(1100111100000011,1001101100111001,0101010010100100),TestNumLess-Tag(0011111111010000,0100111111110010,0111101111111110),SubmitNum-Tag(0000000101010111,1110100000111010,1001110010110101),LoadNum3-Tag(0000110111010101,0010010011001000,0110000011101100),TestNumGreater-Tag(1011111100101000,0001000001011111,1101111111010010),Div-Tag(1000010000000100,1010101011010001,1110101000110101)]"
PROBLEM_median__ARGS_TAG_BF__MUT_001,7121,median,Tag-BitFlips,0.001,0,False,NONE,NONE,NONE,"NONE"
PROBLEM_median__ARGS_TAG_BF__MUT_001,7122,median,Tag-BitFlips,0.001,0,True,31,499,368,"[LoadNum1-Tag(0001011010000001,1100111001111000,0111000000110000),LoadNum2-Tag(1011111001100100,0110000111001010,1001101001001111),LoadNum3-Tag(0001001111111110,1001100110010111,1010001110010000),LoadNum2-Tag(1011100011101110,0110010010110101,1101101100010111),CopyMem-Tag(0101011000001001,0101110101000111,0111011010101110),TestNumGreater-Tag(0001000101100010,0111001111101100,0010010100110100),SwapMem-Tag(0100010011111011,1001001111011110,1010000010001010),LoadNum3-Tag(0100101111100010,0011011110010001,1111001101010111),Close(1101110000011001,0000110110111110,0111010100111010),TestNumGreaterTEqu-Tag(1101011111101111,0101010110001110,0101101011101101),Set-11-Tag(0010011000110011,1101110101111100,0000001101101001),Set-11-Tag(0000011111011101,1001010111001011,0110010000111001),SubmitNum-Tag(0100010011001011,1010100100101101,0001010010010010),SwapMem-Tag(1100110111110001,0101000000100011,0111100100100101),LoadNum1-Tag(1100001010000111,1101001110011100,0110010010011011),Dec-Tag(1110010111111110,1000011001111110,1110111011011001),Set-4-Tag(1011111110110010,1110010110100001,0001100010100010),IfNot-Tag(1010100010101110,1101001000001111,1101111000001010),IfNot-Tag(0101000010101101,1010110100010001,0101001111001001),If-Tag(0100000111110001,0000100100111101,1000110110000110),LoadNum2-Tag(1100000101111101,0111011111000110,0011001100111000),SubmitNum-Tag(1011011101000101,1000000000010100,0010110000100101),Close(1110010100101011,0010001010111000,1101100001101000),TestNumLess-Tag(0010001011111110,1100000111001010,1111111000111001),Set-16-Tag(1111010001010110,0000101100011101,1011110110011101),Close(0100101011011000,0101111110110010,0010010000001001),SwapMem-Tag(0101010111001011,0001001001010011,0110001110111110),Close(1111111000100010,0001110111010110,1001101011000001),TestNumGreaterTEqu-Tag(1110100111010011,1010101000100101,0011010111100111),Countdown-Tag(1111101011001100,0010001100011011,0111110000101110),TestNumLessTEqu-Tag(0101110000101100,1010001101010011,0011111111111010)]"
PROBLEM_median__ARGS_TAG_BF__MUT_001,7123,median,Tag-BitFlips,0.001,0,True,30,357,159,"[SubmitNum-Tag(0100111101010100,0010101010100111,1001111110011010),Not-Tag(1101000110000111,0011010010011010,0001110010100111),Floor-Tag(0111110011110111,0000111110110110,0110111000111110),TestNumEqu-Tag(0011111111011101,0111001101100000,0000101111101111),LoadNum3-Tag(1101100000100001,1100010111110000,0110011010001101),TestNumGreater-Tag(1001110000100000,0111110111011001,1100100010001000),LoadNum2-Tag(0101111111011010,0110001111111100,1100000010010010),CopyMem-Tag(0000011100111010,1100101101001101,0100010000101101),Mult-Tag(0101010111001111,1111110101101100,1101111001100001),LoadNum1-Tag(1100000100000000,1000011110000011,0001100101010010),TestNumGreater-Tag(1011110101100110,0110101111010011,0010101100010010),TestNumGreater-Tag(0010101110011111,1111110011101101,1011011101100110),While-Tag(0111010110101010,1110100110101000,1010111111100101),IfNot-Tag(0001011010011100,1101111010000011,0111111111100010),Close(0110100001101010,1101001101100001,0110001001110001),Add-Tag(0100010010101000,1001110010001111,0111000011011101),SwapMem-Tag(0011011110011111,0011101110110010,1010010001000110),Set-2-Tag(0001101110000100,1000000001111000,0001011101101001),Close(0100101000110001,0001011000000011,0100111101010001),CopyMem-Tag(0001001000010011,1110111100001000,0110000100101111),TestNumEqu-Tag(0010100011101011,0100100000000001,0010000101010001),LoadNum1-Tag(0100000100000100,1010010010011000,1110000110110010),TestNumGreater-Tag(0000111110001110,1111111110101100,1011011001111110),SwapMem-Tag(1110100100000010,0111110011000011,0111000000010101),While-Tag(0101010110101110,1001101110001101,1011111101100101),IfNot-Tag(1001111100011000,1001111000001111,0110110100100001),Close(1110110001101010,1101000010101011,0011000011101001),SubmitNum-Tag(0011010001001001,0011010101001100,1010111110001100),Set-2-Tag(0100100111010000,1001001111010000,0110010010010100),SubmitNum-Tag(1101110010010111,1111001001001110,1010011001011011)]"
PROBLEM_median__ARGS_TAG_BF__MUT_001,7124,median,Tag-BitFlips,0.001,0,False,NONE,NONE,NONE,"NONE"
PROBLEM_median__ARGS_TAG_BF__MUT_001,7125,median,Tag-BitFlips,0.001,0,True,22,455,254,"[LoadNum2-Tag(1100001101000101,0110010101000100,1011001001101101),Close(0100001101110110,0100010000000011,1011001111101111),SubmitNum-Tag(1010101011101001,1001110010010010,1001000001110110),TestNumGreaterTEqu-Tag(0011010010110001,0000000101110001,1101010010100011),CopyMem-Tag(1110001000010011,1000101110001000,1000000001110011),TestNumLessTEqu-Tag(0011110110110000,1100111101100111,1001100001010110),Div-Tag(0101001111011001,0100011000110011,1111111110000101),Break(1110000100111100,0110101011010110,0100110111101000),Set-6-Tag(1110011101101000,0001100100100110,1110001000100101),TestNumLess-Tag(0100101011001011,1010001110101010,1110000010100000),SwapMem-Tag(0110110001100001,0101101001110010,1000000101000011),While-Tag(1010110000011001,1011101010110010,0011000110011010),SubmitNum-Tag(0000100001101000,1111100111111100,0011010100110000),Mod-Tag(0001111101100000,1000001000100101,0001001011110010),TestNumLess-Tag(1001111101111010,0110100010001101,0000111100010010),Div-Tag(0000110111001111,1111010100100011,0010101001001011),LoadNum2-Tag(1100110101001001,0011011011111100,0000111010011000),Countdown-Tag(0001101110001111,0100011111101110,1110101110011101),LoadNum1-Tag(1110101001101001,1111110100100000,1000010000110010),While-Tag(1011101011000001,1101011111111001,1011010110110000),IfNot-Tag(0100111101101010,0111100011000101,0001001101111001),Set-7-Tag(1010110011100110,0100001101010011,1000001010100101)]"
PROBLEM_median__ARGS_TAG_BF__MUT_001,7126,median,Tag-BitFlips,0.001,0,True,24,373,195,"[Sub-Tag(0111101100110100,1110111010111011,0011100011000100),TestNumGreaterTEqu-Tag(0011011011010110,0110101111100001,0000010001001010),SubmitNum-Tag(1111101111101001,0111101100111010,1101110000101001),TestNumLessTEqu-Tag(0111011011010110,0101000100111101,1111011111010110),TestNumGreaterTEqu-Tag(0110000010010011,1101101100101010,0010101101100110),LoadNum3-Tag(1100000000001000,0101111001001000,0001110101100010),IfNot-Tag(0000111100100000,1110001000001111,0001100011101100),CopyMem-Tag(1111110011101110,1011000000110101,1010001100001010),Close(1000000101010010,1000011001101000,0110010000100000),Not-Tag(0010000000101010,0101011011011111,1001111000001011),If-Tag(0011001110110101,0011010100010100,1101111100011001),Set-9-Tag(1100011001010001,0001101101010001,1111110111110111),LoadNum2-Tag(1111110111100110,1100100000100010,0111001011010110),SubmitNum-Tag(1111101110110001,0111110110100001,1101100000101111),Countdown-Tag(0000101110110000,0011100100010101,1011110110111111),While-Tag(0100010101111111,1100101001111010,0100001000100101),TestNumLessTEqu-Tag(1011011010010110,1101000100111110,1101011011010111),IfNot-Tag(0000111000000000,0010001000001110,0011101111001001),CopyMem-Tag(0110110110101110,1011000000110111,1110001100001110),Close(0110101010000111,1011011110011000,0110100000100100),TestNumLessTEqu-Tag(0000100001001010,0101111011110010,0001011101001010),LoadNum3-Tag(1010111111111011,0000111011001011,0100110110100111),If-Tag(0010000100111101,1010100000010101,1101101101001011),SubmitNum-Tag(1100011111101101,1100111010101000,0111100000000111)]"
PROBLEM_median__ARGS_TAG_BF__MUT_001,7127,median,Tag-BitFlips,0.001,0,True,18,476,141,"[TestNumLess-Tag(1100111001111110,0001000001000001,1111110100101111),Sub-Tag(1010111110110111,1001111100001011,0000111100111010),Close(1110011111000011,0000010111000011,1110111001001000),LoadNum3-Tag(0101010111111111,0000111110010010,1111111101001101),IfNot-Tag(1010000011111001,0010110010100101,0100000110010001),TestNumLessTEqu-Tag(1111101001101100,0100110010010101,0110100101010001),TestNumNEqu-Tag(1100110100011111,1100110101001001,1001001011111110),Set-14-Tag(1000110001110101,0010100011000100,1000111101100000),TestNumLessTEqu-Tag(1100011000000010,1000010000100100,1011100011000110),SubmitNum-Tag(0101100101110011,0100100101010001,1101010001000100),Set-6-Tag(1100011001100001,1011111001011101,1000100111100110),TestNumLessTEqu-Tag(1111110001111010,1101100110011101,1110000011110101),LoadNum1-Tag(0001010101100100,1001100101000101,1000011000110111),Set-7-Tag(0010010011001000,1010000010110110,0011010000101011),Countdown-Tag(1100010011111001,0011000100101000,1101100110011010),LoadNum2-Tag(1100011101110100,0101100010111000,1000101100001000),SubmitNum-Tag(0100100011110100,0100101000101000,1100101001011010),SubmitNum-Tag(0000001110110000,0000100001101110,1001101001001111)]"
PROBLEM_median__ARGS_TAG_BF__MUT_001,7128,median,Tag-BitFlips,0.001,0,False,NONE,NONE,NONE,"NONE"
PROBLEM_median__ARGS_TAG_BF__MUT_001,7129,median,Tag-BitFlips,0.001,0,True,43,485,429,"[TestNumGreaterTEqu-Tag(1110111001111110,0111000101011011,0110010000000101),Floor-Tag(0101001100100110,1111010011000011,1111010111010111),LoadNum1-Tag(0111100101001011,0110111101010111,0100010101001011),TestNumLessTEqu-Tag(1110001001101001,0011101100011110,1010101011101101),Set-2-Tag(1100010010110010,0110101000101010,1100010010110010),Sub-Tag(1000100010110001,0101010011011000,1000110011100000),Set-8-Tag(0010001000001101,1000000010000010,1110101010001111),Div-Tag(1001101000010101,1101001000101000,0010111010010110),LoadNum2-Tag(1100001010100111,0111110001110011,1111010101110100),Div-Tag(0011111110010000,0100010011101011,0101011101100111),Close(0111001110101111,0101011000101001,0100001000000111),TestNumLess-Tag(1101001001000111,0000001100010111,0100101000111111),LoadNum3-Tag(0011011010000100,0011110001000011,0110110010000101),SubmitNum-Tag(1100101110000000,0110101110110110,1000000101110111),Countdown-Tag(1000101000010001,1011110001011110,0100000000111100),TestNumEqu-Tag(1101101110010110,0100101010001110,1100001010010101),Set-9-Tag(0001001110011110,0001111101010010,1010101111110110),Not-Tag(0110000001010100,0100100001100011,1010011001111000),Close(1010011110101101,1011110100011011,1100101000110110),Dec-Tag(1001111110001001,0111001010010011,0001000100011010),SubmitNum-Tag(0111101111001011,0110100010111000,0111001011010011),While-Tag(0101011101010101,0000010100101101,0111010001000101),If-Tag(0000110110100010,0011010000111111,1010101001111011),Inc-Tag(0011100011100011,1000001010101011,1000100111001010),Set-14-Tag(0000001100101010,1110101011010100,0110001110100111),LoadNum3-Tag(0000111011000010,0011011010111000,0111110111001011),LoadNum2-Tag(1100111010000111,0101001111010111,0100101110111101),Set-9-Tag(1110101010100000,0101100110100111,0111000011110100),Set-14-Tag(1001110011011100,1101110000100000,1010101111010110),LoadNum3-Tag(0101110000101101,0010001011101101,1001010100100111),Set-13-Tag(1001110101111101,0000100101000000,1110100100011100),Div-Tag(1011000001101010,1010011100111100,1001000010111101),Set-1-Tag(0110100000110100,0001001110011100,0011000001101100),TestNumGreaterTEqu-Tag(0001101000101110,1101111000100001,0010000101000000),Set-3-Tag(1100010000000011,0000001100011010,1101100111011011),Add-Tag(0001110111001010,0011101001000110,1110111100101111),Div-Tag(1011010001001000,1111100101101011,1110011100101111),LoadNum1-Tag(1010000010100110,1101111110001110,0010011010101110),TestNumLess-Tag(0001010110010001,1011110100010100,1010101100110110),SubmitNum-Tag(0110111001001010,0100100010000101,1011111101001010),Not-Tag(0011100010111100,0101001011001110,1000000100001011),SubmitNum-Tag(0001111011110000,1110001000001000,0110000111110011),Floor-Tag(1011110000000000,0111100101010010,0110001001110001)]"
PROBLEM_median__ARGS_TAG_BF__MUT_001,7130,median,Tag-BitFlips,0.001,0,True,13,487,151,"[TestNumLess-Tag(0111000100111111,0101010001110111,1001110010100110),TestNumLess-Tag(0010011100111100,1001001101011110,1011111110101100),Add-Tag(0010111011111100,0011000011001111,0001110001001110),LoadNum3-Tag(1000100111011111,1011110100111000,1010110011000001),LoadNum1-Tag(0011001101110111,1100010100011011,0000010110011100),SubmitNum-Tag(0001110100101000,0101100111110011,0010101101010010),Sub-Tag(0010010100000000,0000101100100100,0101111010011111),TestNumLessTEqu-Tag(0011111101000100,0001101111100010,0110111100100100),IfNot-Tag(0110101110101111,0110010101010000,0010110101101101),SubmitNum-Tag(0011001010010000,1101001101100100,0000011111100100),Sub-Tag(1110011110000000,0100001100101101,0110110111111100),IfNot-Tag(0011001111101111,1101000001011001,1000000110001001),SubmitNum-Tag(1011010101001100,1100011110111001,0011100001001110)]"
PROBLEM_median__ARGS_TAG_BF__MUT_001,7131,median,Tag-BitFlips,0.001,0,True,24,491,321,"[LoadNum1-Tag(0000100000001010,1110010010100000,1111000111101000),SubmitNum-Tag(0011111111110010,1000011001000001,1001110111101001),Set-12-Tag(0101100101111100,0110001111111001,1100011010110110),While-Tag(0000010101001001,1111101110110101,1111010100100111),LoadNum2-Tag(1111000001110110,0000000111111100,0111100111111010),Add-Tag(0101101011001101,1011000001010011,1101100000111001),TestNumGreaterTEqu-Tag(0110001110110101,0000101011000110,1000011011000111),TestNumGreaterTEqu-Tag(0010101010110111,1111000010110111,1101001101000101),SubmitNum-Tag(1010000010110010,1010000011111010,0010111011000111),LoadNum1-Tag(1001110001110111,0100010000110100,0101111001000110),TestNumNEqu-Tag(1000111000000100,0111010011010001,0011110011111001),LoadNum2-Tag(0010001111010011,0111010100000111,0001110111011111),IfNot-Tag(0100101011010001,0010000111100111,0111111110110110),SwapMem-Tag(0110111101100011,0001010110010110,1011001000110010),TestNumGreaterTEqu-Tag(0011111000110110,1000000010010000,0111110011011110),Countdown-Tag(0011101111011111,0110110101000110,1010001110010000),TestNumLessTEqu-Tag(1000101110101101,1001110110101111,0111010111101000),Set-1-Tag(0111101000001010,1111110000111000,1000011100111011),SubmitNum-Tag(1101111001100010,0001010110100110,0110010001111011),Set-8-Tag(1011010001110000,1101111101100001,0000010111000011),Countdown-Tag(0001011001111010,0001101100010101,1001110111010000),LoadNum2-Tag(1010010001110011,1111001100000111,0000110010101010),TestNumGreaterTEqu-Tag(0001100001001110,0100110100110011,0101100111110110),Not-Tag(0001001000101111,1010100010010010,0110001010011010)]"
PROBLEM_median__ARGS_TAG_BF__MUT_001,7132,median,Tag-BitFlips,0.001,0,False,NONE,NONE,NONE,"NONE"
PROBLEM_median__ARGS_TAG_BF__MUT_001,7133,median,Tag-BitFlips,0.001,0,False,NONE,NONE,NONE,"NONE"
PROBLEM_median__ARGS_TAG_BF__MUT_001,7134,median,Tag-BitFlips,0.001,0,False,NONE,NONE,NONE,"NONE"
PROBLEM_median__ARGS_TAG_BF__MUT_001,7135,median,Tag-BitFlips,0.001,0,False,NONE,NONE,NONE,"NONE"
PROBLEM_median__ARGS_TAG_BF__MUT_001,7136,median,Tag-BitFlips,0.001,0,True,28,391,293,"[Add-Tag(1110010001110111,0011100101110110,1111111111110000),LoadNum1-Tag(0010011000001100,1101110110001010,0101001010000000),LoadNum2-Tag(1100010010110011,0111101110101001,0100111101001000),Add-Tag(1001010011101011,0100111100001110,0011100011110101),Close(1100110000100110,0000001100110110,1001001110010010),Close(0111010100111001,0110011001011100,1001101001110100),Floor-Tag(0000011111000001,0010100001110100,0000100100010110),TestNumLessTEqu-Tag(0001000001001010,0000111000110001,0010101100001010),TestNumLessTEqu-Tag(1100001101001000,0001111000111110,0110111001101101),Set-2-Tag(0011101010000011,0100100110110010,0101011110011001),Set-15-Tag(1010010011001001,1010011100111011,0010110111110110),TestNumGreaterTEqu-Tag(1001101100100001,1100011101111100,1001010101001100),Add-Tag(1110100101011110,1111010101001110,1000111110110011),Set-16-Tag(0010001011001001,0110010000010000,1000100100010111),SubmitNum-Tag(1011101011001110,1101100101110011,1010010100001001),Countdown-Tag(1001010101110010,1011101111000101,1001110011100101),Set-16-Tag(0111100011001000,1110010010000011,0100100101100001),Close(0001000110111001,1001011000100010,0101100101000101),Dec-Tag(1100101011001011,1011001010000110,1000100010001011),LoadNum2-Tag(1110111111110001,0000101110111000,1001110001110010),SubmitNum-Tag(0011001101100000,1000110101011000,0101010000111101),While-Tag(0000010000000010,1111100001010000,1010101010100010),TestNumLess-Tag(0000100100101110,0111001111000001,1001100111010100),LoadNum2-Tag(1100011000110111,1111001101010010,1000110111110001),LoadNum1-Tag(1011111001100110,1010111111110101,1101101001011000),CopyMem-Tag(0010011101110000,1101011101001000,1011000011100000),Add-Tag(1001001110101001,1000011000111001,0000100101110111),TestNumEqu-Tag(1101000101101110,0000010000011110,1000111100100010)]"
PROBLEM_median__ARGS_TAG_BF__MUT_001,7137,median,Tag-BitFlips,0.001,0,False,NONE,NONE,NONE,"NONE"
PROBLEM_median__ARGS_TAG_BF__MUT_001,7138,median,Tag-BitFlips,0.001,0,False,NONE,NONE,NONE,"NONE"
PROBLEM_median__ARGS_TAG_BF__MUT_001,7139,median,Tag-BitFlips,0.001,0,True,21,458,458,"[Close(0010101000100110,0111111110100111,0100111111011100),Set-15-Tag(1001100010001001,1101010110011010,1000001110001100),LoadNum1-Tag(0000011111010001,0001010110111110,1001010010100010),Add-Tag(1110001011101000,0001110010011001,0011010011100010),Break(1010110100001110,0101010010010011,1011000011110101),Dec-Tag(0001100101011110,1110011010011100,0010110001011101),LoadNum2-Tag(1110100111101010,1000110100101000,0101110000001001),TestNumLessTEqu-Tag(0100101111101000,0001011101011001,1011001110010011),LoadNum2-Tag(1100101111111001,0110101011101010,1001011010001010),LoadNum3-Tag(0101100001000101,0100101111100110,0001011101111111),Countdown-Tag(0010011011100011,1101001001011101,1010010111100100),SwapMem-Tag(0101100100010111,1011101111111010,0000010100000100),SwapMem-Tag(0110101100110111,1000100001101000,0010100000101101),Set-7-Tag(0001001110101000,1000100100000101,1011111000100000),SubmitNum-Tag(1111010001010110,0001011111001001,1001110100000101),TestNumLessTEqu-Tag(1010111001111010,0001000111010110,0010011001000010),LoadNum1-Tag(0001110001010000,0010111110010001,1111110011110100),While-Tag(1010110001101010,0001001101001010,1001000001110001),Not-Tag(0010001110111111,0111010010101011,0101110011010111),Countdown-Tag(0010111111010010,0111000101011100,1110111101111011),Return(0000111011110110,0000100111001011,1000000010110001)]"
PROBLEM_median__ARGS_TAG_BF__MUT_001,7140,median,Tag-BitFlips,0.001,0,False,NONE,NONE,NONE,"NONE"
PROBLEM_median__ARGS_TAG_BF__MUT_001,7141,median,Tag-BitFlips,0.001,0,True,33,467,165,"[Close(1001110100001011,1010111010010100,1011000101101000),LoadNum3-Tag(0010011111100111,0010111001111011,1010011010011111),TestNumLessTEqu-Tag(0111010001111101,0000010110101000,1011011010011011),TestNumNEqu-Tag(1011011001011011,0001100001110011,1000111111001010),Floor-Tag(1101001110001100,1100011111100101,0110101101100100),TestNumGreater-Tag(1110010111110110,0011001010110111,0001101100011100),Set-2-Tag(0100111011111100,0101100010101000,0000101010010100),TestNumEqu-Tag(1001000010000000,1010011000011010,1110000110010001),SubmitNum-Tag(1101000001010000,1111101111000010,1011000111101000),TestNumEqu-Tag(1011110011011000,1000110000111001,1000110110010011),Div-Tag(0100010111010111,1000111111010100,0001000011101011),Dec-Tag(0010001011101001,0101011010110110,0010110101001100),While-Tag(0111101001101111,1101110100001101,0101010011011000),Set-3-Tag(0001100001000011,0101101000101110,1100001100001011),Set-8-Tag(1010011011011100,0000100001011100,1111111011000011),Set-0-Tag(0001001011011111,1100100011010001,1100010110111000),Sub-Tag(0111111101011010,1010100100101010,0101011100101111),Set-1-Tag(1111000110111111,1110011010100010,0101110100011000),Set-7-Tag(1100000101001010,1100000110100101,1001110000101101),TestNumLessTEqu-Tag(0001111010111110,0100101110001110,0101011001101111),LoadNum2-Tag(1101011010110111,1101101001010000,0110000001011111),IfNot-Tag(1001100111101010,1111010001000011,1101011001100010),Set-16-Tag(0010011110001110,1011110011100100,1101000001101101),Close(1110110011100100,1100010101011100,0010001101011011),TestNumNEqu-Tag(0110001101101111,1011100101011000,1011010001101010),SubmitNum-Tag(1110001001111110,0111010010011100,0000111000111101),Floor-Tag(1111001010001100,1101011110000110,1111100101111010),Floor-Tag(1110101110000010,1110100110101100,0001100110011100),TestNumLess-Tag(0100100100100000,1111010000100111,1000111111010011),SubmitNum-Tag(0111101110000011,0101110100010011,1011111110110101),LoadNum1-Tag(1111001100011001,1010010101011101,0011000101011110),Countdown-Tag(0010111000001001,1111111100000000,1101000100101110),LoadNum3-Tag(0101110010101100,1110001001000100,1000101010100001)]"
PROBLEM_median__ARGS_TAG_BF__MUT_001,7142,median,Tag-BitFlips,0.001,0,True,18,500,349,"[SubmitNum-Tag(0111110110110101,1101101010000000,0111011101100100),Add-Tag(0010100101011101,0101001101001101,0000110101101011),TestNumLessTEqu-Tag(0111111001011111,0100010000101100,1101000000101011),TestNumLessTEqu-Tag(1101111011010000,0011001000100110,0110010010110001),LoadNum1-Tag(0111000111101100,1001100010111110,1000001010100101),Countdown-Tag(1110000001001100,0001000101001100,1100000100011001),LoadNum3-Tag(0100111100111010,0011010111010100,1011010011100111),Not-Tag(0111011011111000,1110000010000000,1111000000110011),Close(0000010010000110,0100010010010001,0000100000011100),Set-5-Tag(0111100000111000,1110010010001101,0010000011000001),LoadNum3-Tag(1111110100011111,0111111101001111,0010010011000100),While-Tag(0110100001000010,0100001101100100,0011000101101001),TestNumLess-Tag(0111101110110111,0000100100111111,0101100111110101),IfNot-Tag(0100111010010000,1010100101101010,1010100111101111),LoadNum2-Tag(1111011110110111,0000110100110100,0000010011110001),SubmitNum-Tag(0011000100111100,0000110100101111,0111011110000001),While-Tag(0101010000010010,0000010010001001,1011011110001100),SubmitNum-Tag(1100011110111010,1100011100000001,1111011110001100)]"
PROBLEM_median__ARGS_TAG_BF__MUT_001,7143,median,Tag-BitFlips,0.001,0,False,NONE,NONE,NONE,"NONE"
PROBLEM_median__ARGS_TAG_BF__MUT_001,7144,median,Tag-BitFlips,0.001,0,False,NONE,NONE,NONE,"NONE"
PROBLEM_median__ARGS_TAG_BF__MUT_001,7145,median,Tag-BitFlips,0.001,0,True,32,423,328,"[Sub-Tag(1011100000111111,1111101101001011,0100110000000110),Mult-Tag(1100111010101001,0000000110111000,0111110110110001),LoadNum1-Tag(0101000000111100,0100110010111001,1011000010110010),Add-Tag(0000000101100010,0000111110011101,1000010110110110),LoadNum2-Tag(1100100111100000,1001010101110010,0011000010001010),LoadNum2-Tag(0111100001111101,0111101100101100,0111010010011110),TestNumLessTEqu-Tag(0111011100000010,1110010100010110,0100001000011110),TestNumLessTEqu-Tag(1110011100000011,0101000101101111,1010101000110101),Set-15-Tag(1010100010001011,1100010101101111,1111100011011100),Mult-Tag(1100100111011001,0010010011000101,0000100100011100),SwapMem-Tag(1100100110001100,0000000011001100,0001101101001111),Close(0000111101000001,1110101010100100,1110110011100001),Div-Tag(0010000011011001,1000111011110101,1110111111000111),LoadNum3-Tag(1110001010100111,0110100001000111,0101001001101000),SubmitNum-Tag(1110001111011111,0100011110011010,1011001111000101),IfNot-Tag(1100100110100001,0010001111111011,0010101111110010),LoadNum3-Tag(0110010011010111,0101101111011100,0110111111101010),TestNumLessTEqu-Tag(1110010011101101,0010110000111001,0000101101111011),LoadNum2-Tag(0110100011111111,1000001001111101,1111010000100011),Set-3-Tag(1111101100001001,1001100101111111,1011110110010110),TestNumEqu-Tag(0101000100111010,1000011100011101,0011110110110100),While-Tag(1001100001011010,1001001001000011,0011000000101101),Sub-Tag(0001000101001101,1001110101110110,1101000111001110),LoadNum1-Tag(1010011011001110,0011011000001001,1000110011110101),SubmitNum-Tag(0000011011010110,1110110001101111,1000001110011101),LoadNum3-Tag(0010000010011111,0011011111011101,0011111111100110),TestNumGreater-Tag(0110101111000011,0111010011101111,0011100001110101),While-Tag(1010010111110011,1000111011100011,0001101111111011),TestNumNEqu-Tag(0001100101110111,1000111011101000,0100010101101011),TestNumGreaterTEqu-Tag(1010101011011110,0111100111101011,1111000010101000),While-Tag(1111001010011110,0011001010011010,1100100101000001),Inc-Tag(0101001111101110,0010100110010100,0111000010100110)]"
PROBLEM_median__ARGS_TAG_BF__MUT_001,7146,median,Tag-BitFlips,0.001,0,True,38,209,209,"[LoadNum2-Tag(1011111010010101,1000001010111011,1001111010011110),TestNumGreaterTEqu-Tag(0000100100010010,1100110100110101,0110011101101100),LoadNum3-Tag(0001111111001011,1111111101110110,1110011111000001),Mod-Tag(1100111001101011,1110001101100110,1001010001110111),Dec-Tag(1111000111111111,1100110111001110,0100001110010010),Close(1101001111101011,0011111011111100,0001100010101000),Set-14-Tag(0010100010101110,0010100101100010,1001100100100011),Set-6-Tag(1111110000010111,1011111110101011,0010010110010100),Set-8-Tag(1110110001111010,1100111110001001,0101000011000001),SubmitNum-Tag(1110110111111111,0001011110110100,1010011101010100),TestNumGreater-Tag(1010100001001101,0100111110101010,0110111101000011),Add-Tag(0111010101101010,1101001000110110,0110110111111001),Set-8-Tag(0011000101110001,1011010010110110,1111011110010100),Set-12-Tag(0000111010111001,1101000001011000,1100010111001010),While-Tag(1110110101001100,1111111001001110,0111000001110011),Floor-Tag(0011010111100010,1111110011011101,0111111001010011),TestNumGreater-Tag(0011111101010100,0011110001111100,0011011111011001),SwapMem-Tag(0011000111111000,0101000110110000,1100001100100010),Set-3-Tag(1100111110100111,0110011011000111,1111101101000101),LoadNum3-Tag(0110011111001110,1000101010110011,0010011011111001),SubmitNum-Tag(0011101100011110,1111110101101011,0111010100111001),CopyMem-Tag(0101101001110011,1101110010000101,1011111110000001),TestNumLessTEqu-Tag(1000111101010010,0000110110001110,0010001000100110),Sub-Tag(1100101000001010,1011010100110100,1110000100111000),Div-Tag(0000011000101001,1100011101001110,0000110100010011),Mod-Tag(0111100011110001,1111111010001000,1011100101100011),LoadNum1-Tag(1001010101110110,1110100011000011,1100111110010110),Countdown-Tag(0110001101010011,1011001000010100,0010101011101000),Add-Tag(0101101000101101,1011111000101101,1110101001001011),SwapMem-Tag(1101000101101000,1010011011001100,1111001011101011),Div-Tag(0100100100010011,0010010001000100,1000011000011111),Set-15-Tag(0011001010001110,1011110001110100,0101101001110111),TestNumLessTEqu-Tag(0110110100000100,0111101110001111,0011000100001000),Mod-Tag(0111000000101011,0100100110110000,1110100000110100),Set-15-Tag(0011011011001111,0001000011000101,0010100010001110),Inc-Tag(1010100001000110,0000100011110100,0101001000101011),While-Tag(1011010100100101,1001101100011000,0111001111111100),Set-7-Tag(0001001001000110,0110001110000001,1001101110010010)]"
PROBLEM_median__ARGS_TAG_BF__MUT_001,7147,median,Tag-BitFlips,0.001,0,True,40,414,414,"[SubmitNum-Tag(1111010100111011,1010000000000010,1101110100010101),Set-3-Tag(0000000001110110,1011111000000111,1100111001110000),CopyMem-Tag(0010001101100000,0101111101111011,1011101000110110),TestNumGreaterTEqu-Tag(0111101100101010,0000110101010010,1100101001100110),Set-8-Tag(1101010100000000,0111100101101011,1010001010100111),Countdown-Tag(0001000100110101,0110000011000000,1110000111001100),SwapMem-Tag(0001001100011000,0100011101111011,1010101000110110),TestNumLessTEqu-Tag(1101101001100010,1010110111100000,1100110100110101),TestNumLess-Tag(1011101011111010,0010111110110000,1001100110010110),Set-7-Tag(1001101110101110,0001110101010010,0000000000100110),LoadNum1-Tag(1111111010110010,0111111011011001,1100011011110010),TestNumLessTEqu-Tag(0011000110101011,0101110110110010,0011011110001111),SubmitNum-Tag(0000001100111010,0101001011111010,1111111000111110),TestNumGreaterTEqu-Tag(1101001110101111,0001100110110010,1100000001110110),Set-6-Tag(0110011001010100,1100100001111010,1101010111010011),SwapMem-Tag(0000101110111011,1101011101111010,1000110000110101),If-Tag(1000110000000011,0110111110111110,1101101110010100),TestNumLess-Tag(1111100111101000,0001000110011010,0001000110000110),If-Tag(0100000010011111,0011100000101001,1001100000111100),LoadNum2-Tag(1111111001111011,0110000110110110,1111100110011110),Set-14-Tag(0101010011011011,0000101001111010,0001011011000110),Close(0110011101000000,0111010001010000,0101100110010010),Dec-Tag(1000000101110010,0111011000100010,0100011100110011),Close(1100110011101100,1100101110101111,1011010110100000),LoadNum2-Tag(0110010110110100,0110011101000110,0111100001001111),Add-Tag(0011100100101111,0110001100001001,1111001101001000),While-Tag(1101000110011000,0111010010000110,0100100010100001),Set-16-Tag(0110110110111110,0000100010110011,0000000011110111),LoadNum1-Tag(1100000011010011,0101101010000000,1000000111100111),LoadNum2-Tag(1110001011010001,1101111001110000,0000110011011010),Set-6-Tag(1011111011010110,1101110101010001,1100010010000110),Set-16-Tag(1111010110001110,1010101011101001,0100000011111010),Set-5-Tag(1000100110111110,1101110100111010,1001101010000010),SubmitNum-Tag(1000000111001011,0100000011000100,0110101101111101),SwapMem-Tag(1101010110001000,1010000100001000,1110101011100110),Set-10-Tag(0101010100011000,0111111110100110,1001101100000111),TestNumEqu-Tag(1001110001101000,1101111000000101,0000111100000101),LoadNum1-Tag(0011000010111011,0101011011110111,1011011000100111),Floor-Tag(1010011001010010,0110100011100000,1000001001010111),SubmitNum-Tag(1010101100111000,1001101000111000,0011110111100111)]"
PROBLEM_median__ARGS_TAG_BF__MUT_001,7148,median,Tag-BitFlips,0.001,0,False,NONE,NONE,NONE,"NONE"
PROBLEM_median__ARGS_TAG_BF__MUT_001,7149,median,Tag-BitFlips,0.001,0,True,24,367,208,"[SwapMem-Tag(1100001111111011,0011001111001101,0010111000001111),Close(0100000100001111,1001110011111111,1010100011101010),LoadNum3-Tag(0100000100111101,1101100000011110,0001100000101111),SubmitNum-Tag(0100011011010100,1001010000101101,1011101011110001),Close(1111001111100011,1111100101001001,1011101100100011),Sub-Tag(1010001111010011,0101101111010101,1000000011100010),LoadNum2-Tag(0111101101111100,0011100010001101,1111010111000011),Dec-Tag(1011101101100101,0100011011100011,1111101111011000),TestNumLess-Tag(1100000001100110,1000010111110100,1100001101011111),While-Tag(1101010101001110,0110110001010111,0100000011101011),TestNumGreater-Tag(1101101001011111,0010101000101011,0110100000010101),LoadNum1-Tag(0001001110101010,1101011010100101,0000110000010111),Not-Tag(1011101000010100,1010010110111001,0110100101010110),Not-Tag(1100001110001010,0111000010010101,0000000010000011),TestNumLessTEqu-Tag(1011001101010011,1101111110101100,1111011010000101),TestNumGreaterTEqu-Tag(0010000110111111,1010010010101000,1101011000010111),TestNumNEqu-Tag(1110001110101011,1111000100110100,1000000011000010),SubmitNum-Tag(0010111101111110,1001110011001101,1001011000110100),LoadNum1-Tag(0111111110001100,1100010001011101,1100110001001111),SwapMem-Tag(0001110100010101,0000001111010010,0111001011110110),Close(1111111010001011,1010111011010010,0111010000111100),While-Tag(1000100101000010,1010100000001110,1000110011000101),IfNot-Tag(1111101000010000,1100101101111100,0111100000111110),Floor-Tag(0100010011000001,0011111011100100,0010010101110111)]"
PROBLEM_median__ARGS_TAG_BF__MUT_001,7150,median,Tag-BitFlips,0.001,0,True,9,437,233,"[Set-15-Tag(0010100100001000,0110111111101010,0111100011100011),While-Tag(1010101111101000,1000111111101100,0110001000011010),TestNumGreater-Tag(1000111011011010,0011011100111111,0010000011000101),SwapMem-Tag(0101101101011111,0001000010110010,0010100011111100),IfNot-Tag(1010000010000100,0001101001000111,0000001100001110),SwapMem-Tag(0101111001011111,0001000100100011,0010101110100110),SwapMem-Tag(0100011100010111,0011011100100010,1010100101100111),TestNumGreater-Tag(0101111011010000,0011011010100110,1110000011101000),SubmitNum-Tag(0111010011110100,1010101010101010,1011110001101100)]"
PROBLEM_median__ARGS_TAG_BF__MUT_0025,7451,median,Tag-BitFlips,0.0025,0,True,16,436,210,"[SubmitNum-Tag(0001010110111011,1001010101001101,1010110110101011),TestNumGreater-Tag(1011001001010011,0111111110100110,1000111100011001),SwapMem-Tag(0010001001100111,1010000001000011,1110100111111101),TestNumLess-Tag(0101101111001011,0001000101010101,0001100010000100),LoadNum2-Tag(1011001011010011,0100011100000011,1010110100010001),IfNot-Tag(1011100100011101,0111011001111110,0111001100001011),Dec-Tag(0101101011100110,1111111011011101,0111001110100011),Close(1110100100101101,1001001000111011,0000001100000000),IfNot-Tag(0101001110101110,1111111111100011,0101000001110001),SubmitNum-Tag(0010100100011011,0011010010010101,0010101110001001),TestNumLess-Tag(0101111010111010,1110010001011101,0100101110100100),IfNot-Tag(1110100111011000,0100111001110111,1111001001111111),Dec-Tag(0111001010110100,1010010111001010,1000110000101100),Close(1001101101111010,1001011100101111,0001001100001111),IfNot-Tag(0101000110100001,1101010010110001,1011110110101100),SubmitNum-Tag(1001101111111110,0100101000011011,0100000101111011)]"
PROBLEM_median__ARGS_TAG_BF__MUT_0025,7452,median,Tag-BitFlips,0.0025,0,True,35,408,337,"[IfNot-Tag(0010101001000011,0011000101010110,0001010100101010),SubmitNum-Tag(1001000000110011,1101000100011100,1101011010010100),TestNumLess-Tag(0100111011111111,1111011001010101,1111110111000010),LoadNum3-Tag(1000101000011111,1111001001111001,0010110100111110),While-Tag(0000101000111111,0111111011010111,1001011011011110),Set-14-Tag(0000100001111110,0110000011001111,0111001100001110),Set-1-Tag(0101011110101100,0000101110100010,1000000000111110),LoadNum1-Tag(0101100010001000,0001111101011000,0010100010011010),Sub-Tag(1011010110101110,0011111111111100,0110010110111101),IfNot-Tag(0110111011011101,1010010010010100,0001101110010011),TestNumLess-Tag(1001110111101011,0011111000110100,0101110000000011),Countdown-Tag(0000111010110001,0111010010101100,1010001100110010),LoadNum2-Tag(1010011101110010,0011000100110011,0100011001100000),TestNumLess-Tag(0101101011011110,0001101100110101,0101110000111010),Set-7-Tag(0110011011111010,0100110011010010,1001100001000111),Floor-Tag(1011110111110001,0010110111101110,0111000110100001),Set-14-Tag(0010110011101011,0111011101011110,0001000101101010),SwapMem-Tag(0101010111000001,1000100010111011,1010010100010000),LoadNum3-Tag(1011110010110110,0000000011101001,0101011101100000),Dec-Tag(1011000011100101,0010101001000010,1101000100000010),Close(1110111111001011,1100101001101010,0010000010001100),LoadNum1-Tag(1010101110111011,1010001100010111,0000001111111111),Set-16-Tag(0001111001101000,0111100000000000,1011010100001001),SwapMem-Tag(0011110111101100,0110011101110000,0000100011010010),CopyMem-Tag(1010100010000111,1111110000001010,1011110101101000),Set-3-Tag(1011000000001110,0000000110100100,0010111111010101),Set-4-Tag(0111001110001010,0101101101000110,0011101101010110),Floor-Tag(1000100111111001,0111011001101111,0010110111100001),Set-16-Tag(0011001010101111,0011010100100111,0101111100110011),Set-12-Tag(0010101010011101,1101010111000111,1011001110100100),LoadNum2-Tag(0011101100000101,0011011101000011,0010011110101010),SubmitNum-Tag(1110110111111110,0100110100101010,0110110001000110),IfNot-Tag(1011010011010011,1101110010011001,0101011011110011),LoadNum3-Tag(1011111010101110,1000001000010101,1011011110100101),LoadNum3-Tag(1101000110000100,0000101111100111,1111001110010100)]"
PROBLEM_median__ARGS_TAG_BF__MUT_0025,7453,median,Tag-BitFlips,0.0025,0,False,NONE,NONE,NONE,"NONE"
PROBLEM_median__ARGS_TAG_BF__MUT_0025,7454,median,Tag-BitFlips,0.0025,0,True,15,396,296,"[Set-10-Tag(0101011101100101,1100111010101101,0111001011111100),LoadNum1-Tag(0000111110010010,0001010110101100,1100011000000100),Countdown-Tag(0111011100010110,1100110000001010,1010000000100001),SubmitNum-Tag(0010110100110111,1100000110001101,1011100000110101),LoadNum3-Tag(1010111000111000,0010110110100100,0111101011110111),SwapMem-Tag(1000111001101111,1011001110100110,0011000010111101),TestNumGreaterTEqu-Tag(1010100001100111,0001101101110011,1110110100111100),LoadNum2-Tag(1111100110001011,0100110101100101,0111100111100001),Countdown-Tag(1101111110101110,1100111011011011,0010001100011001),TestNumGreater-Tag(0001111010011100,1000101010001111,0010111010100110),IfNot-Tag(1011011011101011,1110000111010101,0111001011000010),TestNumGreaterTEqu-Tag(0011001110001100,0000001110001001,0101101101000000),IfNot-Tag(1000110101101100,1011001101000110,0011100010010011),Not-Tag(1001000000101001,0011010100001000,0000100101101100),SubmitNum-Tag(1111100011011001,0000011111010011,1011110100010010)]"
PROBLEM_median__ARGS_TAG_BF__MUT_0025,7455,median,Tag-BitFlips,0.0025,0,False,NONE,NONE,NONE,"NONE"
PROBLEM_median__ARGS_TAG_BF__MUT_0025,7456,median,Tag-BitFlips,0.0025,0,True,42,432,182,"[LoadNum1-Tag(0100010111100010,1010001111110100,0110100011001010),Close(0110101100110011,0001000100000101,0011100111101000),LoadNum1-Tag(1110100100001011,0101010100010111,1000000110110011),Set-5-Tag(0111100111111100,1011011011010001,1011010110000111),Close(1010110101110111,0101000011001111,1001111001001010),Close(0010000110001111,0011101110010100,1011011101000011),Add-Tag(1101001000011111,1010010101000010,0101111010010111),Set-8-Tag(0101101010011011,1111101101110110,0000111111100010),Add-Tag(1110011110111100,0110101010011011,0001000100101001),Div-Tag(1011010110100100,1001110010100010,0100011100100100),LoadNum3-Tag(0000100011101111,1100110000101110,1011000100011001),LoadNum2-Tag(0111111100010101,1110110001000000,1011000110001011),TestNumLess-Tag(1100110101110011,0000001101011101,0110110101011110),SubmitNum-Tag(0101000111110101,1101011110111100,1100111010010001),Set-15-Tag(0010010011011010,0011110110011101,0010000111101000),LoadNum3-Tag(1001011000111001,1000100101111011,1111101110000011),Close(1110110000000110,1101010101000111,1000101011101111),Set-7-Tag(1011111100101010,0000111100000100,0111001011111001),Set-2-Tag(0001001101100000,1100111111000000,1010100011011100),CopyMem-Tag(1110110110001000,1101101011110100,1000111111111101),Countdown-Tag(0100001111111101,0001111011110101,0101011110010101),TestNumNEqu-Tag(0011000001011000,1010011000110101,1010000101111001),Mult-Tag(1011011100000010,1101101111010011,0010000010000101),Add-Tag(1010100001110111,1000111111101101,0011100001110010),LoadNum1-Tag(0011000000001100,1111111100100111,0011110101110001),Set-5-Tag(0000011010111001,1111100001001010,0010101110101110),Countdown-Tag(1001111010101111,1000011111010101,0010110100010010),SwapMem-Tag(0101000101111101,1010011101111110,1111111011110010),SubmitNum-Tag(1110110000111010,1101101001001001,0101110101010110),Set-9-Tag(0001010010110011,0000001111111010,0110110010101001),LoadNum3-Tag(1100101010110110,0000100010001110,0010111010100000),LoadNum1-Tag(1101001010101001,1111111101111111,1010101101011001),TestNumLessTEqu-Tag(1110111110100111,1110011100000010,1001110011111110),Sub-Tag(0010010110110101,1100011110011011,0100111111000100),SubmitNum-Tag(1011000000111110,1011011001100111,1111010001001011),TestNumLessTEqu-Tag(1100010001101010,0101100010100111,1110010011110000),Countdown-Tag(0110010110000101,0100011110110111,1110101011110100),Mult-Tag(1100011000101111,0001001001101101,1101101000100101),If-Tag(1111101100111001,1010000000011100,0100110000101110),LoadNum3-Tag(1101000100101111,0000011100011100,0110000101011010),LoadNum2-Tag(0001001100111011,1111111101001100,1101110001101110),TestNumGreater-Tag(1001100001101011,0011111001110010,1011001110111111)]"
PROBLEM_median__ARGS_TAG_BF__MUT_0025,7457,median,Tag-BitFlips,0.0025,0,False,NONE,NONE,NONE,"NONE"
PROBLEM_median__ARGS_TAG_BF__MUT_0025,7458,median,Tag-BitFlips,0.0025,0,False,NONE,NONE,NONE,"NONE"
PROBLEM_median__ARGS_TAG_BF__MUT_0025,7459,median,Tag-BitFlips,0.0025,0,True,31,432,268,"[SubmitNum-Tag(0100011100000101,0110100001010010,0100100010011110),SwapMem-Tag(0101011100111001,1000110100011011,0010011001000111),Close(1011110011001010,0110111000101011,1010100101011010),Add-Tag(0100101001011110,1100100010000000,0111111000111110),TestNumNEqu-Tag(0101010101110011,0000111111110110,1010000001011100),Sub-Tag(0110100110001001,0100011100001110,0100010001010001),Mult-Tag(1011011010110101,0101100111101101,0110011010110110),Break(0001010001011111,0011101010000001,1001111101000101),Set-11-Tag(1101100000100111,1001100101000000,0100111011011001),Set-1-Tag(1110101111101000,0001000100000011,1111111000100110),TestNumLess-Tag(0000001010100010,1000110111001101,1110011010111100),Set-13-Tag(1111110011010011,1111001000111010,1101101111100101),Set-12-Tag(1100000100001111,0001110100100110,0010010110000111),LoadNum1-Tag(1000001110000110,1001101010110001,0111100101000011),While-Tag(1111011010001010,1101101001010011,1110011110101110),SubmitNum-Tag(0010001000100011,0011100111110010,1010111101110001),Sub-Tag(0001001110101000,1010001111010010,1000011001001111),TestNumLess-Tag(1110001010111000,0100000001100101,0110001010011000),LoadNum2-Tag(0110000000100010,1110001100010111,0011100110110101),Close(0010110101101001,0011101101001010,0011011010111111),Sub-Tag(0101111001001010,1011111101001100,1001101001101111),SwapMem-Tag(1110001001001001,1111101111011011,1101111110101001),TestNumLessTEqu-Tag(1011001010000000,1111000101001100,0111110011001110),SwapMem-Tag(1110111111110010,0001100011011000,0101001100100110),TestNumLess-Tag(1110000111011011,1100100000011101,0100110010011101),TestNumNEqu-Tag(0101010010001111,1010010001000111,1100101010010101),Sub-Tag(1111010101101111,1110010110011011,0101100111110001),While-Tag(0110001001011000,1101100101111001,0100110111110100),LoadNum1-Tag(1001011001001000,1011001110000010,0000000110000010),SubmitNum-Tag(1000010101101010,0100110110101010,0100110111111001),Break(1010010011100010,0101110111111110,0001011100111011)]"
PROBLEM_median__ARGS_TAG_BF__MUT_0025,7460,median,Tag-BitFlips,0.0025,0,False,NONE,NONE,NONE,"NONE"
PROBLEM_median__ARGS_TAG_BF__MUT_0025,7461,median,Tag-BitFlips,0.0025,0,False,NONE,NONE,NONE,"NONE"
PROBLEM_median__ARGS_TAG_BF__MUT_0025,7462,median,Tag-BitFlips,0.0025,0,True,17,268,177,"[Set-16-Tag(1001110110000110,1001000000110011,1000111100001010),While-Tag(1000100011011100,0101010001000000,0111010110001101),LoadNum1-Tag(1110100110001000,1010001010111001,1111001101101111),TestNumGreaterTEqu-Tag(0111011100101011,1001000010100001,0000111011000100),Set-10-Tag(1011110010011101,0001111101101100,0100001110110110),SwapMem-Tag(0100111011110111,0001000000011011,0011011101000100),Set-8-Tag(1000100011101011,0111101110101000,1111101101101101),SubmitNum-Tag(0010000000100011,1001010010001110,0110001010011000),While-Tag(1100100100000110,0111001010010110,0000100000011000),LoadNum2-Tag(1011110100001110,1011100011101101,1110110001011010),TestNumGreaterTEqu-Tag(0111001100011000,0101011000001010,0101011001000000),IfNot-Tag(1001011001110001,0000101011111110,0000010011000010),IfNot-Tag(0100111100010001,1100100110011111,0001110010011111),LoadNum2-Tag(0010000000101000,0011101110111111,0100000010001011),TestNumGreater-Tag(1000010100011100,0001011100010010,0001100100000101),SubmitNum-Tag(1010010100011110,1111011001110011,0010011101010010),TestNumGreaterTEqu-Tag(1101101101111001,0100111100100111,0100110100001101)]"
PROBLEM_median__ARGS_TAG_BF__MUT_0025,7463,median,Tag-BitFlips,0.0025,0,False,NONE,NONE,NONE,"NONE"
PROBLEM_median__ARGS_TAG_BF__MUT_0025,7464,median,Tag-BitFlips,0.0025,0,True,16,318,260,"[TestNumLess-Tag(1100110001000101,1010111010111111,1010010111011100),Dec-Tag(1010000101100101,1100000111001011,1010111010011100),Set-16-Tag(0011010001110111,0010110110010010,0100000000111011),While-Tag(0101000001110001,0111000000001011,1010000111110011),SwapMem-Tag(0110010001100101,0010010010110111,0000011011001100),SubmitNum-Tag(1010101111011111,0010001101011010,1000101000010001),TestNumLess-Tag(0001001110110101,1100011111101101,0110011110110001),LoadNum2-Tag(1101100101101110,1011000000100100,0000010001110000),Countdown-Tag(0110011010011001,1001001011001111,0000101000011001),TestNumGreater-Tag(1110010110011100,0001100011111101,0001111001000101),SubmitNum-Tag(0010011101111010,1110111111000011,1001111011111111),TestNumLessTEqu-Tag(0000001111110101,1010111111100100,0100011110111101),Countdown-Tag(1110111010011000,0000000111000010,1110010100101111),LoadNum3-Tag(1010001110110100,0011100011101101,0100110001101101),TestNumLessTEqu-Tag(0010010000101000,1111101100110100,1001010100010010),LoadNum1-Tag(1011001000010000,1110101001000110,0001101110100001)]"
PROBLEM_median__ARGS_TAG_BF__MUT_0025,7465,median,Tag-BitFlips,0.0025,0,True,35,431,223,"[SubmitNum-Tag(0010111100110110,1011001000100110,0001110101100100),Set-16-Tag(0000001011110100,0111011000111001,0000000010001111),Close(0101010100101000,0010101000000001,1010010011001101),LoadNum1-Tag(1101001010110110,1110100010100110,1100101001000111),TestNumGreaterTEqu-Tag(1110011100111101,0010000111100011,1100000101001011),LoadNum1-Tag(1010100011110001,0011010110001001,1010111111110111),While-Tag(1011001100110110,0100000101101010,1011010001001001),Set-14-Tag(1000100000001010,1001110100011011,1100010100111100),SubmitNum-Tag(1000011001000100,1111101001000111,0010001000110010),Set-9-Tag(1101100000000100,0101110000110001,0010001100110001),Set-15-Tag(1110100000100111,0111010110101100,1111111010110001),While-Tag(0000010011100010,0010101001011011,1110110000110011),Countdown-Tag(1001000100011100,1001000011110011,1001000001100010),Set-11-Tag(0011010011000001,0010111101111001,0101001011111110),Set-4-Tag(0000111011010010,1100110100110001,1111011110110001),Inc-Tag(0111100110100011,0111010111011010,0101101101001101),Set-16-Tag(0001011010111001,0110110000000111,0010011001101011),TestNumLessTEqu-Tag(0101010001000001,0101101101011111,0000000001111111),SubmitNum-Tag(1111011011110001,0100001001111001,1000011110101101),LoadNum3-Tag(1110111011010111,0010011110001011,1101100001011101),IfNot-Tag(0110000001001000,1101010110011110,0111010111110111),LoadNum2-Tag(0000011000001110,1000000001111101,0011111100000101),Close(1110001011001111,0111011000000111,1101100100011001),LoadNum2-Tag(0101101011011011,0010111000011001,0010100001010001),CopyMem-Tag(1100001111010110,1011011010001001,0100000011110110),LoadNum3-Tag(1000111001101010,1110001011000001,1100011011111011),TestNumLessTEqu-Tag(0110011100010110,1011001011001101,1101001111110010),Mult-Tag(1100010011111100,1001011011001101,1010100000010101),Set-16-Tag(1010111011010011,0011010001010100,1110101001010111),Set-9-Tag(1101010010101111,0011101100010111,0101111101001010),IfNot-Tag(1110001011111000,0010010001101110,1100000011001000),Set-15-Tag(1111010000010100,0000110011100101,1000100001001000),Set-13-Tag(0110100001010111,1110000000100000,1111001001111101),SubmitNum-Tag(1001111001111000,0001010111101010,0001000010100011),TestNumGreaterTEqu-Tag(0101011000101010,1001011110011111,0110110001100010)]"
PROBLEM_median__ARGS_TAG_BF__MUT_0025,7466,median,Tag-BitFlips,0.0025,0,True,42,193,178,"[SubmitNum-Tag(1011011100110010,0100001001000000,0100111100110101),TestNumEqu-Tag(0110011100000000,0000011011100111,1011011001001011),Set-16-Tag(0001000011011110,0000101110101001,0010000010001111),LoadNum3-Tag(1100110100100010,1111101100110101,1111110110111011),Countdown-Tag(1000001110110010,0000000110100001,0000101100000100),Add-Tag(1010111011010110,1100110101001010,0001000010101110),Dec-Tag(0110011000000000,0101010101111010,1000000011010100),Set-11-Tag(0111010011010001,0101111111101111,0101101011100000),Div-Tag(1011000001100100,0010101101100000,0000111010001100),If-Tag(0100010000010011,0110100010110110,1111000001111101),Set-8-Tag(1010100100011101,1000111111100011,1110111010000010),Set-9-Tag(0110110010011101,0100111110111110,1000100110011010),TestNumLess-Tag(1101101001110010,1111111110101100,0011001110111001),Countdown-Tag(1010001110011011,0011000000110101,1010001100001010),Set-9-Tag(1001101010100101,0001110100100111,1111010010000110),Div-Tag(1101101011000000,0101010111000001,1010100101011001),Inc-Tag(0110100010110110,1000011001010100,0001100010111010),Set-10-Tag(1000111011100000,1111111001111110,0110011000010000),Close(0110000001101101,0100000010100000,1101101101010011),Set-10-Tag(1011000101100011,0110100101110100,1110100101011001),TestNumLessTEqu-Tag(1010110111110000,1110000101011010,1000000111001110),Set-5-Tag(0000111001011101,0001100111111010,1000111001000101),LoadNum2-Tag(0111000001110101,1101000011100101,0101111011000010),Inc-Tag(1000000001111101,0001110011100101,0111001001011100),Set-16-Tag(1110111001010111,0111001010010110,0100010111011011),Set-5-Tag(0011010011010010,0101010011001101,1010010100111010),Set-9-Tag(0110111010011100,0110011101111110,1000101111111001),TestNumLess-Tag(1001111111111010,1101000101110100,0011001010100111),Countdown-Tag(1010001110011011,0001110000110011,1110011110010100),Div-Tag(1101111011100100,0100010110011001,1010100011011001),LoadNum3-Tag(0110010100010010,0111101111001111,0110100011110000),Close(1111011101101101,0111000101110100,1101111001000010),Set-12-Tag(1111000101100011,1011010101101101,1011001011011100),TestNumLess-Tag(0111101100110001,0010101101000000,1101111001011000),SubmitNum-Tag(1101011001110010,0011000000101001,1001111011000111),Set-12-Tag(0000110010000001,0100011011000111,1100010111011010),SubmitNum-Tag(1111110011111111,1100010011001110,0011000110000000),IfNot-Tag(1001000011011000,0000001100011010,0010010011101110),SubmitNum-Tag(0100011101010100,0101000001101101,0001101101001000),Sub-Tag(0100000001001111,0001101010111111,1110111001100111),SwapMem-Tag(0001011011000101,1001000000110101,0001111111100111),LoadNum2-Tag(0111110110111100,1011001000101001,0110111111111110)]"
PROBLEM_median__ARGS_TAG_BF__MUT_0025,7467,median,Tag-BitFlips,0.0025,0,False,NONE,NONE,NONE,"NONE"
PROBLEM_median__ARGS_TAG_BF__MUT_0025,7468,median,Tag-BitFlips,0.0025,0,True,12,436,235,"[Add-Tag(0000110000100110,1110111010111110,1011001011000100),SubmitNum-Tag(0010001000100111,0101111110101110,0001100011101111),TestNumLess-Tag(1011001101010101,0011101100011011,1011111111110110),LoadNum2-Tag(1101000010111100,1100001001110000,1011000001011100),TestNumLess-Tag(0001010110110010,0011101110001001,0100110100111010),TestNumEqu-Tag(0111011111110011,1011110000100011,1010000010111101),TestNumGreaterTEqu-Tag(0011010110011001,1010001001010100,0011001001101111),IfNot-Tag(1111010010000100,1101001011110101,1010111101010111),Sub-Tag(1101100101110010,0010011111110010,1011100000110000),SubmitNum-Tag(1110101000011011,0001011111110010,0000000000101111),If-Tag(1011001010000010,1110010001110111,1011110011010100),SubmitNum-Tag(1001110110011001,0000001101000101,0101110010110010)]"
PROBLEM_median__ARGS_TAG_BF__MUT_0025,7469,median,Tag-BitFlips,0.0025,0,True,14,310,310,"[SubmitNum-Tag(1101110111001100,1111000000110001,0010011000101000),Dec-Tag(1110011001011010,0101001111101100,0000010010101000),Close(1011111001011111,1000011101110001,0111111100101101),SwapMem-Tag(0101000001010010,0010001100101101,1101110011110110),TestNumLess-Tag(1000110111111110,0100000111010110,1101101010010001),TestNumLessTEqu-Tag(0111101100010110,0000011001010111,1111101111111011),TestNumNEqu-Tag(0101100111011110,0110101000010101,1110000010001101),LoadNum1-Tag(0111111110011110,1000011010111011,0110000101110111),SwapMem-Tag(1011010101001111,0001101110010000,1000010000011000),If-Tag(1101000000111101,1000001011010011,0011111101110100),TestNumLessTEqu-Tag(1101000111010111,1011001110110101,1101110100011010),Close(1100001100100000,0101000001010100,1110010000111001),While-Tag(1001000010010001,1110010000010110,1001100001100110),SubmitNum-Tag(0101010000100111,1000110001010000,0011110000101101)]"
PROBLEM_median__ARGS_TAG_BF__MUT_0025,7470,median,Tag-BitFlips,0.0025,0,False,NONE,NONE,NONE,"NONE"
PROBLEM_median__ARGS_TAG_BF__MUT_0025,7471,median,Tag-BitFlips,0.0025,0,True,19,434,338,"[SubmitNum-Tag(1110011101101100,0011100001000111,1010111010001111),TestNumLessTEqu-Tag(0111001100010001,0110111011101011,0001111001100101),Set-4-Tag(0011000001011100,1010101001100101,1011110101110101),LoadNum3-Tag(0110000100101000,0000011001100100,1001001001111100),While-Tag(0001100101110111,1001011111101111,0110111011110110),LoadNum2-Tag(1000100100011111,1000101001100110,0111111000100000),TestNumLessTEqu-Tag(1001000000001001,0011000001001000,1111111111101100),CopyMem-Tag(1111100011111101,0000001010110110,1011001010000110),TestNumLessTEqu-Tag(1001010010011100,0001001000010000,1001000111001001),LoadNum2-Tag(0110000111010011,1111001111111001,0010111000111100),TestNumNEqu-Tag(0000000010101111,0101111011110100,0001011010001110),IfNot-Tag(0010110110011111,0110000001011100,0010010111101011),Sub-Tag(0101101011100111,1011100100001001,0000010011000110),SubmitNum-Tag(1000001110101011,1110110010000000,1001010010010110),IfNot-Tag(1000100011001111,0010001101111011,1111000001111100),SubmitNum-Tag(0111000110000010,0011010110011010,0111001000000000),Close(0100100000111110,1100110111101101,1100110100110011),Close(1001011011000001,0111110011001011,0100101101011000),LoadNum1-Tag(0110110001111011,1100000000100111,1011011100000000)]"
PROBLEM_median__ARGS_TAG_BF__MUT_0025,7472,median,Tag-BitFlips,0.0025,0,True,36,306,156,"[TestNumGreaterTEqu-Tag(1010011100010010,1101100101010100,1011111010001100),Close(1100001010000111,0101110100100010,0011001100001010),Close(1100001001010110,0011011010100011,1011111010001110),TestNumLess-Tag(1010101000010110,1110111101100100,0100101011001011),CopyMem-Tag(1110011000010110,0111111101101101,0110101100111110),LoadNum1-Tag(0011110111111011,1000100111100001,0011111110010000),SubmitNum-Tag(1011000100010111,0101110100010100,1111111100000011),Mod-Tag(1100001001110110,0101111110011001,1010000010011010),LoadNum2-Tag(1110100110111100,0001001010100000,0011000111010111),LoadNum1-Tag(0011111101101110,0000010001111011,1101010001111000),TestNumLessTEqu-Tag(1000111001010101,0110101011010101,0010110110100001),Set-2-Tag(0011101011011000,0011001000001000,1010000011101101),Set-10-Tag(1011111101000101,0110111000110011,1011010100111010),While-Tag(1010001011100011,0100101011100111,1110101010011000),Sub-Tag(1010011010011000,1000010000100110,1000010111000011),Dec-Tag(1100100011100000,0100001010100010,0010110011000100),Dec-Tag(1011010000100100,1001101111011011,0011000100101010),SubmitNum-Tag(0111011111000111,0111100011101111,0000111000011000),Close(1101101101000010,0000011010000111,0000100110110110),Set-8-Tag(0010000111100100,1010000111101000,1101000100100001),Set-15-Tag(1000010011001101,0010000000101011,1110101011001011),TestNumLess-Tag(1001101100010111,1110001111110110,1100011111000111),CopyMem-Tag(0101110100011111,0000101001010100,0111100100110101),LoadNum3-Tag(1010100100011001,0001110111010010,0110011001111010),SubmitNum-Tag(0001010000000111,0000100000110111,1000110001101000),While-Tag(1101000101100010,0101101101101000,1111010111100110),Set-5-Tag(1000101011101000,1110001000011010,0101111111101100),LoadNum1-Tag(1010010000001000,0000111001100000,1000101000110101),TestNumGreaterTEqu-Tag(0011011101010000,1111100100110111,1101011110101111),Set-0-Tag(0110001111000110,0001110000101011,1101111010010010),Close(1101100001001110,0010111101000110,0011010010110000),TestNumLess-Tag(1000101101100010,1111011011110101,0110010011100011),Mult-Tag(0010010011000011,1001010011101000,0011111111010010),Inc-Tag(0100111011111001,0001111010100101,1001011001101101),While-Tag(0011110001100011,1110000001101110,0111100000110100),SubmitNum-Tag(1010011111110100,1100000111011000,0011011011000010)]"
PROBLEM_median__ARGS_TAG_BF__MUT_0025,7473,median,Tag-BitFlips,0.0025,0,False,NONE,NONE,NONE,"NONE"
PROBLEM_median__ARGS_TAG_BF__MUT_0025,7474,median,Tag-BitFlips,0.0025,0,True,17,363,262,"[SubmitNum-Tag(1110101101110010,1110000101000000,0010001100101110),TestNumLess-Tag(0010011101100000,0101111100111101,1011001001001100),TestNumGreaterTEqu-Tag(0101000001011101,0111101001111011,0011110010100101),If-Tag(1000010110101011,0000010110011000,0010110100100000),Add-Tag(0011110101000100,0110110111110101,1011101111000011),CopyMem-Tag(0011010101010001,1010011111010111,0110000001101001),Sub-Tag(1000000101000001,1010000110111010,0111001100111110),Close(1101011100010001,0000001100100101,1100000111100010),TestNumLess-Tag(0011011100011000,1111111001111001,0111001011111111),LoadNum3-Tag(0010011100000010,0100000011001000,1110011100011101),While-Tag(1000101110111111,0010000011100011,1100000100010001),SubmitNum-Tag(0011001111010101,1100110110110000,1110101001011111),LoadNum2-Tag(0100101101111100,0101001000110000,0011001101101111),TestNumLess-Tag(0011001001111000,0111110100010010,0111001011011111),LoadNum3-Tag(0101011000000110,0101110110001001,1111101010101001),Countdown-Tag(1110001101011100,0101010010100111,1010000000110001),TestNumLess-Tag(0100101101110001,0001010101010000,0110111101011110)]"
PROBLEM_median__ARGS_TAG_BF__MUT_0025,7475,median,Tag-BitFlips,0.0025,0,True,16,326,99,"[Add-Tag(1011000100010111,0111011110001001,1010111101001101),Close(1010000001000111,0010001001111010,1111101111010000),SwapMem-Tag(0100011010001110,0011010101001101,0010011101001001),TestNumGreater-Tag(0011010100001000,0110101100001110,1100101110001001),Close(0111011101101000,1100100001010000,0010111111011011),SubmitNum-Tag(1111000101011101,1000110010100110,0100000011100011),If-Tag(0001110000011011,0001101001110100,1000011010000001),SwapMem-Tag(0100111001001011,1011110100010101,1011010100100010),Close(1100011110101111,1001110110010011,1110000011011000),SwapMem-Tag(0010101101001011,1101000100011101,0010010111101000),TestNumGreater-Tag(0001010100111100,0111101111011110,0000001110001000),If-Tag(1000110000001001,0000100100010001,0101010101011011),TestNumGreater-Tag(0111010110111110,0000000000000111,1001100100101000),SubmitNum-Tag(1111101110111011,0001110100101011,0101000000101011),Countdown-Tag(1000000010011010,0010011110101100,0001011111001110),Return(1000101011100111,0011000011010110,0010001011101111)]"
PROBLEM_median__ARGS_TAG_BF__MUT_0025,7476,median,Tag-BitFlips,0.0025,0,True,21,344,113,"[LoadNum2-Tag(0001101011111011,1101010101111111,1001111011011100),TestNumLess-Tag(0101111001111011,0001001011010111,0110110000011010),TestNumGreater-Tag(0011001111110010,1101001101010110,1010010001100011),TestNumLess-Tag(0101001101110011,1110111100101110,0110101100000111),Set-13-Tag(1110011111110110,0100111001000111,1111110111101110),TestNumNEqu-Tag(1010000000101000,0011111110000111,0001000101010011),IfNot-Tag(0101110010010010,1001101101000000,1111001011001001),TestNumLess-Tag(1000101000110000,1100111111110101,1111101110110110),Close(0100010110111100,0000110110110110,1010111111011111),SubmitNum-Tag(1001000000110010,0110000011100000,1111000010010101),Countdown-Tag(0010010001000101,1110100100011101,1100101010011011),If-Tag(1011011111100110,1101110101111010,0100100000111100),SubmitNum-Tag(1100000011111111,1010000101111110,1110000111100111),Dec-Tag(1001111111010010,0000110000110110,1101101010010011),Set-13-Tag(0111001110010011,1100101001010110,1100000100100111),Close(0100001110010000,1010010111111100,1001100001100010),Set-6-Tag(1001010011000101,1100010001101011,1001101000100001),LoadNum1-Tag(0000011111111110,1110001100101001,1010110011100001),Countdown-Tag(0111100100110111,1111011000010101,1000000100110100),IfNot-Tag(0100111000010110,1000000100011110,0001111010101100),SwapMem-Tag(1110101111110111,0010100110100011,1001011011001000)]"
PROBLEM_median__ARGS_TAG_BF__MUT_0025,7477,median,Tag-BitFlips,0.0025,0,False,NONE,NONE,NONE,"NONE"
PROBLEM_median__ARGS_TAG_BF__MUT_0025,7478,median,Tag-BitFlips,0.0025,0,False,NONE,NONE,NONE,"NONE"
PROBLEM_median__ARGS_TAG_BF__MUT_0025,7479,median,Tag-BitFlips,0.0025,0,True,33,391,193,"[LoadNum3-Tag(1001100111011101,1101001010000010,0100101111001000),Close(0111101101110111,1111011000100001,0101111010000100),Div-Tag(0000011110001100,0001010111100110,0101110101100011),Close(0010110100101000,0001110001011001,1100110101100000),IfNot-Tag(0000110100110101,1100000111001100,1100100001110101),Set-2-Tag(0000001011100100,0101010001001010,1111101100011110),SubmitNum-Tag(1011010110001001,1010011101000110,0101000100011000),Set-4-Tag(0011110111010111,1000001000101010,1111100100110100),Set-0-Tag(1001111001010100,1001111011001100,0110100110000100),Set-6-Tag(1000110100001110,0110001011000001,0100110110011101),Set-9-Tag(1101010100110110,0100111000000101,1110000011011101),Set-10-Tag(0101011010011001,0100111111111010,0110101111000000),SwapMem-Tag(1011011100110111,0000001010110001,0111011000010001),Set-16-Tag(0001101001101000,1010101111101101,1011100100001011),LoadNum3-Tag(1000010000110101,0011111011100011,1111010111101111),Set-1-Tag(0100001101000010,1011011011001101,1111100100111100),TestNumLessTEqu-Tag(1000100111010110,1000101111111111,1011001110100010),Set-4-Tag(0101100011011110,1100000000101101,0011100011011101),Mod-Tag(0101011000000100,1001010001000001,0110111110010001),LoadNum2-Tag(0011000110011100,0001101001111001,1100001111001100),Not-Tag(1101011101000100,1010100101100011,0001010001110001),Floor-Tag(0011100101011010,1101111011011001,1110000011110011),Set-10-Tag(1111000001101000,1101001001000001,0100011000001101),Close(1001110001011110,0100101011011110,1001011010100001),TestNumGreater-Tag(1010000111001001,1111110010100000,0011010101011101),Div-Tag(1100100101010010,0111100011001011,0000110100101001),SubmitNum-Tag(1110001010100100,1101001010000111,0000110010110001),Break(1010111111101101,1110110111011110,1000110111011001),LoadNum1-Tag(1100011001111011,0110110111100101,0011110000001101),Countdown-Tag(1011101000111011,0010011101100010,1110110110010111),Add-Tag(0011100101111110,0010001100010001,1001000110100110),Set-11-Tag(1110000010010111,1100111001100101,1011000111101011),SubmitNum-Tag(0010011101111111,1001111110111000,0110110001111011)]"
PROBLEM_median__ARGS_TAG_BF__MUT_0025,7480,median,Tag-BitFlips,0.0025,0,False,NONE,NONE,NONE,"NONE"
PROBLEM_median__ARGS_TAG_BF__MUT_0025,7481,median,Tag-BitFlips,0.0025,0,True,50,491,380,"[Close(0101100011001100,0110010001110010,0110110000110011),TestNumNEqu-Tag(1011011101111111,0011010000001100,1010001001011100),Div-Tag(0100110110111101,1000000111001101,1111001011100011),TestNumNEqu-Tag(1011100001000011,0000001110010111,1001100011111001),TestNumLessTEqu-Tag(1101010101110011,1000011001100000,0100100100011100),Set-15-Tag(0100011010010101,1011000100100001,0000011101110101),Div-Tag(0100010000110110,1001010000010111,1110100111000110),TestNumLessTEqu-Tag(0110000010111011,1110001100010011,1100110100101111),Set-1-Tag(1111110010010000,1011011010111101,1010001011000001),SubmitNum-Tag(0010000101011011,1000000010000111,1010011010101101),Set-9-Tag(1110101110110101,0010010110110001,0010000010011011),LoadNum1-Tag(1011101011110001,1011100110110001,1101110101110001),LoadNum2-Tag(0110110011000010,1111110010000111,0100101111000110),Close(0100101100001010,0101110001110000,0110111111100011),LoadNum2-Tag(0001010111101000,1110001101100101,0011011101100100),Set-10-Tag(1111110000001001,1000100000000000,1001001001110101),LoadNum1-Tag(0110000101111101,1100000101100101,1001100000110101),SwapMem-Tag(1101010101010001,0010110101000000,0010100110111010),TestNumLess-Tag(0110011101010111,1011000000011011,0000111101010110),TestNumLessTEqu-Tag(1000111001001001,0111010001000101,0101101110100111),TestNumGreaterTEqu-Tag(1100111100011001,1111100001011000,0001100001100001),LoadNum3-Tag(0100000011001101,0011010101111100,1010011011111101),Dec-Tag(1000110000101100,1011000010000011,1010110000101001),TestNumLess-Tag(0001110111000110,1111001100010111,1010000101000100),Inc-Tag(1011011101110000,1110001111100101,0011000011111100),Set-6-Tag(1011011001111000,1100011001010000,0011010110101100),SubmitNum-Tag(0100010001110100,1100000101011100,1011000001100101),Set-10-Tag(1001100110100010,1010011001011111,1101111111101001),SwapMem-Tag(0101111001011000,1101101001110101,1000010001111000),LoadNum1-Tag(1110111111010100,0010011111011110,1101011101000111),TestNumLess-Tag(1100110111111111,0111000110100000,0100111111010110),TestNumLess-Tag(1011101000011000,0010110110100100,1011101001010011),If-Tag(0001111010100000,0011100010101010,1010101101110110),While-Tag(1111111110001110,0101011010001111,0110011000111010),Close(0101101011001111,0100100000001111,1000000010000111),TestNumLessTEqu-Tag(0010010011110101,1000011111000000,0111011001100111),Close(1100010010110011,0110010000111101,0000000100011010),Inc-Tag(0000000000110001,0110001101011111,0000011111100010),LoadNum2-Tag(0110001011000011,0010101011010000,1011011110011000),Sub-Tag(1110111101001110,0101010000101111,0100011110101011),Set-7-Tag(1111000100100001,0000111000001000,0001001000111011),Countdown-Tag(1000001000001100,0101001001011011,1101000011011100),Set-13-Tag(0111010010101010,0011001011100111,0101001011100101),Set-16-Tag(1111110100011001,1011110101111111,1111100110010010),SubmitNum-Tag(0001001011001110,0010101111000001,1011110110110101),LoadNum2-Tag(1110001000100000,0100000100001010,0100011101000101),Set-10-Tag(1100110111001010,1100011010011101,0011000110000101),SubmitNum-Tag(1110010001010101,1001101000110010,1111001000001110),IfNot-Tag(1110110011101011,0110110101111011,1010011000010001),Inc-Tag(1011110110001000,0111000101110101,0100011101001100)]"
PROBLEM_median__ARGS_TAG_BF__MUT_0025,7482,median,Tag-BitFlips,0.0025,0,True,29,453,305,"[LoadNum1-Tag(0011100011001111,0110111010111001,1001101110000100),Inc-Tag(1000011011011001,1100111110011011,1000000111000000),Set-16-Tag(1000011010100000,1100111101011111,0001011001011101),Sub-Tag(0001011101111101,1111100000010101,1100001101001010),Add-Tag(1100011110010010,1110010000101010,0010110101100000),While-Tag(0110011010011110,1001010101010000,1001011100001110),LoadNum3-Tag(0100100111110111,0011101000001100,1001111100000111),Set-16-Tag(0110001010000101,0110111011000110,1101101101100111),CopyMem-Tag(0101110010000100,1110110111001111,1100101000101011),Set-16-Tag(0101101000101111,0011010110111001,0011100001100010),Countdown-Tag(1001011010011111,0101010001111001,0011101000011011),Countdown-Tag(0111010110111111,0001001011110000,0001110110001100),TestNumLessTEqu-Tag(1010000001101011,0011000101110010,0111011011111111),CopyMem-Tag(0010010011000000,1000100000010100,1100100110111111),Countdown-Tag(1111100011011100,0100010011101001,0011101101000000),SubmitNum-Tag(0100000011001110,1010000100100100,1111011100100000),Add-Tag(0110001011111111,1100100000010001,0000110110001111),Set-3-Tag(1101000100010111,0100100011101101,1011110000110111),CopyMem-Tag(1111011010010000,0011000101010000,1100010001110110),TestNumGreaterTEqu-Tag(1110101100000101,0000011101001011,1111010110101010),Inc-Tag(1101100010000000,0110001011100101,1100101001100110),Close(0000000100100000,1000011011010111,1101011000111011),SubmitNum-Tag(1011101011000110,0110100001010000,0011010111011100),TestNumLess-Tag(0011110011010011,0000010111111000,0011001100110100),TestNumGreater-Tag(1110101011100010,1001110001000110,1110111100011100),LoadNum2-Tag(1010001011110110,0011011011000001,0011111101011111),CopyMem-Tag(1111011011110000,0010100011100001,1000111011100111),TestNumEqu-Tag(1001010100011000,0111111101111011,0001111111101010),Countdown-Tag(1010011110101010,1111000111101010,0100000001001001)]"
PROBLEM_median__ARGS_TAG_BF__MUT_0025,7483,median,Tag-BitFlips,0.0025,0,True,23,408,162,"[Set-13-Tag(1010111100101101,0010001111110101,1111011111001100),LoadNum1-Tag(1101001010101010,1001010001000110,0010000001011100),Countdown-Tag(0000010110101110,0011010001000111,0011000111111110),LoadNum3-Tag(0011100111011011,0101100100100101,1001111011000010),LoadNum2-Tag(1010011000100110,1110100011001111,1010000010000111),SubmitNum-Tag(1001100110111010,0100101001101000,1110001100010100),Sub-Tag(0101011101010010,0010100101110000,0010111110100111),TestNumGreater-Tag(1001110110011001,0100000011000011,1001010000001110),Set-8-Tag(0011000011000010,1110111001000000,0101100011110010),CopyMem-Tag(1000100111111011,1111100110111101,1010110011001110),While-Tag(1001000111111110,1101000001100100,1001011110010001),Close(0101100110000000,0101101011000110,1001001001110000),LoadNum1-Tag(1010100011110100,0110110101001010,1000111010111100),TestNumGreater-Tag(0100110001111100,1111110001100110,1101010101000100),SubmitNum-Tag(0000001011000011,0100100000010010,1011110000000100),Countdown-Tag(0011110101001010,0110110011011010,1011001011111111),Close(0000111111001111,1111010011100101,0111010010000000),TestNumLess-Tag(0000011111001101,0110101000011101,0001101000010011),SubmitNum-Tag(0100111000001101,0101111111101100,0101111100110110),Sub-Tag(0100010101000001,1010101100111000,0000111000111111),Sub-Tag(0011000111101111,1101000100110100,0010001001101111),IfNot-Tag(1010000000011111,0111000111011111,0100001000010111),TestNumLess-Tag(1010001000101100,1010110101011101,0010110001110111)]"
PROBLEM_median__ARGS_TAG_BF__MUT_0025,7484,median,Tag-BitFlips,0.0025,0,True,39,448,253,"[LoadNum3-Tag(1100000101101010,1111010011011011,1010111100001010),Close(0101101001011100,1110001001111100,1100100011000110),Inc-Tag(1011001110101011,1010100000111100,1000100010110110),LoadNum1-Tag(0100001010010000,1001001111000001,0000100010000010),LoadNum3-Tag(0001001010100000,0000111011100110,1010111010010001),Close(0001011001011110,0001110010010011,1000001111100010),TestNumGreater-Tag(1101000010110010,1101000100101001,0100110101101110),LoadNum2-Tag(0010001100101100,1001100100100011,1110100110111100),Set-1-Tag(1001111001001001,0100100100110111,0101110111001011),Set-8-Tag(1001000000011110,0001101110000011,1101110110010001),SubmitNum-Tag(0011000110111101,0011001001111101,1101011100001100),CopyMem-Tag(1100011010101000,1000101000111101,1110001101100111),SwapMem-Tag(1001010000010100,0110011111111101,0011100111001000),LoadNum1-Tag(1011110110010011,1110010000001100,0001001010101101),TestNumGreater-Tag(1011101011000000,1110111101011010,1110000100111011),Inc-Tag(1100000110110001,0011111010000100,0010001101000000),IfNot-Tag(0110001100111000,0000100110010001,1111100101110000),Set-14-Tag(0111000101101011,0111010000101111,1100001000011100),LoadNum3-Tag(0110001100000000,1111100011101100,1000011011000110),TestNumLess-Tag(1111011111110000,0011011100110110,1010010010100100),LoadNum3-Tag(0111010001011010,0111001001111010,0110010010101111),Add-Tag(0001010101110000,1100011100011011,0110111100111010),Set-6-Tag(0011010110011010,0111001100110110,1101011011010010),LoadNum1-Tag(1110100110010111,0001001001110110,1010101001011011),Close(1100010101100000,0100101011111101,1001010110101110),Set-7-Tag(0001111001100110,1010000001001010,0000111001010001),Set-0-Tag(0100010100001110,1011001110010110,0001011000110111),Set-10-Tag(0011001100111111,0111010101101111,0000010110110010),SubmitNum-Tag(0110010100011001,0010001001101101,0010010110001001),SwapMem-Tag(0001100000010111,0011001111101101,1001101001011111),Add-Tag(0010100000111000,1111101100111100,1001111110001110),TestNumGreater-Tag(0100001001000001,1000111101010010,0010000100000011),IfNot-Tag(0010100100010010,1101001101010000,0100100100001000),LoadNum3-Tag(1110011110101110,0111111111100101,0000001000000110),Dec-Tag(1011010110101101,1001011000101001,1010111111010010),TestNumGreater-Tag(0001000101011010,1110111101101111,0111011001110010),IfNot-Tag(0101001000110111,0000110011001001,1100101111001011),While-Tag(1011011110001101,0100110010100110,1110110001010101),SubmitNum-Tag(1110101111001111,0001101001111101,0010000001010110)]"
PROBLEM_median__ARGS_TAG_BF__MUT_0025,7485,median,Tag-BitFlips,0.0025,0,True,45,371,256,"[Set-3-Tag(1011000101000110,1000101010011100,1010010110001111),Set-0-Tag(1010110000011100,1010110100010111,1101100000011100),TestNumLessTEqu-Tag(0001100101010000,0011001001000001,1010001001101110),TestNumLessTEqu-Tag(1111111111010000,0011010001111100,0101000110101001),TestNumLess-Tag(0101011001110101,0111011100111000,1011000101100101),While-Tag(1111000000110111,0011011111001000,1000010001001110),Set-14-Tag(0001101000010111,1000001101001111,1011110010110000),Dec-Tag(1000010000011100,0101010100111010,0010110010110000),Set-9-Tag(0101110000101010,1001011110000100,0011010100001100),Set-6-Tag(0000001011000000,0110001110011001,0011011111011001),Set-9-Tag(1110000000101111,1011101010010011,0101011101010100),Set-2-Tag(0000001101001100,1010100110001001,1100001111011110),LoadNum3-Tag(0000011101100011,0010010001101001,1110010110111111),Set-12-Tag(0111001011010100,0101110101100111,0111111110011101),Set-12-Tag(0010011000000111,1111110100001001,0000101111010011),IfNot-Tag(0001110110011011,0111111001100000,0001110111011001),Mod-Tag(0110111110001000,0110111000011011,0001101111000011),Not-Tag(1100000101110000,1100110111110110,0100110100100010),LoadNum1-Tag(0011001111100001,1001110100110010,0000100010011111),Mod-Tag(0111001100010110,1000010111100011,0100000110000111),Set-1-Tag(1010110000110101,1100110001010001,0101000101110011),TestNumNEqu-Tag(1000110000000110,0111101110101110,0010000110111110),Close(1001011000101011,0100000001111100,1001100010000010),IfNot-Tag(0100100110101001,1000011110001101,1011011010001010),Set-16-Tag(1001100101101011,1010111100010001,0011001111101011),LoadNum2-Tag(1001101001101000,0101001101111111,1101000101001011),SwapMem-Tag(1100000011111011,1100100000101110,1010001001101111),Set-3-Tag(0011000011001111,1000011100111010,0011101110100010),While-Tag(1000011011110011,1000001111101100,1110101011010101),TestNumLessTEqu-Tag(1111000111010110,0100000100110010,0111100010010011),SubmitNum-Tag(1000110001101111,1000101111001000,0100011011010110),Set-16-Tag(0001110010111000,1111111100110100,1000000010111101),Set-14-Tag(1100010011111010,1000100110001100,1100001000110100),TestNumLessTEqu-Tag(1101110000010111,0110110001011011,0100100000111111),SubmitNum-Tag(1111011110110101,0010101010110011,0111100011110101),Dec-Tag(0110010100010111,0000011101100111,0000101100100110),IfNot-Tag(0001000111111010,0011000110001101,1010010001011011),Close(1010000000011000,1111001011110010,1000100000010101),If-Tag(0101110111011101,1010010101110111,1011110000110010),LoadNum3-Tag(0110011100101100,1001100010101011,0000011000010000),If-Tag(0011110011001100,0011110000110110,0000010000011011),TestNumNEqu-Tag(0010100010000111,1111110100001011,1000001111001001),Set-2-Tag(0000101100101110,0101110100011011,1110010101100110),IfNot-Tag(1100100001101101,0101110110001000,1101001110110001),LoadNum2-Tag(0111111110010110,1001101010000000,1101111001011101)]"
PROBLEM_median__ARGS_TAG_BF__MUT_0025,7486,median,Tag-BitFlips,0.0025,0,False,NONE,NONE,NONE,"NONE"
PROBLEM_median__ARGS_TAG_BF__MUT_0025,7487,median,Tag-BitFlips,0.0025,0,True,26,476,205,"[SubmitNum-Tag(0111101101100111,0010110010101010,1110011001001011),TestNumLess-Tag(1101010001000001,0011111111101011,1111111100000001),Close(0100001111011111,1100011111100111,0110010000001111),Countdown-Tag(1011110111101010,1101000000111100,0111100111110010),LoadNum1-Tag(1101110000111111,0010011000010011,1100000110100101),TestNumLessTEqu-Tag(1100110011010001,1001000100100011,0110111111001111),Close(0101011111011111,0011100010101101,0110000111010011),Set-5-Tag(0000111011100011,1001001101011111,0011001010111010),Close(1000000110100000,1111011000100100,0110011001111101),LoadNum2-Tag(1001011110101101,1000010110101001,0100001110111100),Close(1101001110100110,0100001100101111,1100111111001100),Set-4-Tag(0010110000000000,1111000111010100,1001010011001100),Add-Tag(0001111111101110,0111011101100111,1010001010011100),SubmitNum-Tag(0010101111110011,0010010111110010,1011010000101111),TestNumNEqu-Tag(0011011100100100,1000100101001001,1000011000010110),TestNumGreaterTEqu-Tag(0101010101010010,0011001100000000,1011011011101111),Countdown-Tag(1101101111110000,1101111110100100,0100000000111101),TestNumNEqu-Tag(0111111011011100,0011100011100011,1110010010111011),LoadNum1-Tag(0111100001010111,1101000101100111,0111100011011010),SubmitNum-Tag(1110011000000101,0000100100101111,0111101110100101),Close(0000000110000100,1101101010011101,0101101010001111),Mod-Tag(1101111001011111,1110001000100010,1000100111101111),Close(0001001110101000,1010111001001110,1110001110101101),SubmitNum-Tag(1101011100011000,1110000101010000,1110100011010001),IfNot-Tag(0001100001000001,1010111011000010,1101001000010000),Set-14-Tag(0010100001001110,0101110011010101,1110110010011001)]"
PROBLEM_median__ARGS_TAG_BF__MUT_0025,7488,median,Tag-BitFlips,0.0025,0,True,21,424,363,"[SubmitNum-Tag(0100010111110100,0111011011101101,0100010010101000),TestNumGreaterTEqu-Tag(0000001100011001,1100000001000100,0000111101000000),Countdown-Tag(1010100100101110,0101110110011010,1111111111000111),SubmitNum-Tag(1010001101011011,1110011000100111,0110100101110110),LoadNum2-Tag(1101101100011000,1110011000000001,1001101000010101),Close(0111011010110010,0110010110110100,1110001000111000),Set-11-Tag(0000011011010111,1011000101100010,0001011011101111),LoadNum3-Tag(1110101111111001,0101111110100010,1101100100100010),Countdown-Tag(0011000011100111,0001111101010111,0011010100001011),SwapMem-Tag(1111000110011000,1000101111110110,1111110010000000),LoadNum1-Tag(0111000001100101,0110010011100111,1010100000110010),TestNumLess-Tag(0101111101011001,0011101100100111,1101010011001101),LoadNum2-Tag(1001101000111011,0010010001001110,1111100100110101),LoadNum1-Tag(0010100101110001,1011000101010101,0100001111010010),Countdown-Tag(0110010101011100,0011101010100011,1111000101101001),TestNumGreaterTEqu-Tag(0101100101111010,1011111000111111,0000111100010100),SubmitNum-Tag(0100110111011111,1000111110010011,0011101111011101),Close(1101000011110101,0011100011000000,0011001100101111),While-Tag(0110111011100110,0101111110001110,1100101001000100),While-Tag(1010011101001100,1111101111011010,1100110110100100),SubmitNum-Tag(0111100011100001,0100101011001010,0001000110101010)]"
PROBLEM_median__ARGS_TAG_BF__MUT_0025,7489,median,Tag-BitFlips,0.0025,0,False,NONE,NONE,NONE,"NONE"
PROBLEM_median__ARGS_TAG_BF__MUT_0025,7490,median,Tag-BitFlips,0.0025,0,True,19,426,206,"[TestNumGreaterTEqu-Tag(1111101011011111,0011001101110000,1011101010101011),If-Tag(1010111111001011,0111101100011000,0111110011101101),TestNumGreaterTEqu-Tag(0011111000010111,1100011101010001,0011110110011110),Close(0000011001110000,1000100001010100,1001011000101111),SubmitNum-Tag(0001001101010101,0011100101110010,1110010001101011),Dec-Tag(1111001111010100,0111110101010000,1111001111111000),LoadNum1-Tag(1001010011111011,1100000110111111,1010001100100001),SwapMem-Tag(0010011000111011,0111011100000101,1001000101101110),Countdown-Tag(1110010010111110,1001110001011101,0110111111010110),TestNumGreaterTEqu-Tag(0000000011010010,0001001101110110,1010111011110111),Countdown-Tag(1110111111010000,1001100001101010,0010111110001010),TestNumGreaterTEqu-Tag(0111011101110011,0011010001110001,1110110111111111),Close(1100011001101000,1111111001111110,0000101101100001),SwapMem-Tag(0001110010010101,0111000010111100,0110010100100000),SwapMem-Tag(1010111100110001,0001010010111011,1110110011100000),SubmitNum-Tag(1010001100011001,0110001111110110,0110001110000101),TestNumGreaterTEqu-Tag(0011111000111011,0101010111100101,1110101010111011),Close(1111111010110101,1010111100111111,0110001111101111),SubmitNum-Tag(0001111001000101,1001111100101111,1000001001011110)]"
PROBLEM_median__ARGS_TAG_BF__MUT_0025,7491,median,Tag-BitFlips,0.0025,0,False,NONE,NONE,NONE,"NONE"
PROBLEM_median__ARGS_TAG_BF__MUT_0025,7492,median,Tag-BitFlips,0.0025,0,False,NONE,NONE,NONE,"NONE"
PROBLEM_median__ARGS_TAG_BF__MUT_0025,7493,median,Tag-BitFlips,0.0025,0,True,48,444,236,"[Break(1101100011011011,1000101100110111,1000100100001100),Dec-Tag(1001110000101011,0111001010111000,1101011001010111),SubmitNum-Tag(0001001001001101,1101110111000000,0100000100100010),TestNumNEqu-Tag(0011101000010101,0100010111110110,1111111010000101),Set-6-Tag(1000100110011111,1110101010100101,0011011000100101),TestNumLessTEqu-Tag(1000101011100011,0011101110110100,1001010101111011),Set-11-Tag(1111011001000010,0001000101100011,0111010101100000),Not-Tag(0011100011100001,0001110101100110,0110101100110001),Floor-Tag(0100101100010101,0101011110000110,1011110001011000),TestNumGreaterTEqu-Tag(1111101100111111,1011011100100000,0110011101100010),SubmitNum-Tag(0100000100111001,1011010010000101,1011101111110111),Set-15-Tag(1011101111110010,1010001010001111,0101110101011111),LoadNum1-Tag(0110101111101010,1001011001001001,1011100011011001),Countdown-Tag(0100010111100011,1101101010100010,0110000011000101),LoadNum1-Tag(0101011110001111,0001111000011100,0111110010001111),Set-8-Tag(1001101000000000,0111000001000101,1100000100101010),Set-4-Tag(0101101100100100,1011111100100010,1111011000011111),Set-3-Tag(0001100101001000,1101100010011111,1111011100111010),TestNumEqu-Tag(1100000001101010,0101110110001110,0101110000100101),Set-12-Tag(0010010011111110,0101000010110100,1011101010111011),LoadNum3-Tag(0010010110111000,1010000010100011,0111101001011001),Set-11-Tag(0101001011101100,0110001010000110,1111001000001101),Dec-Tag(0101101110011011,1111100000000100,1101001000011011),Countdown-Tag(1000100110101011,1110101001111010,0000010100100010),Not-Tag(0110001010110010,0001010100001010,1010000001101100),Floor-Tag(1111111010010111,1001110011101001,1010111110111000),TestNumGreaterTEqu-Tag(1101110100110101,0110101100001100,1111010100110111),SubmitNum-Tag(0101110100010101,0111011101001001,0101001101101010),SubmitNum-Tag(0110100111000000,1011100011111001,0100110100011010),SubmitNum-Tag(1001110100100110,1101010101101011,1001011001010110),Set-7-Tag(1110101101110100,0111001001001011,1001010000001100),If-Tag(0100001101111011,0101010000100110,1001000100101101),Floor-Tag(1001010011110101,1111011100110011,0011000111010111),Dec-Tag(0000001110101010,1110101110100000,0001101101011011),SwapMem-Tag(1110000011110010,1011101011001110,0001000101001111),Set-8-Tag(1011111010010100,0100111100100001,1100010011001111),Set-2-Tag(1111010001111111,0010100001111001,0001001111111011),TestNumLess-Tag(0100101100111110,1011111010101000,0011001000000110),LoadNum1-Tag(1010100111101011,0110110110011000,1011001011011001),Set-16-Tag(1010100011111100,0000111111010010,1111001111100001),Mult-Tag(0011010110100111,1000011110101101,0000000100110010),LoadNum2-Tag(0111111110110110,0011111010010110,1010110110101111),TestNumLessTEqu-Tag(1010111110101100,0110101111111010,1001000011011000),TestNumEqu-Tag(1000011101011111,0111000111100011,1110111101110000),Set-16-Tag(1101000000111111,1100010010000000,0111101011110110),Close(0011101001011101,1000010100010101,1000011111100011),IfNot-Tag(1011101101011110,0010000101000011,0100100011010100),LoadNum3-Tag(0100101100111110,0110000000100001,1010110101100100)]"
PROBLEM_median__ARGS_TAG_BF__MUT_0025,7494,median,Tag-BitFlips,0.0025,0,False,NONE,NONE,NONE,"NONE"
PROBLEM_median__ARGS_TAG_BF__MUT_0025,7495,median,Tag-BitFlips,0.0025,0,True,43,370,370,"[Sub-Tag(1000110101000001,1111111101011100,1000010000110010),TestNumGreaterTEqu-Tag(0001101100111011,1111001110011100,0101111110101101),Set-4-Tag(0101100001111001,0000111100100000,1001001010111111),TestNumNEqu-Tag(0101000000100011,0000101010100111,1111010110100111),TestNumLessTEqu-Tag(1010101101101000,0101010010110110,0111110111111101),Inc-Tag(1111111110110010,1001010000101011,1011011000000100),LoadNum2-Tag(0110111110001010,1000001100001010,1010110011110011),Not-Tag(1100001010011001,1001000111101011,0100101110101001),TestNumGreaterTEqu-Tag(1001001110100011,0010010101101110,0000001000000111),Set-7-Tag(0011001011011111,0001010111111001,1100101111111001),Sub-Tag(1100110011011001,1100011100110010,1010001000000100),Countdown-Tag(1111101010011110,1101001110000001,1111001101000101),SubmitNum-Tag(0011000001011100,0011110010100000,0000001001001000),SwapMem-Tag(0101101010001000,1010101001011001,0010001110010011),LoadNum3-Tag(1011111011110000,0010110000011111,0111000010110000),SubmitNum-Tag(1010000110110111,1011110000110111,1110010010100011),Add-Tag(0111011000000001,1101100010011000,1000000000110110),While-Tag(1010101110010100,1000101011011111,0111110000010011),Floor-Tag(0101110011001010,1111011001110010,0011011101100110),SwapMem-Tag(0100000110001000,1011010111011011,0001110110100110),Set-5-Tag(0110011110010110,0010111001110101,0010000001010011),Set-12-Tag(0110001101101101,0010011100001000,1101011010000001),TestNumEqu-Tag(0111001010100101,1011011100010110,1000000000000101),SubmitNum-Tag(0011010101110010,1110011001001000,1100100100100011),SwapMem-Tag(0110100000111000,0010010001111011,1000011110110111),Set-6-Tag(1011010110101000,0100100110110001,0100000100000010),LoadNum1-Tag(0000010110011000,1001010010001010,0010101000111011),TestNumGreaterTEqu-Tag(0111110010110101,0100011110101111,1001110111001110),Sub-Tag(0100001100110010,0010010001001100,0111001000100100),If-Tag(1100100111101000,0010111101110101,0101111000000110),Set-10-Tag(1110111001010100,1101001000110011,1100011100111001),LoadNum3-Tag(0101100100100011,0011001011000111,0111011101100000),TestNumLessTEqu-Tag(1101001111100010,1101100100110011,0000100011111000),If-Tag(1101111000111111,0001100110110011,1001111100000001),Set-10-Tag(0000111000100101,1010100110111110,1101001100000010),LoadNum1-Tag(0100001110110011,0110011101101100,0111100100010001),TestNumGreater-Tag(0000001110000010,0101101000010110,1001000010001100),SubmitNum-Tag(0110010100000010,1111110010011001,1100010011001101),TestNumLess-Tag(1101000001011111,0000110010110011,1100111110010100),Div-Tag(1101000101100110,1101000000001011,0001110101011001),Countdown-Tag(1000101111111001,0101000101111110,0100111111101101),IfNot-Tag(1111100101110101,0111000001111100,1110111100001101),Set-15-Tag(0011100111011101,1101011110110100,0111010100011101)]"
PROBLEM_median__ARGS_TAG_BF__MUT_0025,7496,median,Tag-BitFlips,0.0025,0,True,29,255,202,"[TestNumLessTEqu-Tag(0111010111111001,0101010101010010,0111111110111011),Set-2-Tag(1100001110011101,1010000101111100,0111111000100000),IfNot-Tag(0011101111111100,1000110010101110,0010001110010101),LoadNum1-Tag(1111010100110101,1010010100111000,1111100100010110),Add-Tag(0100001110111011,0111110100011111,0011110100111010),Close(1101111100110110,1010111001111101,0101110110011010),Set-9-Tag(1111111001101001,1101101100101010,0111111110111100),TestNumLessTEqu-Tag(1101010101111100,0110001101110010,1111100010111110),Set-2-Tag(0001000001100000,1100001010001100,1111001101101111),SubmitNum-Tag(1100111111011000,1100000111101101,1011110111101000),SubmitNum-Tag(0101101010000110,1010111101110101,0011111110101100),SubmitNum-Tag(0111000101010000,1001011101111100,1101001100101000),LoadNum1-Tag(0000011101011101,1011101101000000,0011111000111110),IfNot-Tag(1001101011101110,1110111110111101,0010101101010100),LoadNum1-Tag(0001101100111101,0011101111001000,1101111111100101),TestNumLessTEqu-Tag(0000010101001100,0001010110000101,1010011011100111),LoadNum3-Tag(0110110111110001,1100110000100001,0111010000111110),Add-Tag(1010000001101100,0111100111101110,0101010110101110),TestNumLessTEqu-Tag(0101000101010101,0100000010001100,1001011010000011),CopyMem-Tag(1100110011101110,1001001011011111,1001101001100110),LoadNum1-Tag(0011001100110101,0010100111111000,1010100111000110),While-Tag(1100000000111100,0000000011010000,1111000011111110),SubmitNum-Tag(0110011110100010,1001010011011101,1011100010111000),TestNumLessTEqu-Tag(1000010001011101,0100100111101110,1110111100111010),LoadNum2-Tag(1001000111010100,0110100101110010,1010001101011110),SubmitNum-Tag(0111100001010100,1001101101011101,0001011001101000),Countdown-Tag(1111100110110101,0110110110011100,0010100000011000),CopyMem-Tag(1100100011100101,1001001011011111,1001101001111110),SubmitNum-Tag(0111010101101001,1001010110110111,1010110000101001)]"
PROBLEM_median__ARGS_TAG_BF__MUT_0025,7497,median,Tag-BitFlips,0.0025,0,False,NONE,NONE,NONE,"NONE"
PROBLEM_median__ARGS_TAG_BF__MUT_0025,7498,median,Tag-BitFlips,0.0025,0,True,15,333,185,"[TestNumGreaterTEqu-Tag(1110111111101110,0101010100100000,0011100110101100),Add-Tag(1110100110011101,0011010011101111,1111101110111111),Dec-Tag(1111110101111111,0000100010001101,0001000111101101),LoadNum2-Tag(1110001110101101,1100110111110100,0010110100100110),TestNumLess-Tag(0011010000010010,1010000010101110,1111000110100100),Div-Tag(1011110111111111,1110000111000100,1011000111001001),SubmitNum-Tag(1101110101010101,0010101101001110,0001110101001111),LoadNum1-Tag(1001110111000110,0011110101100000,0110011001100001),TestNumLess-Tag(0011001110100001,0011000011000000,1100001010101011),If-Tag(1101110010011010,1001100001111010,1001111110111011),TestNumGreater-Tag(1010000110110110,1100001010011011,1011000010011001),SubmitNum-Tag(0101110011001000,1001101111001100,0110111001100000),Div-Tag(1100100110101100,1010010110000010,1000011010010010),Countdown-Tag(1101101111100000,0011000011011101,1010110111011011),SubmitNum-Tag(0000000100110011,0011111101011010,0011110001111100)]"
PROBLEM_median__ARGS_TAG_BF__MUT_0025,7499,median,Tag-BitFlips,0.0025,0,False,NONE,NONE,NONE,"NONE"
PROBLEM_median__ARGS_TAG_BF__MUT_0025,7500,median,Tag-BitFlips,0.0025,0,True,12,232,211,"[SubmitNum-Tag(1111100001110110,0111011001011000,0001101000001100),SwapMem-Tag(1001000101111001,0110000101011110,1111001110011011),LoadNum2-Tag(0010101010100000,0011010101000011,1111111010111011),TestNumLess-Tag(1100110111111100,0111000110111000,0001110101000000),TestNumLessTEqu-Tag(0101101111101011,0100111010110100,0111011110111110),TestNumEqu-Tag(0110111011111111,0100011110110100,1000011110111010),If-Tag(0111111001110011,1001101101110100,0001011111011011),TestNumLess-Tag(1000001110101000,0110000000111010,0001111100000001),TestNumEqu-Tag(0100100100111111,0100111101110100,0010111110101111),SubmitNum-Tag(1010001000010010,0001000100111100,0010100000111111),While-Tag(0110101100000110,1110101101101001,0001101001001110),SubmitNum-Tag(0011100111011010,0010110001111011,1000111000000100)]"
PROBLEM_median__ARGS_TAG_BF__MUT_005,7401,median,Tag-BitFlips,0.005,0,True,17,237,110,"[SubmitNum-Tag(0110011111100111,1100011100010101,0111000010101000),LoadNum2-Tag(0101001011110111,1011110110101111,1000100110011011),TestNumLess-Tag(0011010110010010,1011000111110110,1001001100011000),TestNumGreater-Tag(0110000010111100,1000111010111100,0101011110110100),CopyMem-Tag(0001000111111010,1110110110111010,1011001110000100),If-Tag(1101100110101000,1000000011000000,0000010011111110),Add-Tag(1100001110110011,1110000100111011,1101111011011000),Dec-Tag(0001110101110001,1110101000111101,1010110011001100),LoadNum2-Tag(0010001101110000,1011100111110111,0101001110011010),Close(0100111011000011,1010010100101101,0111100110110100),If-Tag(1001010001011110,1100111111000000,1110110111000100),TestNumGreater-Tag(0011101010010011,1111111111010010,1001001000011000),LoadNum3-Tag(0010001101011010,1101011101011001,0101100011011100),If-Tag(0001000000011001,0010000111010110,0010011100100000),LoadNum2-Tag(1011101000110111,0000001111111100,0100011000011000),Close(0100111000110000,0101111011001110,1110000110100011),SubmitNum-Tag(0010011110111011,1010011010001010,1001011011000101)]"
PROBLEM_median__ARGS_TAG_BF__MUT_005,7402,median,Tag-BitFlips,0.005,0,False,NONE,NONE,NONE,"NONE"
PROBLEM_median__ARGS_TAG_BF__MUT_005,7403,median,Tag-BitFlips,0.005,0,False,NONE,NONE,NONE,"NONE"
PROBLEM_median__ARGS_TAG_BF__MUT_005,7404,median,Tag-BitFlips,0.005,0,True,37,483,438,"[TestNumGreaterTEqu-Tag(0011000010110011,1011011011111101,0000101010010111),TestNumGreaterTEqu-Tag(0111011111010101,0110101101110110,0111101000010010),TestNumGreaterTEqu-Tag(1001001001110110,0010101111001100,0101000001000100),SubmitNum-Tag(1111111100010111,0011010010000101,0110011101010100),Set-0-Tag(1000101101011101,0111000000111100,1100001000001110),While-Tag(0101001101010101,0111110111011010,0110010100101010),Set-7-Tag(1110000101101100,1000001110101000,1001000011001110),IfNot-Tag(0011100110100000,0111110110101100,0000001010101110),LoadNum1-Tag(0101001010111101,1100111100011001,1110110110000101),TestNumLess-Tag(1000001100110011,1111101101010000,1110101001100011),Set-16-Tag(0000011010000100,1000010011000110,1010101001101100),TestNumNEqu-Tag(1000110000111011,0010101100001110,1000010111100001),LoadNum3-Tag(0010000011001100,1110001110011000,1110111010110010),Set-0-Tag(1110010101100011,1001011010100110,1010000010000110),Set-2-Tag(0110000100011111,0110010011001000,1101101011110101),While-Tag(0100100001100101,1111000111110111,0111101101111101),LoadNum2-Tag(1101110000010110,0110100011110110,1000101110001110),Inc-Tag(0010110011010100,1101001110101100,1001111011011111),LoadNum2-Tag(0101110110100101,0001000100001100,1011000010011110),Set-5-Tag(0010100011001000,0111010101011110,1001100011010101),Set-10-Tag(1011000101001010,0011000101011111,1101101101000110),Set-1-Tag(1100011100100010,1000001011001011,1100100010100110),Div-Tag(1010110111000011,0001010000110100,1010100001111010),Close(1000111000000111,1101000011110111,1010001111101000),While-Tag(0101010111001001,0101100110001110,0001001101101110),Set-9-Tag(1001100110101101,0010011110110101,1000110111111100),SubmitNum-Tag(1001110111010111,0110010100010010,0110110101111001),TestNumNEqu-Tag(1111001101100101,1001111010001001,0111100101101110),LoadNum2-Tag(1010101100001001,0001100111011101,0100111011101000),SubmitNum-Tag(1001101111011000,0011000000100000,1000000111001100),LoadNum3-Tag(1111111001011110,0110100101110001,1111111101110110),Dec-Tag(1010010000000011,0011101101111100,1011101001010101),TestNumLessTEqu-Tag(0001101111101011,0001110010011011,0101000111011100),Close(1010010111100100,1110100001001010,0110111001010101),Set-7-Tag(1110010101110100,0110100000100001,1100000100000111),Close(1000101101010100,0011000110101100,1100011110011101),TestNumEqu-Tag(0000000011101101,0000011110101101,0111001110110011)]"
PROBLEM_median__ARGS_TAG_BF__MUT_005,7405,median,Tag-BitFlips,0.005,0,True,24,496,461,"[Set-7-Tag(1111100000000011,1101000101100101,1111000010010110),TestNumLess-Tag(0010010101100011,1111101011101011,0010101010111001),Add-Tag(1011000111101101,1110001100010110,1000111111011010),TestNumGreaterTEqu-Tag(1111111011101100,0101000101010010,1001011000010011),Div-Tag(0100011110110111,1011011100110110,1111010101111011),Sub-Tag(0001100100101011,0000101000111101,1000111001100001),Sub-Tag(0010011011111001,1011101110100000,1101011101000111),SubmitNum-Tag(0000100101001010,1010100111111010,1010001010110110),LoadNum1-Tag(0110000101111101,0111001011011001,1000100000010001),Mod-Tag(0101110110010011,1101000001001101,1000011001110100),LoadNum2-Tag(0010001100100111,1101111001000010,1100011010011001),While-Tag(1111101110101011,1011001110101100,0101011011011010),Set-2-Tag(1010100010010010,0000110001011000,1110100101000111),SwapMem-Tag(0010000001001101,1010010010100011,0101101111111011),TestNumGreater-Tag(0110110000100100,0111011100110001,0011111100001010),Set-6-Tag(1110101010001111,1001001111110010,1001101101111011),Floor-Tag(0100101010101110,1111111010110111,0000101010101000),SubmitNum-Tag(0111100100110110,0010000111100111,0010010001100110),Set-14-Tag(0001011111100101,1010111101010101,1010000110000011),LoadNum3-Tag(0001101100100000,0101010001101100,0001110011010000),Countdown-Tag(1111010000101000,0100000111110010,1110000010100010),While-Tag(1011101011100000,1001110101100001,1100101111010111),LoadNum1-Tag(0110011000100011,1110000011111010,0001000110111111),Sub-Tag(1000111011101010,1010011100011101,1110101010010100)]"
PROBLEM_median__ARGS_TAG_BF__MUT_005,7406,median,Tag-BitFlips,0.005,0,True,21,483,257,"[LoadNum1-Tag(1001111000000101,0100101010110011,0010011010001010),TestNumGreaterTEqu-Tag(0100100000101010,1111010010101010,1101000110011001),Sub-Tag(0010101100100010,1011110001010000,0010111010111000),Sub-Tag(1000110110101010,1111011011101000,1010110000110001),TestNumLess-Tag(0111000100000100,0000101110000010,1011010110100100),TestNumLess-Tag(0100011010001101,0101010011100000,1111110010101000),Countdown-Tag(1101110010110111,0100000011101110,1011000000001100),Set-7-Tag(0110010000111010,0010101000100111,0111001101101011),TestNumNEqu-Tag(0111111010001100,0100101001100010,0111100110010101),SubmitNum-Tag(0011010110001001,0011110110101101,1110000100111010),Set-6-Tag(0000110111110111,0001001111111010,0011010101111101),Sub-Tag(0010111111111011,0010011111100000,0011001110011111),Set-2-Tag(0100010110110101,1101000101101111,1101000111011110),LoadNum2-Tag(1101110010011101,0010000110010001,0011001011100100),While-Tag(0000001100100101,0100000001110011,1010101011101010),LoadNum1-Tag(1000110000010100,0000001100110100,0101001101101011),LoadNum3-Tag(1101101100111001,1101110010011110,1010101111000010),TestNumGreaterTEqu-Tag(1000100010111000,1000101101000100,0110001000111111),Mod-Tag(1100111101101001,1101000000001100,1000011100100000),SubmitNum-Tag(0000101101110100,1001100011011011,0100001010100101),TestNumNEqu-Tag(1110001000010010,1001111110110100,0010001100101000)]"
PROBLEM_median__ARGS_TAG_BF__MUT_005,7407,median,Tag-BitFlips,0.005,0,True,13,328,34,"[TestNumLessTEqu-Tag(0010011101000100,1001001100011110,0111111000010101),TestNumGreater-Tag(0110111111111010,1011011100000010,0101010000101111),Sub-Tag(1001110011010100,1111110010000110,1111111101111111),If-Tag(1110011110010110,0101010011000001,1010110001010100),LoadNum1-Tag(0011000100110010,0010011111111011,0011000110000101),Close(0100011010100010,0110010110110110,1110110101001111),LoadNum2-Tag(1000001001000111,1100110001011011,0011011101010001),TestNumGreater-Tag(1110001011010001,0010000101110110,0011001010001111),TestNumNEqu-Tag(0101000111100001,1111100001001100,1111010000110110),SwapMem-Tag(0100000111100001,0110111111010101,0011011010001001),SubmitNum-Tag(0111011001110111,1100011110111101,1111110100011111),While-Tag(1100111100110011,0011010100101000,0000001111010111),SubmitNum-Tag(0001001100100010,0010100011111101,1010101101010011)]"
PROBLEM_median__ARGS_TAG_BF__MUT_005,7408,median,Tag-BitFlips,0.005,0,True,21,500,252,"[TestNumEqu-Tag(1101000000101110,1111101000011101,0001001011100110),Close(0011101010111110,0011001111001011,1001010000100001),Close(0011001101100011,0111100001010101,0010000000011010),TestNumLessTEqu-Tag(1011000100100001,1110111010101110,0110101001100100),Sub-Tag(0011101100100010,0000101111101000,0101001000010110),LoadNum2-Tag(1111011011010101,1110010010101001,0000110001111001),IfNot-Tag(0110100001000100,0011101100100101,1011001100000101),LoadNum2-Tag(0101011100100011,1111101100010110,1111000010101101),LoadNum1-Tag(0111101101011011,1010111110100011,1010001001100010),Close(1110100011000111,0101000110001100,1001111110110001),TestNumLessTEqu-Tag(0110001000101010,1111110011111000,1110110001101001),SubmitNum-Tag(0011001011110000,1011010011000011,1001101000010001),LoadNum3-Tag(1000111000110001,0000111101001010,0101101010101010),Countdown-Tag(0000110011110010,0000100000100001,1100100000110011),TestNumLess-Tag(0001011111000000,0000001100011011,0101011101100101),LoadNum1-Tag(1011101100010010,0111110010000110,0001110000001111),IfNot-Tag(0110101100101001,0001110011001111,1001001101000001),SubmitNum-Tag(1101100001110011,0011101101000110,1101110011101111),LoadNum2-Tag(0001011100100011,1001100100101111,0000110011001111),While-Tag(1101000100000000,0110110010010001,1011100100110101),Set-16-Tag(1001101010011010,0010110111001110,1100011100010000)]"
PROBLEM_median__ARGS_TAG_BF__MUT_005,7409,median,Tag-BitFlips,0.005,0,False,NONE,NONE,NONE,"NONE"
PROBLEM_median__ARGS_TAG_BF__MUT_005,7410,median,Tag-BitFlips,0.005,0,True,40,480,199,"[LoadNum1-Tag(1110001101000110,0110000111001101,0111000100101110),Close(1111100011011111,0100100001001000,0010011011001000),Set-11-Tag(0001110010111001,1100100000010000,0101111100010011),SwapMem-Tag(1001000000011000,1011101000011001,1100100111100111),LoadNum2-Tag(0011001101111101,0000010010111011,1100101000011011),Floor-Tag(0110011111101011,1001010101010101,1000011001100101),Set-7-Tag(0010111001101000,1001100100010111,1010001111011100),LoadNum2-Tag(1111000111100111,1000111010111011,0000110110111100),Close(1111011111010011,0101101100111101,1001000101000000),SubmitNum-Tag(1010110100111111,1101010110101100,1100010011001000),Set-1-Tag(1000111100011101,1101001010011101,1011110111100010),LoadNum3-Tag(1110001010011011,0100100000110100,0010011111111000),LoadNum1-Tag(1110101000100110,1110110011101101,0011000111101111),Add-Tag(0111101011100011,1000011010000011,0000100110111001),TestNumLess-Tag(1100000011110111,1010011011110011,0100100111010000),LoadNum3-Tag(1111100001001010,1110010111011111,1011101100100010),TestNumLess-Tag(1110101011001001,1111111000100110,1010011111111110),Dec-Tag(0001110110101000,0101110100000000,0110110110000000),TestNumLessTEqu-Tag(1011110100010010,1111111001111111,0000010001010101),Sub-Tag(0111000000100101,0011001110001010,1000000011101110),IfNot-Tag(0101001111111011,1111100111110101,1100000111000100),Set-6-Tag(0001100010110011,0100101000001011,1000100010010010),Add-Tag(1111111010101000,1100100110011100,1011111000011111),TestNumLess-Tag(0100000110000000,0110010111011011,0000110101000110),Set-15-Tag(1010010000000100,1100111011100011,0111100000000110),TestNumLess-Tag(0011010110000011,0110110111011000,0001111001110110),SubmitNum-Tag(1101011110100010,1010101101000000,1000011101110101),Countdown-Tag(1111010000000010,0100101111011011,1100100111000010),Mult-Tag(0100100111011110,0010010111110111,0011001010101111),Div-Tag(0110011110111100,1101110111111001,1101101111000010),TestNumGreater-Tag(0100101000101011,1101010011101001,1011010100011110),Close(1010010100001111,0110100100000100,0000001111110001),Close(0100010010111010,0011010111101010,0111110111001100),LoadNum1-Tag(1000110000000110,0111101110000001,1001101010101111),TestNumLessTEqu-Tag(0101001000001011,0111000100000011,0101010100010011),Close(0010101011010101,0101111001010110,1000110100001000),LoadNum3-Tag(1101111011111101,0100100010111011,1001110110010010),IfNot-Tag(0100011100110000,1000001100001000,1011100011000010),If-Tag(0101110100111101,1100100000001011,1010010110000111),Set-12-Tag(1101011000110101,0100001111101111,1000011111101011)]"
PROBLEM_median__ARGS_TAG_BF__MUT_005,7411,median,Tag-BitFlips,0.005,0,True,48,308,223,"[LoadNum3-Tag(1010000011010000,1110111100100011,0110000100001100),Set-11-Tag(1010111001011001,1011000000011000,1011110010001011),SubmitNum-Tag(1111010110101011,1101100011001011,1000111101011100),Set-15-Tag(1101010100100010,1100111110010110,1010011100010111),Add-Tag(1010110101001101,0101010101010111,0010010001110110),TestNumLess-Tag(1110110101000101,1011101111110110,0111010001111001),Add-Tag(0100000111100010,0011001101001001,0100110000001111),Set-8-Tag(0100000101100010,1110110100101000,1011010000110101),Set-1-Tag(0011000011110011,1100001110010000,0110010010100011),SubmitNum-Tag(0011010110010111,1001110100101100,1001100101001101),IfNot-Tag(0110010100000100,1001101010101101,1111011100100110),TestNumLess-Tag(1110110111001110,1000110001001111,0011101110100001),CopyMem-Tag(1010101011011010,0110001001111100,1010010000110001),TestNumNEqu-Tag(0101000001110110,1001001010011011,1111010001101111),TestNumLess-Tag(1100010010011110,0101010100010100,0110010101101011),Close(1000001100100010,1001010010001110,0100001101100000),LoadNum1-Tag(0101000011010111,0011010010111110,0100111100110011),TestNumLess-Tag(1111000010000011,1101101001011101,0010100010101101),Close(0110111111011111,0110011001110110,1010010001110111),TestNumEqu-Tag(0110010000111111,1010101000101001,1010100110010100),Mult-Tag(1111011000011000,0111010111101110,1111110011111000),TestNumGreaterTEqu-Tag(0010011011101110,1101100110111100,1001101010101111),Inc-Tag(0011010001100111,1010101011111111,0010110010001000),Floor-Tag(0110101010100110,0001001000101110,1000111100011000),Mod-Tag(0111011011101000,0010000010010001,0010101111001100),Close(1000100000101110,0000001110000010,0100001110011010),LoadNum3-Tag(1011011110100001,1101110011111101,0011101101101000),Set-5-Tag(1001100000101111,1011100001000100,1011101110101011),Close(0011100111100011,0111000001001100,1001110000111110),Close(0101100111111101,0111101011010100,1000001001101101),Set-11-Tag(1110100111110111,0001001100100011,0110000101101100),Set-7-Tag(0110011010000001,1111101000100110,1000101100111100),Floor-Tag(0110101000000000,1100010110011101,1110101101001011),TestNumGreater-Tag(0110111110110011,0000010100111011,0110111101000110),If-Tag(1100000000000001,0101101011100011,0111101111010111),SubmitNum-Tag(0100011101011001,0110111001100110,0110100011010110),While-Tag(0111011100111000,1000010110011011,1110100000010010),SubmitNum-Tag(1000000001111011,1110010110000000,1101001111100010),TestNumLessTEqu-Tag(1000000011111110,0010010111101001,0111001111010011),Set-9-Tag(0011101110001110,0000100011101011,1111000100111011),Set-0-Tag(0011101000011100,0101111111001100,1100111010101111),SwapMem-Tag(0001011100010111,0101010011101011,0111011011100010),Not-Tag(0010111101000011,1000011110001101,0010111011010010),Not-Tag(1000111101001100,1101010011100110,0100000000101100),SubmitNum-Tag(0010010111100111,1100111100111011,0000010110001010),Close(1110010001100010,1110010001111101,1111101111011000),IfNot-Tag(1100100110000011,0001101101111001,1010110001000110),Inc-Tag(0000100100101000,0101101101110100,1110011111110011)]"
PROBLEM_median__ARGS_TAG_BF__MUT_005,7412,median,Tag-BitFlips,0.005,0,False,NONE,NONE,NONE,"NONE"
PROBLEM_median__ARGS_TAG_BF__MUT_005,7413,median,Tag-BitFlips,0.005,0,True,40,499,483,"[LoadNum1-Tag(0010000001000100,1100001110011011,0000111111110111),CopyMem-Tag(0110001101010001,0111101011101000,1000011001010100),LoadNum3-Tag(1011110101011111,1110001110010001,1110011001111011),CopyMem-Tag(0011010110111110,1000010110111100,1010001100100111),Set-16-Tag(0000101100011110,1010010000011001,0100011111010110),TestNumEqu-Tag(1101001111000111,1111010000111101,1101101110111110),TestNumLessTEqu-Tag(0111111001111101,1010110111101100,1010011011001000),Sub-Tag(1110000001111101,1011001010101010,0111010000000000),Sub-Tag(0000001010110000,1110100000010100,1010110110010000),SubmitNum-Tag(1011000011101100,1101010110100010,0001001010010010),Close(1011010010110110,0000111011001010,0011010101000101),TestNumGreaterTEqu-Tag(0010001011001101,1001010111000100,0111001101110110),Set-16-Tag(1110011000011011,0011101001011100,0001000001100100),TestNumLessTEqu-Tag(0100000111111000,1000110110110010,1111011010110110),Set-2-Tag(1100111111101001,1010010110100010,0101000000111011),Countdown-Tag(1000111100011111,1110110011111111,0010100100011111),If-Tag(1101010001011000,1111000111111111,1001101011111011),Set-5-Tag(1011111100101101,1011110011100111,1010111000000011),TestNumEqu-Tag(0110001011101000,0011010110000011,1100100100110100),Floor-Tag(1001010000010000,0001101111100110,0011111010100110),CopyMem-Tag(1010101101111101,0101100010101110,0000100000011011),LoadNum2-Tag(0000100100001010,0000111111100010,1001011010000000),Set-12-Tag(1011111111011110,1111110100001001,0000100111001010),Set-10-Tag(0101111110001101,0010001100000011,1010111000011011),Set-7-Tag(1011010011000110,1110100001101101,0001011100001111),If-Tag(0001101110101000,0110101000100010,1001111001010111),SubmitNum-Tag(1110100110000101,0100101101011011,0101011001000001),Mult-Tag(1000110100001000,0100001001001101,0001000100011100),Not-Tag(0100111010100000,1010100111000000,0010010000000111),Countdown-Tag(0110101000111011,1111001010001100,1100111110101111),LoadNum2-Tag(0101011011110010,1011110100000100,1011010000111010),SubmitNum-Tag(1001101101010111,1001010100011101,0001001101000001),Set-1-Tag(0001100100110011,0110011110100100,1011001100011110),TestNumGreater-Tag(1001001000110011,1101101010111111,1101111110000011),SubmitNum-Tag(0110110000100000,0001001001001010,0110100000011101),Dec-Tag(0010010111010111,1010101111111101,0000110111110011),Set-2-Tag(1111110000000100,0001000001001101,1010100011000001),TestNumLess-Tag(1011101000101101,1110110011111101,0011010100111001),Set-6-Tag(0110111000011001,1010011100111011,1000100100000101),Set-6-Tag(1101000000011001,1111111000111100,0001010101001101)]"
PROBLEM_median__ARGS_TAG_BF__MUT_005,7414,median,Tag-BitFlips,0.005,0,True,17,420,351,"[SubmitNum-Tag(0111011110110111,0011010010101010,1101101100001010),LoadNum3-Tag(0010000000100101,1010100011100111,1110010001100111),LoadNum2-Tag(1001010110001001,1100000111111000,1011000110001110),TestNumGreater-Tag(0101000100011011,0110111011110110,0111000001110110),IfNot-Tag(0101010101001011,1011000001010011,1011011001111011),TestNumGreater-Tag(0011001101011001,1010101010011001,1101111010011000),TestNumGreaterTEqu-Tag(0001001111100011,0111111101001010,1111111101011010),TestNumEqu-Tag(0101110100010100,1100101100010001,1010010110111101),Close(1011011001111111,1001110000111101,1111100010110011),Close(0001110001101111,1111101001010000,0010011111011110),TestNumLess-Tag(1111110010100100,1110111111100111,1101001110101110),IfNot-Tag(1101100101111101,1011010110001000,0010010100011101),Sub-Tag(1100100110011111,0001110011101001,1110011011111101),SubmitNum-Tag(0011011000010010,1011110010010101,0001000110011000),LoadNum2-Tag(0000000110100011,1010100111110101,0110000000100100),IfNot-Tag(0001101111010011,1111101101001110,0011011000110010),Break(0001011001010001,1000100001110100,0100100011100000)]"
PROBLEM_median__ARGS_TAG_BF__MUT_005,7415,median,Tag-BitFlips,0.005,0,False,NONE,NONE,NONE,"NONE"
PROBLEM_median__ARGS_TAG_BF__MUT_005,7416,median,Tag-BitFlips,0.005,0,True,21,461,183,"[LoadNum1-Tag(0000011000101100,1111110111111110,0100111001111001),SubmitNum-Tag(0000101111101010,1001110011100010,1100001000100011),TestNumLessTEqu-Tag(0101010001110110,1011110110111111,1010100111010011),TestNumGreater-Tag(0001001001010100,0000010001001010,1000010101110101),TestNumGreaterTEqu-Tag(1111001000111010,1111011110001101,1010000010100101),Div-Tag(1101010101011100,1111000110110101,1001001000011101),Countdown-Tag(1101100011111000,0010001110110010,0100000000010010),Div-Tag(1111011000001101,0001101101000111,1111100101000111),LoadNum3-Tag(0111010101010110,1101110001001001,0010010011001101),SubmitNum-Tag(1111011111111110,0010000000100010,1100000111010010),LoadNum2-Tag(1100000111010110,1010111111010001,0110010100001100),Dec-Tag(1110011111001011,0110011100011011,1010001100101010),TestNumGreater-Tag(1010110101111010,1100101101010111,0110110001110010),Set-2-Tag(0011110010111001,0101100101100110,0000101111010111),TestNumLessTEqu-Tag(1001010101010000,1100111111010011,0001110010001011),SwapMem-Tag(0001000100011101,0011101111111001,1111110101000000),If-Tag(0100110010110000,1001111101110010,0011111010100110),LoadNum2-Tag(0101110001000111,1010001000001110,0011000111010101),LoadNum1-Tag(1101110010101011,0110001010000111,0001001000110110),SubmitNum-Tag(0100010100110001,1011000100011000,1101100001110000),While-Tag(1011110111100011,1111010000010011,1110001001000110)]"
PROBLEM_median__ARGS_TAG_BF__MUT_005,7417,median,Tag-BitFlips,0.005,0,False,NONE,NONE,NONE,"NONE"
PROBLEM_median__ARGS_TAG_BF__MUT_005,7418,median,Tag-BitFlips,0.005,0,False,NONE,NONE,NONE,"NONE"
PROBLEM_median__ARGS_TAG_BF__MUT_005,7419,median,Tag-BitFlips,0.005,0,False,NONE,NONE,NONE,"NONE"
PROBLEM_median__ARGS_TAG_BF__MUT_005,7420,median,Tag-BitFlips,0.005,0,False,NONE,NONE,NONE,"NONE"
PROBLEM_median__ARGS_TAG_BF__MUT_005,7421,median,Tag-BitFlips,0.005,0,True,31,491,409,"[Set-2-Tag(0010000100110011,1010011111001011,1000011101000111),Floor-Tag(0000110001110111,1111110111000101,1010110100111010),Close(1010111011110011,1001100111111000,0001110100011000),LoadNum2-Tag(0010001111001011,1101001101001001,1110011111001011),LoadNum3-Tag(0000111100101110,0101000110010101,0011001001111010),LoadNum1-Tag(0110100001111011,1111110111100000,1000101001001001),SubmitNum-Tag(1110110100001010,1101010010101000,1000100100001011),TestNumGreaterTEqu-Tag(0111111101011011,0100000110001100,1000100000011100),TestNumLess-Tag(0100001000011100,0000011010100010,1111101000101111),LoadNum1-Tag(0011001001110001,0111100001010110,1101100101010001),While-Tag(1110000001001010,0101000011111000,1100010100111010),LoadNum2-Tag(0001010000110010,0111111101101101,1010011010110000),CopyMem-Tag(1010000010000001,0001111100000111,1000000011101001),Set-9-Tag(1011011110100100,1010000000100101,0100101010100101),SubmitNum-Tag(1001100101000110,1111101011011111,0110100100100111),Countdown-Tag(0001111110101010,1101001010111001,0001011111110011),TestNumLess-Tag(1000011100011100,1000111111011001,0010100110110100),LoadNum3-Tag(0101011001000110,0001100001010110,1010111101110010),Not-Tag(0110110100110001,1110100010111010,0110110001011001),Inc-Tag(0110111011100100,1101001000001010,0100111000001111),TestNumGreaterTEqu-Tag(0101011100011000,1100100001000001,1000011100010111),SubmitNum-Tag(0101001000111001,0001100100111110,0101011101101110),Not-Tag(1001000011100110,0110101010010110,0100010110101001),Not-Tag(1000011110011111,0010111100000100,0101010100010001),LoadNum1-Tag(0011101111010000,0011011110000000,0101001111100011),Mult-Tag(1100101010001101,0010001101000001,0110001110001011),Set-2-Tag(0101100000100011,1100100001000101,1101011001011111),Countdown-Tag(0101000110011010,1111000111100011,0011110110110110),Mult-Tag(0000111011000010,0100011001011110,0110001110100111),Countdown-Tag(0101111100100111,1010001000000000,0101100111100111),Set-15-Tag(0010110100110111,1011111101010101,0111100100110000)]"
PROBLEM_median__ARGS_TAG_BF__MUT_005,7422,median,Tag-BitFlips,0.005,0,False,NONE,NONE,NONE,"NONE"
PROBLEM_median__ARGS_TAG_BF__MUT_005,7423,median,Tag-BitFlips,0.005,0,False,NONE,NONE,NONE,"NONE"
PROBLEM_median__ARGS_TAG_BF__MUT_005,7424,median,Tag-BitFlips,0.005,0,False,NONE,NONE,NONE,"NONE"
PROBLEM_median__ARGS_TAG_BF__MUT_005,7425,median,Tag-BitFlips,0.005,0,False,NONE,NONE,NONE,"NONE"
PROBLEM_median__ARGS_TAG_BF__MUT_005,7426,median,Tag-BitFlips,0.005,0,False,NONE,NONE,NONE,"NONE"
PROBLEM_median__ARGS_TAG_BF__MUT_005,7427,median,Tag-BitFlips,0.005,0,True,13,231,143,"[SubmitNum-Tag(1011101101000010,1010101111011111,1000100110100110),TestNumGreaterTEqu-Tag(1111011100100000,1100010110010000,1111011100010111),LoadNum1-Tag(1001101100010101,1101101100101101,0010101011000111),TestNumGreaterTEqu-Tag(1001010110011010,0001001100010000,0101011101011010),TestNumEqu-Tag(0110110100110101,0001101110111111,1101000000001000),IfNot-Tag(1111110000001011,0001001011010111,1111111010111111),SubmitNum-Tag(1001100101001111,1001110110001101,0101000010000011),LoadNum2-Tag(1001111110001001,0001110101001100,1101100001111010),LoadNum1-Tag(1001001000111011,1001101111100110,0010111010001100),TestNumGreater-Tag(1111110110011001,0011100100111101,0000111111110101),TestNumEqu-Tag(0100011001110110,0101011111110011,1111000001101011),IfNot-Tag(1111000000100110,0110010110010111,0101010010111011),SubmitNum-Tag(0000101100011001,0111100100111000,0001100010000011)]"
PROBLEM_median__ARGS_TAG_BF__MUT_005,7428,median,Tag-BitFlips,0.005,0,True,21,174,122,"[Set-2-Tag(0000101010010110,0000101001101110,1101101101101010),TestNumGreaterTEqu-Tag(0001001000011011,0001000101001110,1110110000100111),Set-14-Tag(1000100011111111,0010011011011100,0101010010010011),LoadNum3-Tag(0110010001101000,0000111001010011,0000001100110011),TestNumGreater-Tag(1011110110011111,0110111011101001,0101111110111010),LoadNum1-Tag(0000111010011111,0110111001111011,0111010010011100),SubmitNum-Tag(0010111101110011,1011000000100101,1110101010010010),TestNumNEqu-Tag(1001101111100110,1011011010001100,0101010000100001),If-Tag(0110110000010001,1111010010000100,0101110101000101),Set-9-Tag(1001110100010110,0110000011110011,0101011101111001),TestNumEqu-Tag(1110111010011000,0111001001111101,0010111100010011),Close(1011011101101110,1101111000110110,1100101111010000),While-Tag(0101010110011101,1111110011010010,0001111000010001),LoadNum2-Tag(1111010110111101,0001110111100100,0000010001001001),Countdown-Tag(0111001101110010,0111010010100111,0001001000100101),SubmitNum-Tag(1101111011010101,0100011000011101,1011010110000111),LoadNum1-Tag(0011110100100000,0101000001111111,0010001001110011),Set-3-Tag(1111000100010010,0111100110110100,0001100011110011),SubmitNum-Tag(0011011101001110,1001010110011111,0001011101110101),TestNumGreater-Tag(0001111011111010,0000100101011110,0001101101011101),Countdown-Tag(0000010001110101,1100010110101000,0111001111110010)]"
PROBLEM_median__ARGS_TAG_BF__MUT_005,7429,median,Tag-BitFlips,0.005,0,True,31,350,198,"[LoadNum3-Tag(0101101011001000,0101101011100111,0001110000010110),Set-7-Tag(0110110011011010,0010011100110101,1110111000111000),TestNumGreater-Tag(1101011100000100,1100111111100111,0111010011000010),TestNumLess-Tag(1100011101010101,0011100100111010,1100001101001010),Set-2-Tag(0000100000000010,1001010011011011,0101100101000110),TestNumGreater-Tag(1011011111111101,1000000100110011,1010011110110010),TestNumLess-Tag(0010101111011010,0111101101110110,1010000110100010),Set-6-Tag(0110110101111011,0011110010011011,1001000100110101),CopyMem-Tag(1101110100001011,1000000101011110,0100010000100111),Mult-Tag(0010001011000011,1101101011011000,1100000010101001),While-Tag(0001000100111010,0110010011000011,1011001011101110),Dec-Tag(1000001111000000,1110000001000100,1110010000101100),Dec-Tag(1111110111000010,1011100000101011,1110110111001110),Break(1101111000011110,0001101011011010,0001000010001011),Close(1001001001000100,1110101001010010,0010010011110011),Mod-Tag(1011001001100100,0101101001001000,0011000111110000),SubmitNum-Tag(0111010011111100,1000001111110101,0100000000100000),TestNumNEqu-Tag(1100000011111010,0111100000110100,1000001000100110),While-Tag(0011110001110001,1000110011001000,0000100001001001),Set-6-Tag(0111111110011010,1110010100101110,0111110010011101),Set-7-Tag(0010111110101000,0100000011001000,0111001111110100),Set-2-Tag(0110000101111000,0110110110101000,0100001011101101),LoadNum3-Tag(0011000100000000,0000010111010110,0010011110000010),Set-10-Tag(0011100110001010,1100011000111100,1100101110100100),CopyMem-Tag(1010010101111101,1011001100101010,1110100011011010),SubmitNum-Tag(1010001010101101,0100101111000111,0100011100001010),Set-7-Tag(1110001000011001,1010101100100001,1000010101100110),Mod-Tag(1100011001010011,1111101001111101,0010100111000010),Inc-Tag(0110011101111011,1001100101110000,1100011011011010),SubmitNum-Tag(0001101010100100,0010000100110000,0011110100001101),LoadNum2-Tag(1011010100101110,0100101100111110,1111100011011011)]"
PROBLEM_median__ARGS_TAG_BF__MUT_005,7430,median,Tag-BitFlips,0.005,0,True,14,233,169,"[TestNumLessTEqu-Tag(1101110001010001,0010101101110010,1101100000100010),LoadNum2-Tag(1000100110010001,1001001110111000,0011010001000011),LoadNum1-Tag(0100111011000010,1110110101001101,0110110101011000),TestNumGreater-Tag(1101011111111111,1001001101100110,1011011100101111),Sub-Tag(0111110110100111,1101010000111110,1000010001000101),If-Tag(1100010011010111,0010010011101001,0101010100011010),TestNumGreater-Tag(1100000111100011,1011100111010000,0110111001111011),LoadNum1-Tag(0011011001111011,1010001000111011,1110010010110100),TestNumNEqu-Tag(1011111110010110,1100010001010010,0000110110001011),Close(1011100010101100,1100011011110101,1111100111001111),IfNot-Tag(1000101110101111,1001011010010100,0100110111001010),SwapMem-Tag(1001111010011001,0010011000000011,1000101000111010),Close(1101101000010100,0100101111101101,1110011110100001),SubmitNum-Tag(1000110101011001,0000100101110001,1000010101110100)]"
PROBLEM_median__ARGS_TAG_BF__MUT_005,7431,median,Tag-BitFlips,0.005,0,False,NONE,NONE,NONE,"NONE"
PROBLEM_median__ARGS_TAG_BF__MUT_005,7432,median,Tag-BitFlips,0.005,0,True,13,425,138,"[Set-16-Tag(1100001110011011,1100101000110001,0010110011011001),LoadNum3-Tag(1001000011011100,1001111010100111,1000001101010010),While-Tag(1000101011110011,0111010110000000,1010111001111000),TestNumGreaterTEqu-Tag(1001100110001110,0011011110010100,1110010001001110),SwapMem-Tag(0101011001010011,1110011111111101,1101101001100011),SubmitNum-Tag(1111110111001101,1010010010111010,0101111001101111),TestNumGreaterTEqu-Tag(0011011010100011,0101000011010110,0100101011010010),TestNumEqu-Tag(1101001000001001,1100101111100001,1101001111100100),TestNumGreaterTEqu-Tag(1110011101000000,0000100101101101,1100100100101101),CopyMem-Tag(0111101110011111,1101100110011010,1111010101110101),Close(0000101000001000,0110101101110000,0110001010000100),While-Tag(0010001001101000,0111101100110010,1010010000000000),SubmitNum-Tag(1001000101100010,0110000100010011,0101001100111010)]"
PROBLEM_median__ARGS_TAG_BF__MUT_005,7433,median,Tag-BitFlips,0.005,0,True,20,377,361,"[Set-5-Tag(0100101000000100,1110110011101011,1111011001101111),Break(0111110011000111,0001100001100010,0000001101011010),Close(1100111110011100,1011110111110011,1001110100100111),SwapMem-Tag(1101110101000000,1010111110101010,1001011111100011),TestNumLessTEqu-Tag(0011100111100100,0011100101000111,1110100100011000),Add-Tag(1001101110000111,1011000101011010,0100011110011110),SubmitNum-Tag(0001000101000010,0111110010001101,0001111110110110),TestNumGreater-Tag(0000101000001011,1101010100011011,1110101111001010),Set-8-Tag(1000001000011100,0001110000100010,0010011111100100),TestNumGreater-Tag(1000100001011011,0111100100001011,0000110100100001),TestNumGreaterTEqu-Tag(0000111111100111,0011100010111000,1100111010010101),Set-16-Tag(1011011010111000,1010101100000101,1110001000110010),If-Tag(1110000011000001,1011000100000101,1001110000100111),SwapMem-Tag(0111101100000110,1101001011111011,1110110001110000),Set-15-Tag(0000111011111001,0000100010111011,1110011101111001),Div-Tag(1110001110110101,0100100000110110,0001001101101110),Close(1011000101110000,1010111011011000,1010001010110111),If-Tag(1000100001000111,1101101100010101,1000110100001011),Sub-Tag(0100011101011000,1101011110101010,0110100101111100),Break(1111100110111100,0101101111000011,1000000100001000)]"
PROBLEM_median__ARGS_TAG_BF__MUT_005,7434,median,Tag-BitFlips,0.005,0,True,22,371,273,"[CopyMem-Tag(1101111111011110,0011010001100111,1111110001000000),Set-5-Tag(1010001100101000,0001110111000110,1010111110001110),Countdown-Tag(0010001000110010,0110101110000101,1111111011000010),Set-5-Tag(0011000111111001,1000011101011010,0100111000001101),Sub-Tag(1001100001111111,1101010001100001,0100011110100010),LoadNum2-Tag(0111001000110010,0001100101100101,1010100000101101),TestNumGreater-Tag(1010110011010010,0101010100110001,1101010111101010),CopyMem-Tag(0101111011100100,0000111010000110,0010100110001101),Set-6-Tag(0011101110110000,0100101110001101,0000000011001101),Sub-Tag(0001000111111111,0011010100100010,1001110111001010),Add-Tag(0001000111001101,0110111111000000,0100101110010110),Dec-Tag(0001000010110111,0000110000000100,0010010011110001),SubmitNum-Tag(0111100111010001,0011110011111111,1101100101111110),LoadNum3-Tag(0000010110010001,0000100010001100,1111110111000100),TestNumGreater-Tag(1111000011010000,0100101101001101,0000111101001000),Mod-Tag(0001111011000111,0000111100001101,0111101000010110),Dec-Tag(1101100000100000,0101001111100011,1100110010010001),Countdown-Tag(1110111101011100,0100111000000010,0100000000011100),LoadNum1-Tag(0111110111000101,0100010100111110,0000001101011101),Set-11-Tag(0111001100101100,0111100010100100,0010000110010110),Set-6-Tag(1111111110101010,0110011101100000,0001010000110110),Div-Tag(1011011000000100,0001111110001101,1010111111111111)]"
PROBLEM_median__ARGS_TAG_BF__MUT_005,7435,median,Tag-BitFlips,0.005,0,True,38,409,260,"[Close(1110100111011111,0000010011110111,1100111100010000),LoadNum3-Tag(0100100011010000,1011110111011000,0111001100001111),LoadNum2-Tag(0111100110010000,0101001011110110,0000001100100000),TestNumLessTEqu-Tag(1001101101010110,1101111100101001,1010001111000000),LoadNum3-Tag(1010000010111111,0110010101110101,0011010000011110),LoadNum3-Tag(1101001001010101,1010001111111010,1101000100100000),Mult-Tag(1000111001101111,0010101101111001,1000111001100001),TestNumLessTEqu-Tag(1011000101101010,1010001101101110,1111011111111110),LoadNum2-Tag(0000011100001101,0111110000000111,1010100110010111),If-Tag(0101111110101010,0101001110100111,0000101011111011),LoadNum1-Tag(0101000010101110,0010110010011010,1111110001011101),SubmitNum-Tag(1001100011011011,0011101101000101,1001000101000110),Set-9-Tag(0010101111010000,0001100101110110,0110010000100100),Sub-Tag(1111100010010010,0010001100101111,1011011001110000),Dec-Tag(0101001111011100,1010111111100000,1011101111110000),Set-5-Tag(1100010110101101,1100110110111110,0010010101011000),Set-15-Tag(0000101110110100,0000101110010100,0111001010100011),Set-2-Tag(0011000000010111,0011111110010010,0100100110100001),Close(0001000110000000,1010110010101000,1000111101111011),LoadNum3-Tag(1101000011010011,1101010101101101,0001000100011010),Set-5-Tag(0111100001010010,0000000110101010,1011110111101100),TestNumLessTEqu-Tag(1001100001010010,0001001001101110,1110011101110110),TestNumEqu-Tag(1011100010000101,0101010101011100,0110010110100010),LoadNum1-Tag(1100000111001101,0101111100000101,0010011101010011),If-Tag(0111110011100000,1010010010000010,1101000110011101),Mult-Tag(0110111101101100,1111000101010111,1001000010001000),Set-5-Tag(0111100000001001,0110010101001010,0100111001101011),TestNumGreaterTEqu-Tag(1100100111010110,1001100000101000,1101101000001111),SubmitNum-Tag(0000100011010010,0001010000101100,0101001101101011),Close(0000001111010011,0000111001011011,1111110100010011),Break(1100000100000001,0100011100101100,0110011010111010),If-Tag(1111010011111011,1001110000010001,0010001101101001),SubmitNum-Tag(0100110100000011,1111101011001100,0011010100111000),SwapMem-Tag(1101001011111110,0011011000100010,1011010111000100),TestNumLessTEqu-Tag(1100000000110110,1001010111101000,0111011111100111),TestNumGreater-Tag(0010010000001010,1100001011011011,0101110101100100),If-Tag(0001001101000101,1011010000101111,1011111111101010),LoadNum3-Tag(1011010000011001,0001000111000111,0000110001101000)]"
PROBLEM_median__ARGS_TAG_BF__MUT_005,7436,median,Tag-BitFlips,0.005,0,True,13,475,413,"[Set-4-Tag(0001100010111010,0011011011101110,1100101000010100),Countdown-Tag(0101100100001011,1000011111111000,0111001010000111),TestNumGreaterTEqu-Tag(1000000101110010,0111001111111100,0101101010000011),TestNumGreaterTEqu-Tag(1010101111101110,1101010010010000,0100110110011000),SubmitNum-Tag(1101010110101010,0101111001110000,1000011100001010),TestNumLessTEqu-Tag(0001001100111010,0110010111000111,1110100010110101),SwapMem-Tag(0100001100101011,0001011001011101,1011001101101101),LoadNum2-Tag(0101101111101011,1110000000110011,0011111011111011),While-Tag(0100111010000100,1000010001010011,0101010010101101),IfNot-Tag(1111100000011001,0111110010001000,0100101000101110),SubmitNum-Tag(1011000010110011,1001011110111010,0001100100101101),If-Tag(1110011000110101,0101010010010011,0100101111100111),SubmitNum-Tag(0101010000010110,0011100010110111,1001001111000101)]"
PROBLEM_median__ARGS_TAG_BF__MUT_005,7437,median,Tag-BitFlips,0.005,0,False,NONE,NONE,NONE,"NONE"
PROBLEM_median__ARGS_TAG_BF__MUT_005,7438,median,Tag-BitFlips,0.005,0,True,13,365,181,"[Dec-Tag(1011010010101001,0011000111011011,0110010000111010),While-Tag(1010011110110101,1101111010010100,0111100110011100),SwapMem-Tag(0010111110100010,1110010111110010,0010011101101010),TestNumLess-Tag(1010111011101100,1111101100110001,0101010101011000),IfNot-Tag(1101010100011100,0000000010010000,1000110101100001),LoadNum2-Tag(0100000111010010,0101010000011100,0011011011100011),SubmitNum-Tag(0011111100110100,0011100001010000,0100010110101101),While-Tag(1011010000100000,1001001101101110,0001010100011000),SwapMem-Tag(0010000100101110,1111111111001010,1000100100100101),TestNumLess-Tag(1100001011001111,1011101101100010,0101011010010101),IfNot-Tag(0100010101000100,0100000110100110,1001000101100001),SubmitNum-Tag(0110001111001110,0100111111111010,0110000100011010),SwapMem-Tag(0001000100101001,1101101101100011,0100101101111001)]"
PROBLEM_median__ARGS_TAG_BF__MUT_005,7439,median,Tag-BitFlips,0.005,0,False,NONE,NONE,NONE,"NONE"
PROBLEM_median__ARGS_TAG_BF__MUT_005,7440,median,Tag-BitFlips,0.005,0,True,35,356,233,"[TestNumLessTEqu-Tag(1110001110110111,1101000111010110,0101010100001000),LoadNum2-Tag(1101110110011000,0101000011110000,1011001010100000),SubmitNum-Tag(1100111111111010,0001010000000111,0000010010001111),Close(0100000111100111,1001111001000000,0100001100011011),Set-0-Tag(0101010010101010,1111100100000111,0010110011001010),Break(1111010001101101,0100001110100111,1100010001110000),Mult-Tag(1001110110010111,0000101101110010,1000111001111101),TestNumGreater-Tag(0010001000100111,0111010111111001,1111010001011010),Set-7-Tag(0100111010011111,1000010111001101,0010001000111001),While-Tag(0011010100000101,1100101111110111,0011111001101110),CopyMem-Tag(1101010000110001,1000111110000110,1111110110110100),TestNumNEqu-Tag(1001101101000001,1100011100101011,1100100101111010),TestNumNEqu-Tag(0001101011101000,0100101011011011,0101110000100001),TestNumLess-Tag(1011111101100001,1000001100000000,0010011010011011),SubmitNum-Tag(1011101101111100,1101010010000010,1110010100011001),TestNumGreaterTEqu-Tag(0001001100101110,1101110010111111,1001110101000001),If-Tag(0001011101110100,1111011010100110,1110101010101110),Add-Tag(1001000010111001,1101010001101100,1010011010111111),Not-Tag(0100000000110010,1001000010110000,0101101010010111),LoadNum3-Tag(0010101000110010,0011111011110000,1010000111011100),Set-0-Tag(1101010111100101,1010100100100001,0011101101100001),Close(0100101000010001,0100011011000010,1000111101101101),Inc-Tag(1000010001111010,0001110001011100,1100100111000110),Set-11-Tag(0000010111001100,0010110101000011,1000001000110110),SubmitNum-Tag(0001000000100001,0101100100110000,0101000111011110),LoadNum2-Tag(1000010011110010,0111010100110110,1011101101111110),Set-4-Tag(1110101000001011,0000001111001111,0110001000100011),Set-2-Tag(1100110001110001,1110111110001101,1110011100101100),Close(1111111011110110,1110000100001010,0011111100111101),Sub-Tag(0000010100100110,0001010001101000,0010110100010011),Set-3-Tag(0111101001111100,0100100101111010,0010100101110011),Set-15-Tag(1100010100011111,1010110111110110,1111110001010001),While-Tag(1110100010001101,1110000101101110,0010110001101011),If-Tag(1110000111011010,1110010011110011,0110110000010110),Close(1011010101000100,1111100001010100,1111100011000000)]"
PROBLEM_median__ARGS_TAG_BF__MUT_005,7441,median,Tag-BitFlips,0.005,0,False,NONE,NONE,NONE,"NONE"
PROBLEM_median__ARGS_TAG_BF__MUT_005,7442,median,Tag-BitFlips,0.005,0,False,NONE,NONE,NONE,"NONE"
PROBLEM_median__ARGS_TAG_BF__MUT_005,7443,median,Tag-BitFlips,0.005,0,True,41,488,459,"[SubmitNum-Tag(0011011100101110,0110010010111011,0010011111000000),LoadNum1-Tag(0001011110101101,1000110101000000,0101111010010001),Set-4-Tag(1110101101000100,0111001101110010,1101010110111111),Sub-Tag(0011001101110100,1011111100011010,0111111101010001),Set-10-Tag(1011010101101101,1111001000011111,0000110111100111),TestNumGreater-Tag(0101110011011110,0010101110100010,0000011000101111),TestNumEqu-Tag(0010111100111110,0110111000011011,0100001110000010),Mult-Tag(0000011110010110,0001110100010011,0110010001000101),Sub-Tag(0001100110101101,1101011000000010,0100111011100011),Set-9-Tag(0100001000101100,1011101101110010,1000100001101001),LoadNum2-Tag(1100100110010001,0010000111011001,0001000010101001),Countdown-Tag(0111001001100111,0010100010011011,0000010000010001),Sub-Tag(1111000110011000,1111110101000001,0110100011110111),Set-16-Tag(0110000111100101,1111011110100110,1000000100010010),Set-2-Tag(0001100001000100,0110110011111100,0011101011101011),Add-Tag(0100111110001101,0101011100111110,1101000001010000),TestNumEqu-Tag(1001101110100101,1000011100000000,0011100101001011),LoadNum3-Tag(1011101100001011,1001010101011000,1000010101110100),Sub-Tag(1101000011011011,0001111001010010,1110000111001111),TestNumLessTEqu-Tag(0110101111111111,0000100001111011,0110101111110110),LoadNum1-Tag(1011010010011101,1000101001001101,0010010101011110),Set-2-Tag(0110111010000000,1011100010111000,1111011101111010),Floor-Tag(1011010111110010,1011010000110111,1000001110110100),If-Tag(1010101011110101,0001101110000101,0100011100100000),Set-2-Tag(0010001000000100,0001001100000011,1011111100000000),Countdown-Tag(1010110101111100,1010100011001000,0100111110001000),Floor-Tag(0110110011010000,0001111001111011,1100110100000110),Inc-Tag(1100101001011110,0111011111111100,1001010110010011),TestNumEqu-Tag(0010100011111110,1000001101010101,1100110110101101),TestNumGreater-Tag(0000100000110110,1011101001110010,1111100101110110),Floor-Tag(1111001001110100,1110010101011000,0001101001110011),Mult-Tag(1011001110100111,1100101100110000,0001101111110001),Set-2-Tag(0111011000111000,0110110011000101,0001111000000000),LoadNum1-Tag(1101110010000011,0101100100010011,1111001000101000),TestNumGreater-Tag(0001000010111000,0101001101000010,1111001101101001),SubmitNum-Tag(1100001010010010,1010011011010111,0101101010001011),TestNumEqu-Tag(0011000100011110,1111001110010000,0011110001100101),LoadNum3-Tag(1100100011010010,0111000110100010,1111111001101001),While-Tag(0010111000001011,0000110111100110,1110100110000100),TestNumGreaterTEqu-Tag(0010111001100001,1011110111000001,0000101000101000),SwapMem-Tag(0100000000100010,1101101001000110,0010000100001011)]"
PROBLEM_median__ARGS_TAG_BF__MUT_005,7444,median,Tag-BitFlips,0.005,0,False,NONE,NONE,NONE,"NONE"
PROBLEM_median__ARGS_TAG_BF__MUT_005,7445,median,Tag-BitFlips,0.005,0,False,NONE,NONE,NONE,"NONE"
PROBLEM_median__ARGS_TAG_BF__MUT_005,7446,median,Tag-BitFlips,0.005,0,True,21,386,354,"[TestNumLessTEqu-Tag(1010100111101111,1011000001100011,0101111100011110),SubmitNum-Tag(0011100110110001,1001100110111011,0101010100100111),IfNot-Tag(0010010101001010,1001000101111001,1010100010110001),Inc-Tag(1111001010110101,0100101001000011,1100001100001000),Mult-Tag(0001000100000101,0101101110001100,1110011100010010),LoadNum3-Tag(1100010100110101,0111101000000111,1111110101000111),Close(1011010100000101,1101101101000000,0001110111111101),TestNumLessTEqu-Tag(0100010100010101,0010101100101011,0001010111000100),LoadNum2-Tag(1101111000101010,0100101011010000,0110101010100110),While-Tag(0011010101001100,0111011001101110,0110011100011110),Sub-Tag(0010111111011011,0110010110011000,0001001100000011),IfNot-Tag(0010101111001011,1110001000010010,0111101000001001),LoadNum2-Tag(0010001000011111,1110100110111011,0111100111011000),Add-Tag(1101101110010100,1011011100011110,1100111000010110),Close(1000000110001100,1111000000011001,0111100111101001),SubmitNum-Tag(1110110011110101,1011000101000101,1110101001111010),TestNumLessTEqu-Tag(0100110111110011,0001101100000001,0011000110010101),While-Tag(0100001001010100,0111001110001100,1101111001101100),Close(1100010110111101,1101010000111011,0100110101010110),LoadNum2-Tag(1000111111101000,0101111101010111,0110100000001001),SubmitNum-Tag(0101010000101001,0000101110111001,0000101100010000)]"
PROBLEM_median__ARGS_TAG_BF__MUT_005,7447,median,Tag-BitFlips,0.005,0,True,36,473,385,"[Close(1100010111100011,0000001000000001,1101011100011001),TestNumGreaterTEqu-Tag(1111110010011100,0011100011101100,1000011111001110),IfNot-Tag(0001100111100000,0100110011101101,0100110101111001),SubmitNum-Tag(0001100101100000,1001010110110001,1111011101000000),Add-Tag(1100011110100000,1110000000111111,1100011011110100),TestNumNEqu-Tag(0001111100000110,1110010111111111,0000111100111100),LoadNum2-Tag(0110000000111100,1000010001101111,0100010001001000),Set-12-Tag(1011111110110100,0100111000000111,0110110000010011),LoadNum2-Tag(0111100011000111,1011110011111100,0011111101100011),LoadNum2-Tag(1001111100110011,0101011100111011,0100110100111110),Floor-Tag(1101111110011101,1111011000111111,1011101000110111),Set-0-Tag(0111101000000110,1000101001110110,0001000110101111),Close(1101001001001001,1110111111101100,0100011111110100),SubmitNum-Tag(0111100011101001,0111101101001101,0001110011101100),TestNumLess-Tag(0111011010111001,1010111111101001,0011010111010011),Not-Tag(0111110110100011,1011001001101111,0101101000011000),LoadNum2-Tag(0100111010100110,0110001010111001,1110100000111100),LoadNum3-Tag(0010010100100000,1000100001110111,0000011110001011),LoadNum1-Tag(0010000001001011,0101111110001101,0011000110110010),Set-12-Tag(1000000111101111,1010000001110101,0110000000101110),Floor-Tag(1010001001101001,1110100000011111,0110000011111100),Countdown-Tag(1100000010111111,1100100001101011,0000111110100111),Floor-Tag(0100011010111001,1011111100001000,0000010101110011),TestNumEqu-Tag(0000001010100010,1001110100100101,0101001011111011),Set-2-Tag(1000110000000011,0110011011010101,0010001010001001),Set-11-Tag(0111110111110110,1011010110011000,1101101000010110),TestNumGreater-Tag(1101010001100100,1110000101101001,0101011111110101),Set-3-Tag(0100011011111011,0010001011010001,1000011110001011),SubmitNum-Tag(1000010100100100,1110001011111011,1110111100100100),TestNumGreater-Tag(0111101110000111,0000000111100001,1110110001011011),Set-7-Tag(0011100100100011,1011110010011000,1000000001101000),TestNumEqu-Tag(0111010000010001,1101010000110000,0000001111101110),Set-11-Tag(0111011111000100,0000100111001000,1011110000101110),LoadNum3-Tag(0011000100000101,1011110110110010,0010000110001101),Set-13-Tag(1100010000110000,0011101101000011,0110011001101101),LoadNum3-Tag(0011111101111010,1001000100101110,1000100111101011)]"
PROBLEM_median__ARGS_TAG_BF__MUT_005,7448,median,Tag-BitFlips,0.005,0,True,37,466,260,"[Set-12-Tag(0100110101101011,0110101010001101,0011001011100111),Countdown-Tag(0110001101111000,0100011100010001,0001011100100110),LoadNum1-Tag(0111101001111011,1110110111110100,1110100101011110),TestNumGreater-Tag(1000000011000000,1110001110010101,1000001110001010),TestNumGreaterTEqu-Tag(0001000100111010,0101101101111101,1111011101101001),LoadNum3-Tag(1011000101110110,1000101110011000,0111100101111101),Add-Tag(1111111100101110,1100101011100111,0000101011101101),Sub-Tag(0000110110101010,0011001111111010,1110010000111101),Div-Tag(0100110100011111,1111000011011100,0010100011100011),Set-5-Tag(1001110000111011,1000101101010101,1000111101101010),SubmitNum-Tag(1100000100110101,1110111000010010,1010100011011001),TestNumLess-Tag(0111100100010001,0000000011011011,0000010101100110),Dec-Tag(0100101000101010,1110011101111101,1011011011001110),TestNumLess-Tag(1111100110010100,0011100010011010,1110110011000011),Floor-Tag(0001000001010011,0111110100111001,0101000111100000),Countdown-Tag(0110010101111101,0111111110110001,1110000110011010),Set-10-Tag(1010101001001110,0001000011101101,1101001101111111),SubmitNum-Tag(0010010100111010,0010010010101000,0011100011101000),LoadNum2-Tag(0000000010100101,1111101100011100,1101010010111011),Set-7-Tag(1011111100111110,1001110011110010,0111110101100000),LoadNum3-Tag(1000001111001011,0110000110100011,1101001101110011),LoadNum2-Tag(1010101011010100,0011001011110000,0101000111000001),Dec-Tag(0010100100110011,0110110101011011,0110010100011010),LoadNum1-Tag(0010001101110010,0010110000101000,0010101011101100),Close(1011010100001001,1110111011001110,1011110000111110),LoadNum1-Tag(0000010001000100,0101101010011110,0101011001010100),LoadNum2-Tag(1001111110111011,0111100110000110,1010100010101110),Countdown-Tag(1001010010101001,1011101110101100,0011011000100111),LoadNum1-Tag(1001100001010111,0111101111010000,1001011000111011),Set-6-Tag(0010111100101000,0000101101011010,1110010110000000),Mult-Tag(0000101011100100,0010000000111101,1100100001100010),Mult-Tag(0011001100000110,0101110101001001,1100011101000010),Set-1-Tag(1110011011000110,0111110000110010,0111001001000100),Set-0-Tag(1011111110100001,0011010000001111,1111011000000111),TestNumEqu-Tag(1100111000010111,1101111100010001,1110011100000000),SubmitNum-Tag(1011110001111100,1011000101111101,0110010101101110),Sub-Tag(0011100001110001,1011101111110111,1000110110100001)]"
PROBLEM_median__ARGS_TAG_BF__MUT_005,7449,median,Tag-BitFlips,0.005,0,False,NONE,NONE,NONE,"NONE"
PROBLEM_median__ARGS_TAG_BF__MUT_005,7450,median,Tag-BitFlips,0.005,0,True,37,206,69,"[Close(1011111001101011,0011001111110100,1110010101100001),Set-6-Tag(0100001000011101,0100010001010110,0010111010111000),TestNumGreater-Tag(0101010110010001,1110101111011111,1100010000100011),Set-16-Tag(1111111110001100,0100001001110111,1001101110000001),TestNumGreater-Tag(0111001011011011,1011010100111110,1001001011111011),Set-11-Tag(1100110111101110,0001101100011010,1011011101100001),Sub-Tag(1111011100111101,1011100011100000,1000000001001010),TestNumGreater-Tag(1001001010001110,0101110010011011,0111001001100101),LoadNum3-Tag(1001101011011010,1011111101011001,1100001011010001),LoadNum3-Tag(1111001101111011,1011101100000100,1110010100001110),IfNot-Tag(1111010010110010,1101011010000100,1001100001001010),SubmitNum-Tag(0100010111111101,0110011100101000,1111111000101011),Set-16-Tag(0001101101001100,0100001011011110,1110011010001001),Close(1011110001110000,1110000000001001,1010000011100111),LoadNum3-Tag(1111110110110101,1000010000111111,0110001011110011),Set-1-Tag(0110000011001011,1001111000100011,0001001110000011),Sub-Tag(0011010100101000,0100100010001000,1010110001110101),Set-5-Tag(0100000011110101,0101110100001011,1011001100010110),TestNumLessTEqu-Tag(1100111001001001,0110100010111110,0001000110111111),Set-5-Tag(0011111001000110,0111111011111110,1001100110011101),TestNumGreaterTEqu-Tag(0001011001010110,0011010101011101,1111101000001111),Close(0001100100001111,1100010001100100,0100011010100010),Set-7-Tag(1110010001101000,0010111101111011,1001001000011001),Floor-Tag(1001101010100100,1001101111110111,1100111100010100),Set-16-Tag(0011011011111001,0111010101001010,1001110111010001),TestNumGreaterTEqu-Tag(1001101010111111,0101010100011101,1110111101101000),TestNumNEqu-Tag(0000100001000110,1011110100100110,1110110100100011),TestNumGreater-Tag(0010110100100101,1011110011100111,0010111010011000),Close(1111001101010000,0001011010010110,1110111111100101),TestNumNEqu-Tag(0111010000101000,1100110000100100,0100001000010010),SubmitNum-Tag(0001000110111101,1101100010101111,0101001101011101),SwapMem-Tag(1100100110000110,1000011000110011,0010110000011000),SubmitNum-Tag(0001011001010111,1001001000111010,0010011101000010),LoadNum1-Tag(0110001111010100,0110010001100100,1111110111101010),Add-Tag(1110110110000001,1111110100000010,1010011010010000),If-Tag(0011000100110000,0001010111001111,0001010101110101),Set-15-Tag(0011101000000011,1101011010010101,0001101001101000)]"
PROBLEM_median__ARGS_TAG_BF__MUT_0075,7351,median,Tag-BitFlips,0.0075,0,True,41,473,435,"[Mod-Tag(1100110101111000,1110001011011100,0100010001001011),TestNumGreaterTEqu-Tag(0100010001000011,0110001100100000,1111101001100001),Inc-Tag(0100111100011101,1011000110110111,1010100010000001),Close(1001101101010110,1011010000111110,1011000010111110),CopyMem-Tag(1011101100101101,1100000000001110,0001101101100100),Set-10-Tag(1110010111101100,1011010000000100,1111111010010111),LoadNum3-Tag(1000010010010011,0101001110101100,0111000010010001),TestNumLess-Tag(1100001001101001,1101101111100110,1100010011010010),TestNumGreater-Tag(1111111010110010,0110000000111010,0010101000110010),Countdown-Tag(0111001100000010,1000011000110101,0000001001000100),Set-14-Tag(0011110100011001,1000110100001100,0010111100010111),CopyMem-Tag(1011010000001100,1000101001001101,1011101000110100),Set-0-Tag(1101100111001000,1110011100001011,0110100111001101),LoadNum1-Tag(0010010001111101,1000110001001011,1010000000010111),TestNumGreater-Tag(1111010110010101,1000010100111101,1000001110010110),TestNumLess-Tag(1111111101111010,1010000110011100,0100011001111100),LoadNum1-Tag(0001011011110011,1101100010010000,0010100110111111),SubmitNum-Tag(0011101100000000,1000100011101001,1110000011000101),Set-16-Tag(0000001001111011,1010100011101101,1000001110101000),Set-6-Tag(0101001001101101,1011110100101010,1000100010001000),Set-16-Tag(1100001101000010,0110000111110100,0011100100111011),LoadNum2-Tag(1101110000000111,0001011100101011,1011000111001010),LoadNum2-Tag(1111010100101101,0100101100100010,0000101001101000),LoadNum2-Tag(0111110111010101,1001011000101010,1001011101011000),TestNumLess-Tag(1011101001010000,1101111000110001,0011000000110000),Close(0010000110110001,0011111001001111,0000111001111100),SubmitNum-Tag(1110110101110010,0101010011011001,1101000111111101),Mult-Tag(0100000001011101,1001010100111000,0000000110100111),SwapMem-Tag(0010010100101000,0110110011011110,1111110110100011),TestNumGreater-Tag(1111001010100110,0011100101010100,0001000110111100),Countdown-Tag(1001110110100010,0001001001010000,1100101000010001),SwapMem-Tag(1010100011001110,1010001110001111,1011111111001110),Set-0-Tag(1101001001100010,0101111100101100,0111111001110110),Set-3-Tag(0110111000000010,1100010011101111,0101011001000001),Close(1001110110100000,0001110010011001,0001000001010101),Set-12-Tag(0000110110001000,1111100001110010,0010111011111010),Set-2-Tag(0001111010101011,0010111101011010,1111000110011101),Set-14-Tag(1000110100010101,1001000010100101,0101000100011100),Set-2-Tag(0011101000100010,1110000110010100,0100010001001001),If-Tag(0110110011101000,1111101101001100,0110001110011100),Not-Tag(0110001000111100,1010110110001111,0010001111010010)]"
PROBLEM_median__ARGS_TAG_BF__MUT_0075,7352,median,Tag-BitFlips,0.0075,0,True,37,227,181,"[LoadNum2-Tag(1101011011101001,1001100110111100,1000011110010110),Set-8-Tag(0100001110111001,0011011100101110,1011010000010110),Set-6-Tag(0011010110011000,1100111001110000,1111110010011010),While-Tag(0001110010111011,1011001101001010,0011110100010110),Sub-Tag(0000111111010111,0111011110111010,1101001110011010),Set-6-Tag(0000000011110100,0011010100101011,1110101111001101),Add-Tag(1011110011100101,1111101001100000,1000001001000111),Inc-Tag(0011100010010111,0011100110100101,1100011010011011),CopyMem-Tag(1111111110011010,1000110010101111,1011000010101101),Set-7-Tag(1001000110011000,1110111001001101,0000010011010111),CopyMem-Tag(1110110011010000,0100001110101100,1010010100110010),Set-14-Tag(0100101111011000,0000111100010000,1110111111011100),Set-13-Tag(0111010110101001,0111100000011000,1000010010010110),TestNumLessTEqu-Tag(0000110100110101,0111010111111100,0001111000000110),Floor-Tag(0010110001000110,0100010101011000,0001110010011001),Set-14-Tag(1010100110110100,1111100001011101,0111111011110101),TestNumLessTEqu-Tag(0101011000101001,0010001100001011,1011100111110001),SubmitNum-Tag(0100100101110110,1100100111111110,0001000011111001),LoadNum3-Tag(0111010111010011,0010011001000111,1010000000001110),CopyMem-Tag(1010000100011100,1000111100110000,0111001011100001),IfNot-Tag(0010111000000000,0111111010100111,0110010101000100),Not-Tag(0100010110110100,1101001111000110,0000111011001001),TestNumLessTEqu-Tag(0000100110100001,1111000000111011,1110011011011001),LoadNum3-Tag(0110101011111001,1011111110111110,0101111001100100),SubmitNum-Tag(0110001010101001,0001010011011011,1010010011010001),LoadNum3-Tag(0011110010010010,1100100010001011,0100101010111010),TestNumLess-Tag(0111001101011111,0010100010000011,1001010011000010),Not-Tag(0110001010010110,1101100101011010,1110101111111111),Mod-Tag(0010001011110111,1111011101010111,0010101101001000),SubmitNum-Tag(1001011111111010,1001010100000000,0101000110101111),LoadNum3-Tag(0110100011100001,0010110100010010,1100011110111110),IfNot-Tag(1001001101000111,1010110110101000,0100100101010100),While-Tag(0010010101000010,1001010101110100,1110001100110110),LoadNum2-Tag(0001110110000010,0010111100001001,0100010100101111),SubmitNum-Tag(0011010011010111,0100110011111011,1101101010111001),IfNot-Tag(0000100110011011,0101110010011000,1100000001010000),SubmitNum-Tag(0111110101101000,1000100110111011,0011110010100111)]"
PROBLEM_median__ARGS_TAG_BF__MUT_0075,7353,median,Tag-BitFlips,0.0075,0,False,NONE,NONE,NONE,"NONE"
PROBLEM_median__ARGS_TAG_BF__MUT_0075,7354,median,Tag-BitFlips,0.0075,0,True,21,325,72,"[TestNumGreater-Tag(0101100101010100,0111011111111011,1000100111000101),LoadNum3-Tag(1100000110100100,1110011000011011,1010001010000010),TestNumGreater-Tag(1111001111111000,0011100100100010,0000011000101100),Set-1-Tag(1111100100111110,1010100101011101,0010010000011110),While-Tag(1111111011111101,1011000110001011,1011110010001110),SubmitNum-Tag(0101111000010100,0001001001111000,1001100100000010),TestNumGreaterTEqu-Tag(1101011000010110,0011001101000111,0110111110100110),While-Tag(1111011011011010,1010101110101000,0010011010100000),Countdown-Tag(1000100110000000,0000110110110010,1011011001101101),SubmitNum-Tag(1010011010000000,0111101101001010,0100101100110000),TestNumGreaterTEqu-Tag(1001111010000010,0000101111101011,1110110110101011),Not-Tag(1100010101010111,0100100001000000,0101111110001010),Close(1010010100110101,1001011100111000,1110001000100111),Close(1011100000110101,0101001011110010,1110111010100011),Add-Tag(0001111000011111,1001000101011110,1111010101011011),LoadNum2-Tag(1011001100011010,1101011000011001,1101111100001010),CopyMem-Tag(0100111100011100,1000110010011111,0000100001100100),SwapMem-Tag(0100001001011101,0010110001010001,1101001110110010),Set-5-Tag(0111111101011110,1100001000010100,0001111101110110),IfNot-Tag(1101000100010110,0000000111100100,1101110011111010),LoadNum1-Tag(0001011001110110,0011001111100100,1010110000000111)]"
PROBLEM_median__ARGS_TAG_BF__MUT_0075,7355,median,Tag-BitFlips,0.0075,0,False,NONE,NONE,NONE,"NONE"
PROBLEM_median__ARGS_TAG_BF__MUT_0075,7356,median,Tag-BitFlips,0.0075,0,True,43,411,411,"[Close(0100010010001110,1101010100110101,0101010010111111),Add-Tag(0101011100110000,0111111101111100,1011001110100101),SubmitNum-Tag(0100101111111100,0110001100110000,1101110010000100),Mod-Tag(1101111101010101,1111101100100101,1010010101001110),TestNumGreaterTEqu-Tag(1110010111010001,0010001101100010,1101101010011000),Set-6-Tag(0111101000100101,0101001101101100,0011111001110001),TestNumLess-Tag(1001111001001100,1011101111001110,0110011110000001),TestNumGreaterTEqu-Tag(0100010001011101,0111110111110111,1110001010010010),TestNumGreaterTEqu-Tag(1101100011111101,0001001100110110,1110000101101000),IfNot-Tag(1110111001100000,0101110010100000,0111101011010010),Set-15-Tag(1100100101101010,0111110011100000,0111001110010110),LoadNum3-Tag(1000101010010110,0101011101010000,0010110110101111),Mod-Tag(0001010101101011,0100101100011101,0111001010110100),Set-10-Tag(1010011010011111,0011000000110000,1111110000110000),Set-8-Tag(0101011111111011,1101001000110110,0010111110001001),Inc-Tag(1011001001111011,1000000111111011,1010101111011010),CopyMem-Tag(0000011001100010,1010000100110011,1011101101000111),Set-3-Tag(1111110111011101,0110001111110100,0000100100111010),TestNumGreater-Tag(1011001001000111,0101001111110001,1011010010010110),CopyMem-Tag(0110111010010101,1001100101000000,0110111010101001),Set-13-Tag(0111011010111010,0111100101100000,0101111010001000),SubmitNum-Tag(1010111001011000,1111001111011111,0001001000100010),Set-12-Tag(1111100111011011,1110110100000000,0110110010010010),LoadNum1-Tag(1101000101110010,0110111110010010,1110001110100110),SwapMem-Tag(0011101011000001,1110100110010110,0101110011100011),TestNumLessTEqu-Tag(1111101101111111,1011011100111110,0011111100101001),Set-3-Tag(1101001001011000,1110000100000101,1101110110001110),TestNumLess-Tag(1010010101010001,1000010100000010,0110011010011011),Close(0111001010011010,1011010000000001,1110101110010111),Div-Tag(0100000110100100,0000100010000111,1111011010010101),TestNumGreaterTEqu-Tag(0011010011100000,1110000100000011,0000101010101100),Countdown-Tag(0101111011000100,0100110100100110,1010001110001011),Floor-Tag(1110111111111100,0111100011000001,0000000110110110),While-Tag(1010010000100111,0111101111111110,1100011010110101),LoadNum2-Tag(1101111011110000,1111110000101101,0000000111000011),Set-7-Tag(0110100000001111,1011000111001100,0100001010100110),Set-11-Tag(0101101011000000,0011000100100011,1001100111010000),LoadNum1-Tag(1101101001110100,1010001101000110,1001011110111110),TestNumLess-Tag(1011010001111111,0101110000110100,1010111010110100),Set-7-Tag(0000111010000110,1101001011110001,1100111000111001),SubmitNum-Tag(0000010101110000,1010011011001000,0100101111011010),Sub-Tag(1101000001100000,1011110111100100,1011100001001101),Add-Tag(1101101011010001,0110101001011011,1111010001100010)]"
PROBLEM_median__ARGS_TAG_BF__MUT_0075,7357,median,Tag-BitFlips,0.0075,0,False,NONE,NONE,NONE,"NONE"
PROBLEM_median__ARGS_TAG_BF__MUT_0075,7358,median,Tag-BitFlips,0.0075,0,True,22,498,362,"[TestNumLessTEqu-Tag(1111100110010111,0111011100100111,0011110011111110),CopyMem-Tag(0001001110101001,0110010011001000,0011010100111111),LoadNum1-Tag(0110000101001000,0000010110010000,0110101011101011),SubmitNum-Tag(0011001111111001,1010011001000001,0111100100111010),If-Tag(1100100110101110,1001101100101111,1110010001110010),Sub-Tag(0111000111010010,1101011010010001,0110111010001000),Set-4-Tag(1010000101001001,0000111010111011,1010100100000010),TestNumGreater-Tag(1100001111111101,0001011000100101,0101010100001101),Set-6-Tag(1001100111110111,1000001101011111,1100111111101100),Close(1100001011001011,0110011100100101,0110011001011010),TestNumGreater-Tag(0001100111000101,1010011110011011,0100111001101111),Set-7-Tag(1011110001110101,1010010011101110,0111100011110001),Countdown-Tag(1101111100001111,0010101101011011,1001111101101001),Div-Tag(1001101011110101,1111110101111110,0101110101111001),CopyMem-Tag(1101110010111111,0000011000001000,0100000101100100),TestNumGreater-Tag(1110010101010101,0110010001111001,1010011110011011),LoadNum2-Tag(1110010011100101,1000100101010001,0110000001011011),LoadNum1-Tag(0011001101011111,0001000000000000,1111111010011000),TestNumLessTEqu-Tag(1010011111000110,0000101110110011,0101101111010110),SubmitNum-Tag(1011010010100101,0001001111010101,0001000110100111),If-Tag(0111011010110101,1001011000000110,0010001000011101),SubmitNum-Tag(1011011000010111,0111011010001101,1111000000110100)]"
PROBLEM_median__ARGS_TAG_BF__MUT_0075,7359,median,Tag-BitFlips,0.0075,0,False,NONE,NONE,NONE,"NONE"
PROBLEM_median__ARGS_TAG_BF__MUT_0075,7360,median,Tag-BitFlips,0.0075,0,True,36,493,282,"[Close(0110110110110001,0010000110111000,0110010100001111),Mult-Tag(1011000001010100,1100000101100010,0000100011011010),SubmitNum-Tag(0011100110110110,0111111110100101,1101100011100110),LoadNum2-Tag(1110000011010000,1110101011111011,1001111110010001),Set-11-Tag(1011100101001000,1000011011110101,0100101111110100),TestNumGreater-Tag(0001110111110000,1111111111110011,1111011010011000),Mod-Tag(0111011111100000,1001010111000100,1010110100101110),SubmitNum-Tag(1001111100010011,0110100010010011,0100011100010110),TestNumGreaterTEqu-Tag(0011001110100010,0000110011010100,0111011111000010),Sub-Tag(0111000010111110,1100111010101010,1110110000100001),TestNumGreaterTEqu-Tag(0011000100000111,1101010011110110,1011010100011011),Inc-Tag(1001001010101010,0010100111111000,0000110000011101),LoadNum3-Tag(1101000001111010,1110100100100101,0011010111101100),Close(1010011101100000,1001111000010011,0011111110111000),While-Tag(1111001001100011,1111100110011000,0001101101101000),TestNumGreaterTEqu-Tag(0101011111111010,0010010101000101,0111101101110011),While-Tag(0011001000010011,0100000010001111,0010001100100010),SubmitNum-Tag(1100111100111100,0111110010011000,1001100000011100),Close(1011111011011110,1111010111001100,0010010000011000),LoadNum1-Tag(1011101011111100,0101011000111100,1011110010110101),Inc-Tag(1000100010010101,1001001001011100,0101111110111000),LoadNum2-Tag(0010111100011110,0011000011100010,0100010010011110),SubmitNum-Tag(0011110100101101,0101001110110110,0000000100001111),Mult-Tag(1100011000011101,1010011101000101,1011000011100100),SubmitNum-Tag(0101010111000111,0001001011111010,0110100110011000),TestNumGreaterTEqu-Tag(1001001100110001,1000011111011011,1000001010110011),LoadNum3-Tag(0100011001011111,1100101111101001,0110110000110111),Close(0111100001111011,0101101011111101,0111110001100010),Set-1-Tag(0110011101100111,0011101101100000,0101111111011101),Set-5-Tag(0001001001000110,1010011010011001,0111010111011111),Set-10-Tag(0011011011101111,1010111010100101,1011100111000100),Set-6-Tag(1000111101110101,0001111011100100,0001000001011000),TestNumGreaterTEqu-Tag(0011100100100010,1000011000011001,1110101001101111),Div-Tag(1110111110100010,1001110100011100,1110100110001100),While-Tag(1100101100100001,1010010011010101,1111000100100111),TestNumGreater-Tag(0001111110010010,0010001001110100,1010010001111100)]"
PROBLEM_median__ARGS_TAG_BF__MUT_0075,7361,median,Tag-BitFlips,0.0075,0,True,16,473,455,"[TestNumLess-Tag(0111110110111011,0110101000111010,0100000011110000),SubmitNum-Tag(1111001111011110,0010100010011011,0110000011001001),While-Tag(0010011011111010,0001011010111011,1101010100001101),TestNumLess-Tag(0101000110110101,1001111111010101,0000100001011010),LoadNum2-Tag(1011001000100110,0101101100000101,0101111011100111),LoadNum3-Tag(0011111011110111,0100100111110111,1000110111010001),Close(0000100011101100,1011001001101110,0001111011101110),SubmitNum-Tag(1111111001101100,0110011110111100,0000000101100011),TestNumLess-Tag(0011001000010111,0100111001010001,0000000010001111),TestNumLessTEqu-Tag(1101111111011111,0101001111110001,0011110110100100),SwapMem-Tag(0100000010001110,0101011110011000,0001110110001100),IfNot-Tag(0011000111100101,0100010011010011,1011111101010001),IfNot-Tag(1111010010001000,0000010011010000,0101100011100000),Add-Tag(1010101011110100,0111001001100110,0001010010110101),Close(1110101110010110,1011011001100111,1010001110001100),SubmitNum-Tag(1101010100010000,0101111011111110,0101010111110110)]"
PROBLEM_median__ARGS_TAG_BF__MUT_0075,7362,median,Tag-BitFlips,0.0075,0,True,38,477,428,"[Set-1-Tag(1100101001100111,1000100100011001,0101010101001011),Close(0001111100010001,0111101111001011,1001110000011000),Mod-Tag(1110101000001011,1011110100100011,0011010110101001),Set-5-Tag(0000100110010100,1010011011111100,1011111100101110),Div-Tag(1000111100110000,1001000001001011,1111101111101010),TestNumGreaterTEqu-Tag(0100011110111110,1100010110000000,0000111011100111),While-Tag(1001110000011010,0000101101101010,0000101111010101),Dec-Tag(1000100111111010,1010011110111001,0111110001110000),TestNumEqu-Tag(0000000111010100,1101000110111001,1110001110001001),CopyMem-Tag(0110110011000001,1010100110110110,1001001000100100),TestNumLessTEqu-Tag(0010011111110111,0001001111110110,0101111011100000),TestNumGreater-Tag(0111001101011100,0011010101110011,0100101101111001),Dec-Tag(1011101000000000,0001111000010110,1110001110111110),Add-Tag(0011000001100000,1001010011000111,1000101110001101),SubmitNum-Tag(0100111101100101,1111000111001110,1001010001001001),TestNumGreaterTEqu-Tag(0001000101100000,0110011111111011,1001110110000101),TestNumGreater-Tag(1111001000101100,0100101100110000,1100000101110010),LoadNum1-Tag(0101100101011000,0011101110000011,1010010111101100),Not-Tag(1100110110101000,0110001100110100,1011010100111011),Set-9-Tag(0010010000111001,0011001110010010,0101001000100101),While-Tag(0110111000100000,1011101011101101,1010010110101100),Set-12-Tag(0001110110110111,0001101001010011,1001100000100101),Set-4-Tag(1101011000011000,1001100010101011,0101101101010001),Set-14-Tag(1110010101100110,1110000111111110,1010101101100100),Dec-Tag(1000000100011111,0000011101010000,1110100101101101),Add-Tag(0111000101101110,0110101001101000,1001010010101011),LoadNum3-Tag(0101101000001111,0100011001101001,0110000111111101),Set-5-Tag(0110000101010011,0010000011110010,1110000101111010),Countdown-Tag(0110110001000001,1010101010110000,0111111111110011),Floor-Tag(0010010110101110,0010001110011111,1111001110001001),Countdown-Tag(1101100110010111,0000101010101110,0110110111111110),Set-13-Tag(1100110101100011,0010100101010010,0011100110101001),LoadNum1-Tag(0101101100011100,1010110101100100,0100001111010101),LoadNum2-Tag(1000100001011010,1001100001000110,1010111000101101),SubmitNum-Tag(0000100000000101,1101111010110001,1010100011000100),TestNumNEqu-Tag(0110100010111001,1000100101100100,0111111001100110),If-Tag(0111001010000101,0010111100001110,1000111111100110),Set-10-Tag(1100011001111000,0100101110101000,0111100001111100)]"
PROBLEM_median__ARGS_TAG_BF__MUT_0075,7363,median,Tag-BitFlips,0.0075,0,True,40,500,495,"[Set-15-Tag(1011110110110010,1000111010010001,1000010010110100),LoadNum1-Tag(1100001010010011,1010110111000111,1000011010101010),Mod-Tag(1000011100111101,0110110110101011,0100000010101101),Not-Tag(0111001111111100,1010111011101001,1110101101110011),Set-11-Tag(0010011010001100,0011010010110000,1011111100101000),Close(0111110100111111,1111001111010111,1110001111101100),TestNumGreater-Tag(0111000101100111,1000100111000010,1101101110011001),Set-5-Tag(1000101000111100,0011101100100001,0101011000010100),Close(0100010100101000,0001010100010010,1010001011011000),TestNumGreaterTEqu-Tag(0010011100111010,0100110011010110,1011001001010111),CopyMem-Tag(1001010111010001,1111011100000100,0101111110110101),Set-14-Tag(0100011110111001,0100000000000100,1000000001011111),SubmitNum-Tag(1100101011000000,1000111110000011,0010101001000111),Floor-Tag(1011001100100011,1100011100101111,1111010110001100),TestNumNEqu-Tag(1010111011010110,1110010100111111,1100110111010100),Break(0001001001100101,1110001001011111,0011010000110100),Dec-Tag(0001011001111101,1000100101100010,0010111010100110),Div-Tag(1110001101110101,0010101111111111,0001011010100011),TestNumEqu-Tag(1000010110011100,1100000101001101,1000001100101111),Inc-Tag(1101010010110111,1111100011000011,1010000000010111),TestNumLess-Tag(0010010110011101,0111010000111101,1111111111001110),CopyMem-Tag(1001001110100110,0001010010010110,1101111001111010),Countdown-Tag(0000100110000110,0000001001011001,0101101110001011),Set-14-Tag(1011000100011101,1000110100100100,1001000001010010),TestNumGreater-Tag(1101011011010011,1010001101011110,1101010111100101),Set-5-Tag(1010101000011010,0101100001011001,1101111001011100),Div-Tag(0110001110001010,1100111100001010,1010000100011000),LoadNum3-Tag(0010011000011100,0100000010010110,1111110100001010),Mult-Tag(1001101100011101,1111111111100110,1100001101001011),Set-15-Tag(1111001000100010,1010111000010010,0110001110110101),Set-11-Tag(0001010011011101,1100001001111010,1110101110000111),Set-13-Tag(1100010101101000,1110000111011111,0100111111000011),Set-11-Tag(0101111110101010,1011011111011100,0000101111101011),LoadNum3-Tag(0101111101000010,0110100011101001,1111000101100110),Set-1-Tag(1100110101111101,1000111011001101,1000000000111101),SubmitNum-Tag(1001110011010101,1110010100100000,1100111010011011),LoadNum2-Tag(0001101111000011,0100110110001101,1011000001001011),Set-15-Tag(0000101011011110,1110100111110000,1111000101110100),Set-10-Tag(0100101001111010,0000100100111001,1011000010110000),Set-1-Tag(1010111110101110,1010110001001110,0111010110100000)]"
PROBLEM_median__ARGS_TAG_BF__MUT_0075,7364,median,Tag-BitFlips,0.0075,0,True,22,348,209,"[SubmitNum-Tag(0111001000111110,0011010001010001,0100111001011100),LoadNum1-Tag(0000100000101110,1010101011001000,1110010011101101),TestNumLessTEqu-Tag(1110111111000101,1101001000111011,1111111001111111),Countdown-Tag(1110111111111001,0011001101001000,1110101100001011),TestNumLessTEqu-Tag(0001001101101011,1101000111010110,1011100111110110),Close(0110111110000000,0011011001011101,1101010110011111),Set-15-Tag(1100101111011100,1100011010111101,1110000011001011),SubmitNum-Tag(1000111101000111,1111101001111100,1111000011001100),TestNumLessTEqu-Tag(1001010111010001,0010110100011111,1001011111101000),Countdown-Tag(1110110110101111,1100001111000110,0000111111111011),TestNumLess-Tag(1000111101000110,0101100111010001,0111011001111011),LoadNum3-Tag(0010100100001100,0110011010010100,0100111100110110),Close(1010001110000101,0011110100011100,0010001101001110),TestNumGreater-Tag(0000111001001100,1101110010010100,1010001101111010),If-Tag(0011111001111000,0010101111110000,0101011100101011),Countdown-Tag(0011001011110011,0111001110101010,0111000010001110),LoadNum1-Tag(0100000010101101,1001011110000100,0011100111100000),LoadNum3-Tag(0001110101010110,1011010110111001,1011101010100100),TestNumGreaterTEqu-Tag(1101010111010001,0100100011011111,0111000001110010),Close(1011100100100010,1101111001011101,1001000000100110),Close(1111011010111010,0100010010111000,0001101101001000),SubmitNum-Tag(0101011001010010,1001100101110100,0101111010110111)]"
PROBLEM_median__ARGS_TAG_BF__MUT_0075,7365,median,Tag-BitFlips,0.0075,0,False,NONE,NONE,NONE,"NONE"
PROBLEM_median__ARGS_TAG_BF__MUT_0075,7366,median,Tag-BitFlips,0.0075,0,True,16,334,301,"[LoadNum1-Tag(0010111100011000,0111111001101011,0101011110001010),SubmitNum-Tag(0100111011100000,1111110001011011,1100100011110011),While-Tag(1001001101111011,1111000000011110,0010101110010100),CopyMem-Tag(0100000101000001,0110011111001100,1010010111001001),TestNumLessTEqu-Tag(1101110100001100,0001011101110011,1001110110011111),LoadNum1-Tag(1101100010100100,0001001110110001,0010101111100001),If-Tag(1110100100011011,1011100111101100,0100001001101011),TestNumLess-Tag(0110010101110101,0001101000001111,1011110001101111),Div-Tag(0011011100110010,0100110111100111,0111100000010100),Close(0001010011111011,1011001011011101,0111001111110101),TestNumLess-Tag(0000011010000000,0001101010100001,0110101101011111),Div-Tag(0101001110101101,1110011111111101,0011000101111000),TestNumLess-Tag(1011000001110000,0001011101000100,0011111101111101),Div-Tag(0001001010100100,1101011111111101,1111000100110101),SubmitNum-Tag(0101010101110111,1000111110011111,1110010001100010),LoadNum2-Tag(0100110100000110,0110011110101011,0001101000001110)]"
PROBLEM_median__ARGS_TAG_BF__MUT_0075,7367,median,Tag-BitFlips,0.0075,0,True,12,346,335,"[TestNumGreater-Tag(0000011001010101,1010110011011110,1000100011111010),SubmitNum-Tag(0001010111110101,1000101110001101,0000010011011010),TestNumLessTEqu-Tag(0111101000010000,1011111001111100,0101110110111100),CopyMem-Tag(0111100000110010,0010011110010000,0001110111110010),TestNumGreater-Tag(0010001110100001,1110010101110100,1111010101010011),LoadNum1-Tag(0011001011000100,1100110100001010,1011111101100101),Sub-Tag(0101110010010110,1111011010110101,1011111000011010),Sub-Tag(0100010011110010,0101010101010110,0010001100000010),If-Tag(0010101100100111,0000100010111101,0001000001011001),SubmitNum-Tag(0101011010001101,0000000000011111,0110110001100110),Countdown-Tag(1110111101100011,1010000000110010,0111110001100111),SubmitNum-Tag(1110111001000100,0110110010110110,1110011000010110)]"
PROBLEM_median__ARGS_TAG_BF__MUT_0075,7368,median,Tag-BitFlips,0.0075,0,True,16,312,207,"[TestNumGreater-Tag(0100010101110001,1011011101110110,0001101001111100),While-Tag(0100001000111101,1111100110101100,1010000011111110),SwapMem-Tag(0000000101110001,1101111100101110,1110010001100000),Break(1000100100000111,0111111111110011,0010110000100011),Close(0100010111111101,0110000001010011,1100000110100110),SubmitNum-Tag(1011110101000001,1100001000010110,0010100111110000),While-Tag(0010001101110010,1101001111101110,0010001101110110),TestNumGreater-Tag(0001110100111010,0110011101011100,0000100010101010),SubmitNum-Tag(1001110111000101,0000010101100001,0011110110101010),While-Tag(1000010011011010,0001000111001001,1100100101110001),Div-Tag(1001111110000011,0011000010011010,0011010011011110),SwapMem-Tag(0101010011010111,0111110111101100,1111111110011011),Close(0101000001100111,0001001111000111,1010000110001100),Div-Tag(0000001001101010,1001001010111100,0010100011101001),SubmitNum-Tag(1011001000100110,1111110101111001,1100001000100001),Set-6-Tag(1100000110000100,1011101001001100,1001011110001011)]"
PROBLEM_median__ARGS_TAG_BF__MUT_0075,7369,median,Tag-BitFlips,0.0075,0,True,43,500,499,"[LoadNum3-Tag(0010000110010110,0001100101100011,0010110100011101),SubmitNum-Tag(0011001100001111,1101101000110100,0110111001111111),LoadNum1-Tag(1100011110110011,0000011001110010,1001010010010111),Not-Tag(0100000001001011,1011000001111011,1100010000101100),TestNumGreater-Tag(1101011100110011,0100010100000111,1001111110001111),Close(1011000101011011,1100000101000100,1110000100011010),CopyMem-Tag(0101100111101011,1001011001101011,0001010110110110),Countdown-Tag(1000011000001111,1000001010111100,0101111010010011),SubmitNum-Tag(1100011100110101,0000000101001000,1010101111110011),Close(0100010010011010,1000010110001110,0101101010110010),Close(0010011101011111,0011110000011110,1001010011100001),Not-Tag(0000100101001100,1000100000000010,1110000101011100),Dec-Tag(1001110100111000,0110001010001100,0100010101011011),TestNumGreater-Tag(1111111100010100,0111000100100011,0000101100100110),Countdown-Tag(0000011000101101,0111000110111100,0110001001001111),SubmitNum-Tag(1111101100101101,1111101101010101,0101100011110000),Set-14-Tag(0100001111111101,0111001101111100,1011110011001111),Close(1100001000110101,1111000100111011,0101111011110011),TestNumGreater-Tag(0101011011110110,1001010101010111,1000001010001111),Add-Tag(1011001001110110,0110010110001000,0101001110011100),IfNot-Tag(0010110011001010,0111110010110110,1101011110010001),Dec-Tag(1101100110001000,1110000010111000,0111001101111011),While-Tag(0000111111101111,0010101101011011,0110100011000111),Inc-Tag(1111100011101001,1011001010000100,1111100100111010),Add-Tag(1011001001110110,0110010110001001,0101001110011100),Dec-Tag(0000011000100011,0100110101000100,1100000001000001),SubmitNum-Tag(1011010111100011,0001010110000111,1100100011001010),TestNumGreater-Tag(1111011100100110,1011000111100010,0001110000000111),Sub-Tag(1011111101011010,1010000001111010,1111000001101101),SubmitNum-Tag(0111001111101010,0001100101100001,0001001010101011),LoadNum2-Tag(0110011100100011,0101100011011100,0001001011011011),Set-16-Tag(1110101110101001,0000000010100100,0110010010001011),TestNumLess-Tag(0001001011110010,1010101000100111,1111011111011111),While-Tag(0000111101011111,0010100000111100,1111010111000110),Sub-Tag(0100001101011101,1011110100100101,1101110100111101),Dec-Tag(0000011010001000,0100110000100101,1011000011101001),Set-3-Tag(1101101010001011,1100101001001010,0001100000100000),SubmitNum-Tag(0011101000110000,1011110100110101,1110011100011100),While-Tag(1000011101100000,1101000110010110,0000001101101110),Sub-Tag(0110100010110100,1011110011100111,1111110110110110),Set-13-Tag(0111000101001100,1110001001001010,1001011001111100),Sub-Tag(0100010001100110,1010011001111001,1111011010101101),If-Tag(0000101001011100,1010100111111100,1010111100110010)]"
PROBLEM_median__ARGS_TAG_BF__MUT_0075,7370,median,Tag-BitFlips,0.0075,0,True,18,496,393,"[TestNumLess-Tag(1111111111000110,0100000100110011,1100001110100010),SwapMem-Tag(1001110111000101,0110100000101000,0110101000110011),LoadNum2-Tag(0000111000011011,0000000110000101,1111110110010111),LoadNum3-Tag(0100110000010101,1011011100101100,0110110111001010),SubmitNum-Tag(0100011100110001,0001000001010001,0000010100110111),While-Tag(0110101000111010,1011000011100100,0000010111100011),Sub-Tag(1000101111111011,1001001011110110,1010101000000100),SubmitNum-Tag(0111010000010101,1111001101111100,0111111110010101),TestNumGreater-Tag(0111010000011101,0001001101001110,1000100111100101),LoadNum1-Tag(0101001101011100,1011001000110101,1010110000011111),Mod-Tag(0011011000100010,1110000101100011,0010000010110011),Countdown-Tag(0011010111101100,1111101101100000,0001100110111100),TestNumGreaterTEqu-Tag(0010111001011110,1011101100100111,1101001110011001),SwapMem-Tag(1000001111001001,0011000110101010,0011011111100111),TestNumGreater-Tag(1110000010011100,0010001111100000,1010110101001110),TestNumGreater-Tag(0110000101101010,0010100000010000,1010110110101111),Countdown-Tag(1001110010111101,0111001101001111,0101011111101001),SubmitNum-Tag(0110101101111000,0000101001100010,0111001101001010)]"
PROBLEM_median__ARGS_TAG_BF__MUT_0075,7371,median,Tag-BitFlips,0.0075,0,True,15,454,182,"[LoadNum3-Tag(0100011110101100,1100110111110000,1001000100011000),Close(0100010001010111,1010000001100001,0011100010011000),TestNumLessTEqu-Tag(0100001001010111,0010110000011101,1111111111101111),LoadNum1-Tag(0001001011101101,1111111011101000,0010011001100010),SubmitNum-Tag(0100001101110001,0011000100100111,0100001001010111),IfNot-Tag(1001101111111110,0010010011011111,0001101110111101),LoadNum2-Tag(0100000100001010,0000100110101011,1010110010011101),SubmitNum-Tag(1000101011001010,1101001000110001,1000111101111010),LoadNum3-Tag(1100100111010101,1111111001100001,1010100111111001),Close(0000001100011000,1110000100111110,1110011101010101),TestNumLessTEqu-Tag(0010011101010110,1000000001101111,1101110110000001),While-Tag(1110100010000000,1110110101110001,1110101011111001),SwapMem-Tag(0101111001001000,1100100100001000,0100011110010000),LoadNum1-Tag(0001100101010110,0001010101101110,1101011111101001),Add-Tag(1101000110111011,0000101001000010,1000011111001010)]"
PROBLEM_median__ARGS_TAG_BF__MUT_0075,7372,median,Tag-BitFlips,0.0075,0,True,14,320,108,"[SubmitNum-Tag(1011101100111011,0011100000010001,0101101011111110),TestNumLessTEqu-Tag(1111111111111011,0110001010100010,1001011111111101),LoadNum2-Tag(1000001010011111,0100011001011011,1110001010100100),TestNumNEqu-Tag(1011111010111000,0000101110011010,1011110101101001),TestNumLess-Tag(0101110010010110,0011001101010001,0100111100101001),TestNumEqu-Tag(0000101001101111,0100011101111111,0100101000111111),Countdown-Tag(0100101010001011,0110001010111111,0100111000101011),LoadNum1-Tag(0010111010110111,0110101010111011,0110001100101111),TestNumLessTEqu-Tag(0100110101110100,1101111111011001,0001000110001010),SubmitNum-Tag(0100000000011011,0001111000011101,0010011101110001),TestNumEqu-Tag(1011101010011001,0110000100101000,0100100110011101),Countdown-Tag(1101100100011000,0001111101101101,0101101010011000),LoadNum1-Tag(0010100011110111,0001010010001111,1000111100110111),TestNumGreaterTEqu-Tag(1101110011000111,1011101001000000,0101111100101110)]"
PROBLEM_median__ARGS_TAG_BF__MUT_0075,7373,median,Tag-BitFlips,0.0075,0,True,17,362,296,"[SubmitNum-Tag(0000000100110101,1101000000001111,0111000101111101),TestNumLessTEqu-Tag(1111011111110000,1101010101110010,1110101101011111),TestNumLess-Tag(0111000011010110,0111000100111001,0010110100000011),LoadNum3-Tag(0110011100010000,1111110010001101,0010101111011110),TestNumLess-Tag(0000111011010010,1100110011001001,0100100111111010),If-Tag(1111011100011011,0110010011001011,0110001101000111),Inc-Tag(0100001111110110,0001101001101011,1000101000001110),LoadNum1-Tag(0010110010010001,0111101011100001,0110100101010110),TestNumLessTEqu-Tag(1111001100111011,0100001100010101,1000111100101111),Close(1101101100001110,1100010100010011,0100111111011110),While-Tag(0010011000000101,0001101101110111,0011100000111101),SubmitNum-Tag(0011101100011001,1010001001001101,1111110110010110),LoadNum3-Tag(1000011111110110,0000001011000011,0000010000000001),TestNumGreater-Tag(0001101100110100,0110011001001101,1110010010001101),LoadNum1-Tag(0011100010110011,0001011011110111,1111100000111111),SubmitNum-Tag(1101010110110111,0001011000100100,0100001001001100),While-Tag(0010100110101100,1010111010010110,1010110111111101)]"
PROBLEM_median__ARGS_TAG_BF__MUT_0075,7374,median,Tag-BitFlips,0.0075,0,True,40,205,160,"[TestNumGreater-Tag(0011011111100011,1001001000110110,1011011010001001),LoadNum2-Tag(0010110111001010,1011001101100011,0101100010101100),SubmitNum-Tag(1010000000010110,0101100110000110,1100001111101110),While-Tag(0010011000111011,1000111101111111,0011100011110000),IfNot-Tag(0111100010011010,1111011100010010,1101110111111000),SubmitNum-Tag(1001000101010101,0101001101111110,0101100110111110),Set-2-Tag(0011000110011000,0011101100000110,1101111010010000),TestNumLessTEqu-Tag(0111010111101101,1001100001001011,1000101000101111),TestNumLessTEqu-Tag(1011100100110010,1100111011110110,1110010011100000),Floor-Tag(0110111001010000,1101111010010111,0101011101110100),LoadNum1-Tag(0011000010111111,0110110000111100,0111010011111101),Set-4-Tag(0000100101011001,0101010000100001,1100010001110110),LoadNum2-Tag(1100100111101010,0100110110101010,1011101100011011),TestNumGreaterTEqu-Tag(0101010101101000,1111011010101101,0001010111111000),Set-0-Tag(1111000000101001,1110001100100000,1110001000111010),Mod-Tag(1101001101111010,0011110010000111,0100011010101110),TestNumLessTEqu-Tag(1001110000000010,1011101100110111,1010101110001001),TestNumGreaterTEqu-Tag(1001000101100011,0100001111011111,1001100110110111),Set-7-Tag(0001000100100000,0100100001101011,1000111001101010),Set-12-Tag(1011000011001110,1011100000101010,0001010110001111),IfNot-Tag(1101010100111101,1111010000010101,1000010100011101),Set-16-Tag(0010111101010010,1000010001000111,1111011111000011),TestNumLessTEqu-Tag(1001000000100000,0110110010100010,0001111010000110),TestNumLessTEqu-Tag(1000000000100100,1001011100010101,1100100110001111),SubmitNum-Tag(1010101111011010,1110011101110101,1110100111111010),Set-0-Tag(0000101101101001,0100111000011011,1101001000000111),Mod-Tag(0010011100110000,1011011000100101,1010010000011000),SubmitNum-Tag(1000001001111110,0010000001010101,0111110011001100),LoadNum2-Tag(0110010100111110,1110001000100101,1100011100110101),Set-6-Tag(1110010101011001,1001011011011010,0100100101010011),Dec-Tag(1101101011100110,1000011101001000,0001000111000010),Set-14-Tag(1100010110000010,0100010000001010,0001010001000010),Mod-Tag(1110111010111100,0101001010111101,1010100100101010),LoadNum2-Tag(1101101100010101,0111111101111100,0000001011110110),Close(1010111110110110,0010100010101010,1001011101001010),Mod-Tag(0010001000010111,1000110011000001,0000101111111010),LoadNum3-Tag(0101001101000100,0001111000111101,0111001110011100),Floor-Tag(1110110000101010,0001001010010100,0100110111000110),TestNumEqu-Tag(1000111000101011,1001101001110000,0101100011100111),Div-Tag(1100000100011000,1000000100101100,1000010100001110)]"
PROBLEM_median__ARGS_TAG_BF__MUT_0075,7375,median,Tag-BitFlips,0.0075,0,True,34,450,387,"[LoadNum3-Tag(0000010010101001,1010100010001001,1010010010100101),Dec-Tag(1101110000110000,1000101101001100,0110110110111111),SubmitNum-Tag(0110001110010011,1001101101001001,1001101001101011),Set-1-Tag(1111100110001101,1000101101000100,1000011000100000),Sub-Tag(0011000111010010,0001100101000111,1101100000011100),Set-2-Tag(0110100001001011,1011110110110110,0110011010101110),Set-10-Tag(0111011010111000,0111000100100001,0000010011111010),Mult-Tag(1101000001110011,0111101110111001,0111111100100101),TestNumGreaterTEqu-Tag(0111111110110111,0111001101100000,1000011101000001),Mult-Tag(0110101011100010,1111000110110110,0000001100101001),While-Tag(0110001001101100,1111011111010000,1001111001000101),Set-5-Tag(1111010010001011,1001100111111100,1100000101010010),CopyMem-Tag(0011101110000110,0101110111111110,0100101000011110),Div-Tag(0100101101010111,0111011111000011,1000100110101000),TestNumEqu-Tag(1001000010101001,1010110110000000,0011111000000000),TestNumGreaterTEqu-Tag(0011100110011000,0010100000111011,1111011111001100),Mult-Tag(0100011011100000,1000010110100111,1011000011110001),Dec-Tag(0010111011001101,0101111010110101,0110111010000011),Countdown-Tag(1111110110110110,0011001110110001,1010110101111011),Mult-Tag(1001101000011101,1000110111110011,1001011001111001),TestNumNEqu-Tag(1000011101110010,0010001111111100,0001101110010000),Set-5-Tag(0001001001001111,1000001101110001,1110000001110110),Sub-Tag(0001010100001100,1010001001110001,0001101001101010),Set-12-Tag(0010000010111001,1011010010000101,1111000001000101),Set-8-Tag(0010001110000000,1111001111100011,0011000010001001),Set-16-Tag(0111001000110100,1101101001010001,0000010101101011),SwapMem-Tag(0110100010100101,1001011110110000,1010001011100100),Set-16-Tag(0101010000101110,1100111011100001,0101001100001011),Set-3-Tag(0110010011100100,0100111110011110,0011000100100011),LoadNum1-Tag(0001100001000001,1111110010100011,0000111111100101),SubmitNum-Tag(1000111101111000,0101110011100100,1110001011000010),Add-Tag(0011000010110001,1100010111110101,0010000001010011),Sub-Tag(0001011110100111,0001010010001011,1011001001010001),CopyMem-Tag(1011011100000000,0111010001110010,1011001001011010)]"
PROBLEM_median__ARGS_TAG_BF__MUT_0075,7376,median,Tag-BitFlips,0.0075,0,False,NONE,NONE,NONE,"NONE"
PROBLEM_median__ARGS_TAG_BF__MUT_0075,7377,median,Tag-BitFlips,0.0075,0,False,NONE,NONE,NONE,"NONE"
PROBLEM_median__ARGS_TAG_BF__MUT_0075,7378,median,Tag-BitFlips,0.0075,0,True,19,339,313,"[SwapMem-Tag(0100011101101100,0111001010110011,0011011100101100),SubmitNum-Tag(1101000111101101,0111010100111000,1011000110011100),TestNumGreaterTEqu-Tag(0011011100111110,1010110101110110,0110010010100101),Add-Tag(0100110101011000,1110000000111110,1110111000110010),TestNumLessTEqu-Tag(0100010010010111,0011010111111111,0100010000010111),TestNumEqu-Tag(0010011101010101,0000010010100110,0010100011101110),TestNumGreaterTEqu-Tag(1001110001010011,1001000010110010,1111110011110110),IfNot-Tag(0010000010111111,1011100010011010,0011001111101111),SubmitNum-Tag(0011001110001100,0000001110000001,0100110111101001),Set-13-Tag(1001110000111010,1101001111000010,0010001111000000),Countdown-Tag(1100110000111000,1001001010100101,0110000011100100),CopyMem-Tag(1000010010111100,1000000001011000,0011001000010111),SwapMem-Tag(0000100010100100,0110101101111110,0001110011001100),Not-Tag(1010000110100111,1110011001000011,0101000110100000),IfNot-Tag(0100100010000110,0000101110100010,0001000000100110),Mult-Tag(1010110000011011,0111110101111011,1010011111001001),If-Tag(1000111100010001,0010001110111011,1000010111000011),LoadNum3-Tag(1110010110100001,0111100110001100,0010001011111001),SubmitNum-Tag(0010010011100111,1101110111110101,1011110010011000)]"
PROBLEM_median__ARGS_TAG_BF__MUT_0075,7379,median,Tag-BitFlips,0.0075,0,False,NONE,NONE,NONE,"NONE"
PROBLEM_median__ARGS_TAG_BF__MUT_0075,7380,median,Tag-BitFlips,0.0075,0,False,NONE,NONE,NONE,"NONE"
PROBLEM_median__ARGS_TAG_BF__MUT_0075,7381,median,Tag-BitFlips,0.0075,0,True,27,495,254,"[TestNumLessTEqu-Tag(0100010000000101,0111011111011110,1000000000101101),TestNumLessTEqu-Tag(0011111001111110,0000011000100011,1000110100010111),Set-4-Tag(0011000101110111,1100011000101001,0010001011001100),SubmitNum-Tag(1011111111110101,0001100001010101,1000000011011001),Mult-Tag(0010000110010010,1010010011101011,1001110111001111),Close(0100001000101101,1110011100100001,0100000110010010),If-Tag(0000011111011110,1100011000000011,0001001110010101),TestNumGreater-Tag(0000011100000011,1111100110111100,1011011111111100),Close(0110010001101010,0111000000011011,0000001111011101),While-Tag(1110110011101101,0010110101111011,0100110111011010),IfNot-Tag(1010011000111000,1101001101111000,0010110011101100),LoadNum3-Tag(1000001110000000,0111111000110111,1000100110100100),Set-15-Tag(0101111100101111,1010101101111101,0011100111001100),CopyMem-Tag(1001111100010100,0110000000011011,1011010011110101),Close(0000000011011100,0010101010000110,1111000010011010),LoadNum3-Tag(1000100001000010,1100101101101111,1100101111011001),LoadNum2-Tag(1111101101011110,0000001110111000,1111001110000100),SubmitNum-Tag(1111101101111010,1110010110000010,0000010011000001),Floor-Tag(1010111100010110,0110001010010111,0011100101011010),Set-0-Tag(0100100000011010,0101110001111100,0101000001010001),Dec-Tag(1000000001001000,0100110001011010,0000100010000011),TestNumLess-Tag(1000111111010010,1001111111110101,0110000010110000),SubmitNum-Tag(1100001100000100,0100101010111000,1101111111101101),Div-Tag(0000110101010000,1111101110100000,1000010000110101),Set-15-Tag(1111010001111100,0011101111100001,1011100001100111),Countdown-Tag(0111100110100011,1111011011000101,0101110000011101),If-Tag(1011100110101000,0000011011111111,0110010111111000)]"
PROBLEM_median__ARGS_TAG_BF__MUT_0075,7382,median,Tag-BitFlips,0.0075,0,True,22,374,374,"[SubmitNum-Tag(0110111001100001,1100110110100111,0100101110111000),LoadNum1-Tag(0100110000000011,1101110010110101,1110001000011101),While-Tag(0011010000010011,0100100100011011,1101000100110010),SubmitNum-Tag(0011101000011001,1000011111101110,0100001111000000),Div-Tag(1100110010001010,0000100000111111,1100011001110101),Set-5-Tag(0111111100100111,0110110111111111,1011111101000110),Mod-Tag(0001110010100000,1000000110100101,0011111010101111),While-Tag(1110111110101101,1001010010101001,1101010000100000),TestNumLess-Tag(0110011100010011,0111110010110011,0010010110110101),CopyMem-Tag(1000000000100010,1110001101001110,1110111001001011),TestNumLess-Tag(1101111011010011,0101101110101100,0110110001111111),Add-Tag(1101010001010100,1011111000011111,0100100011111110),SubmitNum-Tag(1101010101110100,1101010100010111,0010110001111010),TestNumLess-Tag(0010011001110011,0100010101111010,1001111011111111),TestNumGreater-Tag(0010000101011101,0100101011001011,0101100110101011),Set-1-Tag(0010000011011001,1110111010001101,1111010011011110),While-Tag(0001100100011100,0010001111001101,1101000001101010),While-Tag(1000111111010111,1110001110101111,0010000110110100),SubmitNum-Tag(0011011000111001,0111001100010001,0110101100110010),TestNumGreater-Tag(1101000111111111,1010011010000101,1101000110011100),LoadNum1-Tag(0010001101101010,1011001110110101,1100010101110000),While-Tag(1000110010001100,0010011011101000,0111011010110010)]"
PROBLEM_median__ARGS_TAG_BF__MUT_0075,7383,median,Tag-BitFlips,0.0075,0,True,18,181,118,"[Close(0000011010110000,0011111101011101,0100001011100000),TestNumLessTEqu-Tag(0001000011000100,1011101011111010,0100011110111001),SubmitNum-Tag(0101110101001100,1000000101001100,0010101000111111),Add-Tag(0001110101100000,0101111010000111,1011101010000010),IfNot-Tag(0010110010011101,0100010101000101,0100011101101000),SwapMem-Tag(1000001011011000,0100011101001000,0101100011101011),SwapMem-Tag(1011010011010010,1010010111011110,0100100010010000),SubmitNum-Tag(1111111011000000,1001001001111111,0001111011010101),Close(0101101010101010,0100100110100001,0000011010110011),Dec-Tag(0111100000010101,0001100001011100,0000101000000101),Close(1100001011011001,1101101010011110,1110001010010110),TestNumLessTEqu-Tag(0001011110100011,0001110010000111,1011011110000110),IfNot-Tag(1101010010100001,0010101100100100,0110010001110001),While-Tag(0111100100010100,0100001010000011,1110001001011111),LoadNum3-Tag(0000000000000001,0001111011011011,0010000010010001),TestNumGreaterTEqu-Tag(0000000011111010,1110101101001010,0000101110000001),IfNot-Tag(1011001110101001,1011000011111000,0101011001000000),Break(0111110100001111,0010001000101001,0011001101000110)]"
PROBLEM_median__ARGS_TAG_BF__MUT_0075,7384,median,Tag-BitFlips,0.0075,0,True,21,362,281,"[SubmitNum-Tag(0111001111111111,1100000000101110,1110111001001101),Close(0011011110011000,1100011110110011,0011111010000100),TestNumGreater-Tag(0111111110111010,0100000001000111,1101101000101101),Countdown-Tag(1101101010100001,1000101101110111,0010011101000111),LoadNum2-Tag(1001100101001110,0000010010101000,0001101101100110),SubmitNum-Tag(1001100000111000,1101010010011110,0110110010111110),Set-1-Tag(1001101011111000,0011000110000101,0111001000101011),LoadNum2-Tag(1111111100100111,1101101001010010,0101011101010010),Close(0111110111011110,0110010011001001,0111101101010110),TestNumLess-Tag(1011111001111011,0101111100110011,1010011111001111),If-Tag(0110111111100111,1010001100101101,1010101001110011),LoadNum1-Tag(1110111010101011,1011111001110011,1110111010100101),SubmitNum-Tag(0011000000011010,0100101000100100,1001011110011100),IfNot-Tag(1001110111010010,0001111110110001,0100111100011100),LoadNum2-Tag(1010011111111100,1101110001011011,0111000100000001),Close(0000111101101111,0000111011110101,1010110011000100),TestNumLess-Tag(1110111101101111,0010001001110011,1110010101111110),If-Tag(1011111111111100,0011011111010010,1011010110100011),LoadNum1-Tag(1011000101000011,0100010100000110,0000100010000111),While-Tag(1100100111010101,0001110100000001,0010101010100011),Sub-Tag(0010000010101101,0110010000101111,0000000101000100)]"
PROBLEM_median__ARGS_TAG_BF__MUT_0075,7385,median,Tag-BitFlips,0.0075,0,True,24,430,396,"[TestNumLess-Tag(0011011001011110,0011011111010100,0111001011000000),LoadNum1-Tag(0111011010011111,0111110100101010,1010011010100000),SubmitNum-Tag(0100110110011011,1110100110101110,0011011110110000),LoadNum3-Tag(0101000010011010,1010110110101001,1110011100000111),Div-Tag(1000111110111010,1100001100010001,1100010110010101),While-Tag(0010001000111001,1010011011000111,1101110100110011),LoadNum3-Tag(1101100111001111,1011110001100000,1111111011011111),SubmitNum-Tag(0110011101110001,1101000011010010,0001110101011111),TestNumLessTEqu-Tag(1101001001010001,0100011011111000,0000010100110011),SwapMem-Tag(0010001111100010,0110110111111111,1011111100100110),Inc-Tag(0010010111010100,1010110001101000,0001001100100111),While-Tag(1111110110100010,1101100100100101,1101000010101010),TestNumLess-Tag(1101000110011011,0001100001010000,1011110101111110),Close(1101111001011011,1010000000010010,1010011110100000),SwapMem-Tag(0111011011101011,0111000001100000,1001110011010000),LoadNum1-Tag(0101000101111101,0001110100100000,0111000001101011),SwapMem-Tag(0101010110010001,0111000110001000,1010010011101110),LoadNum2-Tag(1110001000011000,1111100000001100,1101100000001010),Sub-Tag(0001100101110110,0010100010010111,0110100100110001),Countdown-Tag(1111010111101000,0110001010011111,0110110100001010),TestNumLess-Tag(1111011110001010,1100000001111001,1111101100111101),Set-12-Tag(0111000111111000,0011101100101100,1011101000101111),While-Tag(1110011111000000,0011110101111011,0101011011000011),SubmitNum-Tag(0110101000011000,1010111011111011,0100111110001111)]"
PROBLEM_median__ARGS_TAG_BF__MUT_0075,7386,median,Tag-BitFlips,0.0075,0,True,44,345,134,"[Break(0001010001000100,1111000100101101,0011011010001010),Sub-Tag(1001010000100111,1100110001101000,1011100010110000),SubmitNum-Tag(0011001100101000,1011110000011010,1011100010101101),Set-10-Tag(0000100001101000,1011001000011011,0101010110001110),Dec-Tag(0110010100100010,1110111110101100,0000101110001100),TestNumGreaterTEqu-Tag(0010011001010011,0000001101011101,0001101110011010),Set-15-Tag(1000000100110110,0100110100000010,0110100010110001),TestNumGreater-Tag(0010111110011110,1110010110101100,1100001011101000),CopyMem-Tag(0101110011110000,1111001101001000,1000010110001011),Countdown-Tag(1101000010111001,1100100000000000,0101011101101010),Mult-Tag(0101100001111000,1010011010101000,0111001110001101),SubmitNum-Tag(1001001111010110,1101010001000110,0000001110110000),Set-4-Tag(1101111000100001,0111001100100001,0011101101010010),LoadNum3-Tag(1001111101000110,0010111011101101,1010001100110000),Set-6-Tag(0010000000101110,0110001011101000,1011010110100010),TestNumNEqu-Tag(1101011010111000,0100111101100111,1100100100100111),LoadNum2-Tag(0111110010100010,0000111100010000,1001010111010001),Set-11-Tag(0011111010111000,0111110111101001,0100101110100000),Mod-Tag(1010001110110010,0000011011011001,0101011000100100),Close(0111000001110101,1000011111001000,1000100100001001),Set-6-Tag(0010111100011111,1010010100000000,1101001100001001),Set-9-Tag(1000001110010000,1100101000100101,0000101001010110),SubmitNum-Tag(0111101110100100,1011000111010000,1001100001101000),TestNumGreaterTEqu-Tag(1110101001000100,1100010010000011,0001011001000001),Inc-Tag(1111100000100010,0011010011010101,1010100010010110),LoadNum3-Tag(1010101010010101,1011010100011001,0100010010011001),Set-3-Tag(0001111101001000,0100100001000100,1111101010001011),Countdown-Tag(0110101101001011,1011011010101110,1001010101100101),Set-15-Tag(0001111100001011,0111011101100000,0010001010011111),If-Tag(1100111100101010,1011101100010001,1010011011011111),Floor-Tag(1110000101100010,1110000011110011,0100110000100110),CopyMem-Tag(0011100010101111,1011100000101101,0000111010110100),SubmitNum-Tag(1011101011111100,1111001111101111,1001111001111010),SubmitNum-Tag(0100010110000110,0011010101100110,0001010110001000),Set-15-Tag(1100110100110110,0011011001111110,0011110001010000),TestNumGreaterTEqu-Tag(1011010111111100,0101110101011010,1011000000000100),SwapMem-Tag(0100010101101111,1010001000010100,0110011000011000),Countdown-Tag(1011000000011110,0100101100000011,1000011100010001),Set-14-Tag(0010110000101110,1001010011110111,0111101111010110),While-Tag(1011011100110010,1100100010000100,0010101010011010),CopyMem-Tag(1011110011100100,0000011011100011,1111010000100011),Set-11-Tag(1011010011100011,0101001101111011,0101101111110011),SubmitNum-Tag(1010111001001100,0000111000011110,1100101001011011),Not-Tag(0010000110100010,1010101100101011,1001010110110001)]"
PROBLEM_median__ARGS_TAG_BF__MUT_0075,7387,median,Tag-BitFlips,0.0075,0,False,NONE,NONE,NONE,"NONE"
PROBLEM_median__ARGS_TAG_BF__MUT_0075,7388,median,Tag-BitFlips,0.0075,0,True,15,163,156,"[TestNumLess-Tag(1101010111110101,1001011000110010,0010010110101010),Close(1000011101000000,1110101001010001,0001011001111010),SubmitNum-Tag(0011101110011011,0001000100101010,0110110111001110),TestNumGreater-Tag(1110111110100010,0101110101111000,0011101010011100),Countdown-Tag(1001000110110101,0100111011001111,1010101100110001),Sub-Tag(1101000111011111,1001010010110000,0100001001111111),Set-3-Tag(0010101000100101,1110011001100001,1000101011101101),TestNumGreater-Tag(0101010001100011,1111001010110001,1010100011100000),Close(0010010100100010,1100000100000111,1100110101111101),SubmitNum-Tag(1101111101010000,1111100100010100,1010000010101011),Set-12-Tag(1010001111001001,0011000000110011,0100101001110011),LoadNum1-Tag(0101111101100000,1110110000111101,1100100001011000),LoadNum3-Tag(0011110110111010,0110001001101011,0010111000100100),While-Tag(1001110110100101,0111000000110000,0011010010011100),Sub-Tag(0001010100111100,1001100110001001,0001001101110111)]"
PROBLEM_median__ARGS_TAG_BF__MUT_0075,7389,median,Tag-BitFlips,0.0075,0,True,28,345,187,"[LoadNum2-Tag(1011100101001110,1001010000000001,1011110101100001),Div-Tag(0000000001000111,0011100110000111,0110101111011110),Sub-Tag(1101001101111101,0001111100010001,1110000001011101),Set-6-Tag(1010110111111100,1000001010011100,1101000000101000),Add-Tag(1110011111011001,1110100001100111,0101110010000110),LoadNum1-Tag(0110110101001100,1001100100001000,0000011000010100),While-Tag(1101111001111101,0110011100110000,0011011111001001),LoadNum1-Tag(1010100111100100,0011000100100111,1100000101101110),TestNumGreaterTEqu-Tag(0001010100101111,0110111101000010,1100000110100010),SubmitNum-Tag(1100010110100001,1011001101001010,1001111001011110),TestNumGreater-Tag(0001010100011111,1011000111100110,0110111111000101),Set-13-Tag(1101110010100001,1010011000111100,1000101000110100),TestNumLess-Tag(1011010110010011,1101000000000111,0110010010000100),LoadNum1-Tag(1111100100011111,0110110001001010,1011111110101101),Set-4-Tag(1100011010100010,1101001110000011,1011100000101100),Set-0-Tag(0001110011101111,1110001011110001,1000111100001100),IfNot-Tag(1101101011011001,1010110111101101,1111110100110100),Set-2-Tag(1101110001111010,1000011101101000,0110010101001001),Div-Tag(0011000001010110,0110111100011111,1001100000101000),SubmitNum-Tag(0001001101011001,0011010011100001,1010110111000010),IfNot-Tag(1000010111100100,0111100001110000,1000010100000001),TestNumGreaterTEqu-Tag(1100000110011101,1011110101011001,1000110001111111),Inc-Tag(1011001011111000,0001010000000100,1101001001111010),TestNumLessTEqu-Tag(1001110110010000,0011001001010101,1100101100001101),SubmitNum-Tag(0011000100101110,1000000111011110,0001011011011101),TestNumLess-Tag(0010001000111000,1010100111101001,0010010001100111),IfNot-Tag(1010011110101100,0111100110110110,1101100001010010),SubmitNum-Tag(0101101100101001,0101111110010000,1101101100100110)]"
PROBLEM_median__ARGS_TAG_BF__MUT_0075,7390,median,Tag-BitFlips,0.0075,0,False,NONE,NONE,NONE,"NONE"
PROBLEM_median__ARGS_TAG_BF__MUT_0075,7391,median,Tag-BitFlips,0.0075,0,True,24,408,142,"[Close(1110010110000101,1101000011001100,1110001101001110),Dec-Tag(0111111010010010,1110010100000111,1100100001011110),LoadNum1-Tag(1111000010000011,1100011011111011,1000010110011111),SubmitNum-Tag(1101110111010100,0000100101011000,1110110110011001),Div-Tag(1000100111101110,1110011010000100,1011011000111011),TestNumGreater-Tag(0011101110010011,0101010100000100,0101101010001001),LoadNum3-Tag(1000100010111110,1100010101000000,1110100010001001),LoadNum2-Tag(0011101001011101,0101000100110110,0001011010011001),Mult-Tag(0011111111011011,0101001111100100,0101000110010000),IfNot-Tag(0101110100000100,1101010101110101,0111001010110010),CopyMem-Tag(1101010110001111,1010111011000101,1101100000000010),Close(1110101100111001,0001111010011011,1010101110001011),TestNumGreater-Tag(0011000011111101,0010011101010101,1101101011101110),IfNot-Tag(0100000010000100,0011011001011010,1001110111001110),TestNumLessTEqu-Tag(1100000001011111,1111000011001101,1100110111010110),LoadNum2-Tag(0001000101110001,0100001111001010,0001011001000001),Close(1111110100100111,0011001010100000,1100110011000010),TestNumGreater-Tag(1011101011010100,0111010001010001,1011001010011011),IfNot-Tag(0001000100100011,0010001100110111,0100100010101101),Dec-Tag(1101001100010111,1101100110110001,1000101010000001),SubmitNum-Tag(1111000011101011,1101111011000110,0000011001100110),SwapMem-Tag(0101110011010100,0010101011111100,0110001010111001),While-Tag(1011011111111011,1100100001101101,1110000010111001),Return(0000110011001110,1001111110000010,0101010110100101)]"
PROBLEM_median__ARGS_TAG_BF__MUT_0075,7392,median,Tag-BitFlips,0.0075,0,True,23,251,51,"[Set-2-Tag(1100000110110111,1101111001011110,1101111110101111),Countdown-Tag(1010010011100000,0111000010001000,0110000010100000),TestNumNEqu-Tag(0110001000110001,1100010000110111,0010001011001000),Set-16-Tag(0001011011001111,0100100010010000,1100111100010110),Set-16-Tag(0000001110001100,0001001011011011,0101001110010010),TestNumGreater-Tag(0000101110111011,0001010110011110,0010100001010011),Inc-Tag(0010110100000101,1001000111000110,1111111101001101),SubmitNum-Tag(0000001110100110,1011010101001111,1100100001010101),Mod-Tag(0101100010101000,0110101000010100,1010010110101110),CopyMem-Tag(0100001000001101,1100111100100111,1011111001100101),TestNumEqu-Tag(0001011111101100,0100111101010001,1011101000001101),Floor-Tag(0111111011101110,0110111010001101,1001100111010000),TestNumEqu-Tag(1101101101010100,0110100110010101,1110110000101011),TestNumGreaterTEqu-Tag(0111111010110010,0010011010100010,1010001011011111),Set-3-Tag(1000000110010001,1100111110011101,0010011000111111),LoadNum1-Tag(1100010011100010,1110110010100101,1011000110010100),Set-10-Tag(0000011101001001,1111101100101110,1100100100011001),LoadNum2-Tag(0011101010110010,0000001101001101,1111000110001110),IfNot-Tag(0100000001111010,1100111101111000,0000000101101111),While-Tag(1011110000100101,1010010010011000,1010010101111000),Close(0000100110101110,1110011001101110,0110100111011011),Set-3-Tag(1010010010000001,1110110000111010,1100101010011001),LoadNum1-Tag(1010001000110111,1101001001011111,0011011111001111)]"
PROBLEM_median__ARGS_TAG_BF__MUT_0075,7393,median,Tag-BitFlips,0.0075,0,True,15,378,188,"[LoadNum1-Tag(0000001000011000,1011111000010001,0101000100000000),Close(0001101111011110,0010110101001101,1010000101001000),TestNumLessTEqu-Tag(0110011010100000,0011001110101111,1101101001111111),SubmitNum-Tag(0001000000100111,1000111101101010,0111001101011110),IfNot-Tag(0011011111001101,0011001011101001,0100000001101001),LoadNum1-Tag(0110101100110001,1010111101010110,0011110011010010),SubmitNum-Tag(1010011010001011,1010101110010001,1001101001100000),Set-10-Tag(1001011010111001,0110011000100100,1111000110010110),Close(1000100000011100,0111111010111010,0110010111111000),TestNumLessTEqu-Tag(0000001100111110,0101010111010100,0111010011111110),IfNot-Tag(0101111101111000,1001100010111011,0101001000000001),SwapMem-Tag(0111100100110111,1111010101000010,1101101011001000),While-Tag(0001011001101110,0011111010011001,0110001000001100),LoadNum3-Tag(0111111110000000,1011110110001010,0100010111100101),Break(1110100101011010,0001100111110001,1100100101101111)]"
PROBLEM_median__ARGS_TAG_BF__MUT_0075,7394,median,Tag-BitFlips,0.0075,0,True,13,238,218,"[SubmitNum-Tag(0010101111101111,1100001001100101,1011110000110011),TestNumLessTEqu-Tag(0101111000010111,1011100000100011,0000110011110111),IfNot-Tag(1000010011011111,0001010011010011,0010100101101010),LoadNum3-Tag(0100111011010100,1010000011011100,1111100010110001),LoadNum2-Tag(0010101100111111,0010000111011011,1000101010010101),Close(0110101000101111,0000010100111001,0000001000001000),TestNumLessTEqu-Tag(1111111100000010,1011101000100110,0000001001111101),IfNot-Tag(0001100001011110,0001000010000011,0010000100100000),SubmitNum-Tag(0011101100010010,0011001110111110,1110001100011110),Close(1110111111010000,1000001101000110,1100011110101010),TestNumGreater-Tag(1101000101011101,1111110111110110,1011010000000001),If-Tag(1001000111100110,0010110101000111,1111111000010111),SubmitNum-Tag(1100010101100111,0000010100010111,0000100101011001)]"
PROBLEM_median__ARGS_TAG_BF__MUT_0075,7395,median,Tag-BitFlips,0.0075,0,True,15,275,257,"[SwapMem-Tag(1111010101111011,0001101000010011,1100101011001000),LoadNum2-Tag(1001111000110010,1011010100011100,1000010011101001),TestNumGreater-Tag(1111100111111101,1011011000000011,0101100111110100),While-Tag(1001000101011110,1111111100100110,0100111001011111),Not-Tag(0101010001010111,1111001111101000,1101101101111010),CopyMem-Tag(1011101001111010,0011101000101000,1001101111010001),LoadNum1-Tag(1111010101111100,0001010010001100,1110110101100110),Close(1001110011101101,0111000010011111,0111111110110000),SubmitNum-Tag(1001101101110011,1111010110001111,0000110011101000),TestNumGreater-Tag(1101100000101010,1101001101101111,0010110101110101),While-Tag(0001000111011100,1100001011110101,1000010111011000),LoadNum2-Tag(1011100101101111,1011101010011000,1100011010001010),TestNumGreater-Tag(1110111001001111,1010001001110010,1101010001011101),Close(0001010011111110,0011101110010110,0001100001010110),SubmitNum-Tag(1111001111100111,0110000100100111,1110110001000100)]"
PROBLEM_median__ARGS_TAG_BF__MUT_0075,7396,median,Tag-BitFlips,0.0075,0,True,12,196,154,"[Close(1001111110001101,0111000110010100,1111111001101000),TestNumGreaterTEqu-Tag(0101001101010110,1110011101011011,0000010010111000),Div-Tag(1111011111001011,0111000011111101,0001110101000101),If-Tag(0000110001111010,1111001001110111,0111110110100100),LoadNum2-Tag(0111010011101100,0110000010100001,1100111001100011),Close(1111011010001001,0011111111101000,1010110111010110),TestNumLess-Tag(0011001101111110,1101010111110100,1101000001100110),Sub-Tag(1111000101110000,1011010110011001,0001001100000111),SubmitNum-Tag(0101010101111000,1000001010111110,1110110001011001),LoadNum3-Tag(0110010101000100,1100000010100110,1101010000101101),If-Tag(1110000011001101,0101101011000100,1101101110101110),LoadNum2-Tag(1011111001101100,0001100111011111,1010001011011011)]"
PROBLEM_median__ARGS_TAG_BF__MUT_0075,7397,median,Tag-BitFlips,0.0075,0,True,12,333,186,"[LoadNum3-Tag(1100100010011001,0101110010110000,1110011110000100),TestNumGreater-Tag(0111000001011001,0101011110011111,1100000101101111),TestNumGreater-Tag(1011001000100011,1001110101111110,0110101110010010),TestNumLess-Tag(0001010001011001,1000100100000011,0100101110101011),TestNumEqu-Tag(1011011100000010,0000001111010010,0010111001010000),SubmitNum-Tag(1001110111101100,1111010110101100,1100110001010001),Dec-Tag(0110001110100010,1100111110000010,1000010110101001),If-Tag(1101101011010101,0101001001101001,0011110010101000),Add-Tag(1000110011001111,0001011000110011,0000100010100100),SubmitNum-Tag(0000100000010001,1001011010001001,0001010100001001),If-Tag(0100100010101101,1100000101101110,1100110011010011),SubmitNum-Tag(0100010000000111,0001000111101111,0110011110111111)]"
PROBLEM_median__ARGS_TAG_BF__MUT_0075,7398,median,Tag-BitFlips,0.0075,0,False,NONE,NONE,NONE,"NONE"
PROBLEM_median__ARGS_TAG_BF__MUT_0075,7399,median,Tag-BitFlips,0.0075,0,False,NONE,NONE,NONE,"NONE"
PROBLEM_median__ARGS_TAG_BF__MUT_0075,7400,median,Tag-BitFlips,0.0075,0,True,40,400,370,"[Set-1-Tag(1000001110110101,0100100000100000,1010000100011000),SubmitNum-Tag(1101111111011111,1110111100010111,1110000111101100),Close(1101010110000001,0101111100100101,1001011010011001),LoadNum1-Tag(1010001000001101,0000110110101101,1111000001010111),LoadNum2-Tag(1111100110011111,0001000011101111,0010001101111101),While-Tag(0110100010111001,1001100011011110,0100011011100100),SwapMem-Tag(0000011011110011,0010101001110111,0001010100100011),Set-16-Tag(1101010100111011,0110010100110010,0001010010001100),Set-14-Tag(0001011010101001,1101001001000011,1110011000110011),LoadNum3-Tag(1000001010001001,0000100110101011,0100001010001100),CopyMem-Tag(1101111000101111,0110010001100110,1100001110000111),SwapMem-Tag(0000110011000101,1100000100111011,1101110000110110),SubmitNum-Tag(1101001110111110,0110011100010001,0011101111110010),Set-2-Tag(0001010011110110,0110110111011110,0111111011010001),Set-13-Tag(1101100111111000,0110101111010011,1001101110010001),Div-Tag(0011011001011101,0100010011010010,0111111110010001),Mult-Tag(0110010000000010,1101001011100010,0111101101001100),LoadNum3-Tag(1101101101001111,1011001111010110,0100110010010100),Dec-Tag(0010110100111100,1001001110010101,1110100001011101),LoadNum2-Tag(1111100110000011,1111101101010000,1110110101010111),Close(0011110011001011,0101000011111001,1101100110000000),Set-10-Tag(0001101000101000,1111101100100110,1110101111101011),Countdown-Tag(0101101011011101,0001100100100010,1110100010111110),Sub-Tag(0001111101010110,1011001101111011,0010000000110100),TestNumGreaterTEqu-Tag(1011111011111011,0010110001010100,1111111000110111),LoadNum3-Tag(1000111010000111,1001000001111111,1100110011011110),TestNumGreaterTEqu-Tag(1010110001110001,0001100101001111,1110111100011001),Sub-Tag(0110101010110001,1111001111111101,0011100101001000),TestNumGreaterTEqu-Tag(0000011101000111,1000110011111111,0110111000011011),TestNumGreater-Tag(0010001000000110,1001000011110100,0010101110001011),LoadNum3-Tag(0011001110110000,1101010101000111,1110111010001110),Set-12-Tag(0110000111000001,1010111000010001,1000111100101011),TestNumGreaterTEqu-Tag(1010011000000100,0111011010001100,1001011111010011),LoadNum1-Tag(1000101100011011,1000000010011100,0011010111000000),Mod-Tag(0011011011001010,0000101000000111,1100100011010110),Div-Tag(0000101111101101,1001101011110110,1110001110001000),Inc-Tag(1100111000100010,0001010100001100,1001100100100011),Set-12-Tag(0001011001101100,1100001000000110,0111110010011111),Set-16-Tag(1011110101001011,1010000011010010,0101110010111010),Break(1011110011010110,1011101001010110,0111011001010010)]"
PROBLEM_median__ARGS_TAG_BF__MUT_01,7051,median,Tag-BitFlips,0.01,0,True,35,421,230,"[SubmitNum-Tag(0011001100010101,1111111011001001,0100101001111001),LoadNum3-Tag(0100001101100011,1011110100110110,0000001010111111),TestNumLess-Tag(0101010101110101,0011100100101010,1100101010011000),Set-9-Tag(1110110001001000,0011110101001001,0011111011100100),Sub-Tag(1010011101011110,0011001100000001,0100001000110010),Countdown-Tag(0100001101101001,0010010001101110,1101111010001110),Set-5-Tag(1100000111101101,0000101010101011,0111110100011000),If-Tag(1011110010000010,0110011101000100,1010000111011110),TestNumGreater-Tag(0001010100010011,1001011010011100,1101110101100100),IfNot-Tag(1001100110001101,1011110000100001,0111100100110000),Inc-Tag(0011110100101101,1010100010000101,1000011000101100),Close(0011010010101100,0101010111000000,0111111000100010),Set-14-Tag(1000110110011001,0101100010111010,0000111010001010),Set-1-Tag(1011011000100011,1101100000101100,1111100111001011),Inc-Tag(1001011011110011,0011011000101010,1110110110100001),SubmitNum-Tag(0111001111111001,0100010110011111,1100010001111000),Set-10-Tag(1011101011011101,1011100100101001,1100011011000011),Close(1010111011010001,1111001100000110,1001011111111011),TestNumGreaterTEqu-Tag(0011000010100111,0000110010011000,0110111011000010),SwapMem-Tag(0010111101100000,1011010011010001,0001111111110001),Countdown-Tag(1001000110010101,0000101110111110,1111101011000110),TestNumGreaterTEqu-Tag(1110111111011100,0110011101010011,0111010100010011),Set-16-Tag(0001000010100110,0101000111100111,1011011001001011),SwapMem-Tag(1100100100101011,0011011110110101,1001001111110010),Set-5-Tag(0101100110100110,0110000100101111,0001000010010001),CopyMem-Tag(0010001101110001,1011101101001001,1011001000001011),TestNumGreaterTEqu-Tag(1001001110000010,1000100101010101,0100001100000000),TestNumGreaterTEqu-Tag(1010100000010110,0110010101000110,0011010101100100),LoadNum1-Tag(0000011101101010,0111001011000101,0100101001101111),If-Tag(1001000001110101,0110011110110110,1010110100010010),LoadNum2-Tag(1111011111011010,0111011011111011,1011001111100110),TestNumGreater-Tag(0000111110011110,1101111011101110,1111110011000000),Close(0010010010100100,0001100000101111,1100001001101101),Mod-Tag(1000000000001111,0100110100010100,1100001101011101),Set-11-Tag(1010111000001010,0110100101110101,0011100001101101)]"
PROBLEM_median__ARGS_TAG_BF__MUT_01,7052,median,Tag-BitFlips,0.01,0,False,NONE,NONE,NONE,"NONE"
PROBLEM_median__ARGS_TAG_BF__MUT_01,7053,median,Tag-BitFlips,0.01,0,False,NONE,NONE,NONE,"NONE"
PROBLEM_median__ARGS_TAG_BF__MUT_01,7054,median,Tag-BitFlips,0.01,0,True,21,405,380,"[Close(0010001100010000,1110000010000000,1110110101110011),Set-3-Tag(0111001011011000,0000001001111101,0000110000010111),Close(0001000000000010,1101110010101111,0101100111111100),Mult-Tag(0000010101001101,1011011111100000,0000100110001010),TestNumLessTEqu-Tag(1010010010010010,1011011010110111,1001001010100100),IfNot-Tag(0001110000101011,1000101101100110,0010100101010100),Floor-Tag(1001111101100101,1110010000011011,0111110101100001),Set-13-Tag(0110101110001100,1111100001000010,0100010010001010),Dec-Tag(1100001011101011,0000101011110101,0110011000101010),SubmitNum-Tag(1110111111101011,1011000011101001,0101111100000001),TestNumLessTEqu-Tag(0111011101010100,1011111101011110,0000011110100000),Set-15-Tag(0000100000101011,0000001110101101,1000001111111010),TestNumGreaterTEqu-Tag(1010011100110000,1011111111010001,1100111110001100),Dec-Tag(1010001010110101,0010010000011000,1101010111010011),SwapMem-Tag(0011100110100001,1001111001110111,1011110111111111),If-Tag(1010110010101000,1011011010110011,1000010111110100),Not-Tag(0100111001001011,1100111110010100,0111101100100101),Add-Tag(0101011010111110,0001011010101110,0011011111100000),LoadNum2-Tag(1001100111110110,1010011111011100,0001100101000000),Set-15-Tag(1111000011101100,0101101110001010,0110001011010000),Break(0110101110001100,1111111001111100,0111011011111010)]"
PROBLEM_median__ARGS_TAG_BF__MUT_01,7055,median,Tag-BitFlips,0.01,0,True,34,406,152,"[SubmitNum-Tag(0010001001101011,0110000011110111,1001101110111101),TestNumLess-Tag(0011010101111111,1011001101010011,1001101010110110),IfNot-Tag(0111110010100101,0100011100110110,1111010011110111),TestNumLessTEqu-Tag(0101010001001110,0010101100010011,1100010010010010),LoadNum1-Tag(0010011100100010,0110110111110011,1011100001101110),Close(0000110011100010,0010010100001010,0110110000100001),Close(0000111001001101,1110000011100110,1101000110101000),Close(0010011000101001,0110110101110011,1100000000000000),Inc-Tag(1111100111000011,0001010110011111,1000010001111000),IfNot-Tag(0100010000111000,1011011000001100,1110010101001001),Floor-Tag(1000101000110000,1001111000101010,0000011011001000),CopyMem-Tag(1100011010111111,0010011011001001,0010000001000000),SubmitNum-Tag(0010001110111011,1110001000111110,0001111001111100),TestNumLess-Tag(0011000110000111,1100010101010111,1101100010110101),IfNot-Tag(0100101110000100,0010110001111101,0110100111010011),Set-14-Tag(1000011100110001,1101101010000001,0010101010101000),LoadNum2-Tag(1100010000100100,0011001110011111,1110110001000111),Set-8-Tag(1101001011000010,0001110101000001,0111000011101000),TestNumNEqu-Tag(1010000110011001,0001101110010011,0011101100110000),Set-14-Tag(0010000001010000,0000010111101101,0110110000101010),LoadNum2-Tag(0100100010001100,1100001010011101,1001101100110100),Floor-Tag(1001001111100010,1110110000110101,0010011011110010),SubmitNum-Tag(0010000111110101,1011100000110010,0010000000101101),Set-16-Tag(0001001010100011,0000010001011100,1101110001001010),Set-7-Tag(0011001000110101,0000010011100000,0011100000010000),LoadNum1-Tag(0001001011110001,0010101111110100,0001001011000000),If-Tag(0010100100010100,0011010000010110,1010110011011110),Set-15-Tag(1111010111111011,0010111111001010,1011001110111100),Set-11-Tag(0101010010111011,0111110100010011,1100000011001001),Set-13-Tag(0000110001111010,1111011111101101,0001010110000001),LoadNum2-Tag(1010000110111001,0111110101111001,0101001110001010),TestNumLess-Tag(1110110010110101,1011010100010011,0100001001000000),IfNot-Tag(1101001000000011,0011100001111100,0101100101100000),Set-14-Tag(0101100001110001,1111110100000111,0100100011011001)]"
PROBLEM_median__ARGS_TAG_BF__MUT_01,7056,median,Tag-BitFlips,0.01,0,False,NONE,NONE,NONE,"NONE"
PROBLEM_median__ARGS_TAG_BF__MUT_01,7057,median,Tag-BitFlips,0.01,0,True,33,368,227,"[Set-2-Tag(1000100011000111,0010001110010101,0101101101110111),LoadNum2-Tag(1110000110100100,1110111000111000,0011100001011100),TestNumGreater-Tag(1010100000101100,1010001100011010,1111011000101000),TestNumGreaterTEqu-Tag(1100001111111011,1100000001101011,0100011100110110),While-Tag(0101110101110100,1001100100011011,1111001101111011),Set-6-Tag(0001111110111000,1111000001110110,0110101001100100),SwapMem-Tag(0110001001110001,1110100000001100,0011011011110000),LoadNum3-Tag(1000001000010001,1101100110111111,1110010100001101),TestNumGreaterTEqu-Tag(1110000110111111,1010010101110111,0101100000011010),Countdown-Tag(0100101000101001,1101010000110011,1110110010001110),Close(0001011010001010,0010000111011111,1110110100001011),TestNumLessTEqu-Tag(1001001001111101,0010110010100011,1101010101010100),LoadNum1-Tag(0011001100001001,0010101001010111,1111101000111111),TestNumLess-Tag(1101110011001100,0101000010001010,1101101001101000),SubmitNum-Tag(1010111101010010,0100101100110110,0011111101101111),Close(1111001011100110,0001000001010100,1001011001111100),Set-6-Tag(0010001110101001,1101000011110000,0000111011011001),Close(0001111001100010,1110110111001110,0001101000100110),Set-14-Tag(1010010001111010,0110001000000011,0001110001001010),TestNumLessTEqu-Tag(0100110111001100,0000010011001111,1000011011010001),Not-Tag(1101001100000110,1111001111000111,1011111001110010),SubmitNum-Tag(1011001011010111,1101111111101110,0001010010001000),Set-3-Tag(1010111000110111,0111000010110111,0000100100100111),Close(1111010000000101,1001000011100101,1100100000100001),While-Tag(1001001101001001,0110101010110101,0000111110010111),Close(1110101111001000,1100010010100001,0101100100010100),LoadNum2-Tag(1111101001101110,0111011010110110,1000010101100110),SubmitNum-Tag(1011111000111111,1000001001001110,1010000110110000),Not-Tag(0010001010111010,0001010010000101,0110000100101111),TestNumLessTEqu-Tag(1111001001100011,1100100000111000,1100000001101010),LoadNum1-Tag(1001100001110101,1001111100011111,1111001110011100),Countdown-Tag(1001110111001100,1100010000100111,0111100110101001),TestNumLess-Tag(1101000000011010,0111111101010010,1111100110111001)]"
PROBLEM_median__ARGS_TAG_BF__MUT_01,7058,median,Tag-BitFlips,0.01,0,True,17,432,396,"[SubmitNum-Tag(1100000100010000,1100011111100001,0101101001111000),TestNumLess-Tag(0101010001110000,1011111111001100,1100010011000011),IfNot-Tag(1000101011110010,0001110110110001,1101010011010101),SubmitNum-Tag(1011111010110001,1011000101000011,1001100001100100),TestNumLessTEqu-Tag(1101101101110101,0011101110110110,1011000110111101),Close(0100001000010011,0111101110001100,1100001101110011),TestNumLessTEqu-Tag(0011000110111100,1101000001110000,1000100111100011),IfNot-Tag(1101001111101000,0110010000111011,1010101100111010),SubmitNum-Tag(0011111101111001,1101100100111000,1011000101011100),TestNumLess-Tag(1110101100100110,0011101110101010,0000100111000011),Close(1000100011100011,0100010100100101,1000111011011100),If-Tag(0001100110011010,1010111110111000,0111101111010000),SubmitNum-Tag(1101001100010110,0010000100111010,0101100110101011),TestNumLess-Tag(1101101101010000,0011001010101011,1110111101000010),Close(1101111001111011,0101100010000011,1011011011101011),IfNot-Tag(1100100010000110,0100000000011000,1110000101111010),SubmitNum-Tag(0001001101010010,0000010110100011,0101111011111101)]"
PROBLEM_median__ARGS_TAG_BF__MUT_01,7059,median,Tag-BitFlips,0.01,0,False,NONE,NONE,NONE,"NONE"
PROBLEM_median__ARGS_TAG_BF__MUT_01,7060,median,Tag-BitFlips,0.01,0,True,18,402,250,"[Set-12-Tag(1101110000100101,1111001001000010,1100011001011010),TestNumNEqu-Tag(1111110111010101,1101100111110101,0000010010001101),LoadNum2-Tag(1001001111011101,1000001011001011,1101100101010101),TestNumLess-Tag(0011110001111100,1001111010011100,1000100010111000),While-Tag(1100111110110011,1011111101110100,1111000110100110),SwapMem-Tag(0101001111010111,1100111010100101,1111111011010000),Set-0-Tag(0000011110011001,1111001110000100,1101001101010101),TestNumLess-Tag(0001100100100011,1100101010011110,1100100100010100),SubmitNum-Tag(1111100111110111,0000011111001000,0110011101011100),Add-Tag(0001100010011101,0010111010001000,0100011010110010),SwapMem-Tag(1100001111111111,1000111000000000,0111111110010111),Dec-Tag(0010111100010011,0101010000110110,1001001001010010),LoadNum3-Tag(1110101011110111,1110010011100000,0011001010101010),If-Tag(1111000101010100,0000101001000100,1000010011000101),Dec-Tag(1000000000001000,1100110000011000,0000011000100111),Inc-Tag(0011101100011011,0111001101100111,1101000001110101),LoadNum2-Tag(0100111101111101,1110101110111011,0111110001111001),TestNumLessTEqu-Tag(1110111011001010,0100111000111110,1000110001110111)]"
PROBLEM_median__ARGS_TAG_BF__MUT_01,7061,median,Tag-BitFlips,0.01,0,False,NONE,NONE,NONE,"NONE"
PROBLEM_median__ARGS_TAG_BF__MUT_01,7062,median,Tag-BitFlips,0.01,0,False,NONE,NONE,NONE,"NONE"
PROBLEM_median__ARGS_TAG_BF__MUT_01,7063,median,Tag-BitFlips,0.01,0,False,NONE,NONE,NONE,"NONE"
PROBLEM_median__ARGS_TAG_BF__MUT_01,7064,median,Tag-BitFlips,0.01,0,False,NONE,NONE,NONE,"NONE"
PROBLEM_median__ARGS_TAG_BF__MUT_01,7065,median,Tag-BitFlips,0.01,0,True,11,346,175,"[TestNumGreater-Tag(1101101111110111,0010001100100111,1000111110011000),LoadNum2-Tag(0010100101111010,0110110100100001,0011001110001010),TestNumLessTEqu-Tag(1100111111011111,0111010101110100,0000110011010100),Sub-Tag(0000100010011010,0101110001111101,1101111000110010),TestNumLessTEqu-Tag(0111100001001011,1101001100110011,1101110000001111),SubmitNum-Tag(1011110011011100,1001000101111011,0100100101011111),Div-Tag(0001001101000101,1011000011001110,1111100010001001),If-Tag(1010110000000010,1000101000111001,1001101110101011),SubmitNum-Tag(0011010110110011,0011101001001001,0100110000011111),If-Tag(1001101011010000,1110011101111010,0101100011101101),SubmitNum-Tag(0110001001001101,0110001000001010,0111111100111100)]"
PROBLEM_median__ARGS_TAG_BF__MUT_01,7066,median,Tag-BitFlips,0.01,0,True,15,363,304,"[TestNumLess-Tag(0101000111000110,1011111110111001,0101001111101101),SubmitNum-Tag(1011011110101011,1110110001000100,1011101010010100),LoadNum3-Tag(1100000110011000,1110110101111110,0100111010000000),Sub-Tag(0010100110110110,1100011101111110,0100100100001011),TestNumLess-Tag(0100001100101100,1101111000010110,0101101101110111),IfNot-Tag(0101011110100000,1111100111101001,1001101011010101),LoadNum3-Tag(0100010101010010,0000000000001111,0001001001011100),TestNumGreaterTEqu-Tag(0000110111000110,0110100011010110,1111110011011000),LoadNum2-Tag(1001000000111100,0100110100110100,1011011000101110),Close(0001100001011001,0111101101000100,1110011111001100),While-Tag(1111011111101100,1011000001011001,1011100001010100),TestNumLessTEqu-Tag(1010000100001001,0100000000000000,1111000110111100),LoadNum2-Tag(1111000001100101,0101111100110111,0111001000010111),SubmitNum-Tag(0000011110110011,1011111001011101,0010011001101111),SwapMem-Tag(1011000001001001,1011001110010011,0000111110101101)]"
PROBLEM_median__ARGS_TAG_BF__MUT_01,7067,median,Tag-BitFlips,0.01,0,False,NONE,NONE,NONE,"NONE"
PROBLEM_median__ARGS_TAG_BF__MUT_01,7068,median,Tag-BitFlips,0.01,0,True,14,370,350,"[TestNumGreater-Tag(0110011000100110,0100001111110100,1111001010101011),SubmitNum-Tag(0101101100110010,1010111110011011,0011100000000001),LoadNum3-Tag(1000110010110100,0001100101010010,1011101011010110),TestNumGreaterTEqu-Tag(0100010010000110,1001001110111111,0011101000010001),TestNumLess-Tag(1110010110111100,0100011111110111,1101100101011010),While-Tag(1101010010000111,1101101110011111,0011011100111101),Dec-Tag(1001101110111100,0000010101101111,1000001100110000),SwapMem-Tag(0111011100101101,0001000011000100,1111001001010001),Break(0101110010001011,1110011010011110,1001000001101011),Close(1001010011001111,0001011010011101,0111001011011010),If-Tag(1001101111101000,0000010100001010,0111000001001101),SubmitNum-Tag(0000010111010000,0010010100001110,0000111011100010),If-Tag(1111001110110001,0101011101101111,0100110000101111),SubmitNum-Tag(1101101111101110,0111111000110001,1000111001011010)]"
PROBLEM_median__ARGS_TAG_BF__MUT_01,7069,median,Tag-BitFlips,0.01,0,True,45,454,309,"[LoadNum1-Tag(0111000011111101,0100001010101110,0000000100110001),TestNumGreater-Tag(0111011100100100,0001000101010100,1010000110111001),TestNumGreaterTEqu-Tag(0001000101001100,0101011010111110,0000100110001101),SubmitNum-Tag(0110111011110010,1110110011011111,1101100110111011),CopyMem-Tag(0100001101010000,1100111101000000,1101011100110010),LoadNum3-Tag(1111010011100001,0001101110001000,0100101001100001),Set-13-Tag(1100010010111011,1000100110100111,0101000110101100),Close(1110000100000011,0111001010101101,1001111111101010),Set-11-Tag(0011001010101111,1001111100000111,0010101101000000),LoadNum2-Tag(0010001111001111,0101011110100011,0001001100001000),CopyMem-Tag(1100011101100000,1111110011001000,0111100000010001),Add-Tag(1110110100000011,0100101001100001,0000100000101000),Not-Tag(1001110100011001,1101001110111011,1011110110011111),Set-0-Tag(0110001001100111,1001101011111100,0100011110000011),SwapMem-Tag(1000000011010100,1100010111011001,0101011101101000),LoadNum2-Tag(0000101011110010,1101000001101000,1000011111111100),CopyMem-Tag(1101010110101101,0001011110100010,1011111010000010),Set-9-Tag(0010110001101100,0010101111010010,0110010110001011),Set-5-Tag(1000001101000000,0110110001001101,1111000011001010),TestNumLessTEqu-Tag(0011010101110101,1010010010110111,0101100101101101),Sub-Tag(1000000010100011,1101111110010010,1010111001010111),SwapMem-Tag(0001011011010111,0101101111000010,0101011110010110),Add-Tag(0010010110110101,1001001010001111,1100000111110100),Countdown-Tag(0110100000101000,0000110110001111,1001011000001011),Not-Tag(1001101101011100,1111011100000011,0100010011000101),SubmitNum-Tag(0010010101011001,1101111111010101,0011001101110000),TestNumGreater-Tag(0100100011010110,1001010110110100,0111001001101001),Sub-Tag(1000110110011000,1111101001110001,1111100001011110),Close(1110101001010110,1101011001000100,0111101100011101),Set-12-Tag(1101010010010010,1100001101100011,0110101010000000),Inc-Tag(1111011011100111,1011011000111010,0101100101110011),CopyMem-Tag(0100100000100011,0000111101001000,0000110110110111),Set-5-Tag(0100111010001111,0100001011110100,1101000110001110),LoadNum2-Tag(0001001110110101,1010110110110101,0001011111010101),Mod-Tag(1010100011111001,0000011000010001,0010011101011001),LoadNum3-Tag(1011001011111110,1011001110100011,1100010111100101),Set-8-Tag(1100001101001000,0011100011010110,1101001010010101),LoadNum2-Tag(0100111010010101,0011011100110101,1111001111101110),Floor-Tag(0011011001000011,0100111100101111,0111110000010000),Countdown-Tag(1000101010011010,0101100010010000,1000111101111000),LoadNum2-Tag(1111011001010111,1111010000001011,0110110010010100),Set-1-Tag(1110100100010100,0100010101111000,0111111010000111),SubmitNum-Tag(0100101011111100,1011011110111010,0101110000010000),SubmitNum-Tag(0101011010111000,1011010110111011,0000011011001100),Set-13-Tag(1001001110111011,0011101101110000,0010111111001001)]"
PROBLEM_median__ARGS_TAG_BF__MUT_01,7070,median,Tag-BitFlips,0.01,0,True,16,369,218,"[SubmitNum-Tag(0111001001010101,0011011110100101,0011101010000111),TestNumGreaterTEqu-Tag(0111101111110111,0101010110010001,1111011101101011),Not-Tag(1000111011111110,1000100000010001,1001010111010011),While-Tag(1111011111101000,1001000101010111,1010010010110010),TestNumGreaterTEqu-Tag(0001001110110001,0111111001010100,1101100111111100),LoadNum1-Tag(0101011001100101,1111101011010111,0010111110101010),TestNumGreaterTEqu-Tag(1011111011001111,0110011100001011,0110101101111101),Close(0111100111000010,1111111010111101,1111110010111110),TestNumGreater-Tag(0110101100110011,1101110111010101,1111110101100111),Close(0001001010001011,1101101011100111,0110000001100101),SubmitNum-Tag(1101010111000100,0111111001001000,0101011101100010),Countdown-Tag(1110110101110100,1010110000100001,1101111000111101),LoadNum1-Tag(0001011110010101,0011001111110101,1011010101011110),TestNumLess-Tag(0001001111110010,1011011100010101,0111011011001000),SubmitNum-Tag(0111000000110010,1111000100000101,0101010110011010),TestNumNEqu-Tag(0110011000010000,0111100101100001,1110101010111110)]"
PROBLEM_median__ARGS_TAG_BF__MUT_01,7071,median,Tag-BitFlips,0.01,0,True,12,484,290,"[SubmitNum-Tag(1110111011101011,1000011000100110,0101001001110101),TestNumGreater-Tag(0111111110111011,0010011100000011,1010010100111101),TestNumLess-Tag(0101100101010000,1100111111011111,0101111011110111),TestNumGreater-Tag(0110000010110010,1000010011010100,1000011000001011),TestNumLessTEqu-Tag(1010110111000101,1100100001001101,0001001000110011),TestNumEqu-Tag(1100111111100110,1100101100101100,1100111010110000),TestNumNEqu-Tag(0100011100110010,0101011101111111,0001100110010001),If-Tag(0001110011011001,0100110011101000,1001010111110010),SubmitNum-Tag(1001010100000001,0000000110011010,1000011100110101),If-Tag(1100101000111110,1010111010101100,0110001110000111),LoadNum3-Tag(1001010111110111,0101001001110011,1110111111010010),SubmitNum-Tag(0111001011011110,1000111000100011,1111000010010010)]"
PROBLEM_median__ARGS_TAG_BF__MUT_01,7072,median,Tag-BitFlips,0.01,0,True,19,438,340,"[TestNumGreaterTEqu-Tag(1100101111111101,0011001010111011,1001100011000000),LoadNum3-Tag(0100110010001001,1100100001110100,0011100101001100),Countdown-Tag(0001100000011000,1110111000101111,0000100010011010),SwapMem-Tag(1101101111100110,0011010101011001,1111000110000001),SubmitNum-Tag(1111100101011010,0110111000010000,0001101011110101),CopyMem-Tag(1011110011101100,0011000000110110,0111100110001010),Close(1100111011100001,1101111111110000,0011110100100011),TestNumGreater-Tag(1011001010111001,0101010011011011,1100000111000000),Set-13-Tag(1001100001110001,1110110100101011,0100101110000011),TestNumGreater-Tag(0110011010011001,1011011111010011,1000001100100010),While-Tag(1100110101000010,0100101100000110,0100000010101001),SubmitNum-Tag(0001000000000101,1100101000110010,1100101110011001),Countdown-Tag(1001000010011010,1010000111000001,1110101100000001),TestNumGreater-Tag(0101000111000111,0101101101111010,1001000111011110),Close(0011100001111001,1110000111110111,1010101001110110),LoadNum1-Tag(1001010100110101,1010010000110000,0011110011101110),Close(0101101000100100,1100101011111110,0001111100000101),If-Tag(0010001000110000,0101011100011011,1011000011100001),SubmitNum-Tag(0100101010011101,1101100100000101,0101101010000001)]"
PROBLEM_median__ARGS_TAG_BF__MUT_01,7073,median,Tag-BitFlips,0.01,0,False,NONE,NONE,NONE,"NONE"
PROBLEM_median__ARGS_TAG_BF__MUT_01,7074,median,Tag-BitFlips,0.01,0,False,NONE,NONE,NONE,"NONE"
PROBLEM_median__ARGS_TAG_BF__MUT_01,7075,median,Tag-BitFlips,0.01,0,False,NONE,NONE,NONE,"NONE"
PROBLEM_median__ARGS_TAG_BF__MUT_01,7076,median,Tag-BitFlips,0.01,0,False,NONE,NONE,NONE,"NONE"
PROBLEM_median__ARGS_TAG_BF__MUT_01,7077,median,Tag-BitFlips,0.01,0,True,16,300,105,"[LoadNum1-Tag(0101101010011010,0010010110100010,1010011001010010),Set-13-Tag(1110110111110010,1010010000001001,1001110011011101),TestNumGreater-Tag(0010000100010111,1100110101011100,0011010011000000),While-Tag(0110101011111011,1011100001100100,0100110010111101),TestNumLess-Tag(1011100010010000,1001010111011101,0001011111111010),Set-16-Tag(0101101011110100,1001000001010011,0101011001100110),Not-Tag(0011000011100000,0101011110100110,0111010010000011),Inc-Tag(0101010010111011,0000110111101001,1001100011110111),Add-Tag(1011100110001111,0111000010100011,0100100100010010),SubmitNum-Tag(0111011111010100,0000011110001011,1011100000000000),LoadNum3-Tag(0100100101011110,1110011111100010,1111010001101111),Set-4-Tag(1110000001011101,1000010100110101,0011111110101000),IfNot-Tag(0010100110000011,0100010100010001,1000011100100111),SwapMem-Tag(0101100001000100,0001000110001011,1000111001001001),LoadNum1-Tag(0001000100110101,1011100100001001,1111110001100101),Dec-Tag(0101011011011111,1000011101001010,1111001111101100)]"
PROBLEM_median__ARGS_TAG_BF__MUT_01,7078,median,Tag-BitFlips,0.01,0,False,NONE,NONE,NONE,"NONE"
PROBLEM_median__ARGS_TAG_BF__MUT_01,7079,median,Tag-BitFlips,0.01,0,True,15,409,168,"[TestNumLess-Tag(0101010100010110,0111000100111011,0000101100110000),LoadNum3-Tag(1111001000101110,1001101010001000,0010110110000000),TestNumGreater-Tag(1000010101000100,0111111101110110,0010011001010100),TestNumGreater-Tag(1111111101001011,0101001011010101,0001000111001011),Div-Tag(1101100110101101,0011000010110010,1010000000010100),Close(0110000101100010,0010111110101010,1010001000000010),Sub-Tag(1101011011111011,0011010000010100,0110110101100000),TestNumLessTEqu-Tag(1110101101111000,0000100000110100,0110011011010101),Div-Tag(1110000000001100,1110001001110100,0011000111001101),SubmitNum-Tag(1001010101010101,0011111101010011,1000111001100110),IfNot-Tag(0100101010111001,1101101110010010,1010101010010000),While-Tag(0001110100001001,1110010010011010,0011010111101111),TestNumGreater-Tag(1010011011110111,1101010101011001,1000101111011100),Close(0001011111000110,1001110101011100,1000101001100001),SubmitNum-Tag(0111010111001111,0000001011011010,0101101000101101)]"
PROBLEM_median__ARGS_TAG_BF__MUT_01,7080,median,Tag-BitFlips,0.01,0,True,44,310,310,"[Set-2-Tag(1001000000011011,1001001111001100,0010001111110101),Set-14-Tag(0110011001000000,0010000011010101,1010111010000111),Dec-Tag(0100010101010001,0010001110101010,1011110011011111),Set-8-Tag(1110101000001000,0000111001100100,1110010010111100),TestNumGreater-Tag(1111011000010010,1111011101111111,0101101100110011),Div-Tag(1100101111000011,0100001100010010,0001000111101001),Sub-Tag(0101100100010100,0001111000010001,0110100100111001),Inc-Tag(1001000000110101,0010010001000001,0010001100100001),SwapMem-Tag(0110010101011010,1000110100011001,0001101100100100),SubmitNum-Tag(1111111000111100,0010111010101011,1010011101011100),Countdown-Tag(1110110010011001,0110000011100010,1100000001101011),TestNumEqu-Tag(0010101111101101,1001000000110100,0110001010011111),TestNumGreater-Tag(1011000111011100,1110110001011110,0100110111000100),IfNot-Tag(0110111011001010,0110001010100001,1110000110000111),Set-13-Tag(0101110110001110,1111100100011110,1011111011011111),TestNumLessTEqu-Tag(0100010110000000,1110001100100011,0011000100110011),While-Tag(0011011001100110,0001000110100100,0011011101110100),Mult-Tag(1000110011001110,1000001010000010,1110000111111110),Inc-Tag(1011010010111100,0110000100001001,1010010010101111),CopyMem-Tag(1111110110110010,0110111100100011,0111111010001001),LoadNum3-Tag(1111111011011011,0100111011000111,0101000100010001),TestNumGreater-Tag(0101110100100011,1001000000001111,1011100001101101),Set-15-Tag(1000111010010010,0110000010101000,0010000111010001),SubmitNum-Tag(1100111110101001,0010000010010111,1110001110110101),TestNumEqu-Tag(1001111110111100,1111110011100111,1110110110110101),Set-12-Tag(0000100001010001,0110000100110110,0010110110011111),Inc-Tag(0000101110011100,1011000000111000,0011100011101111),Set-9-Tag(0010010111011000,1101000001100111,1011111010010100),IfNot-Tag(0101010000000010,1110001111001001,1001010111011101),Add-Tag(1101100011111010,0000100010110011,0000111000010110),SubmitNum-Tag(1101101101110110,1111101000010010,0100110100000110),Set-8-Tag(1100100111010010,1000101101111000,1100111001100110),Set-4-Tag(1100011001100111,0111010111101101,1100011101101010),Set-9-Tag(0001111000001010,1000101010110100,0001010100100110),LoadNum2-Tag(1011110011000010,0010111111000100,1010101101010010),SubmitNum-Tag(0111110011001001,1101111100001111,1001011010101100),Set-9-Tag(0101101010011101,1100110000100110,0110001111001111),SwapMem-Tag(0010111000100101,0000000100101111,0100001101110101),Set-11-Tag(1110000111110011,1111011111100000,1100101100101010),Set-10-Tag(1100000111111111,0101101100001110,0011101100000001),Set-5-Tag(0100100001011001,0001011110011100,0111100110011010),TestNumGreater-Tag(0010011011010111,0110111111000110,1100011101101001),Floor-Tag(0111100001101010,1011010000100001,0011001000000101),LoadNum1-Tag(0000010011101010,1100001100110001,1100110011110010)]"
PROBLEM_median__ARGS_TAG_BF__MUT_01,7081,median,Tag-BitFlips,0.01,0,True,13,232,178,"[SubmitNum-Tag(0001011101000000,0100101111100010,1100000011010100),TestNumGreater-Tag(0100000110110001,0010000100111111,0000101101010110),TestNumLessTEqu-Tag(1010000101100011,1110111011111101,1011010111100111),TestNumGreater-Tag(0111011110101111,1111010101010100,0001110000111101),IfNot-Tag(0010001011100100,1011101011100000,1110110001001011),TestNumEqu-Tag(1110011101000101,1001011011110011,0000010000110100),Not-Tag(1000010100000011,1000111100001010,1111001111011011),Close(0010011101010101,1111100100010100,1001001011100110),TestNumGreaterTEqu-Tag(1010001011000101,1010011000101110,0010100110000100),Div-Tag(0011010110110010,0101100001010011,1011010101101111),TestNumGreaterTEqu-Tag(1110001110100000,0000010101000001,0101010111000000),Countdown-Tag(0000000100010101,0000011101010010,1000101011100011),SubmitNum-Tag(1110010011101111,0110000010011101,0011011100000001)]"
PROBLEM_median__ARGS_TAG_BF__MUT_01,7082,median,Tag-BitFlips,0.01,0,False,NONE,NONE,NONE,"NONE"
PROBLEM_median__ARGS_TAG_BF__MUT_01,7083,median,Tag-BitFlips,0.01,0,True,29,324,324,"[SubmitNum-Tag(1011101111110110,1001011110101101,1000000000111000),Set-2-Tag(0000011011101101,0010110111111110,0101110000110000),LoadNum3-Tag(0010110001000111,1111110111001101,1100000010100001),TestNumLess-Tag(1110111010111110,0111011101010101,1010010110101000),LoadNum1-Tag(0000110110010000,0101010111000000,1100101111000111),LoadNum3-Tag(0100111110001000,1001100111100110,0001010000111011),TestNumLessTEqu-Tag(1100000011100011,1100000101010011,0011111011101001),TestNumGreaterTEqu-Tag(1010100100100111,1000000110000111,0010100010001000),TestNumGreaterTEqu-Tag(0101011101010100,0000011100000101,1001111001111101),TestNumLess-Tag(0001000100110011,0001111111101100,0100110001011111),Floor-Tag(1111110010101100,0011000010011111,1001111001001010),Set-16-Tag(1111101011101001,1110101101111111,0111110111111011),LoadNum1-Tag(1000100010100011,0101100110101000,1111111000110001),CopyMem-Tag(1101001000101010,0110011011001011,0000101100110110),TestNumEqu-Tag(0111011101001001,0010110001100100,0000111101010001),IfNot-Tag(1110110100101101,1100001101000000,1011110001100001),Set-2-Tag(1010010110000000,1000010000001111,1000101000100001),Close(1110100111101110,1111111011000101,1111101110110101),TestNumGreaterTEqu-Tag(0111000011001011,0101011001011001,1110011111011111),LoadNum2-Tag(0001101000001111,0111010001000110,1001111001110011),Dec-Tag(1000010110100101,0001000001010010,0000110000010001),While-Tag(1111011011110111,1000111011000001,1101101111110110),Set-2-Tag(1111100111110111,1110100001110101,1100110000100101),Set-8-Tag(0111000101000101,0101001100110111,0101110010111100),While-Tag(1000111110000000,0100011111011010,1011010000111100),SubmitNum-Tag(0000110110010111,1011101011001000,0001001101011111),SubmitNum-Tag(1010000100110010,0001101111111000,1100100011011111),Countdown-Tag(0001011011110000,0100101111000110,0111010111101011),IfNot-Tag(0001001110000100,0010010111110010,1110000110000101)]"
PROBLEM_median__ARGS_TAG_BF__MUT_01,7084,median,Tag-BitFlips,0.01,0,False,NONE,NONE,NONE,"NONE"
PROBLEM_median__ARGS_TAG_BF__MUT_01,7085,median,Tag-BitFlips,0.01,0,True,15,383,249,"[TestNumLessTEqu-Tag(0010001000010001,1111110001010001,0010001111001010),TestNumLessTEqu-Tag(0000001100110000,1100101011111001,0100110111111110),LoadNum2-Tag(0110101011101011,1010010000100010,1101000001101010),IfNot-Tag(1100000011001011,1110111001110011,1110111100101010),LoadNum1-Tag(0010110000010101,1101001100011101,0110001010011000),Sub-Tag(0010101000010110,0101100100111101,0010111111101000),Dec-Tag(0111101011111110,1010111101111011,1011111110001010),Close(0101101011011110,0101101110011010,0110111100010100),SubmitNum-Tag(0101010110111100,1011011011101100,0110101001111111),While-Tag(1111001101110111,1010110010001100,0011100101010000),LoadNum1-Tag(1011001100111011,1111001100001101,1100101011011101),Mult-Tag(0010001100110000,1100000110001110,0101001101010111),TestNumLess-Tag(0100110001101010,0101010101000011,1111011100101100),Close(1010010101110001,1111011111101101,0000011010110010),SubmitNum-Tag(0001100100110110,1110111111010110,0011001111010111)]"
PROBLEM_median__ARGS_TAG_BF__MUT_01,7086,median,Tag-BitFlips,0.01,0,True,12,373,353,"[LoadNum2-Tag(1101010110011001,1101101111100110,0100010101011001),SubmitNum-Tag(1101000101011001,1101011001110000,1111100010000110),TestNumGreater-Tag(1000101110100000,0101010110111111,1010000101100110),Close(1111000000101110,0000001000101010,1010001111001001),TestNumGreaterTEqu-Tag(0110000100110111,1001010110101011,1100101111100010),TestNumNEqu-Tag(1100000000000011,1000110010100100,0000111011011101),TestNumGreater-Tag(1111111000111000,0011001000100001,1000001010100100),While-Tag(0100100100101111,0001001101011000,1010010111011110),SubmitNum-Tag(0010111100110000,0010001010111100,1110100011000010),LoadNum1-Tag(0110101110110010,0101010010011111,0101110001010100),While-Tag(1100100001011111,0101011011001011,0010110000000010),SwapMem-Tag(0011011101111110,0010010111010111,0100010010010011)]"
PROBLEM_median__ARGS_TAG_BF__MUT_01,7087,median,Tag-BitFlips,0.01,0,True,12,464,443,"[SubmitNum-Tag(1000000100101010,0000101100100110,1010000111110001),TestNumLess-Tag(1101001101110111,0001000000110000,1011111111111100),TestNumGreaterTEqu-Tag(0001011011011101,0011011100100011,1011100000101000),LoadNum1-Tag(1111001000111000,0000110000000111,0110110101010101),TestNumNEqu-Tag(1101101110001110,1001101110010001,0110000111111111),If-Tag(1101000011110110,1010101000100100,0010110001001111),SubmitNum-Tag(0001110100100001,1010110011110111,1000001010010000),TestNumGreaterTEqu-Tag(0001010101010101,0011100100100110,1000000100101001),LoadNum1-Tag(1101011000111100,1010100100111001,0010000010111111),TestNumNEqu-Tag(1101101111011111,1001101001011010,0000000011011111),If-Tag(1100010011101111,0011100001100101,0100010110101111),SubmitNum-Tag(1001001001111001,0110100001110100,1101001110110101)]"
PROBLEM_median__ARGS_TAG_BF__MUT_01,7088,median,Tag-BitFlips,0.01,0,True,44,387,210,"[Floor-Tag(1010100111111110,1110001100110101,1011100100011101),Close(1111111101100000,0001111110100101,0101100101001000),TestNumGreater-Tag(0110110101011101,0011100101111111,0101100111010101),Close(0111001000011111,0101111100001110,0100001100101100),IfNot-Tag(1100001101101000,0100111011000100,1101111010100100),Set-0-Tag(1000010010110111,1100001010100010,0100100011101111),Sub-Tag(0101001000011011,1010011011101111,0000111100001010),Sub-Tag(0011010111101011,0110000011011001,1001101011100001),LoadNum1-Tag(1011001111101101,1011101110000100,1110111010101010),Countdown-Tag(0001100101111101,1100010000101110,0010111011011100),Set-14-Tag(1111010110010101,1011111011001010,0110010101111010),Set-10-Tag(1010001010100001,0011011100111101,0001001001100101),Set-11-Tag(1100010011000110,0010011011000101,0000100001000010),LoadNum2-Tag(1011100100011111,0011110000010011,1011010100100101),Set-0-Tag(1000111100110101,0011011110001101,1110100011000011),LoadNum1-Tag(0100101011001111,0011100110011100,0101111000110001),Add-Tag(1010111010101001,0010001101000011,0110111101000101),LoadNum3-Tag(1100001001001110,1001010110011011,1011110111111010),Floor-Tag(1001001111111011,1100100100010110,1101001010110001),SubmitNum-Tag(0111011100001111,0111010100110101,0111001000010101),TestNumLessTEqu-Tag(0110101000110000,0001111110001110,1101110001010000),Close(0101011101000001,1011000110100101,0110111111000100),Mod-Tag(1011011111100111,0100011101001000,1110111010010000),TestNumLess-Tag(1000000100111010,1101011011011101,0111110100111110),Set-8-Tag(0010100010000110,1111010010110011,1101100100110010),Sub-Tag(0001001110110010,1101111010101100,0101011001101011),LoadNum2-Tag(0010110011111010,1111110011110000,0001000101011010),While-Tag(1000011101001000,1110010001000001,1011001100101010),TestNumLess-Tag(1101110010001100,1100001111101111,1101110001101001),IfNot-Tag(0111100000001011,1111001111100010,0011111010001010),SubmitNum-Tag(0010001110101011,1101001110101000,0001111010011110),CopyMem-Tag(0011000000010010,0110011110100100,0101100000101001),Set-6-Tag(0111000000110010,0100000001001001,0100101000110011),Set-9-Tag(0011111100101001,0000000111110111,0100100011101100),Close(1001110000000011,1001001110111001,0101000110000001),LoadNum2-Tag(0010000100101110,1011001110001110,1111100000110111),Set-2-Tag(1001110011011000,0011010101100000,0001110111110001),Set-7-Tag(0001111010100001,0011001110010111,0111101111111100),TestNumLess-Tag(0100010010100001,1010010001011011,1010010111110101),TestNumGreater-Tag(0010111011100111,1000101110111010,0000110111110111),TestNumGreaterTEqu-Tag(0100001111110101,1111101101100100,0001111111000100),TestNumGreaterTEqu-Tag(1110111000110101,0001011100111101,0110111000000010),TestNumLessTEqu-Tag(0100001010110111,0010111101011010,1010111001111000),TestNumEqu-Tag(1010010111101100,0110000101010011,1111000101100110)]"
PROBLEM_median__ARGS_TAG_BF__MUT_01,7089,median,Tag-BitFlips,0.01,0,True,32,483,407,"[SubmitNum-Tag(0110001000110001,1001110011101110,0111100001110110),Set-9-Tag(0000110101010000,0010001011011111,1101100101110111),LoadNum1-Tag(0111110111000100,1000101110011010,1110100100110101),TestNumGreater-Tag(1001001010100010,1111010101111101,0001011000001010),LoadNum2-Tag(1000000111100101,0001010110000010,1010101100110100),Div-Tag(0011010111110010,0010101110101111,1110010011101110),TestNumGreaterTEqu-Tag(1010100111110110,0100000110100110,0111000011100000),While-Tag(0101001100101110,1110011100001011,1010011110001000),Div-Tag(1010010111110001,1100011111000000,0101000111001101),IfNot-Tag(0100100001101010,1101110111101000,1000000001110010),Add-Tag(0001100100001110,0101111011011110,0110010100000101),Set-6-Tag(1010000000011100,0100011100100010,1111011000110101),LoadNum1-Tag(1011010110000000,0011101111110100,1010000010001111),Set-6-Tag(0100001111101010,1000010010100100,0101010001011101),Set-4-Tag(1000111111000000,0110001010001000,1001100000101000),TestNumGreaterTEqu-Tag(0010100100000010,1111011000000010,1000101101100110),LoadNum3-Tag(0001100111100100,1101110001100011,1010010010000111),Close(1111110010000100,0100101000010101,0111100101000111),Dec-Tag(1101000001101010,0001011111010110,1101011111010001),TestNumGreater-Tag(0101000101100100,1010010110000110,1100100110101000),Div-Tag(1101001101100001,1100111001110000,0001010010111000),Floor-Tag(1001100110011010,1101110000100010,1000100011111110),Inc-Tag(1100110110101011,0000010001000111,0100001110100101),Set-1-Tag(0100001011010000,1010001110000000,0000111111000000),TestNumGreaterTEqu-Tag(1101010010010110,0010001100010111,0010101101101001),IfNot-Tag(0101100010010001,1000000101011001,0100010000111011),Set-3-Tag(1011111111011101,1111011010101110,1100011100010000),Set-9-Tag(0110100000011000,0011000101100001,1001111000001110),LoadNum1-Tag(0011100000101000,1100110010110110,0010010111010010),Set-9-Tag(0111101101101000,0101001111010000,0011000110011111),TestNumLess-Tag(0011010100010001,0010111101000000,1010110001101110),SubmitNum-Tag(1010110010000101,1111010010010111,0111110110101101)]"
PROBLEM_median__ARGS_TAG_BF__MUT_01,7090,median,Tag-BitFlips,0.01,0,False,NONE,NONE,NONE,"NONE"
PROBLEM_median__ARGS_TAG_BF__MUT_01,7091,median,Tag-BitFlips,0.01,0,False,NONE,NONE,NONE,"NONE"
PROBLEM_median__ARGS_TAG_BF__MUT_01,7092,median,Tag-BitFlips,0.01,0,False,NONE,NONE,NONE,"NONE"
PROBLEM_median__ARGS_TAG_BF__MUT_01,7093,median,Tag-BitFlips,0.01,0,True,10,214,203,"[TestNumGreater-Tag(1111111101011100,0010100000100110,0000010000110011),SubmitNum-Tag(0011111000111110,0000100000000101,1010100100111001),TestNumLessTEqu-Tag(0101111011011111,0100000001100101,1111111011101110),TestNumEqu-Tag(1000110110110010,1111010101100111,1000000111110010),TestNumGreaterTEqu-Tag(1101101100010101,0111001100011111,0110100001110100),IfNot-Tag(1100100111100001,1110110100001001,0011000111100101),SubmitNum-Tag(0111010001110110,1001111111010000,0000101101000101),TestNumEqu-Tag(1000110100010010,1010100101111011,1100000111111010),IfNot-Tag(1100100111100001,0010111100101011,1101001011100011),SubmitNum-Tag(1010001110101010,1110110101101000,0010111000101011)]"
PROBLEM_median__ARGS_TAG_BF__MUT_01,7094,median,Tag-BitFlips,0.01,0,True,34,468,307,"[Set-14-Tag(0100011110101000,1010010111111101,1101000001101111),LoadNum3-Tag(0010011010111000,1100100010001110,1101001110010101),Set-15-Tag(1000111001000100,0001110000001101,1111010000100000),Set-14-Tag(1100101001100001,1110001101010011,0001111101001111),LoadNum3-Tag(0001001111000100,1110001110001011,1100100000110010),Floor-Tag(1011101111100111,1101111001001001,0110101100101001),Inc-Tag(1010000101101101,0110110000011010,0001111101001100),While-Tag(0000001111100010,1100011000100101,1010010001110110),TestNumGreater-Tag(1100111110100100,1001000110000110,1100100001001101),Sub-Tag(1100001110101001,0101111000110000,0011000100110100),TestNumGreater-Tag(1110110010111101,0110000110010110,1101101000001110),SubmitNum-Tag(1010010111000001,1100110011000001,0001001010100011),Set-16-Tag(1100000111100010,1111010011011010,1000110100110010),LoadNum2-Tag(0001101000110101,0100001100010000,0111110100100011),Set-2-Tag(1110010111110001,0000100000101100,1110110010000111),LoadNum1-Tag(1010010101100101,0101000100110000,0011111001101110),Set-8-Tag(0010111101111001,1011011110001000,1000001010100101),LoadNum3-Tag(0000010011010110,1110101111110111,1110111000101111),LoadNum3-Tag(1011000101111110,1001001110011001,0111001011001110),IfNot-Tag(0111000011001011,0100011011010111,1001011001010110),SubmitNum-Tag(0011010111111000,0100001110000011,0010101101000101),SwapMem-Tag(1010010111001100,1100001100111000,0011010101000001),LoadNum1-Tag(1000100110101011,0010111010000110,1101100011110011),Set-2-Tag(0010101101101100,1001010001101110,0100111100010111),Inc-Tag(0101110010110110,1011111010100011,1010110000010110),Set-1-Tag(0100101010000101,0011011101010010,1000000011100010),SubmitNum-Tag(0111011001100010,0011101010010111,1011010110001001),LoadNum2-Tag(1111100101111101,0100100111010110,1101011000000111),TestNumLessTEqu-Tag(1000100111011001,1101111110110111,0110010011011111),LoadNum2-Tag(1001110000100100,1011101110001101,1110001110111010),Div-Tag(0011110110101111,0000010101110110,0000110000100111),IfNot-Tag(0100100011011110,0110111011010000,0001100011111010),Set-10-Tag(0011011000100001,1000011001010111,0100111001010100),Set-5-Tag(1001001110000000,0011001001000111,1100111001000111)]"
PROBLEM_median__ARGS_TAG_BF__MUT_01,7095,median,Tag-BitFlips,0.01,0,False,NONE,NONE,NONE,"NONE"
PROBLEM_median__ARGS_TAG_BF__MUT_01,7096,median,Tag-BitFlips,0.01,0,False,NONE,NONE,NONE,"NONE"
PROBLEM_median__ARGS_TAG_BF__MUT_01,7097,median,Tag-BitFlips,0.01,0,False,NONE,NONE,NONE,"NONE"
PROBLEM_median__ARGS_TAG_BF__MUT_01,7098,median,Tag-BitFlips,0.01,0,False,NONE,NONE,NONE,"NONE"
PROBLEM_median__ARGS_TAG_BF__MUT_01,7099,median,Tag-BitFlips,0.01,0,True,14,477,130,"[Close(0001100110001000,1010110001001000,1100010000100101),TestNumGreaterTEqu-Tag(0011101110111010,0001010001110101,1011101011011101),SubmitNum-Tag(1001001100111001,1000110011110111,0100110001101111),IfNot-Tag(0010101001010110,1111001110000011,1011001100000100),SwapMem-Tag(0100010100011011,1001001010111011,0111000011101101),Close(1001000011000010,1101000110011011,1101110100000110),SubmitNum-Tag(0101000110011100,0111111011110010,0110100101000000),TestNumGreater-Tag(1101111111001010,0011011101000101,1111001001001101),TestNumLessTEqu-Tag(0110111111100010,0011111100111011,0111101000000100),Countdown-Tag(1111000100000110,0111001110010000,0001111101110110),SubmitNum-Tag(0010111011101111,1100101011100010,1100001100000010),IfNot-Tag(1101001011100101,1101111010111011,1010101010000101),Countdown-Tag(1001100001110100,1101000011110110,0111001011100111),Set-15-Tag(1000011001110111,0111110001101110,1000001000101101)]"
PROBLEM_median__ARGS_TAG_BF__MUT_01,7100,median,Tag-BitFlips,0.01,0,True,18,231,216,"[Set-9-Tag(0001011110001001,1110010001100000,0101000000100100),Countdown-Tag(1001111010011100,0100000000001101,0011001001110000),CopyMem-Tag(0011101100100010,0100101001111011,0010111110001111),Sub-Tag(0101110011101000,1010110100001100,0011110011101001),SubmitNum-Tag(0001001110100010,1001101111010010,0110100000011001),LoadNum2-Tag(0000111100111011,1000100011011011,1100110011100110),TestNumGreater-Tag(1111011011110010,0010011001000010,0111001011111010),LoadNum1-Tag(0011011101110010,1011000010100100,0011100011100100),TestNumGreaterTEqu-Tag(0111101100101100,0001000101000100,1001111101011000),While-Tag(1010100111110111,1100010011101100,1010111011111010),Add-Tag(0001100010111010,1011101110110010,1001111111110101),Sub-Tag(1111010000101100,1111100011011001,0001011110000111),Add-Tag(1001001001100011,0011011101010001,0000101010010011),Set-3-Tag(1001111111001000,1100011001101001,1101001011011000),Set-6-Tag(1000101110001011,0100100101010100,0011101000101011),Set-3-Tag(1000011101100011,0110011111011110,0001001010111011),TestNumLessTEqu-Tag(0100101101100001,0011111100110110,1001000010001100),Break(0000111100010111,1011101110100001,0000011100110111)]"
PROBLEM_median__ARGS_TAG_BF__MUT_025,7301,median,Tag-BitFlips,0.025,0,False,NONE,NONE,NONE,"NONE"
PROBLEM_median__ARGS_TAG_BF__MUT_025,7302,median,Tag-BitFlips,0.025,0,False,NONE,NONE,NONE,"NONE"
PROBLEM_median__ARGS_TAG_BF__MUT_025,7303,median,Tag-BitFlips,0.025,0,True,13,422,199,"[Close(0101111101010110,0100000010100101,1010111110000101),SwapMem-Tag(0000000100101011,0111110100010111,0111110011000011),TestNumGreater-Tag(1101010100111101,0010011101100011,0010100110100101),SubmitNum-Tag(1001000101010100,1111011100110110,1101011100111110),If-Tag(1000110111000100,1010000111010010,1010101101010110),TestNumLess-Tag(1011111011001100,0001010101000101,0110101010101011),If-Tag(0100100001111001,1101000010110100,1110011011101100),SubmitNum-Tag(1011011001111111,0100100000011000,1001101111011000),TestNumGreater-Tag(0010011000110000,1011111000111110,1000110110011001),If-Tag(1101101011011000,1111110000000000,0011000000100001),SubmitNum-Tag(0011001001111001,0001101110111010,0101111011111011),Close(0100001110000100,0010111000010110,0001000000001001),Close(0000010001001101,0000000000000110,1111000000011100)]"
PROBLEM_median__ARGS_TAG_BF__MUT_025,7304,median,Tag-BitFlips,0.025,0,False,NONE,NONE,NONE,"NONE"
PROBLEM_median__ARGS_TAG_BF__MUT_025,7305,median,Tag-BitFlips,0.025,0,False,NONE,NONE,NONE,"NONE"
PROBLEM_median__ARGS_TAG_BF__MUT_025,7306,median,Tag-BitFlips,0.025,0,False,NONE,NONE,NONE,"NONE"
PROBLEM_median__ARGS_TAG_BF__MUT_025,7307,median,Tag-BitFlips,0.025,0,True,29,492,436,"[TestNumLess-Tag(1100011010011000,0011001110100000,1001100011100100),Close(0101110100000101,0100101101001000,1010100111010000),Set-4-Tag(1011000010101111,1101000111101100,0111110010010101),LoadNum3-Tag(1010010010011011,1011111011000110,0101101110111000),TestNumGreaterTEqu-Tag(0001011100000000,0011001100101010,0110100111110010),If-Tag(0111100011011010,1010000111111001,0101001110101001),LoadNum1-Tag(0001001100011111,0011100100111001,1111011011110110),SwapMem-Tag(0110011000011111,1010011010111111,0101111010001100),TestNumLess-Tag(1011111110110000,1001000011100010,1000100001111001),Inc-Tag(0010001001101101,1110110001111111,1100000001001111),Close(1001010000110001,0111000011000010,0111111011001001),Set-16-Tag(1011110000010010,1110110101001111,1111010000010001),TestNumLessTEqu-Tag(0011001111011001,1101110011111110,0001110010000011),SubmitNum-Tag(0000000100100011,0101110010001011,1101110100010111),IfNot-Tag(0110100101110111,1010101110101010,0010000111010000),LoadNum3-Tag(0101001100010000,1100100111010111,0011110001110011),Set-12-Tag(1000100100100110,0100011101111000,0010101010101101),TestNumLessTEqu-Tag(1100110010011110,0011100011100100,0000010010111011),LoadNum3-Tag(1001000010101010,0001101111010101,1011000110000100),Mult-Tag(1010110000100010,0010110010010100,1011001110001110),SubmitNum-Tag(0100000100110110,1100110010111101,0101110111100000),LoadNum2-Tag(0001101011001101,1010110001001110,0010011000101101),CopyMem-Tag(1101011101010001,0100100100011011,1010000010010001),Dec-Tag(0000001101011111,0001011010010101,1010110010000000),Set-13-Tag(0111011100001100,0010101110000110,1010011010001011),LoadNum2-Tag(0101011001000000,1011011100101000,0010010110001100),Set-8-Tag(1100101111100100,1000000111101000,1000101111000000),LoadNum2-Tag(0011001110111001,1010011100011101,1011010101000000),Break(0110010010000100,1010001010100101,1100001010100100)]"
PROBLEM_median__ARGS_TAG_BF__MUT_025,7308,median,Tag-BitFlips,0.025,0,False,NONE,NONE,NONE,"NONE"
PROBLEM_median__ARGS_TAG_BF__MUT_025,7309,median,Tag-BitFlips,0.025,0,False,NONE,NONE,NONE,"NONE"
PROBLEM_median__ARGS_TAG_BF__MUT_025,7310,median,Tag-BitFlips,0.025,0,False,NONE,NONE,NONE,"NONE"
PROBLEM_median__ARGS_TAG_BF__MUT_025,7311,median,Tag-BitFlips,0.025,0,False,NONE,NONE,NONE,"NONE"
PROBLEM_median__ARGS_TAG_BF__MUT_025,7312,median,Tag-BitFlips,0.025,0,False,NONE,NONE,NONE,"NONE"
PROBLEM_median__ARGS_TAG_BF__MUT_025,7313,median,Tag-BitFlips,0.025,0,False,NONE,NONE,NONE,"NONE"
PROBLEM_median__ARGS_TAG_BF__MUT_025,7314,median,Tag-BitFlips,0.025,0,False,NONE,NONE,NONE,"NONE"
PROBLEM_median__ARGS_TAG_BF__MUT_025,7315,median,Tag-BitFlips,0.025,0,False,NONE,NONE,NONE,"NONE"
PROBLEM_median__ARGS_TAG_BF__MUT_025,7316,median,Tag-BitFlips,0.025,0,False,NONE,NONE,NONE,"NONE"
PROBLEM_median__ARGS_TAG_BF__MUT_025,7317,median,Tag-BitFlips,0.025,0,True,14,460,434,"[SubmitNum-Tag(1100110101000000,0011100010110010,1010101010000010),TestNumLessTEqu-Tag(0000001101010101,0001001001100110,0010111011001101),Inc-Tag(1111001110000011,0000110011011100,0101000111001010),TestNumGreater-Tag(1101000000010100,1011010101111011,0100010001010101),Countdown-Tag(1010000011000011,0010011111010101,1100111011011111),IfNot-Tag(0000111110011100,0000011001010001,0011001100101001),Dec-Tag(1001010000010110,0010001001001000,0011111011010000),Close(0101001000001101,1111101001100110,1110110010000001),IfNot-Tag(0101010110000010,1101100000011010,1100111011011010),TestNumGreater-Tag(1010001110110001,1101100011101111,0111010101001010),SubmitNum-Tag(0010001111100110,0011110010111100,1110010100101100),Not-Tag(1101111000001110,1111100010101001,1111101101110011),LoadNum1-Tag(0010011111110011,1100101000100000,0010001100111010),Set-14-Tag(1101011011010010,1101101011101010,0010101010011011)]"
PROBLEM_median__ARGS_TAG_BF__MUT_025,7318,median,Tag-BitFlips,0.025,0,False,NONE,NONE,NONE,"NONE"
PROBLEM_median__ARGS_TAG_BF__MUT_025,7319,median,Tag-BitFlips,0.025,0,False,NONE,NONE,NONE,"NONE"
PROBLEM_median__ARGS_TAG_BF__MUT_025,7320,median,Tag-BitFlips,0.025,0,True,19,500,458,"[SubmitNum-Tag(0010100110100111,0101111011001111,0100010100110000),SubmitNum-Tag(0111001111110000,1010100010000101,0110000001110001),TestNumGreater-Tag(0000101110110010,0001001101010110,1010100101101010),TestNumLessTEqu-Tag(1111000000110001,0101110111011111,0011000011011111),Sub-Tag(0010100111101011,0000001001100110,1101000101101100),If-Tag(0110010101000010,0000010011001100,0011000111101001),Set-4-Tag(1100110011101000,1001000110001001,0100101000100011),Set-2-Tag(1110100100001100,1101100011001010,0100110000101100),LoadNum2-Tag(0010001000010111,1000110011110110,0011101001110100),SubmitNum-Tag(0111100000110110,0111100100100010,0000011010100000),TestNumLessTEqu-Tag(0010101000111011,1010111111000111,0010010001010100),Sub-Tag(0011000001100101,0100000011101100,1101010011000001),If-Tag(1111110100010000,0000101010101110,1101101111100010),LoadNum1-Tag(0110110010100010,1100001001111001,0101101110011110),TestNumGreater-Tag(1110010111010100,0100100011101011,0011000010001011),Set-16-Tag(0110000011100110,1101010111010010,0001010101100011),TestNumLessTEqu-Tag(1000011011110010,1001011000001001,1000101010001110),LoadNum2-Tag(1011111110011001,0101110010100000,0001010101001001),SubmitNum-Tag(1101001111110101,1100010000110011,1101011010000010)]"
PROBLEM_median__ARGS_TAG_BF__MUT_025,7321,median,Tag-BitFlips,0.025,0,False,NONE,NONE,NONE,"NONE"
PROBLEM_median__ARGS_TAG_BF__MUT_025,7322,median,Tag-BitFlips,0.025,0,False,NONE,NONE,NONE,"NONE"
PROBLEM_median__ARGS_TAG_BF__MUT_025,7323,median,Tag-BitFlips,0.025,0,True,11,153,30,"[Inc-Tag(1110110010111000,1111011100101100,1000001101011001),Close(1101111101000010,0101010001000100,0101101010111110),TestNumLess-Tag(0101001110010100,0001001110110001,0100011110010000),IfNot-Tag(1101011010011011,1111100000101010,0111001001001010),SwapMem-Tag(0010011100110110,0101110001011101,1000110001110111),Close(0001100001000110,0000110100001011,1000000000111001),SubmitNum-Tag(0101001101100100,1111101010010000,0001111100000000),TestNumLess-Tag(1110110101010001,1000111101111111,1111100111001100),While-Tag(1110011000110011,1001011010110000,0110000011010011),LoadNum1-Tag(0000010101010100,0100110011001011,0001000111000110),TestNumLess-Tag(0011111101100100,1110110001011010,1100100000011110)]"
PROBLEM_median__ARGS_TAG_BF__MUT_025,7324,median,Tag-BitFlips,0.025,0,True,15,446,357,"[SubmitNum-Tag(0110111111111101,0010010111111010,1111000101100110),LoadNum1-Tag(1001000110010110,1111110111011000,1011111101100100),TestNumGreater-Tag(0100111010111110,0000000000000001,1011111101110010),While-Tag(1101011011111110,1101010010001001,0000000100001101),LoadNum2-Tag(1000101000111001,0111010101111110,1010101110100110),LoadNum1-Tag(0100011101010100,0001001010001101,0011110001000011),TestNumEqu-Tag(0011000011111001,1111011010111011,1100011111101101),SubmitNum-Tag(1011100110011000,1010010001001101,0011100101000011),Close(0011111100010010,1101011111111111,1110010010101001),TestNumGreater-Tag(0001010100100100,1111001000010001,1110001111101110),While-Tag(1111101011111110,0011100010101011,1101011100011010),LoadNum3-Tag(0101010100011110,1010111100100010,1110111110000101),TestNumLessTEqu-Tag(0101011001000110,1100100001011000,1101101011101011),Close(1100101000101001,0000011011001101,1111001111101110),SubmitNum-Tag(0101110001000100,1000110100011110,1001010111011001)]"
PROBLEM_median__ARGS_TAG_BF__MUT_025,7325,median,Tag-BitFlips,0.025,0,False,NONE,NONE,NONE,"NONE"
PROBLEM_median__ARGS_TAG_BF__MUT_025,7326,median,Tag-BitFlips,0.025,0,False,NONE,NONE,NONE,"NONE"
PROBLEM_median__ARGS_TAG_BF__MUT_025,7327,median,Tag-BitFlips,0.025,0,False,NONE,NONE,NONE,"NONE"
PROBLEM_median__ARGS_TAG_BF__MUT_025,7328,median,Tag-BitFlips,0.025,0,False,NONE,NONE,NONE,"NONE"
PROBLEM_median__ARGS_TAG_BF__MUT_025,7329,median,Tag-BitFlips,0.025,0,False,NONE,NONE,NONE,"NONE"
PROBLEM_median__ARGS_TAG_BF__MUT_025,7330,median,Tag-BitFlips,0.025,0,False,NONE,NONE,NONE,"NONE"
PROBLEM_median__ARGS_TAG_BF__MUT_025,7331,median,Tag-BitFlips,0.025,0,False,NONE,NONE,NONE,"NONE"
PROBLEM_median__ARGS_TAG_BF__MUT_025,7332,median,Tag-BitFlips,0.025,0,False,NONE,NONE,NONE,"NONE"
PROBLEM_median__ARGS_TAG_BF__MUT_025,7333,median,Tag-BitFlips,0.025,0,False,NONE,NONE,NONE,"NONE"
PROBLEM_median__ARGS_TAG_BF__MUT_025,7334,median,Tag-BitFlips,0.025,0,False,NONE,NONE,NONE,"NONE"
PROBLEM_median__ARGS_TAG_BF__MUT_025,7335,median,Tag-BitFlips,0.025,0,False,NONE,NONE,NONE,"NONE"
PROBLEM_median__ARGS_TAG_BF__MUT_025,7336,median,Tag-BitFlips,0.025,0,False,NONE,NONE,NONE,"NONE"
PROBLEM_median__ARGS_TAG_BF__MUT_025,7337,median,Tag-BitFlips,0.025,0,False,NONE,NONE,NONE,"NONE"
PROBLEM_median__ARGS_TAG_BF__MUT_025,7338,median,Tag-BitFlips,0.025,0,False,NONE,NONE,NONE,"NONE"
PROBLEM_median__ARGS_TAG_BF__MUT_025,7339,median,Tag-BitFlips,0.025,0,False,NONE,NONE,NONE,"NONE"
PROBLEM_median__ARGS_TAG_BF__MUT_025,7340,median,Tag-BitFlips,0.025,0,True,26,497,464,"[SubmitNum-Tag(0111111011010110,0001111111110011,1110110000100001),TestNumGreater-Tag(0001000100100010,1011111110101010,1011110010111000),TestNumGreaterTEqu-Tag(0001010110110110,0101111111001101,1100110111011011),If-Tag(1000101110011010,0111110010011111,1111001100000110),Not-Tag(1101110101011011,1001010111001000,0111000100100011),TestNumGreaterTEqu-Tag(0111001010101110,0001101111100000,0000101011100110),CopyMem-Tag(0000111011101111,1111100001100001,1010001111101101),Mod-Tag(0001000101000011,0100010011110000,0110100010110111),Close(0010101011100111,0110100011110000,0011001110000101),IfNot-Tag(1001101011110010,1100010110111110,1111100011100100),Set-9-Tag(1000111011110001,0001101111011100,1101001100001110),SubmitNum-Tag(0100101100110001,0101100001011110,1000101001011111),Set-10-Tag(0101111110011100,1011100011001011,1111110000001100),Set-7-Tag(0111111111000001,0001011010111010,1101001111001001),LoadNum2-Tag(0100110000001111,1000101101101010,1000111101101010),TestNumGreaterTEqu-Tag(1011101000000011,0000110101001001,0010000101111011),Set-2-Tag(0111011010000111,1010100110010010,0110101010100100),If-Tag(1000100111000101,0011010000111011,1100100010011010),Not-Tag(0011100101110010,0110011100100000,1110100000111000),TestNumGreater-Tag(0111010100011100,1000001010110000,1101110000101011),Close(1011000111001011,0001000111011100,1111011000101111),IfNot-Tag(0011111100000011,0010010000010000,1001110110000111),SubmitNum-Tag(1111000101110101,0000001010101101,1101110011100110),Set-0-Tag(1000100100100111,1110110111110011,1011000010010111),Close(1110000011010001,0011111001010110,0100101100110100),SwapMem-Tag(1001101011100110,1101001111111100,0110100111101111)]"
PROBLEM_median__ARGS_TAG_BF__MUT_025,7341,median,Tag-BitFlips,0.025,0,False,NONE,NONE,NONE,"NONE"
PROBLEM_median__ARGS_TAG_BF__MUT_025,7342,median,Tag-BitFlips,0.025,0,False,NONE,NONE,NONE,"NONE"
PROBLEM_median__ARGS_TAG_BF__MUT_025,7343,median,Tag-BitFlips,0.025,0,True,17,500,207,"[Close(1000000001110111,0100101000110111,1010111100011010),LoadNum2-Tag(1110011010100110,0010101100010100,1111101111001000),LoadNum3-Tag(0000101010010100,1101001111110011,0000011000101000),Set-16-Tag(0100000011011110,0011100111001110,1001111100001111),TestNumGreaterTEqu-Tag(0010010100010101,0010111111101011,1001100110001111),Close(1101110100101111,1111011000010111,0000110001100111),If-Tag(1100000111111111,0111111101101111,1111000100111100),TestNumLess-Tag(0101001000100010,1110011100100000,0000000010110100),TestNumLess-Tag(1001000111000100,1111111001011100,1101101011001000),SubmitNum-Tag(0101110110000100,0000011011010111,0110010000011111),LoadNum3-Tag(0101011110010110,1010011101000000,1010110101001110),IfNot-Tag(0100100001100111,0000000110111100,0000001101111110),Countdown-Tag(1001101110011100,1010000000100010,0100110111100101),Set-9-Tag(0110100100010000,1110101011000100,0000001000010011),SubmitNum-Tag(0111111101111110,0111111010101010,1101000000011110),Countdown-Tag(0100100111110111,1100000011100010,1100110000100011),LoadNum2-Tag(0111010001110101,1101111111101011,0111000111001100)]"
PROBLEM_median__ARGS_TAG_BF__MUT_025,7344,median,Tag-BitFlips,0.025,0,False,NONE,NONE,NONE,"NONE"
PROBLEM_median__ARGS_TAG_BF__MUT_025,7345,median,Tag-BitFlips,0.025,0,True,12,328,295,"[TestNumGreater-Tag(0111110010011111,0101010000111001,0010111110001101),While-Tag(0000011000001110,1000011110101101,0111001101011111),SwapMem-Tag(1111111110110010,1111000111000100,1101010011110101),Break(1100000011010011,0101110100110110,0110101110100111),Close(1011100111001000,0000111010101010,1100100111110011),TestNumLessTEqu-Tag(1100011111111101,0010001010110110,1111000000001011),SubmitNum-Tag(0000010101000101,0011000011011110,1110100110010101),TestNumLessTEqu-Tag(1100010111110000,0001101100110000,1100001110111000),While-Tag(1001101100001000,0101110000111101,1100110101001001),Close(1001111011010110,0010100101010100,1111010010000111),Div-Tag(0011001101000111,0111001010001111,1111110110111010),SubmitNum-Tag(1101111011101110,1111010001101111,1011111110010011)]"
PROBLEM_median__ARGS_TAG_BF__MUT_025,7346,median,Tag-BitFlips,0.025,0,True,53,500,492,"[Set-6-Tag(0110010000111111,1100000001111010,0100000100111100),TestNumLessTEqu-Tag(0010101000101011,0000010100000101,1001100110101100),TestNumGreater-Tag(1111100111110110,0000101000110011,0110001011111101),IfNot-Tag(0000110011111011,1101011100011100,1100001111001001),Set-6-Tag(1101101110100101,0010000000111001,0000111010111110),Mult-Tag(0100101101100110,1111011111111011,0100111000110111),SubmitNum-Tag(0010001000010000,0111100010001001,1101110011001101),Dec-Tag(0000110001110110,0010011111101111,1010101111111111),LoadNum2-Tag(1011111100100000,1000101101110110,1101101011101110),LoadNum1-Tag(0110010100111100,1000001100011100,0000010000000001),While-Tag(1011110010010101,0011111001100010,0000110111000111),LoadNum1-Tag(0111001011001010,1101101100001110,1110001011101011),SwapMem-Tag(1111110110111100,0010111000001010,0101100110111111),Inc-Tag(0111101111001010,1110010100000011,0111110100010101),Mult-Tag(1111010010111110,0011111110010001,1010011110001100),Set-7-Tag(1110101110100001,0010100001010110,1100100001011000),Close(0010011000101110,1001110100001000,0110010011111111),Set-4-Tag(1000000001011101,1101011110111001,1101110100100100),Set-1-Tag(0100011000000110,1111010011110101,1010111100001111),Dec-Tag(1101000101001010,0010001110001010,1110001100111110),Close(0000010110100000,0110011101001110,0010000100100001),LoadNum2-Tag(0100000001001010,0001011000101111,1000110001000000),TestNumLess-Tag(0001101010100011,1011111100111010,0011100000000101),SubmitNum-Tag(0101101001001110,1010110010110010,0011100000101010),TestNumLessTEqu-Tag(1010110101011110,0101100101110101,1000101000100010),TestNumGreater-Tag(0001001111001101,0000101111110011,0010011011001011),Set-7-Tag(0100001010011110,1101011100001101,0110010110011100),TestNumLess-Tag(0000010001000000,0000101100111000,0000110101100111),SubmitNum-Tag(0110101000010011,0111101110110110,1111000111001010),TestNumNEqu-Tag(1001110010111111,0111111110011011,1110010011000101),SwapMem-Tag(0001000111000010,0110110110111010,1000010100111011),IfNot-Tag(0000111101100001,1010001101100010,0010010001001110),If-Tag(0101110000101010,0000111001001100,0110110011101101),Set-8-Tag(1011100100001100,1010001101110111,0110110010110010),TestNumGreater-Tag(1110100010001000,0101111111000010,0111000111010000),Set-6-Tag(1100010010011101,1110010101110101,1000010100001111),Set-13-Tag(1110000100100100,1100010111010111,0011101011101011),LoadNum1-Tag(1001010100010011,1011110011100010,0110100100111000),TestNumGreater-Tag(0001011001101110,1111010001001101,0100011001100010),Break(0111111010001011,0010011101111101,1100011011111101),TestNumGreaterTEqu-Tag(0111110001011011,0010001001010010,0001111101010001),LoadNum1-Tag(1000111111101101,0111000111110011,1111001111111111),Close(1111111010000110,1000100010001001,0001101100101001),SubmitNum-Tag(1100000101001101,0010111010010001,1110111000111011),Not-Tag(1011100110000101,1000000001101101,0011010101010010),TestNumEqu-Tag(1110000101110111,1101001011010010,1100111001110100),TestNumGreaterTEqu-Tag(0110011010100110,0001011011011010,0100010000110000),Return(0101111100000101,0010011001111001,0100001000001011),SubmitNum-Tag(1100110110110001,1011010100110111,1110000011100011),SwapMem-Tag(0111000010011001,0100111011011011,0111011111000111),TestNumGreater-Tag(1000001010111110,0011101110010100,0100111101111110),Countdown-Tag(1100100100010000,0101111110001100,1001101010101010),TestNumEqu-Tag(0000110111110111,1010000010001100,1001001111011000)]"
PROBLEM_median__ARGS_TAG_BF__MUT_025,7347,median,Tag-BitFlips,0.025,0,True,21,452,427,"[Close(0110000111000011,0001001110110001,1010000010111100),TestNumLess-Tag(0001011001101100,1010011110011110,1100110000110100),TestNumGreater-Tag(1101010111010111,1011101011011011,1000010101101111),Break(1011011111010110,0010100001101101,1000111100000010),SwapMem-Tag(0011101101111011,0101111110111011,1101000100101100),Set-5-Tag(0010010111101000,1110110011011011,0111101010111111),IfNot-Tag(0000111001101100,1001000111100110,0111110110100100),SwapMem-Tag(0000001111010101,0010001100111110,0111011101110110),Floor-Tag(1011101101000101,0001010010110110,0000101110111011),Set-3-Tag(1010011001001110,1101010000000101,0101000111101001),Set-14-Tag(1011000001101101,1111100111000001,0011001101111100),Close(1101000101110010,1011010111110010,1110101011111111),Close(0000001101010001,0110001100101001,1111100110100011),Div-Tag(1110010101111110,0000000000101010,0101110010010111),CopyMem-Tag(0111011010000111,0111111010100001,0110101110001010),Not-Tag(0000000011011101,0011110000000010,0101000011100110),SubmitNum-Tag(0111011111100011,0011101001111001,0110011111110000),Set-3-Tag(0000100000101000,0100000111110111,1011101111000011),Close(1000110001000000,1101110001100011,1011100111101101),IfNot-Tag(1101010001101111,1101011111010101,0101110101011010),Break(0100110000000010,0001100010001001,1100011011011010)]"
PROBLEM_median__ARGS_TAG_BF__MUT_025,7348,median,Tag-BitFlips,0.025,0,False,NONE,NONE,NONE,"NONE"
PROBLEM_median__ARGS_TAG_BF__MUT_025,7349,median,Tag-BitFlips,0.025,0,True,50,426,426,"[Set-10-Tag(1111101101111111,0010111100010111,0101110010101100),SubmitNum-Tag(1010011101101101,0000000110110111,1110110011110100),Sub-Tag(0101010010100011,0101111011101100,0000111000000001),Countdown-Tag(0010110110111111,1101111000011110,0110111100000011),TestNumNEqu-Tag(1011011100011010,1011111101101101,1010011111001001),SubmitNum-Tag(0010001101100111,1100001110000111,1010101100100111),Set-6-Tag(0110000011110001,1000011100010111,1101100110111101),LoadNum2-Tag(1000110011111010,0000111101111100,1110000110111110),LoadNum1-Tag(1011010111101111,0000110111101001,1010010010010000),Set-6-Tag(0101110011010111,0100100110100110,0001001100011110),Set-7-Tag(1110110110100010,0001010100110101,0101000000100011),TestNumLessTEqu-Tag(1100010000000011,0101111010000101,0101000011101001),Countdown-Tag(1010000100001111,0101011010101001,0111100001111100),LoadNum1-Tag(0010101111011010,0100100110001110,0101001010111100),Set-6-Tag(1111100101001110,0000111001011011,1101101000101110),TestNumNEqu-Tag(1000100000000100,1111001101000011,1011100011110000),Dec-Tag(1100110100000011,0110011011001011,0110000100110011),Set-3-Tag(0011011011001101,1101100101010010,0110010111001000),Set-11-Tag(0100000110010101,0010110101001010,0001110101111100),Set-15-Tag(0100110101110001,1010110111001001,1110001001010110),Mult-Tag(0111110110100011,0010110001101000,0010110110111101),Set-11-Tag(0101111010110000,0000011011111100,0011000001000011),CopyMem-Tag(0001010000000000,1111011000111000,0111011110010011),Countdown-Tag(0010010001010110,1010011101001011,1000000010101101),Add-Tag(1011101000001111,1011000000001000,1011011100010010),Dec-Tag(0010111010100001,1111101010010000,0000110101001011),TestNumLess-Tag(1001011000111001,1110110100111001,1000110111110110),Close(0011101010101101,1011001000000011,1011111100001010),Break(0010011111000100,0001110011011011,0101011101101011),Not-Tag(1001000111101011,1011111010101010,1000001010010110),Return(0110100110001010,0001101000101101,0000010001111100),Close(1110110010111000,0100001010100000,1001110010011111),TestNumGreaterTEqu-Tag(1011101100110011,0010001011110110,1111110000101010),Mult-Tag(0011111111100101,0010110000100011,0000010111000101),TestNumLessTEqu-Tag(1011100000110111,1110110110111111,1010000101001101),Set-14-Tag(0111001011110101,0101010001111110,1001111110100111),LoadNum1-Tag(0110011100111010,1111100001101011,1100101101001111),Inc-Tag(1010101011001111,1011001111100101,0110010110110111),SwapMem-Tag(1111010011111100,1101101001110010,1000110111110010),Set-10-Tag(0110010101100110,1001010110011000,0001011101111111),Countdown-Tag(1100010110100110,0011110110111101,0010110110100111),Set-4-Tag(1100101001111000,1011110000001010,1001110011011001),SwapMem-Tag(0100110100001001,1001100101011001,0101110101010100),Set-9-Tag(0101001101001010,0110010011010001,0100101000010110),Add-Tag(0000000001100100,1101111000011000,0111110010001000),Dec-Tag(1011001111101110,1101110101110001,1010000100100110),Set-1-Tag(1111101000100101,0010100101000111,0100101011011101),LoadNum1-Tag(1001100101001101,1001100111011000,0100100110110111),Mod-Tag(0100011010010100,1001111101101000,1111010000001011),LoadNum2-Tag(1011001110010111,1010001100100010,1111111110110101)]"
PROBLEM_median__ARGS_TAG_BF__MUT_025,7350,median,Tag-BitFlips,0.025,0,False,NONE,NONE,NONE,"NONE"
PROBLEM_median__ARGS_TAG_BF__MUT_05,7251,median,Tag-BitFlips,0.05,0,False,NONE,NONE,NONE,"NONE"
PROBLEM_median__ARGS_TAG_BF__MUT_05,7252,median,Tag-BitFlips,0.05,0,False,NONE,NONE,NONE,"NONE"
PROBLEM_median__ARGS_TAG_BF__MUT_05,7253,median,Tag-BitFlips,0.05,0,False,NONE,NONE,NONE,"NONE"
PROBLEM_median__ARGS_TAG_BF__MUT_05,7254,median,Tag-BitFlips,0.05,0,False,NONE,NONE,NONE,"NONE"
PROBLEM_median__ARGS_TAG_BF__MUT_05,7255,median,Tag-BitFlips,0.05,0,False,NONE,NONE,NONE,"NONE"
PROBLEM_median__ARGS_TAG_BF__MUT_05,7256,median,Tag-BitFlips,0.05,0,False,NONE,NONE,NONE,"NONE"
PROBLEM_median__ARGS_TAG_BF__MUT_05,7257,median,Tag-BitFlips,0.05,0,False,NONE,NONE,NONE,"NONE"
PROBLEM_median__ARGS_TAG_BF__MUT_05,7258,median,Tag-BitFlips,0.05,0,False,NONE,NONE,NONE,"NONE"
PROBLEM_median__ARGS_TAG_BF__MUT_05,7259,median,Tag-BitFlips,0.05,0,False,NONE,NONE,NONE,"NONE"
PROBLEM_median__ARGS_TAG_BF__MUT_05,7260,median,Tag-BitFlips,0.05,0,False,NONE,NONE,NONE,"NONE"
PROBLEM_median__ARGS_TAG_BF__MUT_05,7261,median,Tag-BitFlips,0.05,0,False,NONE,NONE,NONE,"NONE"
PROBLEM_median__ARGS_TAG_BF__MUT_05,7262,median,Tag-BitFlips,0.05,0,False,NONE,NONE,NONE,"NONE"
PROBLEM_median__ARGS_TAG_BF__MUT_05,7263,median,Tag-BitFlips,0.05,0,False,NONE,NONE,NONE,"NONE"
PROBLEM_median__ARGS_TAG_BF__MUT_05,7264,median,Tag-BitFlips,0.05,0,False,NONE,NONE,NONE,"NONE"
PROBLEM_median__ARGS_TAG_BF__MUT_05,7265,median,Tag-BitFlips,0.05,0,False,NONE,NONE,NONE,"NONE"
PROBLEM_median__ARGS_TAG_BF__MUT_05,7266,median,Tag-BitFlips,0.05,0,False,NONE,NONE,NONE,"NONE"
PROBLEM_median__ARGS_TAG_BF__MUT_05,7267,median,Tag-BitFlips,0.05,0,False,NONE,NONE,NONE,"NONE"
PROBLEM_median__ARGS_TAG_BF__MUT_05,7268,median,Tag-BitFlips,0.05,0,False,NONE,NONE,NONE,"NONE"
PROBLEM_median__ARGS_TAG_BF__MUT_05,7269,median,Tag-BitFlips,0.05,0,False,NONE,NONE,NONE,"NONE"
PROBLEM_median__ARGS_TAG_BF__MUT_05,7270,median,Tag-BitFlips,0.05,0,False,NONE,NONE,NONE,"NONE"
PROBLEM_median__ARGS_TAG_BF__MUT_05,7271,median,Tag-BitFlips,0.05,0,False,NONE,NONE,NONE,"NONE"
PROBLEM_median__ARGS_TAG_BF__MUT_05,7272,median,Tag-BitFlips,0.05,0,False,NONE,NONE,NONE,"NONE"
PROBLEM_median__ARGS_TAG_BF__MUT_05,7273,median,Tag-BitFlips,0.05,0,False,NONE,NONE,NONE,"NONE"
PROBLEM_median__ARGS_TAG_BF__MUT_05,7274,median,Tag-BitFlips,0.05,0,False,NONE,NONE,NONE,"NONE"
PROBLEM_median__ARGS_TAG_BF__MUT_05,7275,median,Tag-BitFlips,0.05,0,False,NONE,NONE,NONE,"NONE"
PROBLEM_median__ARGS_TAG_BF__MUT_05,7276,median,Tag-BitFlips,0.05,0,False,NONE,NONE,NONE,"NONE"
PROBLEM_median__ARGS_TAG_BF__MUT_05,7277,median,Tag-BitFlips,0.05,0,False,NONE,NONE,NONE,"NONE"
PROBLEM_median__ARGS_TAG_BF__MUT_05,7278,median,Tag-BitFlips,0.05,0,False,NONE,NONE,NONE,"NONE"
PROBLEM_median__ARGS_TAG_BF__MUT_05,7279,median,Tag-BitFlips,0.05,0,False,NONE,NONE,NONE,"NONE"
PROBLEM_median__ARGS_TAG_BF__MUT_05,7280,median,Tag-BitFlips,0.05,0,False,NONE,NONE,NONE,"NONE"
PROBLEM_median__ARGS_TAG_BF__MUT_05,7281,median,Tag-BitFlips,0.05,0,False,NONE,NONE,NONE,"NONE"
PROBLEM_median__ARGS_TAG_BF__MUT_05,7282,median,Tag-BitFlips,0.05,0,False,NONE,NONE,NONE,"NONE"
PROBLEM_median__ARGS_TAG_BF__MUT_05,7283,median,Tag-BitFlips,0.05,0,False,NONE,NONE,NONE,"NONE"
PROBLEM_median__ARGS_TAG_BF__MUT_05,7284,median,Tag-BitFlips,0.05,0,False,NONE,NONE,NONE,"NONE"
PROBLEM_median__ARGS_TAG_BF__MUT_05,7285,median,Tag-BitFlips,0.05,0,False,NONE,NONE,NONE,"NONE"
PROBLEM_median__ARGS_TAG_BF__MUT_05,7286,median,Tag-BitFlips,0.05,0,False,NONE,NONE,NONE,"NONE"
PROBLEM_median__ARGS_TAG_BF__MUT_05,7287,median,Tag-BitFlips,0.05,0,False,NONE,NONE,NONE,"NONE"
PROBLEM_median__ARGS_TAG_BF__MUT_05,7288,median,Tag-BitFlips,0.05,0,False,NONE,NONE,NONE,"NONE"
PROBLEM_median__ARGS_TAG_BF__MUT_05,7289,median,Tag-BitFlips,0.05,0,False,NONE,NONE,NONE,"NONE"
PROBLEM_median__ARGS_TAG_BF__MUT_05,7290,median,Tag-BitFlips,0.05,0,False,NONE,NONE,NONE,"NONE"
PROBLEM_median__ARGS_TAG_BF__MUT_05,7291,median,Tag-BitFlips,0.05,0,False,NONE,NONE,NONE,"NONE"
PROBLEM_median__ARGS_TAG_BF__MUT_05,7292,median,Tag-BitFlips,0.05,0,False,NONE,NONE,NONE,"NONE"
PROBLEM_median__ARGS_TAG_BF__MUT_05,7293,median,Tag-BitFlips,0.05,0,False,NONE,NONE,NONE,"NONE"
PROBLEM_median__ARGS_TAG_BF__MUT_05,7294,median,Tag-BitFlips,0.05,0,False,NONE,NONE,NONE,"NONE"
PROBLEM_median__ARGS_TAG_BF__MUT_05,7295,median,Tag-BitFlips,0.05,0,False,NONE,NONE,NONE,"NONE"
PROBLEM_median__ARGS_TAG_BF__MUT_05,7296,median,Tag-BitFlips,0.05,0,False,NONE,NONE,NONE,"NONE"
PROBLEM_median__ARGS_TAG_BF__MUT_05,7297,median,Tag-BitFlips,0.05,0,False,NONE,NONE,NONE,"NONE"
PROBLEM_median__ARGS_TAG_BF__MUT_05,7298,median,Tag-BitFlips,0.05,0,False,NONE,NONE,NONE,"NONE"
PROBLEM_median__ARGS_TAG_BF__MUT_05,7299,median,Tag-BitFlips,0.05,0,False,NONE,NONE,NONE,"NONE"
PROBLEM_median__ARGS_TAG_BF__MUT_05,7300,median,Tag-BitFlips,0.05,0,False,NONE,NONE,NONE,"NONE"
PROBLEM_median__ARGS_TAG_BF__MUT_075,7201,median,Tag-BitFlips,0.075,0,False,NONE,NONE,NONE,"NONE"
PROBLEM_median__ARGS_TAG_BF__MUT_075,7202,median,Tag-BitFlips,0.075,0,False,NONE,NONE,NONE,"NONE"
PROBLEM_median__ARGS_TAG_BF__MUT_075,7203,median,Tag-BitFlips,0.075,0,False,NONE,NONE,NONE,"NONE"
PROBLEM_median__ARGS_TAG_BF__MUT_075,7204,median,Tag-BitFlips,0.075,0,False,NONE,NONE,NONE,"NONE"
PROBLEM_median__ARGS_TAG_BF__MUT_075,7205,median,Tag-BitFlips,0.075,0,False,NONE,NONE,NONE,"NONE"
PROBLEM_median__ARGS_TAG_BF__MUT_075,7206,median,Tag-BitFlips,0.075,0,False,NONE,NONE,NONE,"NONE"
PROBLEM_median__ARGS_TAG_BF__MUT_075,7207,median,Tag-BitFlips,0.075,0,False,NONE,NONE,NONE,"NONE"
PROBLEM_median__ARGS_TAG_BF__MUT_075,7208,median,Tag-BitFlips,0.075,0,False,NONE,NONE,NONE,"NONE"
PROBLEM_median__ARGS_TAG_BF__MUT_075,7209,median,Tag-BitFlips,0.075,0,False,NONE,NONE,NONE,"NONE"
PROBLEM_median__ARGS_TAG_BF__MUT_075,7210,median,Tag-BitFlips,0.075,0,False,NONE,NONE,NONE,"NONE"
PROBLEM_median__ARGS_TAG_BF__MUT_075,7211,median,Tag-BitFlips,0.075,0,False,NONE,NONE,NONE,"NONE"
PROBLEM_median__ARGS_TAG_BF__MUT_075,7212,median,Tag-BitFlips,0.075,0,False,NONE,NONE,NONE,"NONE"
PROBLEM_median__ARGS_TAG_BF__MUT_075,7213,median,Tag-BitFlips,0.075,0,False,NONE,NONE,NONE,"NONE"
PROBLEM_median__ARGS_TAG_BF__MUT_075,7214,median,Tag-BitFlips,0.075,0,False,NONE,NONE,NONE,"NONE"
PROBLEM_median__ARGS_TAG_BF__MUT_075,7215,median,Tag-BitFlips,0.075,0,False,NONE,NONE,NONE,"NONE"
PROBLEM_median__ARGS_TAG_BF__MUT_075,7216,median,Tag-BitFlips,0.075,0,False,NONE,NONE,NONE,"NONE"
PROBLEM_median__ARGS_TAG_BF__MUT_075,7217,median,Tag-BitFlips,0.075,0,False,NONE,NONE,NONE,"NONE"
PROBLEM_median__ARGS_TAG_BF__MUT_075,7218,median,Tag-BitFlips,0.075,0,False,NONE,NONE,NONE,"NONE"
PROBLEM_median__ARGS_TAG_BF__MUT_075,7219,median,Tag-BitFlips,0.075,0,False,NONE,NONE,NONE,"NONE"
PROBLEM_median__ARGS_TAG_BF__MUT_075,7220,median,Tag-BitFlips,0.075,0,False,NONE,NONE,NONE,"NONE"
PROBLEM_median__ARGS_TAG_BF__MUT_075,7221,median,Tag-BitFlips,0.075,0,False,NONE,NONE,NONE,"NONE"
PROBLEM_median__ARGS_TAG_BF__MUT_075,7222,median,Tag-BitFlips,0.075,0,False,NONE,NONE,NONE,"NONE"
PROBLEM_median__ARGS_TAG_BF__MUT_075,7223,median,Tag-BitFlips,0.075,0,False,NONE,NONE,NONE,"NONE"
PROBLEM_median__ARGS_TAG_BF__MUT_075,7224,median,Tag-BitFlips,0.075,0,False,NONE,NONE,NONE,"NONE"
PROBLEM_median__ARGS_TAG_BF__MUT_075,7225,median,Tag-BitFlips,0.075,0,False,NONE,NONE,NONE,"NONE"
PROBLEM_median__ARGS_TAG_BF__MUT_075,7226,median,Tag-BitFlips,0.075,0,False,NONE,NONE,NONE,"NONE"
PROBLEM_median__ARGS_TAG_BF__MUT_075,7227,median,Tag-BitFlips,0.075,0,False,NONE,NONE,NONE,"NONE"
PROBLEM_median__ARGS_TAG_BF__MUT_075,7228,median,Tag-BitFlips,0.075,0,False,NONE,NONE,NONE,"NONE"
PROBLEM_median__ARGS_TAG_BF__MUT_075,7229,median,Tag-BitFlips,0.075,0,False,NONE,NONE,NONE,"NONE"
PROBLEM_median__ARGS_TAG_BF__MUT_075,7230,median,Tag-BitFlips,0.075,0,False,NONE,NONE,NONE,"NONE"
PROBLEM_median__ARGS_TAG_BF__MUT_075,7231,median,Tag-BitFlips,0.075,0,False,NONE,NONE,NONE,"NONE"
PROBLEM_median__ARGS_TAG_BF__MUT_075,7232,median,Tag-BitFlips,0.075,0,False,NONE,NONE,NONE,"NONE"
PROBLEM_median__ARGS_TAG_BF__MUT_075,7233,median,Tag-BitFlips,0.075,0,False,NONE,NONE,NONE,"NONE"
PROBLEM_median__ARGS_TAG_BF__MUT_075,7234,median,Tag-BitFlips,0.075,0,False,NONE,NONE,NONE,"NONE"
PROBLEM_median__ARGS_TAG_BF__MUT_075,7235,median,Tag-BitFlips,0.075,0,False,NONE,NONE,NONE,"NONE"
PROBLEM_median__ARGS_TAG_BF__MUT_075,7236,median,Tag-BitFlips,0.075,0,False,NONE,NONE,NONE,"NONE"
PROBLEM_median__ARGS_TAG_BF__MUT_075,7237,median,Tag-BitFlips,0.075,0,False,NONE,NONE,NONE,"NONE"
PROBLEM_median__ARGS_TAG_BF__MUT_075,7238,median,Tag-BitFlips,0.075,0,False,NONE,NONE,NONE,"NONE"
PROBLEM_median__ARGS_TAG_BF__MUT_075,7239,median,Tag-BitFlips,0.075,0,False,NONE,NONE,NONE,"NONE"
PROBLEM_median__ARGS_TAG_BF__MUT_075,7240,median,Tag-BitFlips,0.075,0,False,NONE,NONE,NONE,"NONE"
PROBLEM_median__ARGS_TAG_BF__MUT_075,7241,median,Tag-BitFlips,0.075,0,False,NONE,NONE,NONE,"NONE"
PROBLEM_median__ARGS_TAG_BF__MUT_075,7242,median,Tag-BitFlips,0.075,0,False,NONE,NONE,NONE,"NONE"
PROBLEM_median__ARGS_TAG_BF__MUT_075,7243,median,Tag-BitFlips,0.075,0,False,NONE,NONE,NONE,"NONE"
PROBLEM_median__ARGS_TAG_BF__MUT_075,7244,median,Tag-BitFlips,0.075,0,False,NONE,NONE,NONE,"NONE"
PROBLEM_median__ARGS_TAG_BF__MUT_075,7245,median,Tag-BitFlips,0.075,0,False,NONE,NONE,NONE,"NONE"
PROBLEM_median__ARGS_TAG_BF__MUT_075,7246,median,Tag-BitFlips,0.075,0,False,NONE,NONE,NONE,"NONE"
PROBLEM_median__ARGS_TAG_BF__MUT_075,7247,median,Tag-BitFlips,0.075,0,False,NONE,NONE,NONE,"NONE"
PROBLEM_median__ARGS_TAG_BF__MUT_075,7248,median,Tag-BitFlips,0.075,0,False,NONE,NONE,NONE,"NONE"
PROBLEM_median__ARGS_TAG_BF__MUT_075,7249,median,Tag-BitFlips,0.075,0,False,NONE,NONE,NONE,"NONE"
PROBLEM_median__ARGS_TAG_BF__MUT_075,7250,median,Tag-BitFlips,0.075,0,False,NONE,NONE,NONE,"NONE"
PROBLEM_median__ARGS_TAG_BF__MUT_1,7001,median,Tag-BitFlips,0.1,0,False,NONE,NONE,NONE,"NONE"
PROBLEM_median__ARGS_TAG_BF__MUT_1,7002,median,Tag-BitFlips,0.1,0,False,NONE,NONE,NONE,"NONE"
PROBLEM_median__ARGS_TAG_BF__MUT_1,7003,median,Tag-BitFlips,0.1,0,False,NONE,NONE,NONE,"NONE"
PROBLEM_median__ARGS_TAG_BF__MUT_1,7004,median,Tag-BitFlips,0.1,0,False,NONE,NONE,NONE,"NONE"
PROBLEM_median__ARGS_TAG_BF__MUT_1,7005,median,Tag-BitFlips,0.1,0,False,NONE,NONE,NONE,"NONE"
PROBLEM_median__ARGS_TAG_BF__MUT_1,7006,median,Tag-BitFlips,0.1,0,False,NONE,NONE,NONE,"NONE"
PROBLEM_median__ARGS_TAG_BF__MUT_1,7007,median,Tag-BitFlips,0.1,0,False,NONE,NONE,NONE,"NONE"
PROBLEM_median__ARGS_TAG_BF__MUT_1,7008,median,Tag-BitFlips,0.1,0,False,NONE,NONE,NONE,"NONE"
PROBLEM_median__ARGS_TAG_BF__MUT_1,7009,median,Tag-BitFlips,0.1,0,False,NONE,NONE,NONE,"NONE"
PROBLEM_median__ARGS_TAG_BF__MUT_1,7010,median,Tag-BitFlips,0.1,0,False,NONE,NONE,NONE,"NONE"
PROBLEM_median__ARGS_TAG_BF__MUT_1,7011,median,Tag-BitFlips,0.1,0,False,NONE,NONE,NONE,"NONE"
PROBLEM_median__ARGS_TAG_BF__MUT_1,7012,median,Tag-BitFlips,0.1,0,False,NONE,NONE,NONE,"NONE"
PROBLEM_median__ARGS_TAG_BF__MUT_1,7013,median,Tag-BitFlips,0.1,0,False,NONE,NONE,NONE,"NONE"
PROBLEM_median__ARGS_TAG_BF__MUT_1,7014,median,Tag-BitFlips,0.1,0,False,NONE,NONE,NONE,"NONE"
PROBLEM_median__ARGS_TAG_BF__MUT_1,7015,median,Tag-BitFlips,0.1,0,False,NONE,NONE,NONE,"NONE"
PROBLEM_median__ARGS_TAG_BF__MUT_1,7016,median,Tag-BitFlips,0.1,0,False,NONE,NONE,NONE,"NONE"
PROBLEM_median__ARGS_TAG_BF__MUT_1,7017,median,Tag-BitFlips,0.1,0,False,NONE,NONE,NONE,"NONE"
PROBLEM_median__ARGS_TAG_BF__MUT_1,7018,median,Tag-BitFlips,0.1,0,False,NONE,NONE,NONE,"NONE"
PROBLEM_median__ARGS_TAG_BF__MUT_1,7019,median,Tag-BitFlips,0.1,0,False,NONE,NONE,NONE,"NONE"
PROBLEM_median__ARGS_TAG_BF__MUT_1,7020,median,Tag-BitFlips,0.1,0,False,NONE,NONE,NONE,"NONE"
PROBLEM_median__ARGS_TAG_BF__MUT_1,7021,median,Tag-BitFlips,0.1,0,False,NONE,NONE,NONE,"NONE"
PROBLEM_median__ARGS_TAG_BF__MUT_1,7022,median,Tag-BitFlips,0.1,0,False,NONE,NONE,NONE,"NONE"
PROBLEM_median__ARGS_TAG_BF__MUT_1,7023,median,Tag-BitFlips,0.1,0,False,NONE,NONE,NONE,"NONE"
PROBLEM_median__ARGS_TAG_BF__MUT_1,7024,median,Tag-BitFlips,0.1,0,False,NONE,NONE,NONE,"NONE"
PROBLEM_median__ARGS_TAG_BF__MUT_1,7025,median,Tag-BitFlips,0.1,0,False,NONE,NONE,NONE,"NONE"
PROBLEM_median__ARGS_TAG_BF__MUT_1,7026,median,Tag-BitFlips,0.1,0,False,NONE,NONE,NONE,"NONE"
PROBLEM_median__ARGS_TAG_BF__MUT_1,7027,median,Tag-BitFlips,0.1,0,False,NONE,NONE,NONE,"NONE"
PROBLEM_median__ARGS_TAG_BF__MUT_1,7028,median,Tag-BitFlips,0.1,0,False,NONE,NONE,NONE,"NONE"
PROBLEM_median__ARGS_TAG_BF__MUT_1,7029,median,Tag-BitFlips,0.1,0,False,NONE,NONE,NONE,"NONE"
PROBLEM_median__ARGS_TAG_BF__MUT_1,7030,median,Tag-BitFlips,0.1,0,False,NONE,NONE,NONE,"NONE"
PROBLEM_median__ARGS_TAG_BF__MUT_1,7031,median,Tag-BitFlips,0.1,0,False,NONE,NONE,NONE,"NONE"
PROBLEM_median__ARGS_TAG_BF__MUT_1,7032,median,Tag-BitFlips,0.1,0,False,NONE,NONE,NONE,"NONE"
PROBLEM_median__ARGS_TAG_BF__MUT_1,7033,median,Tag-BitFlips,0.1,0,False,NONE,NONE,NONE,"NONE"
PROBLEM_median__ARGS_TAG_BF__MUT_1,7034,median,Tag-BitFlips,0.1,0,False,NONE,NONE,NONE,"NONE"
PROBLEM_median__ARGS_TAG_BF__MUT_1,7035,median,Tag-BitFlips,0.1,0,False,NONE,NONE,NONE,"NONE"
PROBLEM_median__ARGS_TAG_BF__MUT_1,7036,median,Tag-BitFlips,0.1,0,False,NONE,NONE,NONE,"NONE"
PROBLEM_median__ARGS_TAG_BF__MUT_1,7037,median,Tag-BitFlips,0.1,0,False,NONE,NONE,NONE,"NONE"
PROBLEM_median__ARGS_TAG_BF__MUT_1,7038,median,Tag-BitFlips,0.1,0,False,NONE,NONE,NONE,"NONE"
PROBLEM_median__ARGS_TAG_BF__MUT_1,7039,median,Tag-BitFlips,0.1,0,False,NONE,NONE,NONE,"NONE"
PROBLEM_median__ARGS_TAG_BF__MUT_1,7040,median,Tag-BitFlips,0.1,0,False,NONE,NONE,NONE,"NONE"
PROBLEM_median__ARGS_TAG_BF__MUT_1,7041,median,Tag-BitFlips,0.1,0,False,NONE,NONE,NONE,"NONE"
PROBLEM_median__ARGS_TAG_BF__MUT_1,7042,median,Tag-BitFlips,0.1,0,False,NONE,NONE,NONE,"NONE"
PROBLEM_median__ARGS_TAG_BF__MUT_1,7043,median,Tag-BitFlips,0.1,0,False,NONE,NONE,NONE,"NONE"
PROBLEM_median__ARGS_TAG_BF__MUT_1,7044,median,Tag-BitFlips,0.1,0,False,NONE,NONE,NONE,"NONE"
PROBLEM_median__ARGS_TAG_BF__MUT_1,7045,median,Tag-BitFlips,0.1,0,False,NONE,NONE,NONE,"NONE"
PROBLEM_median__ARGS_TAG_BF__MUT_1,7046,median,Tag-BitFlips,0.1,0,False,NONE,NONE,NONE,"NONE"
PROBLEM_median__ARGS_TAG_BF__MUT_1,7047,median,Tag-BitFlips,0.1,0,False,NONE,NONE,NONE,"NONE"
PROBLEM_median__ARGS_TAG_BF__MUT_1,7048,median,Tag-BitFlips,0.1,0,False,NONE,NONE,NONE,"NONE"
PROBLEM_median__ARGS_TAG_BF__MUT_1,7049,median,Tag-BitFlips,0.1,0,False,NONE,NONE,NONE,"NONE"
PROBLEM_median__ARGS_TAG_BF__MUT_1,7050,median,Tag-BitFlips,0.1,0,False,NONE,NONE,NONE,"NONE"
PROBLEM_number-io__ARGS_NUM__MUT_0001,9151,number-io,Numeric,0.0001,0,True,4,71,52,"[LoadInt-Num(6,3,8),Sub-Num(6,11,3),Add-Num(1,3,1),SubmitNum-Num(1,11,3)]"
PROBLEM_number-io__ARGS_NUM__MUT_0001,9152,number-io,Numeric,0.0001,0,False,NONE,NONE,NONE,"NONE"
PROBLEM_number-io__ARGS_NUM__MUT_0001,9153,number-io,Numeric,0.0001,0,True,4,55,39,"[Add-Num(0,1,2),SwapMem-Num(2,1,12),SwapMem-Num(0,1,2),SubmitNum-Num(0,3,15)]"
PROBLEM_number-io__ARGS_NUM__MUT_0001,9154,number-io,Numeric,0.0001,0,False,NONE,NONE,NONE,"NONE"
PROBLEM_number-io__ARGS_NUM__MUT_0001,9155,number-io,Numeric,0.0001,0,True,7,87,57,"[Close(6,8,8),Add-Num(10,5,9),SubmitNum-Num(9,5,9),LoadDouble-Num(10,7,9),LoadInt-Num(5,12,9),IfNot-Num(5,6,9),Break(0,10,14)]"
PROBLEM_number-io__ARGS_NUM__MUT_0001,9156,number-io,Numeric,0.0001,0,False,NONE,NONE,NONE,"NONE"
PROBLEM_number-io__ARGS_NUM__MUT_0001,9157,number-io,Numeric,0.0001,0,False,NONE,NONE,NONE,"NONE"
PROBLEM_number-io__ARGS_NUM__MUT_0001,9158,number-io,Numeric,0.0001,0,True,3,51,46,"[LoadDouble-Num(15,9,8),Add-Num(15,0,2),SubmitNum-Num(2,6,8)]"
PROBLEM_number-io__ARGS_NUM__MUT_0001,9159,number-io,Numeric,0.0001,0,True,17,100,98,"[Set-2-Num(4,3,10),Mod-Num(6,1,10),Close(13,7,8),Set-12-Num(15,1,2),Dec-Num(12,12,2),Sub-Num(1,7,15),LoadInt-Num(12,14,11),LoadInt-Num(4,15,9),Add-Num(0,9,7),Add-Num(1,4,12),IfNot-Num(2,8,4),SubmitNum-Num(12,9,4),IfNot-Num(7,7,8),Div-Num(7,11,11),Countdown-Num(5,4,13),Set-10-Num(7,5,6),TestNumLess-Num(12,0,13)]"
PROBLEM_number-io__ARGS_NUM__MUT_0001,9160,number-io,Numeric,0.0001,0,False,NONE,NONE,NONE,"NONE"
PROBLEM_number-io__ARGS_NUM__MUT_0001,9161,number-io,Numeric,0.0001,0,True,5,98,86,"[LoadInt-Num(1,6,14),SwapMem-Num(13,1,5),LoadDouble-Num(3,13,15),Add-Num(3,13,15),SubmitNum-Num(15,12,1)]"
PROBLEM_number-io__ARGS_NUM__MUT_0001,9162,number-io,Numeric,0.0001,0,True,7,100,97,"[Set-9-Num(15,5,7),Add-Num(1,0,1),Inc-Num(1,0,1),CopyMem-Num(15,4,13),Dec-Num(1,0,1),Set-12-Num(14,2,5),SubmitNum-Num(1,4,15)]"
PROBLEM_number-io__ARGS_NUM__MUT_0001,9163,number-io,Numeric,0.0001,0,False,NONE,NONE,NONE,"NONE"
PROBLEM_number-io__ARGS_NUM__MUT_0001,9164,number-io,Numeric,0.0001,0,False,NONE,NONE,NONE,"NONE"
PROBLEM_number-io__ARGS_NUM__MUT_0001,9165,number-io,Numeric,0.0001,0,True,6,32,24,"[Set-2-Num(5,13,8),Countdown-Num(5,13,9),Add-Num(12,7,1),SubmitNum-Num(1,11,15),LoadInt-Num(7,15,4),LoadDouble-Num(12,2,1)]"
PROBLEM_number-io__ARGS_NUM__MUT_0001,9166,number-io,Numeric,0.0001,0,False,NONE,NONE,NONE,"NONE"
PROBLEM_number-io__ARGS_NUM__MUT_0001,9167,number-io,Numeric,0.0001,0,False,NONE,NONE,NONE,"NONE"
PROBLEM_number-io__ARGS_NUM__MUT_0001,9168,number-io,Numeric,0.0001,0,True,7,50,35,"[Set-13-Num(9,14,3),While-Num(9,4,3),SubmitNum-Num(14,1,1),LoadInt-Num(15,10,12),Sub-Num(15,7,9),Add-Num(9,1,14),TestNumGreaterTEqu-Num(4,11,9)]"
PROBLEM_number-io__ARGS_NUM__MUT_0001,9169,number-io,Numeric,0.0001,0,True,3,91,77,"[Sub-Num(1,10,4),Add-Num(4,0,1),SubmitNum-Num(1,9,1)]"
PROBLEM_number-io__ARGS_NUM__MUT_0001,9170,number-io,Numeric,0.0001,0,False,NONE,NONE,NONE,"NONE"
PROBLEM_number-io__ARGS_NUM__MUT_0001,9171,number-io,Numeric,0.0001,0,False,NONE,NONE,NONE,"NONE"
PROBLEM_number-io__ARGS_NUM__MUT_0001,9172,number-io,Numeric,0.0001,0,True,3,72,62,"[LoadDouble-Num(15,0,3),Add-Num(15,0,3),SubmitNum-Num(3,10,13)]"
PROBLEM_number-io__ARGS_NUM__MUT_0001,9173,number-io,Numeric,0.0001,0,False,NONE,NONE,NONE,"NONE"
PROBLEM_number-io__ARGS_NUM__MUT_0001,9174,number-io,Numeric,0.0001,0,False,NONE,NONE,NONE,"NONE"
PROBLEM_number-io__ARGS_NUM__MUT_0001,9175,number-io,Numeric,0.0001,0,True,6,39,29,"[LoadDouble-Num(8,8,13),LoadInt-Num(15,15,9),Add-Num(8,15,15),Sub-Num(15,2,1),Add-Num(10,1,8),SubmitNum-Num(8,8,13)]"
PROBLEM_number-io__ARGS_NUM__MUT_0001,9176,number-io,Numeric,0.0001,0,False,NONE,NONE,NONE,"NONE"
PROBLEM_number-io__ARGS_NUM__MUT_0001,9177,number-io,Numeric,0.0001,0,False,NONE,NONE,NONE,"NONE"
PROBLEM_number-io__ARGS_NUM__MUT_0001,9178,number-io,Numeric,0.0001,0,True,7,49,38,"[Close(14,5,10),SwapMem-Num(4,0,10),Add-Num(1,15,1),LoadInt-Num(15,8,3),Set-7-Num(4,6,12),If-Num(0,1,10),SubmitNum-Num(1,10,10)]"
PROBLEM_number-io__ARGS_NUM__MUT_0001,9179,number-io,Numeric,0.0001,0,True,2,7,2,"[Add-Num(0,1,9),SubmitNum-Num(9,13,13)]"
PROBLEM_number-io__ARGS_NUM__MUT_0001,9180,number-io,Numeric,0.0001,0,False,NONE,NONE,NONE,"NONE"
PROBLEM_number-io__ARGS_NUM__MUT_0001,9181,number-io,Numeric,0.0001,0,False,NONE,NONE,NONE,"NONE"
PROBLEM_number-io__ARGS_NUM__MUT_0001,9182,number-io,Numeric,0.0001,0,False,NONE,NONE,NONE,"NONE"
PROBLEM_number-io__ARGS_NUM__MUT_0001,9183,number-io,Numeric,0.0001,0,False,NONE,NONE,NONE,"NONE"
PROBLEM_number-io__ARGS_NUM__MUT_0001,9184,number-io,Numeric,0.0001,0,True,4,48,43,"[LoadInt-Num(11,2,5),LoadDouble-Num(12,5,0),Add-Num(11,12,11),SubmitNum-Num(11,10,13)]"
PROBLEM_number-io__ARGS_NUM__MUT_0001,9185,number-io,Numeric,0.0001,0,False,NONE,NONE,NONE,"NONE"
PROBLEM_number-io__ARGS_NUM__MUT_0001,9186,number-io,Numeric,0.0001,0,True,3,40,32,"[SwapMem-Num(10,0,11),Add-Num(1,10,0),SubmitNum-Num(0,5,9)]"
PROBLEM_number-io__ARGS_NUM__MUT_0001,9187,number-io,Numeric,0.0001,0,True,2,33,27,"[Add-Num(0,1,0),SubmitNum-Num(0,1,0)]"
PROBLEM_number-io__ARGS_NUM__MUT_0001,9188,number-io,Numeric,0.0001,0,True,3,9,2,"[LoadDouble-Num(7,12,4),Add-Num(0,7,1),SubmitNum-Num(1,13,5)]"
PROBLEM_number-io__ARGS_NUM__MUT_0001,9189,number-io,Numeric,0.0001,0,False,NONE,NONE,NONE,"NONE"
PROBLEM_number-io__ARGS_NUM__MUT_0001,9190,number-io,Numeric,0.0001,0,False,NONE,NONE,NONE,"NONE"
PROBLEM_number-io__ARGS_NUM__MUT_0001,9191,number-io,Numeric,0.0001,0,True,3,77,72,"[LoadDouble-Num(5,14,7),Add-Num(5,0,5),SubmitNum-Num(5,3,9)]"
PROBLEM_number-io__ARGS_NUM__MUT_0001,9192,number-io,Numeric,0.0001,0,True,6,33,26,"[LoadDouble-Num(2,5,15),LoadInt-Num(6,3,0),TestNumGreater-Num(15,9,0),Sub-Num(0,2,8),Sub-Num(6,8,12),SubmitNum-Num(12,8,6)]"
PROBLEM_number-io__ARGS_NUM__MUT_0001,9193,number-io,Numeric,0.0001,0,True,7,57,51,"[Close(6,15,3),CopyMem-Num(1,10,4),Set-4-Num(3,15,5),LoadInt-Num(6,15,12),SubmitNum-Num(2,2,15),Countdown-Num(3,1,0),Add-Num(6,10,2)]"
PROBLEM_number-io__ARGS_NUM__MUT_0001,9194,number-io,Numeric,0.0001,0,False,NONE,NONE,NONE,"NONE"
PROBLEM_number-io__ARGS_NUM__MUT_0001,9195,number-io,Numeric,0.0001,0,False,NONE,NONE,NONE,"NONE"
PROBLEM_number-io__ARGS_NUM__MUT_0001,9196,number-io,Numeric,0.0001,0,False,NONE,NONE,NONE,"NONE"
PROBLEM_number-io__ARGS_NUM__MUT_0001,9197,number-io,Numeric,0.0001,0,False,NONE,NONE,NONE,"NONE"
PROBLEM_number-io__ARGS_NUM__MUT_0001,9198,number-io,Numeric,0.0001,0,True,3,21,14,"[LoadInt-Num(12,10,10),Add-Num(12,1,1),SubmitNum-Num(1,15,2)]"
PROBLEM_number-io__ARGS_NUM__MUT_0001,9199,number-io,Numeric,0.0001,0,False,NONE,NONE,NONE,"NONE"
PROBLEM_number-io__ARGS_NUM__MUT_0001,9200,number-io,Numeric,0.0001,0,False,NONE,NONE,NONE,"NONE"
PROBLEM_number-io__ARGS_NUM__MUT_001,9101,number-io,Numeric,0.001,0,False,NONE,NONE,NONE,"NONE"
PROBLEM_number-io__ARGS_NUM__MUT_001,9102,number-io,Numeric,0.001,0,False,NONE,NONE,NONE,"NONE"
PROBLEM_number-io__ARGS_NUM__MUT_001,9103,number-io,Numeric,0.001,0,True,2,20,15,"[Add-Num(0,1,2),SubmitNum-Num(2,15,4)]"
PROBLEM_number-io__ARGS_NUM__MUT_001,9104,number-io,Numeric,0.001,0,False,NONE,NONE,NONE,"NONE"
PROBLEM_number-io__ARGS_NUM__MUT_001,9105,number-io,Numeric,0.001,0,True,3,62,28,"[LoadInt-Num(2,14,12),Add-Num(1,2,15),SubmitNum-Num(15,15,2)]"
PROBLEM_number-io__ARGS_NUM__MUT_001,9106,number-io,Numeric,0.001,0,False,NONE,NONE,NONE,"NONE"
PROBLEM_number-io__ARGS_NUM__MUT_001,9107,number-io,Numeric,0.001,0,False,NONE,NONE,NONE,"NONE"
PROBLEM_number-io__ARGS_NUM__MUT_001,9108,number-io,Numeric,0.001,0,False,NONE,NONE,NONE,"NONE"
PROBLEM_number-io__ARGS_NUM__MUT_001,9109,number-io,Numeric,0.001,0,False,NONE,NONE,NONE,"NONE"
PROBLEM_number-io__ARGS_NUM__MUT_001,9110,number-io,Numeric,0.001,0,True,4,88,79,"[Sub-Num(6,1,15),CopyMem-Num(0,9,13),Sub-Num(9,15,5),SubmitNum-Num(5,8,11)]"
PROBLEM_number-io__ARGS_NUM__MUT_001,9111,number-io,Numeric,0.001,0,True,4,33,25,"[LoadInt-Num(7,3,13),LoadDouble-Num(15,2,10),Add-Num(7,15,14),SubmitNum-Num(14,11,10)]"
PROBLEM_number-io__ARGS_NUM__MUT_001,9112,number-io,Numeric,0.001,0,True,4,83,33,"[SwapMem-Num(0,1,12),LoadInt-Num(13,13,3),Add-Num(13,0,11),SubmitNum-Num(11,4,8)]"
PROBLEM_number-io__ARGS_NUM__MUT_001,9113,number-io,Numeric,0.001,0,True,7,41,33,"[Dec-Num(6,1,12),LoadDouble-Num(13,1,15),Mult-Num(13,6,2),SwapMem-Num(3,2,0),LoadInt-Num(10,8,6),Sub-Num(10,3,0),SubmitNum-Num(0,8,9)]"
PROBLEM_number-io__ARGS_NUM__MUT_001,9114,number-io,Numeric,0.001,0,True,3,44,40,"[SwapMem-Num(0,9,15),Add-Num(9,1,9),SubmitNum-Num(9,9,11)]"
PROBLEM_number-io__ARGS_NUM__MUT_001,9115,number-io,Numeric,0.001,0,True,3,93,89,"[CopyMem-Num(1,14,1),Add-Num(14,0,14),SubmitNum-Num(14,0,6)]"
PROBLEM_number-io__ARGS_NUM__MUT_001,9116,number-io,Numeric,0.001,0,False,NONE,NONE,NONE,"NONE"
PROBLEM_number-io__ARGS_NUM__MUT_001,9117,number-io,Numeric,0.001,0,False,NONE,NONE,NONE,"NONE"
PROBLEM_number-io__ARGS_NUM__MUT_001,9118,number-io,Numeric,0.001,0,False,NONE,NONE,NONE,"NONE"
PROBLEM_number-io__ARGS_NUM__MUT_001,9119,number-io,Numeric,0.001,0,False,NONE,NONE,NONE,"NONE"
PROBLEM_number-io__ARGS_NUM__MUT_001,9120,number-io,Numeric,0.001,0,False,NONE,NONE,NONE,"NONE"
PROBLEM_number-io__ARGS_NUM__MUT_001,9121,number-io,Numeric,0.001,0,True,3,52,47,"[LoadDouble-Num(3,1,0),Add-Num(3,0,0),SubmitNum-Num(0,11,11)]"
PROBLEM_number-io__ARGS_NUM__MUT_001,9122,number-io,Numeric,0.001,0,True,3,71,63,"[Add-Num(1,2,15),Add-Num(15,0,5),SubmitNum-Num(5,3,7)]"
PROBLEM_number-io__ARGS_NUM__MUT_001,9123,number-io,Numeric,0.001,0,True,4,54,46,"[LoadInt-Num(1,7,14),LoadDouble-Num(7,10,7),Add-Num(1,7,15),SubmitNum-Num(15,9,4)]"
PROBLEM_number-io__ARGS_NUM__MUT_001,9124,number-io,Numeric,0.001,0,True,2,24,19,"[Add-Num(0,1,0),SubmitNum-Num(0,5,9)]"
PROBLEM_number-io__ARGS_NUM__MUT_001,9125,number-io,Numeric,0.001,0,True,2,38,36,"[Add-Num(0,1,6),SubmitNum-Num(6,14,10)]"
PROBLEM_number-io__ARGS_NUM__MUT_001,9126,number-io,Numeric,0.001,0,False,NONE,NONE,NONE,"NONE"
PROBLEM_number-io__ARGS_NUM__MUT_001,9127,number-io,Numeric,0.001,0,True,2,43,40,"[Add-Num(0,1,0),SubmitNum-Num(0,8,13)]"
PROBLEM_number-io__ARGS_NUM__MUT_001,9128,number-io,Numeric,0.001,0,True,3,41,30,"[LoadInt-Num(15,1,14),Add-Num(15,1,15),SubmitNum-Num(15,10,12)]"
PROBLEM_number-io__ARGS_NUM__MUT_001,9129,number-io,Numeric,0.001,0,True,2,89,82,"[Add-Num(1,0,4),SubmitNum-Num(4,8,7)]"
PROBLEM_number-io__ARGS_NUM__MUT_001,9130,number-io,Numeric,0.001,0,True,3,46,37,"[LoadInt-Num(4,5,3),Add-Num(4,1,4),SubmitNum-Num(4,8,13)]"
PROBLEM_number-io__ARGS_NUM__MUT_001,9131,number-io,Numeric,0.001,0,True,5,58,44,"[LoadInt-Num(7,10,11),Set-10-Num(0,14,3),Countdown-Num(0,8,12),SubmitNum-Num(8,5,15),Add-Num(7,1,8)]"
PROBLEM_number-io__ARGS_NUM__MUT_001,9132,number-io,Numeric,0.001,0,True,3,88,78,"[LoadInt-Num(6,10,3),Add-Num(6,1,0),SubmitNum-Num(0,3,5)]"
PROBLEM_number-io__ARGS_NUM__MUT_001,9133,number-io,Numeric,0.001,0,False,NONE,NONE,NONE,"NONE"
PROBLEM_number-io__ARGS_NUM__MUT_001,9134,number-io,Numeric,0.001,0,True,4,24,15,"[LoadDouble-Num(8,5,5),SwapMem-Num(0,4,12),Add-Num(8,4,12),SubmitNum-Num(12,9,5)]"
PROBLEM_number-io__ARGS_NUM__MUT_001,9135,number-io,Numeric,0.001,0,False,NONE,NONE,NONE,"NONE"
PROBLEM_number-io__ARGS_NUM__MUT_001,9136,number-io,Numeric,0.001,0,True,2,21,16,"[Add-Num(1,0,14),SubmitNum-Num(14,6,11)]"
PROBLEM_number-io__ARGS_NUM__MUT_001,9137,number-io,Numeric,0.001,0,True,14,92,87,"[Set-14-Num(12,5,11),LoadInt-Num(14,1,3),Set-11-Num(4,7,6),Set-16-Num(4,15,14),SwapMem-Num(14,2,4),Set-4-Num(15,12,8),LoadInt-Num(7,2,2),LoadDouble-Num(7,11,7),Set-6-Num(1,3,0),LoadInt-Num(14,1,3),Add-Num(7,2,2),Inc-Num(4,13,9),Inc-Num(4,13,3),SubmitNum-Num(2,4,6)]"
PROBLEM_number-io__ARGS_NUM__MUT_001,9138,number-io,Numeric,0.001,0,False,NONE,NONE,NONE,"NONE"
PROBLEM_number-io__ARGS_NUM__MUT_001,9139,number-io,Numeric,0.001,0,True,3,59,51,"[LoadDouble-Num(13,13,0),Add-Num(13,0,9),SubmitNum-Num(9,12,15)]"
PROBLEM_number-io__ARGS_NUM__MUT_001,9140,number-io,Numeric,0.001,0,False,NONE,NONE,NONE,"NONE"
PROBLEM_number-io__ARGS_NUM__MUT_001,9141,number-io,Numeric,0.001,0,True,3,66,57,"[LoadDouble-Num(5,0,13),Add-Num(5,0,1),SubmitNum-Num(1,1,0)]"
PROBLEM_number-io__ARGS_NUM__MUT_001,9142,number-io,Numeric,0.001,0,False,NONE,NONE,NONE,"NONE"
PROBLEM_number-io__ARGS_NUM__MUT_001,9143,number-io,Numeric,0.001,0,True,2,37,31,"[Add-Num(1,0,9),SubmitNum-Num(9,4,15)]"
PROBLEM_number-io__ARGS_NUM__MUT_001,9144,number-io,Numeric,0.001,0,False,NONE,NONE,NONE,"NONE"
PROBLEM_number-io__ARGS_NUM__MUT_001,9145,number-io,Numeric,0.001,0,False,NONE,NONE,NONE,"NONE"
PROBLEM_number-io__ARGS_NUM__MUT_001,9146,number-io,Numeric,0.001,0,True,3,65,59,"[LoadDouble-Num(10,6,9),Add-Num(10,0,12),SubmitNum-Num(12,4,13)]"
PROBLEM_number-io__ARGS_NUM__MUT_001,9147,number-io,Numeric,0.001,0,False,NONE,NONE,NONE,"NONE"
PROBLEM_number-io__ARGS_NUM__MUT_001,9148,number-io,Numeric,0.001,0,False,NONE,NONE,NONE,"NONE"
PROBLEM_number-io__ARGS_NUM__MUT_001,9149,number-io,Numeric,0.001,0,False,NONE,NONE,NONE,"NONE"
PROBLEM_number-io__ARGS_NUM__MUT_001,9150,number-io,Numeric,0.001,0,False,NONE,NONE,NONE,"NONE"
PROBLEM_number-io__ARGS_NUM__MUT_0025,9451,number-io,Numeric,0.0025,0,True,3,77,74,"[LoadDouble-Num(3,3,7),Add-Num(3,0,1),SubmitNum-Num(1,3,3)]"
PROBLEM_number-io__ARGS_NUM__MUT_0025,9452,number-io,Numeric,0.0025,0,True,5,35,33,"[LoadDouble-Num(7,2,1),Countdown-Num(1,1,4),LoadInt-Num(5,9,4),SubmitNum-Num(12,8,7),Add-Num(7,5,12)]"
PROBLEM_number-io__ARGS_NUM__MUT_0025,9453,number-io,Numeric,0.0025,0,False,NONE,NONE,NONE,"NONE"
PROBLEM_number-io__ARGS_NUM__MUT_0025,9454,number-io,Numeric,0.0025,0,False,NONE,NONE,NONE,"NONE"
PROBLEM_number-io__ARGS_NUM__MUT_0025,9455,number-io,Numeric,0.0025,0,True,2,76,4,"[Add-Num(1,0,0),SubmitNum-Num(0,1,11)]"
PROBLEM_number-io__ARGS_NUM__MUT_0025,9456,number-io,Numeric,0.0025,0,True,4,57,46,"[LoadDouble-Num(2,14,13),CopyMem-Num(2,6,1),Add-Num(0,6,2),SubmitNum-Num(2,12,15)]"
PROBLEM_number-io__ARGS_NUM__MUT_0025,9457,number-io,Numeric,0.0025,0,True,2,34,11,"[Add-Num(0,1,5),SubmitNum-Num(5,11,10)]"
PROBLEM_number-io__ARGS_NUM__MUT_0025,9458,number-io,Numeric,0.0025,0,True,2,89,84,"[Add-Num(1,0,1),SubmitNum-Num(1,13,1)]"
PROBLEM_number-io__ARGS_NUM__MUT_0025,9459,number-io,Numeric,0.0025,0,False,NONE,NONE,NONE,"NONE"
PROBLEM_number-io__ARGS_NUM__MUT_0025,9460,number-io,Numeric,0.0025,0,True,3,19,15,"[LoadDouble-Num(2,14,15),Add-Num(2,0,0),SubmitNum-Num(0,8,1)]"
PROBLEM_number-io__ARGS_NUM__MUT_0025,9461,number-io,Numeric,0.0025,0,True,10,83,78,"[Countdown-Num(1,12,10),SwapMem-Num(8,7,9),SubmitNum-Num(0,15,0),LoadInt-Num(6,0,3),SwapMem-Num(3,7,9),Not-Num(6,6,2),Set-10-Num(11,10,0),LoadDouble-Num(8,13,2),Sub-Num(3,0,0),Set-0-Num(9,4,7)]"
PROBLEM_number-io__ARGS_NUM__MUT_0025,9462,number-io,Numeric,0.0025,0,True,2,53,30,"[Add-Num(1,0,10),SubmitNum-Num(10,7,12)]"
PROBLEM_number-io__ARGS_NUM__MUT_0025,9463,number-io,Numeric,0.0025,0,True,2,81,74,"[Add-Num(1,0,2),SubmitNum-Num(2,13,11)]"
PROBLEM_number-io__ARGS_NUM__MUT_0025,9464,number-io,Numeric,0.0025,0,True,2,68,62,"[Add-Num(0,1,13),SubmitNum-Num(13,10,12)]"
PROBLEM_number-io__ARGS_NUM__MUT_0025,9465,number-io,Numeric,0.0025,0,False,NONE,NONE,NONE,"NONE"
PROBLEM_number-io__ARGS_NUM__MUT_0025,9466,number-io,Numeric,0.0025,0,True,4,42,38,"[LoadDouble-Num(2,5,2),Add-Num(0,2,6),Add-Num(6,7,3),SubmitNum-Num(3,12,7)]"
PROBLEM_number-io__ARGS_NUM__MUT_0025,9467,number-io,Numeric,0.0025,0,False,NONE,NONE,NONE,"NONE"
PROBLEM_number-io__ARGS_NUM__MUT_0025,9468,number-io,Numeric,0.0025,0,True,2,71,38,"[Add-Num(1,0,0),SubmitNum-Num(0,14,3)]"
PROBLEM_number-io__ARGS_NUM__MUT_0025,9469,number-io,Numeric,0.0025,0,True,4,99,66,"[Sub-Num(6,0,2),Add-Num(2,10,6),Sub-Num(1,6,14),SubmitNum-Num(14,12,7)]"
PROBLEM_number-io__ARGS_NUM__MUT_0025,9470,number-io,Numeric,0.0025,0,False,NONE,NONE,NONE,"NONE"
PROBLEM_number-io__ARGS_NUM__MUT_0025,9471,number-io,Numeric,0.0025,0,False,NONE,NONE,NONE,"NONE"
PROBLEM_number-io__ARGS_NUM__MUT_0025,9472,number-io,Numeric,0.0025,0,True,3,89,10,"[SwapMem-Num(2,1,11),Add-Num(2,0,13),SubmitNum-Num(13,4,12)]"
PROBLEM_number-io__ARGS_NUM__MUT_0025,9473,number-io,Numeric,0.0025,0,True,2,34,27,"[Add-Num(1,0,1),SubmitNum-Num(1,12,2)]"
PROBLEM_number-io__ARGS_NUM__MUT_0025,9474,number-io,Numeric,0.0025,0,True,2,17,12,"[Add-Num(1,0,15),SubmitNum-Num(15,10,12)]"
PROBLEM_number-io__ARGS_NUM__MUT_0025,9475,number-io,Numeric,0.0025,0,False,NONE,NONE,NONE,"NONE"
PROBLEM_number-io__ARGS_NUM__MUT_0025,9476,number-io,Numeric,0.0025,0,True,3,27,20,"[LoadInt-Num(9,4,10),Add-Num(9,1,4),SubmitNum-Num(4,14,11)]"
PROBLEM_number-io__ARGS_NUM__MUT_0025,9477,number-io,Numeric,0.0025,0,False,NONE,NONE,NONE,"NONE"
PROBLEM_number-io__ARGS_NUM__MUT_0025,9478,number-io,Numeric,0.0025,0,True,3,26,18,"[LoadInt-Num(13,12,5),Add-Num(13,1,0),SubmitNum-Num(0,8,5)]"
PROBLEM_number-io__ARGS_NUM__MUT_0025,9479,number-io,Numeric,0.0025,0,True,2,88,39,"[Add-Num(1,0,15),SubmitNum-Num(15,8,13)]"
PROBLEM_number-io__ARGS_NUM__MUT_0025,9480,number-io,Numeric,0.0025,0,False,NONE,NONE,NONE,"NONE"
PROBLEM_number-io__ARGS_NUM__MUT_0025,9481,number-io,Numeric,0.0025,0,False,NONE,NONE,NONE,"NONE"
PROBLEM_number-io__ARGS_NUM__MUT_0025,9482,number-io,Numeric,0.0025,0,True,3,87,80,"[LoadInt-Num(7,6,1),Add-Num(7,1,0),SubmitNum-Num(0,4,14)]"
PROBLEM_number-io__ARGS_NUM__MUT_0025,9483,number-io,Numeric,0.0025,0,True,2,40,32,"[Add-Num(1,0,4),SubmitNum-Num(4,13,0)]"
PROBLEM_number-io__ARGS_NUM__MUT_0025,9484,number-io,Numeric,0.0025,0,True,5,32,23,"[Set-2-Num(8,4,4),Countdown-Num(8,2,5),LoadInt-Num(14,2,2),SubmitNum-Num(5,0,10),Add-Num(14,1,5)]"
PROBLEM_number-io__ARGS_NUM__MUT_0025,9485,number-io,Numeric,0.0025,0,False,NONE,NONE,NONE,"NONE"
PROBLEM_number-io__ARGS_NUM__MUT_0025,9486,number-io,Numeric,0.0025,0,True,4,38,29,"[Sub-Num(15,0,3),LoadDouble-Num(6,6,0),Sub-Num(6,3,0),SubmitNum-Num(0,1,2)]"
PROBLEM_number-io__ARGS_NUM__MUT_0025,9487,number-io,Numeric,0.0025,0,False,NONE,NONE,NONE,"NONE"
PROBLEM_number-io__ARGS_NUM__MUT_0025,9488,number-io,Numeric,0.0025,0,False,NONE,NONE,NONE,"NONE"
PROBLEM_number-io__ARGS_NUM__MUT_0025,9489,number-io,Numeric,0.0025,0,False,NONE,NONE,NONE,"NONE"
PROBLEM_number-io__ARGS_NUM__MUT_0025,9490,number-io,Numeric,0.0025,0,True,3,80,40,"[SwapMem-Num(12,0,0),Add-Num(1,12,6),SubmitNum-Num(6,9,13)]"
PROBLEM_number-io__ARGS_NUM__MUT_0025,9491,number-io,Numeric,0.0025,0,True,4,57,49,"[LoadInt-Num(9,8,10),Add-Num(1,15,11),Add-Num(11,9,9),SubmitNum-Num(9,11,12)]"
PROBLEM_number-io__ARGS_NUM__MUT_0025,9492,number-io,Numeric,0.0025,0,False,NONE,NONE,NONE,"NONE"
PROBLEM_number-io__ARGS_NUM__MUT_0025,9493,number-io,Numeric,0.0025,0,True,18,100,99,"[Set-11-Num(6,14,4),Mod-Num(1,0,9),Set-16-Num(14,6,14),Set-13-Num(5,5,6),LoadDouble-Num(2,0,6),CopyMem-Num(6,2,12),SubmitNum-Num(7,15,1),SwapMem-Num(0,9,0),TestNumGreater-Num(0,10,5),Set-8-Num(11,8,9),Break(6,10,9),Break(3,7,0),Add-Num(1,9,0),Set-3-Num(2,11,7),Set-6-Num(13,0,15),Set-15-Num(1,8,5),SubmitNum-Num(0,8,14),Set-13-Num(6,3,0)]"
PROBLEM_number-io__ARGS_NUM__MUT_0025,9494,number-io,Numeric,0.0025,0,True,2,57,54,"[Add-Num(0,1,0),SubmitNum-Num(0,15,9)]"
PROBLEM_number-io__ARGS_NUM__MUT_0025,9495,number-io,Numeric,0.0025,0,True,19,100,98,"[TestNumGreater-Num(11,5,0),LoadInt-Num(15,1,5),LoadDouble-Num(0,14,5),IfNot-Num(8,10,15),LoadDouble-Num(13,7,9),Mod-Num(9,14,9),Sub-Num(2,15,9),Set-13-Num(10,3,13),Floor-Num(10,2,5),Mod-Num(2,12,3),Sub-Num(13,9,12),TestNumGreater-Num(10,6,14),Mod-Num(6,14,6),SubmitNum-Num(12,2,4),Set-6-Num(13,15,5),Set-13-Num(0,1,5),LoadInt-Num(2,0,3),Set-9-Num(12,7,15),Add-Num(15,8,12)]"
PROBLEM_number-io__ARGS_NUM__MUT_0025,9496,number-io,Numeric,0.0025,0,False,NONE,NONE,NONE,"NONE"
PROBLEM_number-io__ARGS_NUM__MUT_0025,9497,number-io,Numeric,0.0025,0,True,3,60,52,"[LoadDouble-Num(5,3,11),Add-Num(5,0,6),SubmitNum-Num(6,8,11)]"
PROBLEM_number-io__ARGS_NUM__MUT_0025,9498,number-io,Numeric,0.0025,0,False,NONE,NONE,NONE,"NONE"
PROBLEM_number-io__ARGS_NUM__MUT_0025,9499,number-io,Numeric,0.0025,0,True,3,25,15,"[LoadDouble-Num(4,1,12),Add-Num(0,4,13),SubmitNum-Num(13,5,14)]"
PROBLEM_number-io__ARGS_NUM__MUT_0025,9500,number-io,Numeric,0.0025,0,True,2,48,41,"[Add-Num(0,1,12),SubmitNum-Num(12,3,7)]"
PROBLEM_number-io__ARGS_NUM__MUT_005,9401,number-io,Numeric,0.005,0,True,3,78,72,"[SwapMem-Num(1,7,12),Add-Num(7,0,9),SubmitNum-Num(9,0,7)]"
PROBLEM_number-io__ARGS_NUM__MUT_005,9402,number-io,Numeric,0.005,0,True,3,76,44,"[Sub-Num(8,0,6),Sub-Num(1,6,9),SubmitNum-Num(9,4,6)]"
PROBLEM_number-io__ARGS_NUM__MUT_005,9403,number-io,Numeric,0.005,0,True,2,8,3,"[Add-Num(0,1,0),SubmitNum-Num(0,3,4)]"
PROBLEM_number-io__ARGS_NUM__MUT_005,9404,number-io,Numeric,0.005,0,True,4,72,59,"[LoadInt-Num(12,9,1),LoadDouble-Num(5,6,3),Add-Num(12,5,9),SubmitNum-Num(9,11,14)]"
PROBLEM_number-io__ARGS_NUM__MUT_005,9405,number-io,Numeric,0.005,0,True,2,79,24,"[Add-Num(1,0,13),SubmitNum-Num(13,9,14)]"
PROBLEM_number-io__ARGS_NUM__MUT_005,9406,number-io,Numeric,0.005,0,True,6,36,30,"[Close(4,4,9),Add-Num(1,6,0),SubmitNum-Num(0,9,11),LoadInt-Num(6,11,0),Countdown-Num(4,12,7),Set-14-Num(8,10,1)]"
PROBLEM_number-io__ARGS_NUM__MUT_005,9407,number-io,Numeric,0.005,0,True,2,80,3,"[Add-Num(0,1,6),SubmitNum-Num(6,10,4)]"
PROBLEM_number-io__ARGS_NUM__MUT_005,9408,number-io,Numeric,0.005,0,False,NONE,NONE,NONE,"NONE"
PROBLEM_number-io__ARGS_NUM__MUT_005,9409,number-io,Numeric,0.005,0,True,3,100,90,"[LoadDouble-Num(11,5,13),Add-Num(0,11,11),SubmitNum-Num(11,3,6)]"
PROBLEM_number-io__ARGS_NUM__MUT_005,9410,number-io,Numeric,0.005,0,True,2,80,75,"[Add-Num(0,1,8),SubmitNum-Num(8,9,8)]"
PROBLEM_number-io__ARGS_NUM__MUT_005,9411,number-io,Numeric,0.005,0,True,3,39,31,"[LoadInt-Num(4,14,6),Add-Num(1,4,6),SubmitNum-Num(6,8,7)]"
PROBLEM_number-io__ARGS_NUM__MUT_005,9412,number-io,Numeric,0.005,0,False,NONE,NONE,NONE,"NONE"
PROBLEM_number-io__ARGS_NUM__MUT_005,9413,number-io,Numeric,0.005,0,True,4,78,39,"[Add-Num(9,0,14),Sub-Num(5,14,0),Sub-Num(1,0,9),SubmitNum-Num(9,5,14)]"
PROBLEM_number-io__ARGS_NUM__MUT_005,9414,number-io,Numeric,0.005,0,False,NONE,NONE,NONE,"NONE"
PROBLEM_number-io__ARGS_NUM__MUT_005,9415,number-io,Numeric,0.005,0,True,2,11,5,"[Add-Num(1,0,5),SubmitNum-Num(5,1,3)]"
PROBLEM_number-io__ARGS_NUM__MUT_005,9416,number-io,Numeric,0.005,0,True,4,37,30,"[LoadInt-Num(8,14,13),LoadDouble-Num(3,8,9),Add-Num(8,3,10),SubmitNum-Num(10,10,8)]"
PROBLEM_number-io__ARGS_NUM__MUT_005,9417,number-io,Numeric,0.005,0,False,NONE,NONE,NONE,"NONE"
PROBLEM_number-io__ARGS_NUM__MUT_005,9418,number-io,Numeric,0.005,0,True,2,39,24,"[Add-Num(0,1,6),SubmitNum-Num(6,14,12)]"
PROBLEM_number-io__ARGS_NUM__MUT_005,9419,number-io,Numeric,0.005,0,True,3,28,16,"[Sub-Num(1,2,5),Add-Num(0,5,8),SubmitNum-Num(8,12,2)]"
PROBLEM_number-io__ARGS_NUM__MUT_005,9420,number-io,Numeric,0.005,0,True,5,68,7,"[Close(10,7,11),SubmitNum-Num(5,12,13),Add-Num(1,0,5),If-Num(10,5,13),Set-2-Num(7,12,5)]"
PROBLEM_number-io__ARGS_NUM__MUT_005,9421,number-io,Numeric,0.005,0,True,4,86,77,"[LoadDouble-Num(12,12,5),LoadInt-Num(8,12,14),Add-Num(12,8,12),SubmitNum-Num(12,11,10)]"
PROBLEM_number-io__ARGS_NUM__MUT_005,9422,number-io,Numeric,0.005,0,False,NONE,NONE,NONE,"NONE"
PROBLEM_number-io__ARGS_NUM__MUT_005,9423,number-io,Numeric,0.005,0,True,3,48,46,"[LoadInt-Num(7,4,3),Add-Num(7,1,11),SubmitNum-Num(11,7,15)]"
PROBLEM_number-io__ARGS_NUM__MUT_005,9424,number-io,Numeric,0.005,0,True,2,65,52,"[Add-Num(1,0,15),SubmitNum-Num(15,12,14)]"
PROBLEM_number-io__ARGS_NUM__MUT_005,9425,number-io,Numeric,0.005,0,True,3,80,44,"[While-Num(1,2,10),SubmitNum-Num(15,5,14),Add-Num(1,0,15)]"
PROBLEM_number-io__ARGS_NUM__MUT_005,9426,number-io,Numeric,0.005,0,False,NONE,NONE,NONE,"NONE"
PROBLEM_number-io__ARGS_NUM__MUT_005,9427,number-io,Numeric,0.005,0,True,2,74,65,"[Add-Num(0,1,12),SubmitNum-Num(12,3,6)]"
PROBLEM_number-io__ARGS_NUM__MUT_005,9428,number-io,Numeric,0.005,0,True,2,44,18,"[Add-Num(0,1,14),SubmitNum-Num(14,5,9)]"
PROBLEM_number-io__ARGS_NUM__MUT_005,9429,number-io,Numeric,0.005,0,False,NONE,NONE,NONE,"NONE"
PROBLEM_number-io__ARGS_NUM__MUT_005,9430,number-io,Numeric,0.005,0,False,NONE,NONE,NONE,"NONE"
PROBLEM_number-io__ARGS_NUM__MUT_005,9431,number-io,Numeric,0.005,0,True,2,90,36,"[Add-Num(0,1,12),SubmitNum-Num(12,0,2)]"
PROBLEM_number-io__ARGS_NUM__MUT_005,9432,number-io,Numeric,0.005,0,True,5,81,74,"[Set-2-Num(4,15,13),While-Num(4,14,7),SubmitNum-Num(4,3,11),LoadInt-Num(4,4,11),Add-Num(4,1,4)]"
PROBLEM_number-io__ARGS_NUM__MUT_005,9433,number-io,Numeric,0.005,0,True,5,67,26,"[LoadDouble-Num(5,6,6),Countdown-Num(1,5,0),Sub-Num(5,3,6),SubmitNum-Num(6,7,6),Sub-Num(2,0,3)]"
PROBLEM_number-io__ARGS_NUM__MUT_005,9434,number-io,Numeric,0.005,0,True,2,43,36,"[Add-Num(1,0,7),SubmitNum-Num(7,13,9)]"
PROBLEM_number-io__ARGS_NUM__MUT_005,9435,number-io,Numeric,0.005,0,True,4,24,15,"[SwapMem-Num(3,1,10),Add-Num(0,3,7),Sub-Num(7,1,4),SubmitNum-Num(4,1,4)]"
PROBLEM_number-io__ARGS_NUM__MUT_005,9436,number-io,Numeric,0.005,0,False,NONE,NONE,NONE,"NONE"
PROBLEM_number-io__ARGS_NUM__MUT_005,9437,number-io,Numeric,0.005,0,False,NONE,NONE,NONE,"NONE"
PROBLEM_number-io__ARGS_NUM__MUT_005,9438,number-io,Numeric,0.005,0,True,2,48,44,"[Add-Num(0,1,5),SubmitNum-Num(5,13,3)]"
PROBLEM_number-io__ARGS_NUM__MUT_005,9439,number-io,Numeric,0.005,0,True,2,34,27,"[Add-Num(1,0,6),SubmitNum-Num(6,10,0)]"
PROBLEM_number-io__ARGS_NUM__MUT_005,9440,number-io,Numeric,0.005,0,True,2,6,1,"[Add-Num(0,1,9),SubmitNum-Num(9,4,8)]"
PROBLEM_number-io__ARGS_NUM__MUT_005,9441,number-io,Numeric,0.005,0,True,6,70,25,"[Close(5,14,3),SubmitNum-Num(1,10,0),IfNot-Num(10,3,5),LoadDouble-Num(7,3,0),Add-Num(0,7,1),Break(9,3,0)]"
PROBLEM_number-io__ARGS_NUM__MUT_005,9442,number-io,Numeric,0.005,0,False,NONE,NONE,NONE,"NONE"
PROBLEM_number-io__ARGS_NUM__MUT_005,9443,number-io,Numeric,0.005,0,True,2,94,90,"[Add-Num(1,0,1),SubmitNum-Num(1,6,3)]"
PROBLEM_number-io__ARGS_NUM__MUT_005,9444,number-io,Numeric,0.005,0,False,NONE,NONE,NONE,"NONE"
PROBLEM_number-io__ARGS_NUM__MUT_005,9445,number-io,Numeric,0.005,0,False,NONE,NONE,NONE,"NONE"
PROBLEM_number-io__ARGS_NUM__MUT_005,9446,number-io,Numeric,0.005,0,True,4,93,75,"[LoadDouble-Num(7,3,10),CopyMem-Num(0,1,8),Add-Num(1,7,11),SubmitNum-Num(11,7,11)]"
PROBLEM_number-io__ARGS_NUM__MUT_005,9447,number-io,Numeric,0.005,0,False,NONE,NONE,NONE,"NONE"
PROBLEM_number-io__ARGS_NUM__MUT_005,9448,number-io,Numeric,0.005,0,True,3,84,63,"[LoadInt-Num(2,13,13),Add-Num(1,2,15),SubmitNum-Num(15,4,13)]"
PROBLEM_number-io__ARGS_NUM__MUT_005,9449,number-io,Numeric,0.005,0,True,2,87,10,"[Add-Num(0,1,1),SubmitNum-Num(1,3,1)]"
PROBLEM_number-io__ARGS_NUM__MUT_005,9450,number-io,Numeric,0.005,0,False,NONE,NONE,NONE,"NONE"
PROBLEM_number-io__ARGS_NUM__MUT_0075,9351,number-io,Numeric,0.0075,0,True,2,37,30,"[Add-Num(1,0,1),SubmitNum-Num(1,3,4)]"
PROBLEM_number-io__ARGS_NUM__MUT_0075,9352,number-io,Numeric,0.0075,0,True,2,37,9,"[Add-Num(0,1,0),SubmitNum-Num(0,6,0)]"
PROBLEM_number-io__ARGS_NUM__MUT_0075,9353,number-io,Numeric,0.0075,0,True,2,24,19,"[Add-Num(1,0,1),SubmitNum-Num(1,0,0)]"
PROBLEM_number-io__ARGS_NUM__MUT_0075,9354,number-io,Numeric,0.0075,0,True,8,92,63,"[LoadInt-Num(4,8,0),Set-13-Num(14,7,6),LoadDouble-Num(13,4,3),Countdown-Num(14,15,15),TestNumEqu-Num(7,6,14),SubmitNum-Num(13,5,7),Set-1-Num(6,11,4),Add-Num(4,13,13)]"
PROBLEM_number-io__ARGS_NUM__MUT_0075,9355,number-io,Numeric,0.0075,0,True,2,47,14,"[Add-Num(0,1,0),SubmitNum-Num(0,9,11)]"
PROBLEM_number-io__ARGS_NUM__MUT_0075,9356,number-io,Numeric,0.0075,0,True,6,59,16,"[Close(3,1,10),Sub-Num(0,7,2),SubmitNum-Num(2,13,1),Sub-Num(4,1,7),While-Num(6,14,0),Mod-Num(9,12,8)]"
PROBLEM_number-io__ARGS_NUM__MUT_0075,9357,number-io,Numeric,0.0075,0,False,NONE,NONE,NONE,"NONE"
PROBLEM_number-io__ARGS_NUM__MUT_0075,9358,number-io,Numeric,0.0075,0,True,8,78,44,"[LoadInt-Num(10,0,0),Close(4,14,13),SubmitNum-Num(1,2,3),Div-Num(11,13,10),Add-Num(10,1,1),TestNumEqu-Num(4,6,13),IfNot-Num(8,2,10),Break(6,13,8)]"
PROBLEM_number-io__ARGS_NUM__MUT_0075,9359,number-io,Numeric,0.0075,0,False,NONE,NONE,NONE,"NONE"
PROBLEM_number-io__ARGS_NUM__MUT_0075,9360,number-io,Numeric,0.0075,0,True,14,98,75,"[Countdown-Num(1,8,5),TestNumGreater-Num(12,3,9),Set-13-Num(4,0,14),TestNumGreater-Num(2,0,3),TestNumLess-Num(5,12,7),SubmitNum-Num(1,1,14),TestNumGreater-Num(7,14,11),Dec-Num(3,12,9),Sub-Num(10,0,1),Floor-Num(13,2,1),Dec-Num(1,0,0),LoadDouble-Num(7,0,11),Sub-Num(7,1,1),While-Num(8,4,15)]"
PROBLEM_number-io__ARGS_NUM__MUT_0075,9361,number-io,Numeric,0.0075,0,True,2,23,19,"[Add-Num(1,0,4),SubmitNum-Num(4,9,6)]"
PROBLEM_number-io__ARGS_NUM__MUT_0075,9362,number-io,Numeric,0.0075,0,True,2,37,7,"[Add-Num(1,0,10),SubmitNum-Num(10,2,6)]"
PROBLEM_number-io__ARGS_NUM__MUT_0075,9363,number-io,Numeric,0.0075,0,True,4,46,39,"[SwapMem-Num(13,1,14),Add-Num(0,13,1),SwapMem-Num(1,2,11),SubmitNum-Num(2,11,1)]"
PROBLEM_number-io__ARGS_NUM__MUT_0075,9364,number-io,Numeric,0.0075,0,True,3,53,30,"[LoadDouble-Num(6,14,13),Add-Num(0,6,14),SubmitNum-Num(14,5,10)]"
PROBLEM_number-io__ARGS_NUM__MUT_0075,9365,number-io,Numeric,0.0075,0,True,2,59,19,"[Add-Num(1,0,10),SubmitNum-Num(10,8,1)]"
PROBLEM_number-io__ARGS_NUM__MUT_0075,9366,number-io,Numeric,0.0075,0,True,2,7,2,"[Add-Num(0,1,0),SubmitNum-Num(0,12,1)]"
PROBLEM_number-io__ARGS_NUM__MUT_0075,9367,number-io,Numeric,0.0075,0,True,4,93,37,"[LoadInt-Num(11,1,1),SwapMem-Num(4,1,10),Add-Num(11,4,4),SubmitNum-Num(4,11,1)]"
PROBLEM_number-io__ARGS_NUM__MUT_0075,9368,number-io,Numeric,0.0075,0,True,4,29,19,"[Sub-Num(1,5,8),LoadInt-Num(2,0,1),Add-Num(2,8,2),SubmitNum-Num(2,0,5)]"
PROBLEM_number-io__ARGS_NUM__MUT_0075,9369,number-io,Numeric,0.0075,0,False,NONE,NONE,NONE,"NONE"
PROBLEM_number-io__ARGS_NUM__MUT_0075,9370,number-io,Numeric,0.0075,0,False,NONE,NONE,NONE,"NONE"
PROBLEM_number-io__ARGS_NUM__MUT_0075,9371,number-io,Numeric,0.0075,0,True,2,86,13,"[Add-Num(1,0,0),SubmitNum-Num(0,9,5)]"
PROBLEM_number-io__ARGS_NUM__MUT_0075,9372,number-io,Numeric,0.0075,0,True,6,100,94,"[TestNumGreaterTEqu-Num(1,13,10),LoadDouble-Num(11,0,5),TestNumGreaterTEqu-Num(9,3,3),Add-Num(0,11,13),Set-11-Num(1,1,11),SubmitNum-Num(13,4,4)]"
PROBLEM_number-io__ARGS_NUM__MUT_0075,9373,number-io,Numeric,0.0075,0,True,4,56,45,"[SwapMem-Num(1,5,9),Add-Num(0,5,11),Sub-Num(11,1,14),SubmitNum-Num(14,7,13)]"
PROBLEM_number-io__ARGS_NUM__MUT_0075,9374,number-io,Numeric,0.0075,0,True,25,100,99,"[Mult-Num(15,9,7),Not-Num(3,3,9),Dec-Num(6,5,5),Set-2-Num(14,5,3),LoadDouble-Num(7,10,15),CopyMem-Num(11,14,5),CopyMem-Num(11,14,5),Break(15,7,9),Set-12-Num(13,12,9),Not-Num(9,4,1),While-Num(9,0,13),TestNumEqu-Num(4,13,8),Set-3-Num(3,0,4),Add-Num(0,7,0),Set-12-Num(15,15,5),TestNumEqu-Num(5,15,7),Set-8-Num(9,14,11),Set-2-Num(12,10,7),Set-11-Num(7,4,7),SubmitNum-Num(0,3,3),Set-8-Num(10,13,9),LoadDouble-Num(9,11,9),Set-15-Num(0,1,7),While-Num(6,4,11),Set-10-Num(9,9,1)]"
PROBLEM_number-io__ARGS_NUM__MUT_0075,9375,number-io,Numeric,0.0075,0,True,2,11,4,"[Add-Num(1,0,0),SubmitNum-Num(0,5,6)]"
PROBLEM_number-io__ARGS_NUM__MUT_0075,9376,number-io,Numeric,0.0075,0,False,NONE,NONE,NONE,"NONE"
PROBLEM_number-io__ARGS_NUM__MUT_0075,9377,number-io,Numeric,0.0075,0,True,2,28,11,"[Add-Num(1,0,7),SubmitNum-Num(7,11,10)]"
PROBLEM_number-io__ARGS_NUM__MUT_0075,9378,number-io,Numeric,0.0075,0,True,2,66,26,"[Add-Num(1,0,10),SubmitNum-Num(10,13,9)]"
PROBLEM_number-io__ARGS_NUM__MUT_0075,9379,number-io,Numeric,0.0075,0,True,4,82,71,"[SwapMem-Num(2,1,1),SwapMem-Num(2,6,1),Add-Num(0,6,0),SubmitNum-Num(0,4,13)]"
PROBLEM_number-io__ARGS_NUM__MUT_0075,9380,number-io,Numeric,0.0075,0,True,2,64,60,"[Add-Num(1,0,8),SubmitNum-Num(8,9,13)]"
PROBLEM_number-io__ARGS_NUM__MUT_0075,9381,number-io,Numeric,0.0075,0,False,NONE,NONE,NONE,"NONE"
PROBLEM_number-io__ARGS_NUM__MUT_0075,9382,number-io,Numeric,0.0075,0,True,2,36,18,"[Add-Num(0,1,8),SubmitNum-Num(8,8,7)]"
PROBLEM_number-io__ARGS_NUM__MUT_0075,9383,number-io,Numeric,0.0075,0,False,NONE,NONE,NONE,"NONE"
PROBLEM_number-io__ARGS_NUM__MUT_0075,9384,number-io,Numeric,0.0075,0,True,4,80,68,"[LoadDouble-Num(11,11,2),Sub-Num(9,0,12),Sub-Num(11,12,0),SubmitNum-Num(0,4,7)]"
PROBLEM_number-io__ARGS_NUM__MUT_0075,9385,number-io,Numeric,0.0075,0,False,NONE,NONE,NONE,"NONE"
PROBLEM_number-io__ARGS_NUM__MUT_0075,9386,number-io,Numeric,0.0075,0,True,2,88,84,"[Add-Num(1,0,1),SubmitNum-Num(1,9,12)]"
PROBLEM_number-io__ARGS_NUM__MUT_0075,9387,number-io,Numeric,0.0075,0,True,3,53,45,"[LoadInt-Num(8,3,12),Add-Num(8,1,12),SubmitNum-Num(12,15,9)]"
PROBLEM_number-io__ARGS_NUM__MUT_0075,9388,number-io,Numeric,0.0075,0,True,2,48,19,"[Add-Num(0,1,8),SubmitNum-Num(8,4,10)]"
PROBLEM_number-io__ARGS_NUM__MUT_0075,9389,number-io,Numeric,0.0075,0,False,NONE,NONE,NONE,"NONE"
PROBLEM_number-io__ARGS_NUM__MUT_0075,9390,number-io,Numeric,0.0075,0,True,2,47,39,"[Add-Num(1,0,2),SubmitNum-Num(2,11,14)]"
PROBLEM_number-io__ARGS_NUM__MUT_0075,9391,number-io,Numeric,0.0075,0,True,17,74,74,"[Break(13,13,13),Not-Num(15,9,1),Sub-Num(13,1,15),Not-Num(3,14,11),LoadInt-Num(7,10,15),IfNot-Num(9,7,1),SubmitNum-Num(3,13,11),Sub-Num(15,0,1),TestNumGreaterTEqu-Num(4,14,6),Sub-Num(0,15,15),IfNot-Num(4,1,6),SubmitNum-Num(8,1,3),Set-9-Num(0,6,8),Sub-Num(10,4,5),IfNot-Num(13,4,5),SubmitNum-Num(15,6,3),LoadDouble-Num(5,5,7)]"
PROBLEM_number-io__ARGS_NUM__MUT_0075,9392,number-io,Numeric,0.0075,0,False,NONE,NONE,NONE,"NONE"
PROBLEM_number-io__ARGS_NUM__MUT_0075,9393,number-io,Numeric,0.0075,0,False,NONE,NONE,NONE,"NONE"
PROBLEM_number-io__ARGS_NUM__MUT_0075,9394,number-io,Numeric,0.0075,0,False,NONE,NONE,NONE,"NONE"
PROBLEM_number-io__ARGS_NUM__MUT_0075,9395,number-io,Numeric,0.0075,0,True,2,45,36,"[Add-Num(0,1,15),SubmitNum-Num(15,15,7)]"
PROBLEM_number-io__ARGS_NUM__MUT_0075,9396,number-io,Numeric,0.0075,0,False,NONE,NONE,NONE,"NONE"
PROBLEM_number-io__ARGS_NUM__MUT_0075,9397,number-io,Numeric,0.0075,0,True,3,16,9,"[Sub-Num(11,1,1),Sub-Num(0,1,8),SubmitNum-Num(8,9,2)]"
PROBLEM_number-io__ARGS_NUM__MUT_0075,9398,number-io,Numeric,0.0075,0,True,2,86,82,"[Add-Num(1,0,0),SubmitNum-Num(0,8,10)]"
PROBLEM_number-io__ARGS_NUM__MUT_0075,9399,number-io,Numeric,0.0075,0,True,3,98,35,"[While-Num(1,3,14),SubmitNum-Num(8,8,10),Add-Num(1,0,8)]"
PROBLEM_number-io__ARGS_NUM__MUT_0075,9400,number-io,Numeric,0.0075,0,True,2,69,53,"[Add-Num(1,0,12),SubmitNum-Num(12,7,2)]"
PROBLEM_number-io__ARGS_NUM__MUT_01,9051,number-io,Numeric,0.01,0,True,8,100,54,"[Set-2-Num(7,10,11),Countdown-Num(7,9,5),Set-11-Num(5,12,8),SubmitNum-Num(11,14,11),Sub-Num(4,0,11),Set-15-Num(4,3,6),Add-Num(12,11,0),Sub-Num(1,0,11)]"
PROBLEM_number-io__ARGS_NUM__MUT_01,9052,number-io,Numeric,0.01,0,True,2,37,11,"[Add-Num(1,0,10),SubmitNum-Num(10,14,6)]"
PROBLEM_number-io__ARGS_NUM__MUT_01,9053,number-io,Numeric,0.01,0,True,3,92,18,"[Sub-Num(10,1,2),Sub-Num(0,2,2),SubmitNum-Num(2,1,1)]"
PROBLEM_number-io__ARGS_NUM__MUT_01,9054,number-io,Numeric,0.01,0,True,7,46,38,"[Close(10,14,2),LoadDouble-Num(9,4,0),Sub-Num(0,1,1),SubmitNum-Num(1,1,13),Sub-Num(13,9,1),If-Num(12,12,2),Set-6-Num(10,12,9)]"
PROBLEM_number-io__ARGS_NUM__MUT_01,9055,number-io,Numeric,0.01,0,True,2,27,22,"[Add-Num(0,1,0),SubmitNum-Num(0,3,5)]"
PROBLEM_number-io__ARGS_NUM__MUT_01,9056,number-io,Numeric,0.01,0,True,2,36,31,"[Add-Num(0,1,3),SubmitNum-Num(3,4,4)]"
PROBLEM_number-io__ARGS_NUM__MUT_01,9057,number-io,Numeric,0.01,0,True,2,9,8,"[Add-Num(1,0,0),SubmitNum-Num(0,12,1)]"
PROBLEM_number-io__ARGS_NUM__MUT_01,9058,number-io,Numeric,0.01,0,True,3,15,4,"[Sub-Num(11,1,1),Sub-Num(0,1,1),SubmitNum-Num(1,14,0)]"
PROBLEM_number-io__ARGS_NUM__MUT_01,9059,number-io,Numeric,0.01,0,True,2,88,51,"[Add-Num(1,0,12),SubmitNum-Num(12,13,6)]"
PROBLEM_number-io__ARGS_NUM__MUT_01,9060,number-io,Numeric,0.01,0,True,3,83,80,"[Sub-Num(8,1,2),Sub-Num(0,2,8),SubmitNum-Num(8,11,2)]"
PROBLEM_number-io__ARGS_NUM__MUT_01,9061,number-io,Numeric,0.01,0,True,2,49,44,"[Add-Num(1,0,13),SubmitNum-Num(13,1,11)]"
PROBLEM_number-io__ARGS_NUM__MUT_01,9062,number-io,Numeric,0.01,0,True,2,40,35,"[Add-Num(0,1,5),SubmitNum-Num(5,6,0)]"
PROBLEM_number-io__ARGS_NUM__MUT_01,9063,number-io,Numeric,0.01,0,True,2,77,50,"[Add-Num(0,1,1),SubmitNum-Num(1,12,3)]"
PROBLEM_number-io__ARGS_NUM__MUT_01,9064,number-io,Numeric,0.01,0,True,3,58,7,"[Add-Num(0,1,6),SwapMem-Num(6,5,6),SubmitNum-Num(5,4,1)]"
PROBLEM_number-io__ARGS_NUM__MUT_01,9065,number-io,Numeric,0.01,0,True,2,45,12,"[Add-Num(0,1,1),SubmitNum-Num(1,1,6)]"
PROBLEM_number-io__ARGS_NUM__MUT_01,9066,number-io,Numeric,0.01,0,False,NONE,NONE,NONE,"NONE"
PROBLEM_number-io__ARGS_NUM__MUT_01,9067,number-io,Numeric,0.01,0,True,2,20,15,"[Add-Num(1,0,15),SubmitNum-Num(15,15,9)]"
PROBLEM_number-io__ARGS_NUM__MUT_01,9068,number-io,Numeric,0.01,0,True,4,63,21,"[While-Num(1,5,5),SubmitNum-Num(0,0,2),Add-Num(0,1,0),Sub-Num(4,0,1)]"
PROBLEM_number-io__ARGS_NUM__MUT_01,9069,number-io,Numeric,0.01,0,True,2,32,27,"[Add-Num(0,1,13),SubmitNum-Num(13,15,1)]"
PROBLEM_number-io__ARGS_NUM__MUT_01,9070,number-io,Numeric,0.01,0,True,2,46,17,"[Add-Num(0,1,10),SubmitNum-Num(10,8,10)]"
PROBLEM_number-io__ARGS_NUM__MUT_01,9071,number-io,Numeric,0.01,0,True,2,85,79,"[Add-Num(0,1,0),SubmitNum-Num(0,6,1)]"
PROBLEM_number-io__ARGS_NUM__MUT_01,9072,number-io,Numeric,0.01,0,True,3,36,28,"[SwapMem-Num(1,4,14),Add-Num(0,4,0),SubmitNum-Num(0,3,1)]"
PROBLEM_number-io__ARGS_NUM__MUT_01,9073,number-io,Numeric,0.01,0,True,3,70,63,"[LoadInt-Num(12,8,5),Add-Num(12,1,4),SubmitNum-Num(4,0,5)]"
PROBLEM_number-io__ARGS_NUM__MUT_01,9074,number-io,Numeric,0.01,0,True,10,100,99,"[Inc-Num(1,12,5),Set-0-Num(10,5,7),IfNot-Num(5,5,5),Add-Num(1,0,1),IfNot-Num(15,2,4),Dec-Num(1,2,6),Dec-Num(7,9,10),Set-0-Num(10,15,15),SubmitNum-Num(1,8,15),TestNumNEqu-Num(5,14,7)]"
PROBLEM_number-io__ARGS_NUM__MUT_01,9075,number-io,Numeric,0.01,0,True,2,5,0,"[Add-Num(0,1,9),SubmitNum-Num(9,1,8)]"
PROBLEM_number-io__ARGS_NUM__MUT_01,9076,number-io,Numeric,0.01,0,False,NONE,NONE,NONE,"NONE"
PROBLEM_number-io__ARGS_NUM__MUT_01,9077,number-io,Numeric,0.01,0,False,NONE,NONE,NONE,"NONE"
PROBLEM_number-io__ARGS_NUM__MUT_01,9078,number-io,Numeric,0.01,0,True,2,64,28,"[Add-Num(1,0,14),SubmitNum-Num(14,6,1)]"
PROBLEM_number-io__ARGS_NUM__MUT_01,9079,number-io,Numeric,0.01,0,True,2,15,10,"[Add-Num(0,1,13),SubmitNum-Num(13,7,0)]"
PROBLEM_number-io__ARGS_NUM__MUT_01,9080,number-io,Numeric,0.01,0,False,NONE,NONE,NONE,"NONE"
PROBLEM_number-io__ARGS_NUM__MUT_01,9081,number-io,Numeric,0.01,0,False,NONE,NONE,NONE,"NONE"
PROBLEM_number-io__ARGS_NUM__MUT_01,9082,number-io,Numeric,0.01,0,True,5,95,69,"[TestNumGreaterTEqu-Num(8,3,12),While-Num(12,6,15),SubmitNum-Num(11,15,15),Add-Num(1,0,10),Mult-Num(10,12,11)]"
PROBLEM_number-io__ARGS_NUM__MUT_01,9083,number-io,Numeric,0.01,0,True,2,31,25,"[Add-Num(0,1,0),SubmitNum-Num(0,4,14)]"
PROBLEM_number-io__ARGS_NUM__MUT_01,9084,number-io,Numeric,0.01,0,False,NONE,NONE,NONE,"NONE"
PROBLEM_number-io__ARGS_NUM__MUT_01,9085,number-io,Numeric,0.01,0,True,3,27,2,"[LoadDouble-Num(12,2,5),Add-Num(0,12,4),SubmitNum-Num(4,4,6)]"
PROBLEM_number-io__ARGS_NUM__MUT_01,9086,number-io,Numeric,0.01,0,True,3,36,29,"[Sub-Num(4,0,11),Sub-Num(1,11,15),SubmitNum-Num(15,15,6)]"
PROBLEM_number-io__ARGS_NUM__MUT_01,9087,number-io,Numeric,0.01,0,True,4,68,60,"[LoadDouble-Num(2,13,15),Add-Num(2,9,7),Add-Num(7,0,0),SubmitNum-Num(0,1,4)]"
PROBLEM_number-io__ARGS_NUM__MUT_01,9088,number-io,Numeric,0.01,0,False,NONE,NONE,NONE,"NONE"
PROBLEM_number-io__ARGS_NUM__MUT_01,9089,number-io,Numeric,0.01,0,True,3,38,8,"[While-Num(1,13,9),SubmitNum-Num(11,12,15),Add-Num(0,1,11)]"
PROBLEM_number-io__ARGS_NUM__MUT_01,9090,number-io,Numeric,0.01,0,True,2,100,24,"[Add-Num(1,0,0),SubmitNum-Num(0,4,9)]"
PROBLEM_number-io__ARGS_NUM__MUT_01,9091,number-io,Numeric,0.01,0,True,5,92,83,"[LoadDouble-Num(12,1,4),SwapMem-Num(0,7,2),Add-Num(12,7,9),SwapMem-Num(12,9,6),SubmitNum-Num(12,3,8)]"
PROBLEM_number-io__ARGS_NUM__MUT_01,9092,number-io,Numeric,0.01,0,True,6,100,98,"[Inc-Num(11,1,8),Add-Num(1,0,6),Countdown-Num(1,10,15),SubmitNum-Num(10,13,1),Inc-Num(0,0,14),Add-Num(13,6,10)]"
PROBLEM_number-io__ARGS_NUM__MUT_01,9093,number-io,Numeric,0.01,0,True,2,37,33,"[Add-Num(1,0,9),SubmitNum-Num(9,3,9)]"
PROBLEM_number-io__ARGS_NUM__MUT_01,9094,number-io,Numeric,0.01,0,True,2,12,5,"[Add-Num(1,0,3),SubmitNum-Num(3,14,6)]"
PROBLEM_number-io__ARGS_NUM__MUT_01,9095,number-io,Numeric,0.01,0,True,14,92,84,"[Close(3,15,10),Set-9-Num(2,0,13),SwapMem-Num(0,1,1),Div-Num(0,7,10),Sub-Num(10,1,10),Div-Num(6,12,8),Sub-Num(10,0,0),CopyMem-Num(3,8,15),SubmitNum-Num(0,6,11),Set-2-Num(1,15,13),Not-Num(7,9,1),LoadDouble-Num(11,14,4),IfNot-Num(1,14,11),Return(12,13,11)]"
PROBLEM_number-io__ARGS_NUM__MUT_01,9096,number-io,Numeric,0.01,0,True,3,45,6,"[LoadInt-Num(2,2,15),Add-Num(2,1,8),SubmitNum-Num(8,15,0)]"
PROBLEM_number-io__ARGS_NUM__MUT_01,9097,number-io,Numeric,0.01,0,True,3,38,26,"[Sub-Num(15,0,8),Sub-Num(1,8,7),SubmitNum-Num(7,15,13)]"
PROBLEM_number-io__ARGS_NUM__MUT_01,9098,number-io,Numeric,0.01,0,True,2,46,39,"[Add-Num(1,0,1),SubmitNum-Num(1,8,4)]"
PROBLEM_number-io__ARGS_NUM__MUT_01,9099,number-io,Numeric,0.01,0,False,NONE,NONE,NONE,"NONE"
PROBLEM_number-io__ARGS_NUM__MUT_01,9100,number-io,Numeric,0.01,0,True,3,23,19,"[SwapMem-Num(1,5,7),Add-Num(0,5,0),SubmitNum-Num(0,1,7)]"
PROBLEM_number-io__ARGS_NUM__MUT_025,9301,number-io,Numeric,0.025,0,True,2,72,26,"[Add-Num(0,1,10),SubmitNum-Num(10,7,2)]"
PROBLEM_number-io__ARGS_NUM__MUT_025,9302,number-io,Numeric,0.025,0,True,2,9,5,"[Add-Num(1,0,2),SubmitNum-Num(2,4,6)]"
PROBLEM_number-io__ARGS_NUM__MUT_025,9303,number-io,Numeric,0.025,0,True,6,63,42,"[Close(13,12,13),Sub-Num(11,1,1),TestNumLessTEqu-Num(4,2,4),LoadInt-Num(11,13,3),IfNot-Num(4,15,1),SubmitNum-Num(1,1,0)]"
PROBLEM_number-io__ARGS_NUM__MUT_025,9304,number-io,Numeric,0.025,0,True,3,51,38,"[While-Num(1,1,1),SubmitNum-Num(7,7,7),Add-Num(1,0,7)]"
PROBLEM_number-io__ARGS_NUM__MUT_025,9305,number-io,Numeric,0.025,0,True,5,29,2,"[Close(1,14,6),SubmitNum-Num(3,14,0),Add-Num(1,0,3),If-Num(11,3,13),Sub-Num(15,11,9)]"
PROBLEM_number-io__ARGS_NUM__MUT_025,9306,number-io,Numeric,0.025,0,True,2,61,23,"[Add-Num(1,0,10),SubmitNum-Num(10,15,5)]"
PROBLEM_number-io__ARGS_NUM__MUT_025,9307,number-io,Numeric,0.025,0,True,4,96,63,"[LoadDouble-Num(10,8,3),Sub-Num(0,11,1),Add-Num(1,10,1),SubmitNum-Num(1,7,9)]"
PROBLEM_number-io__ARGS_NUM__MUT_025,9308,number-io,Numeric,0.025,0,True,2,77,73,"[Add-Num(1,0,0),SubmitNum-Num(0,0,1)]"
PROBLEM_number-io__ARGS_NUM__MUT_025,9309,number-io,Numeric,0.025,0,True,3,42,5,"[While-Num(1,15,12),SubmitNum-Num(15,6,0),Add-Num(1,0,15)]"
PROBLEM_number-io__ARGS_NUM__MUT_025,9310,number-io,Numeric,0.025,0,True,2,4,1,"[Add-Num(0,1,10),SubmitNum-Num(10,1,12)]"
PROBLEM_number-io__ARGS_NUM__MUT_025,9311,number-io,Numeric,0.025,0,True,2,13,5,"[Add-Num(1,0,0),SubmitNum-Num(0,11,3)]"
PROBLEM_number-io__ARGS_NUM__MUT_025,9312,number-io,Numeric,0.025,0,True,3,19,8,"[Sub-Num(14,1,1),Sub-Num(0,1,1),SubmitNum-Num(1,7,1)]"
PROBLEM_number-io__ARGS_NUM__MUT_025,9313,number-io,Numeric,0.025,0,True,5,25,19,"[Close(4,0,11),SubmitNum-Num(11,7,5),Add-Num(1,0,11),While-Num(7,5,3),TestNumLess-Num(5,10,0)]"
PROBLEM_number-io__ARGS_NUM__MUT_025,9314,number-io,Numeric,0.025,0,True,2,9,3,"[Add-Num(1,0,2),SubmitNum-Num(2,13,11)]"
PROBLEM_number-io__ARGS_NUM__MUT_025,9315,number-io,Numeric,0.025,0,True,2,63,36,"[Add-Num(1,0,2),SubmitNum-Num(2,10,15)]"
PROBLEM_number-io__ARGS_NUM__MUT_025,9316,number-io,Numeric,0.025,0,True,2,41,15,"[Add-Num(1,0,7),SubmitNum-Num(7,9,15)]"
PROBLEM_number-io__ARGS_NUM__MUT_025,9317,number-io,Numeric,0.025,0,True,5,100,96,"[Add-Num(0,1,0),Inc-Num(15,1,9),Inc-Num(14,1,14),SubmitNum-Num(0,12,14),TestNumLess-Num(4,5,12)]"
PROBLEM_number-io__ARGS_NUM__MUT_025,9318,number-io,Numeric,0.025,0,True,6,41,21,"[LoadInt-Num(12,0,9),Countdown-Num(1,1,5),SubmitNum-Num(13,10,15),LoadDouble-Num(7,1,3),Sub-Num(6,7,9),Sub-Num(12,9,13)]"
PROBLEM_number-io__ARGS_NUM__MUT_025,9319,number-io,Numeric,0.025,0,True,3,48,28,"[Sub-Num(3,1,1),Sub-Num(0,1,1),SubmitNum-Num(1,6,0)]"
PROBLEM_number-io__ARGS_NUM__MUT_025,9320,number-io,Numeric,0.025,0,False,NONE,NONE,NONE,"NONE"
PROBLEM_number-io__ARGS_NUM__MUT_025,9321,number-io,Numeric,0.025,0,True,3,56,22,"[SwapMem-Num(14,1,7),Add-Num(0,14,14),SubmitNum-Num(14,3,3)]"
PROBLEM_number-io__ARGS_NUM__MUT_025,9322,number-io,Numeric,0.025,0,True,2,34,30,"[Add-Num(0,1,14),SubmitNum-Num(14,2,10)]"
PROBLEM_number-io__ARGS_NUM__MUT_025,9323,number-io,Numeric,0.025,0,False,NONE,NONE,NONE,"NONE"
PROBLEM_number-io__ARGS_NUM__MUT_025,9324,number-io,Numeric,0.025,0,True,2,13,5,"[Add-Num(1,0,7),SubmitNum-Num(7,13,12)]"
PROBLEM_number-io__ARGS_NUM__MUT_025,9325,number-io,Numeric,0.025,0,True,4,24,14,"[Set-6-Num(9,14,9),Countdown-Num(9,10,7),SubmitNum-Num(4,15,10),Add-Num(0,1,4)]"
PROBLEM_number-io__ARGS_NUM__MUT_025,9326,number-io,Numeric,0.025,0,True,2,85,44,"[Add-Num(1,0,1),SubmitNum-Num(1,7,14)]"
PROBLEM_number-io__ARGS_NUM__MUT_025,9327,number-io,Numeric,0.025,0,True,2,28,10,"[Add-Num(1,0,2),SubmitNum-Num(2,1,15)]"
PROBLEM_number-io__ARGS_NUM__MUT_025,9328,number-io,Numeric,0.025,0,True,2,38,4,"[Add-Num(1,0,4),SubmitNum-Num(4,0,0)]"
PROBLEM_number-io__ARGS_NUM__MUT_025,9329,number-io,Numeric,0.025,0,True,3,94,58,"[Sub-Num(9,1,11),Sub-Num(0,11,6),SubmitNum-Num(6,4,10)]"
PROBLEM_number-io__ARGS_NUM__MUT_025,9330,number-io,Numeric,0.025,0,True,3,82,79,"[Sub-Num(3,0,0),Sub-Num(1,0,0),SubmitNum-Num(0,4,15)]"
PROBLEM_number-io__ARGS_NUM__MUT_025,9331,number-io,Numeric,0.025,0,False,NONE,NONE,NONE,"NONE"
PROBLEM_number-io__ARGS_NUM__MUT_025,9332,number-io,Numeric,0.025,0,True,2,45,26,"[Add-Num(0,1,0),SubmitNum-Num(0,9,13)]"
PROBLEM_number-io__ARGS_NUM__MUT_025,9333,number-io,Numeric,0.025,0,True,2,18,8,"[Add-Num(0,1,1),SubmitNum-Num(1,0,11)]"
PROBLEM_number-io__ARGS_NUM__MUT_025,9334,number-io,Numeric,0.025,0,True,2,32,2,"[Add-Num(0,1,2),SubmitNum-Num(2,4,15)]"
PROBLEM_number-io__ARGS_NUM__MUT_025,9335,number-io,Numeric,0.025,0,True,2,20,5,"[Add-Num(0,1,3),SubmitNum-Num(3,8,0)]"
PROBLEM_number-io__ARGS_NUM__MUT_025,9336,number-io,Numeric,0.025,0,True,3,64,15,"[LoadDouble-Num(15,3,7),Add-Num(15,0,12),SubmitNum-Num(12,9,5)]"
PROBLEM_number-io__ARGS_NUM__MUT_025,9337,number-io,Numeric,0.025,0,True,7,84,31,"[LoadInt-Num(2,9,5),Close(1,12,9),Sub-Num(7,2,2),SubmitNum-Num(2,0,11),LoadDouble-Num(7,8,1),While-Num(14,6,8),Set-12-Num(2,6,8)]"
PROBLEM_number-io__ARGS_NUM__MUT_025,9338,number-io,Numeric,0.025,0,True,6,80,47,"[Dec-Num(9,14,1),While-Num(1,4,6),SubmitNum-Num(1,6,10),Mult-Num(0,9,10),CopyMem-Num(7,9,9),Sub-Num(1,10,1)]"
PROBLEM_number-io__ARGS_NUM__MUT_025,9339,number-io,Numeric,0.025,0,True,2,35,18,"[Add-Num(0,1,0),SubmitNum-Num(0,7,1)]"
PROBLEM_number-io__ARGS_NUM__MUT_025,9340,number-io,Numeric,0.025,0,True,2,21,13,"[Add-Num(1,0,0),SubmitNum-Num(0,6,3)]"
PROBLEM_number-io__ARGS_NUM__MUT_025,9341,number-io,Numeric,0.025,0,True,2,24,19,"[Add-Num(1,0,0),SubmitNum-Num(0,15,0)]"
PROBLEM_number-io__ARGS_NUM__MUT_025,9342,number-io,Numeric,0.025,0,False,NONE,NONE,NONE,"NONE"
PROBLEM_number-io__ARGS_NUM__MUT_025,9343,number-io,Numeric,0.025,0,False,NONE,NONE,NONE,"NONE"
PROBLEM_number-io__ARGS_NUM__MUT_025,9344,number-io,Numeric,0.025,0,True,2,43,10,"[Add-Num(1,0,10),SubmitNum-Num(10,0,6)]"
PROBLEM_number-io__ARGS_NUM__MUT_025,9345,number-io,Numeric,0.025,0,True,2,6,4,"[Add-Num(0,1,11),SubmitNum-Num(11,12,5)]"
PROBLEM_number-io__ARGS_NUM__MUT_025,9346,number-io,Numeric,0.025,0,True,3,26,16,"[Sub-Num(10,1,3),Sub-Num(0,3,3),SubmitNum-Num(3,8,13)]"
PROBLEM_number-io__ARGS_NUM__MUT_025,9347,number-io,Numeric,0.025,0,True,2,71,30,"[Add-Num(0,1,15),SubmitNum-Num(15,11,12)]"
PROBLEM_number-io__ARGS_NUM__MUT_025,9348,number-io,Numeric,0.025,0,True,10,95,6,"[Set-15-Num(0,15,9),Countdown-Num(0,0,9),Mod-Num(2,7,13),Set-14-Num(12,14,4),TestNumGreaterTEqu-Num(1,14,12),SubmitNum-Num(1,11,15),Add-Num(15,1,1),Add-Num(7,9,6),Div-Num(3,0,6),LoadInt-Num(15,13,4)]"
PROBLEM_number-io__ARGS_NUM__MUT_025,9349,number-io,Numeric,0.025,0,True,3,68,42,"[Sub-Num(14,1,7),Sub-Num(0,7,7),SubmitNum-Num(7,1,1)]"
PROBLEM_number-io__ARGS_NUM__MUT_025,9350,number-io,Numeric,0.025,0,False,NONE,NONE,NONE,"NONE"
PROBLEM_number-io__ARGS_NUM__MUT_05,9251,number-io,Numeric,0.05,0,False,NONE,NONE,NONE,"NONE"
PROBLEM_number-io__ARGS_NUM__MUT_05,9252,number-io,Numeric,0.05,0,True,5,53,46,"[Close(3,8,3),SubmitNum-Num(4,11,13),Add-Num(0,1,4),While-Num(15,0,1),LoadInt-Num(7,13,10)]"
PROBLEM_number-io__ARGS_NUM__MUT_05,9253,number-io,Numeric,0.05,0,True,2,18,11,"[Add-Num(0,1,15),SubmitNum-Num(15,5,4)]"
PROBLEM_number-io__ARGS_NUM__MUT_05,9254,number-io,Numeric,0.05,0,True,4,71,16,"[While-Num(1,2,15),Sub-Num(6,1,1),SubmitNum-Num(1,10,2),LoadInt-Num(6,4,7)]"
PROBLEM_number-io__ARGS_NUM__MUT_05,9255,number-io,Numeric,0.05,0,True,2,15,10,"[Add-Num(0,1,14),SubmitNum-Num(14,6,6)]"
PROBLEM_number-io__ARGS_NUM__MUT_05,9256,number-io,Numeric,0.05,0,True,2,11,2,"[Add-Num(0,1,2),SubmitNum-Num(2,9,0)]"
PROBLEM_number-io__ARGS_NUM__MUT_05,9257,number-io,Numeric,0.05,0,True,2,10,3,"[Add-Num(1,0,14),SubmitNum-Num(14,7,14)]"
PROBLEM_number-io__ARGS_NUM__MUT_05,9258,number-io,Numeric,0.05,0,False,NONE,NONE,NONE,"NONE"
PROBLEM_number-io__ARGS_NUM__MUT_05,9259,number-io,Numeric,0.05,0,False,NONE,NONE,NONE,"NONE"
PROBLEM_number-io__ARGS_NUM__MUT_05,9260,number-io,Numeric,0.05,0,True,9,46,25,"[Close(13,7,13),SwapMem-Num(0,13,12),SubmitNum-Num(0,3,12),LoadDouble-Num(6,8,6),SwapMem-Num(13,12,14),Sub-Num(13,6,14),Set-4-Num(1,2,0),Countdown-Num(1,12,5),Sub-Num(12,14,13)]"
PROBLEM_number-io__ARGS_NUM__MUT_05,9261,number-io,Numeric,0.05,0,True,2,55,47,"[Add-Num(1,0,6),SubmitNum-Num(6,8,11)]"
PROBLEM_number-io__ARGS_NUM__MUT_05,9262,number-io,Numeric,0.05,0,True,5,29,7,"[Dec-Num(5,2,12),Sub-Num(1,3,3),Countdown-Num(5,0,4),SubmitNum-Num(1,0,10),Add-Num(3,0,1)]"
PROBLEM_number-io__ARGS_NUM__MUT_05,9263,number-io,Numeric,0.05,0,True,4,100,82,"[LoadInt-Num(10,0,14),Sub-Num(5,10,4),Sub-Num(1,4,2),SubmitNum-Num(2,14,13)]"
PROBLEM_number-io__ARGS_NUM__MUT_05,9264,number-io,Numeric,0.05,0,True,2,12,7,"[Add-Num(0,1,1),SubmitNum-Num(1,3,6)]"
PROBLEM_number-io__ARGS_NUM__MUT_05,9265,number-io,Numeric,0.05,0,True,2,10,3,"[Add-Num(1,0,0),SubmitNum-Num(0,13,9)]"
PROBLEM_number-io__ARGS_NUM__MUT_05,9266,number-io,Numeric,0.05,0,True,2,78,68,"[Add-Num(0,1,0),SubmitNum-Num(0,7,3)]"
PROBLEM_number-io__ARGS_NUM__MUT_05,9267,number-io,Numeric,0.05,0,True,2,22,19,"[Add-Num(0,1,0),SubmitNum-Num(0,13,14)]"
PROBLEM_number-io__ARGS_NUM__MUT_05,9268,number-io,Numeric,0.05,0,True,2,28,21,"[Add-Num(0,1,0),SubmitNum-Num(0,8,11)]"
PROBLEM_number-io__ARGS_NUM__MUT_05,9269,number-io,Numeric,0.05,0,True,3,8,4,"[SwapMem-Num(9,0,2),Add-Num(9,1,3),SubmitNum-Num(3,15,12)]"
PROBLEM_number-io__ARGS_NUM__MUT_05,9270,number-io,Numeric,0.05,0,True,3,33,16,"[Sub-Num(15,0,15),Sub-Num(1,15,7),SubmitNum-Num(7,6,3)]"
PROBLEM_number-io__ARGS_NUM__MUT_05,9271,number-io,Numeric,0.05,0,True,5,95,86,"[TestNumLessTEqu-Num(7,7,14),LoadDouble-Num(10,9,2),While-Num(14,10,9),SubmitNum-Num(7,1,9),Add-Num(10,0,7)]"
PROBLEM_number-io__ARGS_NUM__MUT_05,9272,number-io,Numeric,0.05,0,True,4,48,16,"[Dec-Num(2,2,4),Mult-Num(2,1,7),Sub-Num(0,7,2),SubmitNum-Num(2,6,5)]"
PROBLEM_number-io__ARGS_NUM__MUT_05,9273,number-io,Numeric,0.05,0,True,2,23,17,"[Add-Num(1,0,0),SubmitNum-Num(0,3,12)]"
PROBLEM_number-io__ARGS_NUM__MUT_05,9274,number-io,Numeric,0.05,0,True,3,52,10,"[Sub-Num(8,1,9),Sub-Num(0,9,0),SubmitNum-Num(0,3,10)]"
PROBLEM_number-io__ARGS_NUM__MUT_05,9275,number-io,Numeric,0.05,0,True,2,23,7,"[Add-Num(1,0,6),SubmitNum-Num(6,14,5)]"
PROBLEM_number-io__ARGS_NUM__MUT_05,9276,number-io,Numeric,0.05,0,True,2,20,14,"[Add-Num(0,1,13),SubmitNum-Num(13,2,8)]"
PROBLEM_number-io__ARGS_NUM__MUT_05,9277,number-io,Numeric,0.05,0,True,3,43,36,"[Sub-Num(14,1,6),Sub-Num(0,6,6),SubmitNum-Num(6,9,7)]"
PROBLEM_number-io__ARGS_NUM__MUT_05,9278,number-io,Numeric,0.05,0,True,2,83,55,"[Add-Num(1,0,5),SubmitNum-Num(5,8,6)]"
PROBLEM_number-io__ARGS_NUM__MUT_05,9279,number-io,Numeric,0.05,0,True,3,39,34,"[Sub-Num(10,0,12),Sub-Num(1,12,0),SubmitNum-Num(0,3,1)]"
PROBLEM_number-io__ARGS_NUM__MUT_05,9280,number-io,Numeric,0.05,0,True,2,37,7,"[Add-Num(0,1,4),SubmitNum-Num(4,8,11)]"
PROBLEM_number-io__ARGS_NUM__MUT_05,9281,number-io,Numeric,0.05,0,True,2,19,15,"[Add-Num(0,1,0),SubmitNum-Num(0,10,4)]"
PROBLEM_number-io__ARGS_NUM__MUT_05,9282,number-io,Numeric,0.05,0,True,2,7,2,"[Add-Num(1,0,12),SubmitNum-Num(12,0,9)]"
PROBLEM_number-io__ARGS_NUM__MUT_05,9283,number-io,Numeric,0.05,0,True,2,46,38,"[Add-Num(0,1,0),SubmitNum-Num(0,5,3)]"
PROBLEM_number-io__ARGS_NUM__MUT_05,9284,number-io,Numeric,0.05,0,True,2,10,4,"[Add-Num(0,1,9),SubmitNum-Num(9,8,14)]"
PROBLEM_number-io__ARGS_NUM__MUT_05,9285,number-io,Numeric,0.05,0,True,2,31,5,"[Add-Num(0,1,5),SubmitNum-Num(5,6,7)]"
PROBLEM_number-io__ARGS_NUM__MUT_05,9286,number-io,Numeric,0.05,0,True,3,48,14,"[Sub-Num(4,1,5),Sub-Num(0,5,1),SubmitNum-Num(1,9,0)]"
PROBLEM_number-io__ARGS_NUM__MUT_05,9287,number-io,Numeric,0.05,0,True,3,54,31,"[While-Num(1,2,14),SubmitNum-Num(5,6,13),Add-Num(1,0,5)]"
PROBLEM_number-io__ARGS_NUM__MUT_05,9288,number-io,Numeric,0.05,0,True,3,42,13,"[Sub-Num(9,0,11),Sub-Num(1,11,3),SubmitNum-Num(3,6,13)]"
PROBLEM_number-io__ARGS_NUM__MUT_05,9289,number-io,Numeric,0.05,0,True,2,19,2,"[Add-Num(0,1,12),SubmitNum-Num(12,12,2)]"
PROBLEM_number-io__ARGS_NUM__MUT_05,9290,number-io,Numeric,0.05,0,False,NONE,NONE,NONE,"NONE"
PROBLEM_number-io__ARGS_NUM__MUT_05,9291,number-io,Numeric,0.05,0,True,3,30,23,"[While-Num(1,13,2),SubmitNum-Num(10,2,10),Add-Num(0,1,10)]"
PROBLEM_number-io__ARGS_NUM__MUT_05,9292,number-io,Numeric,0.05,0,True,2,19,1,"[Add-Num(1,0,11),SubmitNum-Num(11,1,6)]"
PROBLEM_number-io__ARGS_NUM__MUT_05,9293,number-io,Numeric,0.05,0,True,2,26,4,"[Add-Num(1,0,0),SubmitNum-Num(0,1,6)]"
PROBLEM_number-io__ARGS_NUM__MUT_05,9294,number-io,Numeric,0.05,0,True,2,4,0,"[Add-Num(1,0,1),SubmitNum-Num(1,7,5)]"
PROBLEM_number-io__ARGS_NUM__MUT_05,9295,number-io,Numeric,0.05,0,True,6,67,36,"[Sub-Num(6,0,0),SubmitNum-Num(0,12,7),Add-Num(8,1,6),Sub-Num(6,0,0),SubmitNum-Num(0,12,7),Add-Num(8,1,6)]"
PROBLEM_number-io__ARGS_NUM__MUT_05,9296,number-io,Numeric,0.05,0,True,2,31,8,"[Add-Num(1,0,9),SubmitNum-Num(9,14,10)]"
PROBLEM_number-io__ARGS_NUM__MUT_05,9297,number-io,Numeric,0.05,0,True,2,41,15,"[Add-Num(0,1,8),SubmitNum-Num(8,12,6)]"
PROBLEM_number-io__ARGS_NUM__MUT_05,9298,number-io,Numeric,0.05,0,True,2,42,11,"[Add-Num(1,0,0),SubmitNum-Num(0,13,0)]"
PROBLEM_number-io__ARGS_NUM__MUT_05,9299,number-io,Numeric,0.05,0,True,2,28,22,"[Add-Num(0,1,2),SubmitNum-Num(2,7,1)]"
PROBLEM_number-io__ARGS_NUM__MUT_05,9300,number-io,Numeric,0.05,0,True,2,75,52,"[Add-Num(1,0,1),SubmitNum-Num(1,8,10)]"
PROBLEM_number-io__ARGS_NUM__MUT_075,9201,number-io,Numeric,0.075,0,True,2,14,10,"[Add-Num(1,0,0),SubmitNum-Num(0,10,15)]"
PROBLEM_number-io__ARGS_NUM__MUT_075,9202,number-io,Numeric,0.075,0,True,2,16,12,"[Add-Num(0,1,0),SubmitNum-Num(0,1,5)]"
PROBLEM_number-io__ARGS_NUM__MUT_075,9203,number-io,Numeric,0.075,0,True,2,26,20,"[Add-Num(1,0,15),SubmitNum-Num(15,11,6)]"
PROBLEM_number-io__ARGS_NUM__MUT_075,9204,number-io,Numeric,0.075,0,False,NONE,NONE,NONE,"NONE"
PROBLEM_number-io__ARGS_NUM__MUT_075,9205,number-io,Numeric,0.075,0,True,2,51,45,"[Add-Num(1,0,12),SubmitNum-Num(12,15,5)]"
PROBLEM_number-io__ARGS_NUM__MUT_075,9206,number-io,Numeric,0.075,0,True,2,48,26,"[Add-Num(0,1,0),SubmitNum-Num(0,7,0)]"
PROBLEM_number-io__ARGS_NUM__MUT_075,9207,number-io,Numeric,0.075,0,True,3,40,29,"[Sub-Num(6,0,0),Sub-Num(1,0,0),SubmitNum-Num(0,9,15)]"
PROBLEM_number-io__ARGS_NUM__MUT_075,9208,number-io,Numeric,0.075,0,True,2,18,9,"[Add-Num(1,0,1),SubmitNum-Num(1,15,11)]"
PROBLEM_number-io__ARGS_NUM__MUT_075,9209,number-io,Numeric,0.075,0,True,3,54,47,"[Sub-Num(8,0,14),Sub-Num(1,14,1),SubmitNum-Num(1,2,0)]"
PROBLEM_number-io__ARGS_NUM__MUT_075,9210,number-io,Numeric,0.075,0,False,NONE,NONE,NONE,"NONE"
PROBLEM_number-io__ARGS_NUM__MUT_075,9211,number-io,Numeric,0.075,0,True,2,41,29,"[Add-Num(1,0,0),SubmitNum-Num(0,6,7)]"
PROBLEM_number-io__ARGS_NUM__MUT_075,9212,number-io,Numeric,0.075,0,True,4,34,6,"[While-Num(1,9,7),Sub-Num(1,12,2),Sub-Num(9,0,12),SubmitNum-Num(2,9,8)]"
PROBLEM_number-io__ARGS_NUM__MUT_075,9213,number-io,Numeric,0.075,0,True,3,93,84,"[LoadInt-Num(10,13,0),Add-Num(1,10,10),SubmitNum-Num(10,12,13)]"
PROBLEM_number-io__ARGS_NUM__MUT_075,9214,number-io,Numeric,0.075,0,True,2,29,24,"[Add-Num(0,1,0),SubmitNum-Num(0,3,4)]"
PROBLEM_number-io__ARGS_NUM__MUT_075,9215,number-io,Numeric,0.075,0,True,2,42,20,"[Add-Num(0,1,5),SubmitNum-Num(5,0,1)]"
PROBLEM_number-io__ARGS_NUM__MUT_075,9216,number-io,Numeric,0.075,0,True,2,60,36,"[Add-Num(0,1,0),SubmitNum-Num(0,0,7)]"
PROBLEM_number-io__ARGS_NUM__MUT_075,9217,number-io,Numeric,0.075,0,True,2,30,18,"[Add-Num(0,1,5),SubmitNum-Num(5,8,2)]"
PROBLEM_number-io__ARGS_NUM__MUT_075,9218,number-io,Numeric,0.075,0,True,2,42,37,"[Add-Num(0,1,12),SubmitNum-Num(12,13,2)]"
PROBLEM_number-io__ARGS_NUM__MUT_075,9219,number-io,Numeric,0.075,0,True,2,94,73,"[Add-Num(0,1,3),SubmitNum-Num(3,11,9)]"
PROBLEM_number-io__ARGS_NUM__MUT_075,9220,number-io,Numeric,0.075,0,True,2,99,27,"[Add-Num(1,0,12),SubmitNum-Num(12,13,10)]"
PROBLEM_number-io__ARGS_NUM__MUT_075,9221,number-io,Numeric,0.075,0,True,3,30,11,"[Sub-Num(3,0,6),Sub-Num(1,6,6),SubmitNum-Num(6,8,0)]"
PROBLEM_number-io__ARGS_NUM__MUT_075,9222,number-io,Numeric,0.075,0,True,2,21,15,"[Add-Num(1,0,10),SubmitNum-Num(10,2,5)]"
PROBLEM_number-io__ARGS_NUM__MUT_075,9223,number-io,Numeric,0.075,0,True,3,65,47,"[Sub-Num(8,1,3),Sub-Num(0,3,8),SubmitNum-Num(8,6,1)]"
PROBLEM_number-io__ARGS_NUM__MUT_075,9224,number-io,Numeric,0.075,0,True,3,57,30,"[Sub-Num(3,0,12),Sub-Num(1,12,0),SubmitNum-Num(0,13,8)]"
PROBLEM_number-io__ARGS_NUM__MUT_075,9225,number-io,Numeric,0.075,0,True,2,22,5,"[Add-Num(1,0,2),SubmitNum-Num(2,15,13)]"
PROBLEM_number-io__ARGS_NUM__MUT_075,9226,number-io,Numeric,0.075,0,True,3,68,54,"[Sub-Num(2,1,7),Sub-Num(0,7,13),SubmitNum-Num(13,12,13)]"
PROBLEM_number-io__ARGS_NUM__MUT_075,9227,number-io,Numeric,0.075,0,True,2,8,2,"[Add-Num(1,0,14),SubmitNum-Num(14,11,12)]"
PROBLEM_number-io__ARGS_NUM__MUT_075,9228,number-io,Numeric,0.075,0,True,2,26,7,"[Add-Num(0,1,15),SubmitNum-Num(15,2,10)]"
PROBLEM_number-io__ARGS_NUM__MUT_075,9229,number-io,Numeric,0.075,0,True,2,33,12,"[Add-Num(0,1,5),SubmitNum-Num(5,10,13)]"
PROBLEM_number-io__ARGS_NUM__MUT_075,9230,number-io,Numeric,0.075,0,True,4,94,64,"[Sub-Num(4,1,0),LoadInt-Num(1,14,6),Sub-Num(1,0,13),SubmitNum-Num(13,7,9)]"
PROBLEM_number-io__ARGS_NUM__MUT_075,9231,number-io,Numeric,0.075,0,True,3,10,6,"[Sub-Num(12,0,14),Sub-Num(1,14,11),SubmitNum-Num(11,4,9)]"
PROBLEM_number-io__ARGS_NUM__MUT_075,9232,number-io,Numeric,0.075,0,True,2,33,7,"[Add-Num(1,0,9),SubmitNum-Num(9,2,4)]"
PROBLEM_number-io__ARGS_NUM__MUT_075,9233,number-io,Numeric,0.075,0,True,2,10,4,"[Add-Num(0,1,7),SubmitNum-Num(7,12,11)]"
PROBLEM_number-io__ARGS_NUM__MUT_075,9234,number-io,Numeric,0.075,0,True,4,31,21,"[Set-2-Num(13,7,6),Countdown-Num(13,1,0),SubmitNum-Num(0,1,15),Add-Num(1,0,0)]"
PROBLEM_number-io__ARGS_NUM__MUT_075,9235,number-io,Numeric,0.075,0,True,2,15,12,"[Add-Num(1,0,0),SubmitNum-Num(0,4,6)]"
PROBLEM_number-io__ARGS_NUM__MUT_075,9236,number-io,Numeric,0.075,0,True,2,10,6,"[Add-Num(0,1,14),SubmitNum-Num(14,11,5)]"
PROBLEM_number-io__ARGS_NUM__MUT_075,9237,number-io,Numeric,0.075,0,True,4,17,4,"[Set-5-Num(7,12,0),Countdown-Num(7,9,4),SubmitNum-Num(6,15,13),Add-Num(0,1,6)]"
PROBLEM_number-io__ARGS_NUM__MUT_075,9238,number-io,Numeric,0.075,0,True,2,11,7,"[Add-Num(0,1,3),SubmitNum-Num(3,13,0)]"
PROBLEM_number-io__ARGS_NUM__MUT_075,9239,number-io,Numeric,0.075,0,True,3,35,29,"[Sub-Num(2,0,4),Sub-Num(1,4,0),SubmitNum-Num(0,9,4)]"
PROBLEM_number-io__ARGS_NUM__MUT_075,9240,number-io,Numeric,0.075,0,True,2,16,6,"[Add-Num(0,1,2),SubmitNum-Num(2,14,12)]"
PROBLEM_number-io__ARGS_NUM__MUT_075,9241,number-io,Numeric,0.075,0,False,NONE,NONE,NONE,"NONE"
PROBLEM_number-io__ARGS_NUM__MUT_075,9242,number-io,Numeric,0.075,0,True,3,45,35,"[Sub-Num(4,0,14),Sub-Num(1,14,1),SubmitNum-Num(1,5,10)]"
PROBLEM_number-io__ARGS_NUM__MUT_075,9243,number-io,Numeric,0.075,0,True,2,17,12,"[Add-Num(1,0,1),SubmitNum-Num(1,3,4)]"
PROBLEM_number-io__ARGS_NUM__MUT_075,9244,number-io,Numeric,0.075,0,True,2,6,1,"[Add-Num(1,0,12),SubmitNum-Num(12,13,15)]"
PROBLEM_number-io__ARGS_NUM__MUT_075,9245,number-io,Numeric,0.075,0,True,2,20,6,"[Add-Num(0,1,6),SubmitNum-Num(6,15,2)]"
PROBLEM_number-io__ARGS_NUM__MUT_075,9246,number-io,Numeric,0.075,0,True,3,26,13,"[Sub-Num(7,0,2),Sub-Num(1,2,0),SubmitNum-Num(0,9,13)]"
PROBLEM_number-io__ARGS_NUM__MUT_075,9247,number-io,Numeric,0.075,0,False,NONE,NONE,NONE,"NONE"
PROBLEM_number-io__ARGS_NUM__MUT_075,9248,number-io,Numeric,0.075,0,True,2,34,5,"[Add-Num(1,0,6),SubmitNum-Num(6,8,1)]"
PROBLEM_number-io__ARGS_NUM__MUT_075,9249,number-io,Numeric,0.075,0,True,2,25,13,"[Add-Num(0,1,5),SubmitNum-Num(5,0,5)]"
PROBLEM_number-io__ARGS_NUM__MUT_075,9250,number-io,Numeric,0.075,0,True,5,66,45,"[Sub-Num(7,1,3),Countdown-Num(3,15,5),Sub-Num(0,2,6),Sub-Num(12,1,2),SubmitNum-Num(6,7,8)]"
PROBLEM_number-io__ARGS_NUM__MUT_1,9001,number-io,Numeric,0.1,0,True,3,56,29,"[Sub-Num(9,1,6),Sub-Num(0,6,5),SubmitNum-Num(5,8,3)]"
PROBLEM_number-io__ARGS_NUM__MUT_1,9002,number-io,Numeric,0.1,0,True,5,58,27,"[Close(13,3,11),SubmitNum-Num(11,2,5),Add-Num(0,1,11),While-Num(12,1,3),Div-Num(8,14,14)]"
PROBLEM_number-io__ARGS_NUM__MUT_1,9003,number-io,Numeric,0.1,0,True,2,42,6,"[Add-Num(0,1,8),SubmitNum-Num(8,4,4)]"
PROBLEM_number-io__ARGS_NUM__MUT_1,9004,number-io,Numeric,0.1,0,True,4,24,14,"[Sub-Num(2,1,0),LoadInt-Num(11,12,9),Sub-Num(11,0,0),SubmitNum-Num(0,2,7)]"
PROBLEM_number-io__ARGS_NUM__MUT_1,9005,number-io,Numeric,0.1,0,True,2,37,13,"[Add-Num(1,0,1),SubmitNum-Num(1,1,12)]"
PROBLEM_number-io__ARGS_NUM__MUT_1,9006,number-io,Numeric,0.1,0,True,3,53,33,"[Sub-Num(12,0,10),Sub-Num(1,10,14),SubmitNum-Num(14,2,1)]"
PROBLEM_number-io__ARGS_NUM__MUT_1,9007,number-io,Numeric,0.1,0,True,2,15,6,"[Add-Num(1,0,1),SubmitNum-Num(1,8,2)]"
PROBLEM_number-io__ARGS_NUM__MUT_1,9008,number-io,Numeric,0.1,0,True,2,13,5,"[Add-Num(0,1,0),SubmitNum-Num(0,9,0)]"
PROBLEM_number-io__ARGS_NUM__MUT_1,9009,number-io,Numeric,0.1,0,True,2,50,29,"[Add-Num(0,1,10),SubmitNum-Num(10,10,11)]"
PROBLEM_number-io__ARGS_NUM__MUT_1,9010,number-io,Numeric,0.1,0,True,2,37,28,"[Add-Num(1,0,1),SubmitNum-Num(1,14,7)]"
PROBLEM_number-io__ARGS_NUM__MUT_1,9011,number-io,Numeric,0.1,0,True,2,20,15,"[Add-Num(1,0,1),SubmitNum-Num(1,8,5)]"
PROBLEM_number-io__ARGS_NUM__MUT_1,9012,number-io,Numeric,0.1,0,True,2,12,5,"[Add-Num(1,0,0),SubmitNum-Num(0,2,13)]"
PROBLEM_number-io__ARGS_NUM__MUT_1,9013,number-io,Numeric,0.1,0,True,2,17,12,"[Add-Num(0,1,1),SubmitNum-Num(1,12,3)]"
PROBLEM_number-io__ARGS_NUM__MUT_1,9014,number-io,Numeric,0.1,0,True,3,100,26,"[While-Num(1,13,13),SubmitNum-Num(2,10,8),Add-Num(0,1,2)]"
PROBLEM_number-io__ARGS_NUM__MUT_1,9015,number-io,Numeric,0.1,0,True,4,31,9,"[Set-7-Num(7,6,13),Countdown-Num(7,12,9),SubmitNum-Num(2,5,15),Add-Num(1,0,2)]"
PROBLEM_number-io__ARGS_NUM__MUT_1,9016,number-io,Numeric,0.1,0,True,12,61,34,"[Inc-Num(2,14,3),Countdown-Num(2,4,7),Inc-Num(8,3,0),Set-14-Num(2,2,15),Set-4-Num(8,6,12),Set-16-Num(4,5,4),Inc-Num(14,11,4),Set-2-Num(12,13,14),Set-0-Num(12,12,13),Inc-Num(10,10,10),SubmitNum-Num(1,2,3),Add-Num(1,0,1)]"
PROBLEM_number-io__ARGS_NUM__MUT_1,9017,number-io,Numeric,0.1,0,True,2,41,33,"[Add-Num(1,0,2),SubmitNum-Num(2,10,13)]"
PROBLEM_number-io__ARGS_NUM__MUT_1,9018,number-io,Numeric,0.1,0,True,2,12,5,"[Add-Num(0,1,11),SubmitNum-Num(11,14,11)]"
PROBLEM_number-io__ARGS_NUM__MUT_1,9019,number-io,Numeric,0.1,0,True,3,38,14,"[Sub-Num(12,0,0),Sub-Num(1,0,6),SubmitNum-Num(6,12,8)]"
PROBLEM_number-io__ARGS_NUM__MUT_1,9020,number-io,Numeric,0.1,0,True,2,26,4,"[Add-Num(0,1,15),SubmitNum-Num(15,2,1)]"
PROBLEM_number-io__ARGS_NUM__MUT_1,9021,number-io,Numeric,0.1,0,True,2,11,4,"[Add-Num(0,1,4),SubmitNum-Num(4,2,11)]"
PROBLEM_number-io__ARGS_NUM__MUT_1,9022,number-io,Numeric,0.1,0,True,2,11,4,"[Add-Num(0,1,5),SubmitNum-Num(5,6,12)]"
PROBLEM_number-io__ARGS_NUM__MUT_1,9023,number-io,Numeric,0.1,0,True,2,38,17,"[Add-Num(1,0,11),SubmitNum-Num(11,11,10)]"
PROBLEM_number-io__ARGS_NUM__MUT_1,9024,number-io,Numeric,0.1,0,True,5,25,4,"[Close(8,11,5),SubmitNum-Num(15,15,13),Add-Num(1,0,15),If-Num(11,7,9),TestNumGreater-Num(2,3,3)]"
PROBLEM_number-io__ARGS_NUM__MUT_1,9025,number-io,Numeric,0.1,0,True,3,32,15,"[Sub-Num(11,0,12),Sub-Num(1,12,0),SubmitNum-Num(0,3,2)]"
PROBLEM_number-io__ARGS_NUM__MUT_1,9026,number-io,Numeric,0.1,0,True,4,37,8,"[Dec-Num(12,1,11),Mult-Num(12,0,9),Sub-Num(1,9,8),SubmitNum-Num(8,12,3)]"
PROBLEM_number-io__ARGS_NUM__MUT_1,9027,number-io,Numeric,0.1,0,True,3,89,20,"[Sub-Num(3,0,0),Sub-Num(1,0,0),SubmitNum-Num(0,4,7)]"
PROBLEM_number-io__ARGS_NUM__MUT_1,9028,number-io,Numeric,0.1,0,True,2,12,4,"[Add-Num(0,1,7),SubmitNum-Num(7,9,14)]"
PROBLEM_number-io__ARGS_NUM__MUT_1,9029,number-io,Numeric,0.1,0,True,2,26,18,"[Add-Num(0,1,12),SubmitNum-Num(12,15,0)]"
PROBLEM_number-io__ARGS_NUM__MUT_1,9030,number-io,Numeric,0.1,0,True,3,26,10,"[Sub-Num(7,1,7),Sub-Num(0,7,14),SubmitNum-Num(14,3,9)]"
PROBLEM_number-io__ARGS_NUM__MUT_1,9031,number-io,Numeric,0.1,0,True,2,45,24,"[Add-Num(0,1,11),SubmitNum-Num(11,2,13)]"
PROBLEM_number-io__ARGS_NUM__MUT_1,9032,number-io,Numeric,0.1,0,True,2,6,1,"[Add-Num(1,0,8),SubmitNum-Num(8,15,9)]"
PROBLEM_number-io__ARGS_NUM__MUT_1,9033,number-io,Numeric,0.1,0,True,3,26,15,"[Sub-Num(14,0,0),Sub-Num(1,0,15),SubmitNum-Num(15,11,3)]"
PROBLEM_number-io__ARGS_NUM__MUT_1,9034,number-io,Numeric,0.1,0,False,NONE,NONE,NONE,"NONE"
PROBLEM_number-io__ARGS_NUM__MUT_1,9035,number-io,Numeric,0.1,0,True,2,40,35,"[Add-Num(1,0,12),SubmitNum-Num(12,12,8)]"
PROBLEM_number-io__ARGS_NUM__MUT_1,9036,number-io,Numeric,0.1,0,True,2,16,3,"[Add-Num(1,0,5),SubmitNum-Num(5,1,12)]"
PROBLEM_number-io__ARGS_NUM__MUT_1,9037,number-io,Numeric,0.1,0,True,2,39,6,"[Add-Num(0,1,10),SubmitNum-Num(10,12,10)]"
PROBLEM_number-io__ARGS_NUM__MUT_1,9038,number-io,Numeric,0.1,0,True,2,48,44,"[Add-Num(0,1,12),SubmitNum-Num(12,11,9)]"
PROBLEM_number-io__ARGS_NUM__MUT_1,9039,number-io,Numeric,0.1,0,False,NONE,NONE,NONE,"NONE"
PROBLEM_number-io__ARGS_NUM__MUT_1,9040,number-io,Numeric,0.1,0,True,3,14,6,"[Sub-Num(4,0,4),Sub-Num(1,4,7),SubmitNum-Num(7,8,0)]"
PROBLEM_number-io__ARGS_NUM__MUT_1,9041,number-io,Numeric,0.1,0,True,2,37,6,"[Add-Num(0,1,6),SubmitNum-Num(6,3,11)]"
PROBLEM_number-io__ARGS_NUM__MUT_1,9042,number-io,Numeric,0.1,0,True,3,32,24,"[Sub-Num(12,0,2),Sub-Num(1,2,10),SubmitNum-Num(10,1,15)]"
PROBLEM_number-io__ARGS_NUM__MUT_1,9043,number-io,Numeric,0.1,0,True,2,11,6,"[Add-Num(1,0,1),SubmitNum-Num(1,6,7)]"
PROBLEM_number-io__ARGS_NUM__MUT_1,9044,number-io,Numeric,0.1,0,True,3,51,20,"[Sub-Num(12,1,11),Sub-Num(0,11,3),SubmitNum-Num(3,2,0)]"
PROBLEM_number-io__ARGS_NUM__MUT_1,9045,number-io,Numeric,0.1,0,True,3,20,9,"[Sub-Num(4,1,4),Sub-Num(0,4,6),SubmitNum-Num(6,5,5)]"
PROBLEM_number-io__ARGS_NUM__MUT_1,9046,number-io,Numeric,0.1,0,True,5,50,44,"[CopyMem-Num(0,4,10),Dec-Num(9,11,11),Countdown-Num(9,6,5),SubmitNum-Num(7,1,2),Add-Num(1,4,7)]"
PROBLEM_number-io__ARGS_NUM__MUT_1,9047,number-io,Numeric,0.1,0,True,3,42,11,"[Sub-Num(7,1,8),Sub-Num(0,8,0),SubmitNum-Num(0,4,0)]"
PROBLEM_number-io__ARGS_NUM__MUT_1,9048,number-io,Numeric,0.1,0,True,3,85,10,"[While-Num(1,5,0),SubmitNum-Num(4,12,3),Add-Num(1,0,4)]"
PROBLEM_number-io__ARGS_NUM__MUT_1,9049,number-io,Numeric,0.1,0,True,2,26,16,"[Add-Num(0,1,2),SubmitNum-Num(2,5,4)]"
PROBLEM_number-io__ARGS_NUM__MUT_1,9050,number-io,Numeric,0.1,0,True,5,56,40,"[Close(9,8,0),SubmitNum-Num(14,7,12),Add-Num(1,0,14),Countdown-Num(4,4,1),TestNumNEqu-Num(4,2,5)]"
PROBLEM_number-io__ARGS_TAG_BF__MUT_0001,10151,number-io,Tag-BitFlips,0.0001,0,True,4,56,48,"[Sub-Tag(1101000100101101,0001011001010001,1000111111110101),LoadInt-Tag(0001111001101001,1001110011001101,1101010110101100),Sub-Tag(1001011000100111,1011111000101110,0010111001111011),SubmitNum-Tag(1101101001011111,1100011100100111,1001110111110100)]"
PROBLEM_number-io__ARGS_TAG_BF__MUT_0001,10152,number-io,Tag-BitFlips,0.0001,0,False,NONE,NONE,NONE,"NONE"
PROBLEM_number-io__ARGS_TAG_BF__MUT_0001,10153,number-io,Tag-BitFlips,0.0001,0,True,3,43,37,"[LoadDouble-Tag(1111011011011000,0011011001010100,0001010011010011),Add-Tag(1011101111110101,0100111111011001,1111010101011111),SubmitNum-Tag(1010101011111111,1011110010110110,1100100011011101)]"
PROBLEM_number-io__ARGS_TAG_BF__MUT_0001,10154,number-io,Tag-BitFlips,0.0001,0,False,NONE,NONE,NONE,"NONE"
PROBLEM_number-io__ARGS_TAG_BF__MUT_0001,10155,number-io,Tag-BitFlips,0.0001,0,True,3,48,45,"[Add-Tag(1000010101000101,1100110011011101,0001111111111100),SwapMem-Tag(0111010101000011,1011110010111100,1010100111001100),SubmitNum-Tag(0101000101011101,1011100111101000,1101000010101100)]"
PROBLEM_number-io__ARGS_TAG_BF__MUT_0001,10156,number-io,Tag-BitFlips,0.0001,0,True,3,86,13,"[LoadInt-Tag(1011000010100001,1001101000000101,1010100110000110),Add-Tag(1010110010111101,0101000010010101,1110000001010001),SubmitNum-Tag(0010001001011100,0110001011000110,0011001100000101)]"
PROBLEM_number-io__ARGS_TAG_BF__MUT_0001,10157,number-io,Tag-BitFlips,0.0001,0,True,14,78,73,"[Set-2-Tag(1111001011001100,1101101101110011,0110001010100100),While-Tag(1111010001101100,0111001100110000,0010010110001001),Sub-Tag(0001101111110111,1011001101101011,1110101001011010),Set-7-Tag(1011111000001100,0011110101001001,1000010101010010),TestNumEqu-Tag(0011011000111111,1010111001000001,1010000000101011),Not-Tag(0110011100111101,0001111100111000,1111011011110100),SubmitNum-Tag(1010100101010010,0011001001101110,0001101101100000),Mult-Tag(1100111001010010,0011110011000110,0001111000001011),TestNumGreaterTEqu-Tag(0111001100010010,1110101100100001,1110010000001100),Not-Tag(0000100000011000,1101000001110011,0101111101011011),Sub-Tag(0000111000101101,1001101101101111,0111100100000010),LoadDouble-Tag(1100011100111110,1111110010010110,0001010111100001),Div-Tag(0110000010011010,1110110000111001,1011010010011000),Not-Tag(0000100000011000,1101000001110011,0101111101011011)]"
PROBLEM_number-io__ARGS_TAG_BF__MUT_0001,10158,number-io,Tag-BitFlips,0.0001,0,True,3,36,32,"[Sub-Tag(1111010011001110,0011110111110100,0001111000001101),Sub-Tag(0001011100100101,0000011000001100,0011001111101100),SubmitNum-Tag(1011110100110111,1110101100000101,0010101101001111)]"
PROBLEM_number-io__ARGS_TAG_BF__MUT_0001,10159,number-io,Tag-BitFlips,0.0001,0,True,5,24,12,"[LoadDouble-Tag(1100001101010001,0001111110010101,1111111100011001),SwapMem-Tag(1110001100110011,1101110111000011,0000001111001110),Add-Tag(1111110001010110,1011100000111010,0101000101101101),Sub-Tag(0101110100011100,0000011111101001,1010110000110111),SubmitNum-Tag(1000100100110011,1101110101010001,0100111100101111)]"
PROBLEM_number-io__ARGS_TAG_BF__MUT_0001,10160,number-io,Tag-BitFlips,0.0001,0,True,3,37,32,"[SwapMem-Tag(0101000101100100,0101101101110011,1110101110010111),Add-Tag(1011111100010000,1111101111011001,0101010111111111),SubmitNum-Tag(1011011101000111,1000100100000100,1010001100010100)]"
PROBLEM_number-io__ARGS_TAG_BF__MUT_0001,10161,number-io,Tag-BitFlips,0.0001,0,True,3,81,77,"[LoadDouble-Tag(0100101011100010,1101000000111011,0011101000110010),Add-Tag(0000001011000110,0001111011011101,1000011101011101),SubmitNum-Tag(0001110101111001,0010011011000100,0111100010001011)]"
PROBLEM_number-io__ARGS_TAG_BF__MUT_0001,10162,number-io,Tag-BitFlips,0.0001,0,True,2,61,55,"[Add-Tag(1011111010110111,0001110110000101,1110110011011011),SubmitNum-Tag(0111011111111011,1011000101110100,1100000010000001)]"
PROBLEM_number-io__ARGS_TAG_BF__MUT_0001,10163,number-io,Tag-BitFlips,0.0001,0,True,2,23,20,"[Add-Tag(1111011011100010,0101010100001110,1101110010010011),SubmitNum-Tag(1110111000100110,1000001000011111,1010010000110000)]"
PROBLEM_number-io__ARGS_TAG_BF__MUT_0001,10164,number-io,Tag-BitFlips,0.0001,0,False,NONE,NONE,NONE,"NONE"
PROBLEM_number-io__ARGS_TAG_BF__MUT_0001,10165,number-io,Tag-BitFlips,0.0001,0,True,2,5,3,"[Add-Tag(1101010100100110,0111101110110111,1010011101110110),SubmitNum-Tag(0110101011111111,1110100001010010,0101010010000001)]"
PROBLEM_number-io__ARGS_TAG_BF__MUT_0001,10166,number-io,Tag-BitFlips,0.0001,0,True,3,52,47,"[LoadInt-Tag(1011001100011110,0010100010100101,1111011001010000),Add-Tag(1011000000100011,1001011100010000,0110001001100011),SubmitNum-Tag(0011001011010010,1101000110101110,1011011111001101)]"
PROBLEM_number-io__ARGS_TAG_BF__MUT_0001,10167,number-io,Tag-BitFlips,0.0001,0,True,3,22,20,"[Add-Tag(1101000101011101,1101010110110110,1101100010111010),Sub-Tag(1011000011011101,0011000110010011,0000010100101101),SubmitNum-Tag(0001001001001110,0011100111000000,1000110110000000)]"
PROBLEM_number-io__ARGS_TAG_BF__MUT_0001,10168,number-io,Tag-BitFlips,0.0001,0,True,4,65,57,"[LoadDouble-Tag(1010111110110110,0011011011101111,1011100001011000),LoadInt-Tag(0010001101101011,1010011100100010,0101101100000001),Add-Tag(0110100110010111,0001001101100010,1101011111101110),SubmitNum-Tag(1110100011111111,0000111001111010,0010000001011010)]"
PROBLEM_number-io__ARGS_TAG_BF__MUT_0001,10169,number-io,Tag-BitFlips,0.0001,0,True,4,62,46,"[LoadDouble-Tag(1001110110010110,1001111010111101,0000111111110100),Add-Tag(1011100110010110,1011111010111101,0000111111110100),Sub-Tag(0101011111101110,0000111110110010,1001010111000000),SubmitNum-Tag(0101000011110000,0000010101010110,1010000001110110)]"
PROBLEM_number-io__ARGS_TAG_BF__MUT_0001,10170,number-io,Tag-BitFlips,0.0001,0,True,3,9,2,"[LoadInt-Tag(1010000111001111,1111100010000111,0000001101100101),Add-Tag(1010000010110001,0100110011000101,1111001011010011),SubmitNum-Tag(1001011011000111,1000000101101111,1101010111011011)]"
PROBLEM_number-io__ARGS_TAG_BF__MUT_0001,10171,number-io,Tag-BitFlips,0.0001,0,True,2,39,36,"[Add-Tag(0110011111001110,0100100101110101,1111111001010100),SubmitNum-Tag(0010111011110101,0001011100110000,0101010000001011)]"
PROBLEM_number-io__ARGS_TAG_BF__MUT_0001,10172,number-io,Tag-BitFlips,0.0001,0,True,3,52,43,"[Add-Tag(0100111101000100,0011101111001110,1111001101111100),Add-Tag(1110101111001111,1111001010001001,1101010110000110),SubmitNum-Tag(1101000001011000,1100100100010110,0001100111110100)]"
PROBLEM_number-io__ARGS_TAG_BF__MUT_0001,10173,number-io,Tag-BitFlips,0.0001,0,False,NONE,NONE,NONE,"NONE"
PROBLEM_number-io__ARGS_TAG_BF__MUT_0001,10174,number-io,Tag-BitFlips,0.0001,0,False,NONE,NONE,NONE,"NONE"
PROBLEM_number-io__ARGS_TAG_BF__MUT_0001,10175,number-io,Tag-BitFlips,0.0001,0,False,NONE,NONE,NONE,"NONE"
PROBLEM_number-io__ARGS_TAG_BF__MUT_0001,10176,number-io,Tag-BitFlips,0.0001,0,True,3,70,64,"[LoadInt-Tag(1011101101000000,1111010101010110,1111001111111110),Add-Tag(1011101101000000,1111010101010110,1111001111111110),SubmitNum-Tag(1101111110100011,1110100101101110,0110001011000000)]"
PROBLEM_number-io__ARGS_TAG_BF__MUT_0001,10177,number-io,Tag-BitFlips,0.0001,0,True,2,98,94,"[Add-Tag(0110010000010101,0011111011011110,0000010001000000),SubmitNum-Tag(0001010101011010,0001001010101111,0011111100000110)]"
PROBLEM_number-io__ARGS_TAG_BF__MUT_0001,10178,number-io,Tag-BitFlips,0.0001,0,True,3,34,29,"[LoadDouble-Tag(0010001011011000,1001100111111101,0101010100110011),Add-Tag(0110111111000111,0100001110011001,1001110011110111),SubmitNum-Tag(1010111101111111,1001011111010001,0011001001000110)]"
PROBLEM_number-io__ARGS_TAG_BF__MUT_0001,10179,number-io,Tag-BitFlips,0.0001,0,True,6,36,26,"[Close(0100100011001001,0001111101000111,1011100011001110),Sub-Tag(1000010100111111,1111111110000001,1101101111101101),SubmitNum-Tag(1100111010111110,0011110001101000,0111110011111000),LoadDouble-Tag(0000101000001110,0011000010001011,0100001101110010),IfNot-Tag(0101000100000100,0101111011111010,0110110110101010),Set-14-Tag(1001100111110011,1100101101111000,0010011100010001)]"
PROBLEM_number-io__ARGS_TAG_BF__MUT_0001,10180,number-io,Tag-BitFlips,0.0001,0,True,2,52,46,"[Add-Tag(1101111001010001,0111011101111001,1110000100010100),SubmitNum-Tag(0000010111011100,1001101011011110,0110000111111110)]"
PROBLEM_number-io__ARGS_TAG_BF__MUT_0001,10181,number-io,Tag-BitFlips,0.0001,0,True,4,48,41,"[Sub-Tag(0111110000001111,0011111011111001,0010111110110110),LoadDouble-Tag(0110000001111010,0101111001011011,1110011101010111),Sub-Tag(0111110000001001,0011111011111001,0010111110110110),SubmitNum-Tag(1111010111101000,0110101010010010,1000100110111100)]"
PROBLEM_number-io__ARGS_TAG_BF__MUT_0001,10182,number-io,Tag-BitFlips,0.0001,0,True,4,95,90,"[Inc-Tag(1010111000011101,0110001111101000,0011000101011111),Div-Tag(0110010100001100,0100101000010001,0000110111101111),Add-Tag(0111101111010010,0000110100010010,0001011010010100),SubmitNum-Tag(0011010001010110,0011101110100011,1000000001101011)]"
PROBLEM_number-io__ARGS_TAG_BF__MUT_0001,10183,number-io,Tag-BitFlips,0.0001,0,True,3,79,69,"[LoadDouble-Tag(1111000010110010,1101001111001001,0001101001010110),Add-Tag(0011011101101011,1110101111101101,0001000101010111),SubmitNum-Tag(0100010011110101,1111011100010101,1101101011000100)]"
PROBLEM_number-io__ARGS_TAG_BF__MUT_0001,10184,number-io,Tag-BitFlips,0.0001,0,True,3,94,83,"[LoadInt-Tag(1101111000000000,1100000101001001,1111011010011011),Add-Tag(1110010000101011,0100010100001000,0101010011000111),SubmitNum-Tag(0110000100010100,1001110010111000,0011010101010001)]"
PROBLEM_number-io__ARGS_TAG_BF__MUT_0001,10185,number-io,Tag-BitFlips,0.0001,0,True,2,71,69,"[Add-Tag(0101110101101111,0101010101001001,0001000011010100),SubmitNum-Tag(1100010101010111,1111111011110110,0001001110101110)]"
PROBLEM_number-io__ARGS_TAG_BF__MUT_0001,10186,number-io,Tag-BitFlips,0.0001,0,True,3,21,13,"[LoadDouble-Tag(0000100000100000,1110000101111110,1100101011011110),Add-Tag(0000100000100000,1110000101111110,1100101011011110),SubmitNum-Tag(1010111111110010,1000100000111110,1110111000111101)]"
PROBLEM_number-io__ARGS_TAG_BF__MUT_0001,10187,number-io,Tag-BitFlips,0.0001,0,False,NONE,NONE,NONE,"NONE"
PROBLEM_number-io__ARGS_TAG_BF__MUT_0001,10188,number-io,Tag-BitFlips,0.0001,0,False,NONE,NONE,NONE,"NONE"
PROBLEM_number-io__ARGS_TAG_BF__MUT_0001,10189,number-io,Tag-BitFlips,0.0001,0,True,3,35,25,"[Add-Tag(0110001111111010,1001011110010100,1111001011100111),Sub-Tag(1110011101011010,0000101110010100,0000101111101001),SubmitNum-Tag(0101100100101010,0001000111001110,0100010100010100)]"
PROBLEM_number-io__ARGS_TAG_BF__MUT_0001,10190,number-io,Tag-BitFlips,0.0001,0,False,NONE,NONE,NONE,"NONE"
PROBLEM_number-io__ARGS_TAG_BF__MUT_0001,10191,number-io,Tag-BitFlips,0.0001,0,False,NONE,NONE,NONE,"NONE"
PROBLEM_number-io__ARGS_TAG_BF__MUT_0001,10192,number-io,Tag-BitFlips,0.0001,0,False,NONE,NONE,NONE,"NONE"
PROBLEM_number-io__ARGS_TAG_BF__MUT_0001,10193,number-io,Tag-BitFlips,0.0001,0,False,NONE,NONE,NONE,"NONE"
PROBLEM_number-io__ARGS_TAG_BF__MUT_0001,10194,number-io,Tag-BitFlips,0.0001,0,False,NONE,NONE,NONE,"NONE"
PROBLEM_number-io__ARGS_TAG_BF__MUT_0001,10195,number-io,Tag-BitFlips,0.0001,0,False,NONE,NONE,NONE,"NONE"
PROBLEM_number-io__ARGS_TAG_BF__MUT_0001,10196,number-io,Tag-BitFlips,0.0001,0,True,2,75,72,"[Add-Tag(0001010001010101,1110110101011111,0010010111010000),SubmitNum-Tag(0001010011100100,1011001111111011,0011101101100010)]"
PROBLEM_number-io__ARGS_TAG_BF__MUT_0001,10197,number-io,Tag-BitFlips,0.0001,0,False,NONE,NONE,NONE,"NONE"
PROBLEM_number-io__ARGS_TAG_BF__MUT_0001,10198,number-io,Tag-BitFlips,0.0001,0,True,2,5,1,"[Add-Tag(1111110001010100,1001100101110110,0000001011110010),SubmitNum-Tag(0001010001111110,1100110111001011,1110100010001000)]"
PROBLEM_number-io__ARGS_TAG_BF__MUT_0001,10199,number-io,Tag-BitFlips,0.0001,0,False,NONE,NONE,NONE,"NONE"
PROBLEM_number-io__ARGS_TAG_BF__MUT_0001,10200,number-io,Tag-BitFlips,0.0001,0,False,NONE,NONE,NONE,"NONE"
PROBLEM_number-io__ARGS_TAG_BF__MUT_001,10101,number-io,Tag-BitFlips,0.001,0,True,5,89,62,"[Close(1110011000001100,0111011111100101,0001111001011110),SubmitNum-Tag(0111100010010100,1111101011101110,0100001010110101),Add-Tag(0111110001011100,1011100111111110,0101101010110101),Countdown-Tag(0010011101110110,1100111010101000,1110010100001011),TestNumGreaterTEqu-Tag(0110111010001111,0011010010000011,1000100110110100)]"
PROBLEM_number-io__ARGS_TAG_BF__MUT_001,10102,number-io,Tag-BitFlips,0.001,0,True,2,38,33,"[Add-Tag(1110111010000110,1101000111010111,1001011110111101),SubmitNum-Tag(0011111111011011,1111110111000111,0111001100000000)]"
PROBLEM_number-io__ARGS_TAG_BF__MUT_001,10103,number-io,Tag-BitFlips,0.001,0,True,30,100,100,"[SwapMem-Tag(1011000000110000,1000001101001101,0101001100110110),Floor-Tag(0111101111001111,0001101000101111,0101001010001101),SubmitNum-Tag(0000010111000001,0100100100000011,0010010010100101),TestNumEqu-Tag(0110011001111001,0111011110001100,1011100100000110),Inc-Tag(0000001010011101,1101000011011011,0011011011010100),TestNumGreaterTEqu-Tag(0011101101011000,0010011001101101,1010001010001011),Add-Tag(1011101011011010,1000010101011111,1111101110101110),Set-6-Tag(0011011010011000,0000100010111101,0001010101110001),Set-11-Tag(0111100010110001,0001101010010010,1010111010100010),TestNumLessTEqu-Tag(0000101010011001,1101000010011101,0011011001000000),TestNumGreaterTEqu-Tag(0011001101011100,0010111001101101,1010011010001011),TestNumEqu-Tag(0110011001111001,0111011110001100,1011000100000010),Mod-Tag(0110011000101011,0000010011000100,1010111110100000),Inc-Tag(0000001010011101,1111000011011011,0010011001010100),Set-8-Tag(0011101111011000,0010011001101101,1010001010001010),Mod-Tag(0110011011100111,0100100011010101,0101000010111001),Set-16-Tag(1110100001101110,1110001001011001,0111001100001110),Set-6-Tag(0011011010011000,0000100000111101,0001011101110011),TestNumGreaterTEqu-Tag(0011010000010111,0011101110010110,0011000010001100),SubmitNum-Tag(0110011011100111,0100100011010101,0011000110111000),IfNot-Tag(1011011010011000,0010100010111101,0001011101010001),Div-Tag(1001100110111000,1001010100000000,1011010110001101),Countdown-Tag(1110000100110010,1001000110100110,0011110000011011),TestNumGreater-Tag(1000100000101001,1010010100011101,1010110111100001),Mult-Tag(1010101000111100,0100100101100011,1001010011100001),Close(1000111111100110,0001010011110111,1101000010110100),Countdown-Tag(1111111011001001,1100101011011000,1100100101000001),Set-4-Tag(1100000101001001,1001000100000010,1000010100111001),SubmitNum-Tag(1101111100011111,0001011010000010,0010001000010100),Set-1-Tag(0111001111001001,1110100111011001,0011011011110110)]"
PROBLEM_number-io__ARGS_TAG_BF__MUT_001,10104,number-io,Tag-BitFlips,0.001,0,True,3,12,5,"[LoadDouble-Tag(0111101001000111,0011000000011101,0001011010110111),Add-Tag(1001101001110001,1110110111111000,0000111110010011),SubmitNum-Tag(0001011110001011,0001100000111101,0111000110001110)]"
PROBLEM_number-io__ARGS_TAG_BF__MUT_001,10105,number-io,Tag-BitFlips,0.001,0,True,2,41,16,"[Add-Tag(1011100011110110,1101100101110001,1111000011110001),SubmitNum-Tag(1101110110000110,0110000011001101,1011011101011101)]"
PROBLEM_number-io__ARGS_TAG_BF__MUT_001,10106,number-io,Tag-BitFlips,0.001,0,True,2,34,31,"[Add-Tag(1011100111110010,1100001101110100,1110101001111111),SubmitNum-Tag(1100011111101100,1001101011000110,0000001100011111)]"
PROBLEM_number-io__ARGS_TAG_BF__MUT_001,10107,number-io,Tag-BitFlips,0.001,0,False,NONE,NONE,NONE,"NONE"
PROBLEM_number-io__ARGS_TAG_BF__MUT_001,10108,number-io,Tag-BitFlips,0.001,0,True,2,64,46,"[Add-Tag(0101110101001001,1101101110010111,0100100101011101),SubmitNum-Tag(0101010111000110,1110111101100110,1110100000000101)]"
PROBLEM_number-io__ARGS_TAG_BF__MUT_001,10109,number-io,Tag-BitFlips,0.001,0,False,NONE,NONE,NONE,"NONE"
PROBLEM_number-io__ARGS_TAG_BF__MUT_001,10110,number-io,Tag-BitFlips,0.001,0,True,3,20,11,"[LoadInt-Tag(1000110111100010,0010001110000000,1010011010101010),Add-Tag(0001011001110110,1100000010101101,1001110101000000),SubmitNum-Tag(0001100001010101,0000000110100100,0101001100001010)]"
PROBLEM_number-io__ARGS_TAG_BF__MUT_001,10111,number-io,Tag-BitFlips,0.001,0,False,NONE,NONE,NONE,"NONE"
PROBLEM_number-io__ARGS_TAG_BF__MUT_001,10112,number-io,Tag-BitFlips,0.001,0,False,NONE,NONE,NONE,"NONE"
PROBLEM_number-io__ARGS_TAG_BF__MUT_001,10113,number-io,Tag-BitFlips,0.001,0,True,2,46,43,"[Add-Tag(1110111101110101,0111110100110001,1110010111011010),SubmitNum-Tag(1010110001111110,1011100111101101,0011111011100101)]"
PROBLEM_number-io__ARGS_TAG_BF__MUT_001,10114,number-io,Tag-BitFlips,0.001,0,True,4,37,31,"[CopyMem-Tag(0001010100001101,1000101001101100,0110110010101001),LoadInt-Tag(0101011001011111,1000100111010011,1100100001010011),Add-Tag(1011011001000110,0101011101011000,0110011100000111),SubmitNum-Tag(1100111000101100,0010110110000010,0001111110010110)]"
PROBLEM_number-io__ARGS_TAG_BF__MUT_001,10115,number-io,Tag-BitFlips,0.001,0,False,NONE,NONE,NONE,"NONE"
PROBLEM_number-io__ARGS_TAG_BF__MUT_001,10116,number-io,Tag-BitFlips,0.001,0,True,3,47,30,"[Add-Tag(0100010001101100,1111111010110000,0001111110010101),Sub-Tag(0011010110010111,0010110101001001,0000010110110011),SubmitNum-Tag(0001101110101010,0001100111001010,0000110000011110)]"
PROBLEM_number-io__ARGS_TAG_BF__MUT_001,10117,number-io,Tag-BitFlips,0.001,0,True,2,15,8,"[Add-Tag(0011101110111100,0001010011110100,0100011001010111),SubmitNum-Tag(0101010001000101,1010100101010111,1100001101010111)]"
PROBLEM_number-io__ARGS_TAG_BF__MUT_001,10118,number-io,Tag-BitFlips,0.001,0,True,3,31,24,"[LoadInt-Tag(0111101110101001,0011110010011101,1101111000011100),Add-Tag(0100100010101000,0100011101100110,1110110100111000),SubmitNum-Tag(0100000010101000,0100011101100110,1110110100111000)]"
PROBLEM_number-io__ARGS_TAG_BF__MUT_001,10119,number-io,Tag-BitFlips,0.001,0,True,2,69,21,"[Add-Tag(0101101111111011,1111010100110000,0101010100101001),SubmitNum-Tag(0100000101001111,1111100001110011,0001111100100111)]"
PROBLEM_number-io__ARGS_TAG_BF__MUT_001,10120,number-io,Tag-BitFlips,0.001,0,True,6,96,56,"[Sub-Tag(1100011110111010,1100001111111000,1101101010010111),Set-7-Tag(0001100010110101,0000010011100101,1110110011010001),Countdown-Tag(1001111010110100,1010111111001011,0000010011111001),SubmitNum-Tag(0101011011000101,0010000100101111,1111000010100010),Add-Tag(0111100111011111,0100111101110001,0110011100110100),Add-Tag(0100000110010011,0100011110100101,1100001100111110)]"
PROBLEM_number-io__ARGS_TAG_BF__MUT_001,10121,number-io,Tag-BitFlips,0.001,0,True,3,100,95,"[LoadInt-Tag(0011000110011000,0101101110111000,1001001011000111),Add-Tag(0011010101001101,0101000110101000,0001011010010010),SubmitNum-Tag(0101001100110110,1110100010101111,0111101000001000)]"
PROBLEM_number-io__ARGS_TAG_BF__MUT_001,10122,number-io,Tag-BitFlips,0.001,0,True,3,12,7,"[LoadDouble-Tag(1101000011001011,0001001101000100,1101011000010010),Add-Tag(1111111101110110,1110001101100110,0101000100010110),SubmitNum-Tag(1101000111010110,1011111010000111,0110001101100100)]"
PROBLEM_number-io__ARGS_TAG_BF__MUT_001,10123,number-io,Tag-BitFlips,0.001,0,True,3,77,14,"[LoadDouble-Tag(1101011110000111,0001001010111100,1001011110100000),Add-Tag(1101010111011010,1110101001100010,1010001011011000),SubmitNum-Tag(1000000001000100,0111001100011100,1101001001101000)]"
PROBLEM_number-io__ARGS_TAG_BF__MUT_001,10124,number-io,Tag-BitFlips,0.001,0,True,3,42,19,"[LoadInt-Tag(0110001000101000,0100111011011011,1111011101101101),Add-Tag(0111110101100000,1101011101110000,0011011111100010),SubmitNum-Tag(0011000101101010,0010110010101110,1001001011001010)]"
PROBLEM_number-io__ARGS_TAG_BF__MUT_001,10125,number-io,Tag-BitFlips,0.001,0,True,2,13,9,"[Add-Tag(0101011111100001,0100011110111110,1001100010110111),SubmitNum-Tag(1011100010000100,1000000101101100,0111111101101011)]"
PROBLEM_number-io__ARGS_TAG_BF__MUT_001,10126,number-io,Tag-BitFlips,0.001,0,True,9,73,20,"[Close(0000111111010001,1100011011100110,1001010010000111),Sub-Tag(1011000111000101,1001101111110010,0100111111110110),Set-10-Tag(0101010010011010,0110000100101110,1101101100011111),Sub-Tag(0111110101001110,0000010111001001,1101011111101010),SubmitNum-Tag(0111001111010110,1110011111011010,1110001010110001),Div-Tag(0101111111101110,0010011010100000,1101111010000101),Mult-Tag(1100101100111111,1100110110010010,0110011101000000),IfNot-Tag(1101101101100110,0011011110001100,1111100011100000),TestNumLessTEqu-Tag(0110011100101011,1101001111001000,0010011101001010)]"
PROBLEM_number-io__ARGS_TAG_BF__MUT_001,10127,number-io,Tag-BitFlips,0.001,0,True,3,43,38,"[Sub-Tag(1110000110001110,0010010101110111,0101001100011000),Sub-Tag(1100100110101110,0010011111010101,0101001100011000),SubmitNum-Tag(0001000001010010,1110011010011110,1110000111100101)]"
PROBLEM_number-io__ARGS_TAG_BF__MUT_001,10128,number-io,Tag-BitFlips,0.001,0,True,15,75,63,"[Close(0000110001101000,1111011001100111,1010101001110001),Close(1001111101101100,1000101111010001,0110100011100100),Dec-Tag(1110010101111110,1000000011010011,1111011100111110),Sub-Tag(1101110000001110,0111100100010100,1100111100001001),Sub-Tag(0110111010000110,1110010101100001,0100110001000110),CopyMem-Tag(1010011011011110,1011000010011111,0000001100001111),SubmitNum-Tag(0101000000110001,0110000000111100,1101001110011100),Set-0-Tag(1000100101001111,1000100111110001,1111100011100110),Set-9-Tag(1110000111111111,1000010011010011,1111011100111110),LoadInt-Tag(1111111000111010,1111000110011111,1010111001110010),Dec-Tag(0001010110010111,0100001010101101,1111001110011111),Floor-Tag(1001101110011000,0110100100110110,0110011000100000),Floor-Tag(1101110000000110,1101100100010100,1100101101101001),Countdown-Tag(1010011011011000,1011010010010001,0000001110001111),SubmitNum-Tag(0101010000110001,0110001000111100,0101001100011100)]"
PROBLEM_number-io__ARGS_TAG_BF__MUT_001,10129,number-io,Tag-BitFlips,0.001,0,True,2,23,19,"[Add-Tag(0110010111110100,1001111100110110,0101100001011000),SubmitNum-Tag(0101110100111000,0001100111001100,0111110111110001)]"
PROBLEM_number-io__ARGS_TAG_BF__MUT_001,10130,number-io,Tag-BitFlips,0.001,0,True,3,25,14,"[LoadInt-Tag(0101101100101100,0100011000010111,1001010101000100),Add-Tag(0101000100000110,0110101010100101,1110100001100110),SubmitNum-Tag(0110000101011011,1101010011010100,0011011110101010)]"
PROBLEM_number-io__ARGS_TAG_BF__MUT_001,10131,number-io,Tag-BitFlips,0.001,0,True,3,57,14,"[LoadInt-Tag(1010000001010101,0110110010001000,1000010001001000),Add-Tag(0010001001000100,0111011100010110,0110010011001100),SubmitNum-Tag(1110111110011000,1000111111011110,1110000101000101)]"
PROBLEM_number-io__ARGS_TAG_BF__MUT_001,10132,number-io,Tag-BitFlips,0.001,0,True,3,46,36,"[LoadInt-Tag(1011000110110111,0110010000011110,1110100101110010),Add-Tag(0011001101101000,0110010101011001,0110110111001101),SubmitNum-Tag(1110110100111001,1000010100111011,1010010011011000)]"
PROBLEM_number-io__ARGS_TAG_BF__MUT_001,10133,number-io,Tag-BitFlips,0.001,0,True,2,53,49,"[Add-Tag(0100000100011010,0111111111100001,1011100011111110),SubmitNum-Tag(1111111111010100,0100101000010000,0000100111111001)]"
PROBLEM_number-io__ARGS_TAG_BF__MUT_001,10134,number-io,Tag-BitFlips,0.001,0,False,NONE,NONE,NONE,"NONE"
PROBLEM_number-io__ARGS_TAG_BF__MUT_001,10135,number-io,Tag-BitFlips,0.001,0,True,3,19,8,"[Sub-Tag(0010010111100010,0001010111011011,0100100001001111),Sub-Tag(1000111111011011,0110111001001101,0101110101101110),SubmitNum-Tag(0110100111111111,1110000001000101,1100100011011010)]"
PROBLEM_number-io__ARGS_TAG_BF__MUT_001,10136,number-io,Tag-BitFlips,0.001,0,True,2,39,14,"[Add-Tag(0101101111110011,0111010001010000,1110000001010101),SubmitNum-Tag(0110100011010100,1101010100011100,1010011011110110)]"
PROBLEM_number-io__ARGS_TAG_BF__MUT_001,10137,number-io,Tag-BitFlips,0.001,0,True,4,34,24,"[SwapMem-Tag(1001001010001011,1110111110001100,0100101000000011),Add-Tag(1010010001010101,0100110100000101,0110101111011110),Add-Tag(1000000010010001,0010111011011111,0110110100110011),SubmitNum-Tag(1100110110111010,0001111100110011,0001001110011100)]"
PROBLEM_number-io__ARGS_TAG_BF__MUT_001,10138,number-io,Tag-BitFlips,0.001,0,False,NONE,NONE,NONE,"NONE"
PROBLEM_number-io__ARGS_TAG_BF__MUT_001,10139,number-io,Tag-BitFlips,0.001,0,False,NONE,NONE,NONE,"NONE"
PROBLEM_number-io__ARGS_TAG_BF__MUT_001,10140,number-io,Tag-BitFlips,0.001,0,True,4,19,10,"[Sub-Tag(1000100110010000,0001111111011101,0111110101110111),SwapMem-Tag(0110111101010000,0001110110011110,0000110011000111),Sub-Tag(1000100110010000,1001111111011101,0111110101110111),SubmitNum-Tag(1010111111100111,0010110010000100,0001111111111100)]"
PROBLEM_number-io__ARGS_TAG_BF__MUT_001,10141,number-io,Tag-BitFlips,0.001,0,False,NONE,NONE,NONE,"NONE"
PROBLEM_number-io__ARGS_TAG_BF__MUT_001,10142,number-io,Tag-BitFlips,0.001,0,True,2,88,16,"[Add-Tag(0001100101010111,1110101100110110,1111111110011101),SubmitNum-Tag(1110011101110110,1111111111111110,1011110111100111)]"
PROBLEM_number-io__ARGS_TAG_BF__MUT_001,10143,number-io,Tag-BitFlips,0.001,0,True,3,49,43,"[CopyMem-Tag(0101011001000101,1111001000111010,1001101101010001),Add-Tag(1010011100111000,1001111010010110,1011101110111010),SubmitNum-Tag(1111010001111010,0000100000010000,0111000111001101)]"
PROBLEM_number-io__ARGS_TAG_BF__MUT_001,10144,number-io,Tag-BitFlips,0.001,0,True,2,17,9,"[Add-Tag(1101111011111011,0101010000110110,0101101011000001),SubmitNum-Tag(0111110010000100,1010000010010111,0001110000100100)]"
PROBLEM_number-io__ARGS_TAG_BF__MUT_001,10145,number-io,Tag-BitFlips,0.001,0,True,2,17,11,"[Add-Tag(0100010101011010,0000111111111000,0111010100101100),SubmitNum-Tag(1001000001010011,1111010000011001,0010000110010011)]"
PROBLEM_number-io__ARGS_TAG_BF__MUT_001,10146,number-io,Tag-BitFlips,0.001,0,True,2,100,24,"[Add-Tag(0010011101111101,0101111100010110,1000111111111100),SubmitNum-Tag(0011011111101010,0000000110010001,1011110010101011)]"
PROBLEM_number-io__ARGS_TAG_BF__MUT_001,10147,number-io,Tag-BitFlips,0.001,0,False,NONE,NONE,NONE,"NONE"
PROBLEM_number-io__ARGS_TAG_BF__MUT_001,10148,number-io,Tag-BitFlips,0.001,0,True,2,48,47,"[Add-Tag(1100010001100101,0110001111111011,0100010101110100),SubmitNum-Tag(0101011010010111,1100011100010001,1000101111101010)]"
PROBLEM_number-io__ARGS_TAG_BF__MUT_001,10149,number-io,Tag-BitFlips,0.001,0,True,5,57,45,"[LoadInt-Tag(1110000101100111,0000111111010110,0101011100011110),SwapMem-Tag(1101001001000101,0111000011110011,0000101100001000),SwapMem-Tag(1000101110111100,0010010001100100,0010010110100011),Add-Tag(0011000000111101,1001110000001000,0110011101001101),SubmitNum-Tag(0011010000010001,0100000001100011,0100110101000010)]"
PROBLEM_number-io__ARGS_TAG_BF__MUT_001,10150,number-io,Tag-BitFlips,0.001,0,True,2,78,34,"[Add-Tag(0011111110111001,1101000110010110,0110000110111011),SubmitNum-Tag(0111001110000000,1100100111100010,0101001011110011)]"
PROBLEM_number-io__ARGS_TAG_BF__MUT_0025,10451,number-io,Tag-BitFlips,0.0025,0,False,NONE,NONE,NONE,"NONE"
PROBLEM_number-io__ARGS_TAG_BF__MUT_0025,10452,number-io,Tag-BitFlips,0.0025,0,True,2,62,19,"[Add-Tag(0101011110101010,0001111001000101,1010010010010111),SubmitNum-Tag(0110111110100100,0111011101111110,0001001000010011)]"
PROBLEM_number-io__ARGS_TAG_BF__MUT_0025,10453,number-io,Tag-BitFlips,0.0025,0,True,2,80,18,"[Add-Tag(1001101011110111,0101000111001111,0001111001111001),SubmitNum-Tag(1001011001110100,1100100010111000,1110111011000111)]"
PROBLEM_number-io__ARGS_TAG_BF__MUT_0025,10454,number-io,Tag-BitFlips,0.0025,0,True,2,8,3,"[Add-Tag(1111101110101100,1101000100111101,1011001011110111),SubmitNum-Tag(1100111101111101,1001000100001010,1111101110010010)]"
PROBLEM_number-io__ARGS_TAG_BF__MUT_0025,10455,number-io,Tag-BitFlips,0.0025,0,True,2,67,17,"[Add-Tag(0101011111001100,1101111101111001,0111011110010100),SubmitNum-Tag(0001011101011001,0100001100011011,0011100110101111)]"
PROBLEM_number-io__ARGS_TAG_BF__MUT_0025,10456,number-io,Tag-BitFlips,0.0025,0,True,3,79,63,"[Add-Tag(0001011111110100,1111101011101010,1111111000111000),SwapMem-Tag(1011011100101111,0100111000110101,1100110101101000),SubmitNum-Tag(1101110110100011,1110100010111010,1000011100110011)]"
PROBLEM_number-io__ARGS_TAG_BF__MUT_0025,10457,number-io,Tag-BitFlips,0.0025,0,True,2,42,38,"[Add-Tag(0010111010110110,1100000100111100,1100100100001001),SubmitNum-Tag(1111100100011000,0000110100110010,1111110011111100)]"
PROBLEM_number-io__ARGS_TAG_BF__MUT_0025,10458,number-io,Tag-BitFlips,0.0025,0,True,6,32,18,"[Close(0001100001000000,1111011000000101,1101000010100010),SubmitNum-Tag(1111100111110010,0100100100010011,0000111100100011),Add-Tag(1110111110001010,0100010001000101,1101111101101011),Set-6-Tag(0110101110110011,1110110010111101,1100110001010101),Countdown-Tag(0011011010101011,0111000101111101,1010000001110100),Sub-Tag(0101011010111001,1011001110001100,1011000100011100)]"
PROBLEM_number-io__ARGS_TAG_BF__MUT_0025,10459,number-io,Tag-BitFlips,0.0025,0,True,2,57,54,"[Add-Tag(0101011100011010,1001111101010010,0110000000000000),SubmitNum-Tag(0100101101100100,1001000100010011,1010111110010001)]"
PROBLEM_number-io__ARGS_TAG_BF__MUT_0025,10460,number-io,Tag-BitFlips,0.0025,0,True,2,11,3,"[Add-Tag(0100010010010100,1111111101011001,1110111101010110),SubmitNum-Tag(0001101111110110,0010001101110111,0100001001000001)]"
PROBLEM_number-io__ARGS_TAG_BF__MUT_0025,10461,number-io,Tag-BitFlips,0.0025,0,True,2,50,48,"[Add-Tag(0111010111111101,0100000000000001,1111001011110011),SubmitNum-Tag(0011111110011100,1110111111110101,1101011000011101)]"
PROBLEM_number-io__ARGS_TAG_BF__MUT_0025,10462,number-io,Tag-BitFlips,0.0025,0,True,4,88,78,"[Sub-Tag(0100100011110010,0101100100110110,0000101000111010),LoadInt-Tag(0100100010110000,0111100100010110,0000101111110110),Sub-Tag(0100100010110001,0011100100010110,0000101101110110),SubmitNum-Tag(0011101110011011,0100101110011110,0110011001010111)]"
PROBLEM_number-io__ARGS_TAG_BF__MUT_0025,10463,number-io,Tag-BitFlips,0.0025,0,True,2,25,21,"[Add-Tag(0100011110010110,1001111010110111,0011011111100001),SubmitNum-Tag(1010101100110011,0111000011010011,0011000100011110)]"
PROBLEM_number-io__ARGS_TAG_BF__MUT_0025,10464,number-io,Tag-BitFlips,0.0025,0,True,2,95,36,"[Add-Tag(1100010101111101,1100010111111001,1111011010111100),SubmitNum-Tag(1011110111111100,1010001010010100,1110010101110001)]"
PROBLEM_number-io__ARGS_TAG_BF__MUT_0025,10465,number-io,Tag-BitFlips,0.0025,0,True,4,96,87,"[LoadDouble-Tag(1101111100110101,0000111100011100,1100111111001100),LoadInt-Tag(0010111110010110,0110110000000010,0000001010011101),Add-Tag(1111111100100101,0000111101111000,1100110111101100),SubmitNum-Tag(1110011100101110,0000111001101000,0011010100100100)]"
PROBLEM_number-io__ARGS_TAG_BF__MUT_0025,10466,number-io,Tag-BitFlips,0.0025,0,True,2,56,52,"[Add-Tag(1110101010111101,0010010101110110,0010100001010011),SubmitNum-Tag(0011100011010100,1010101101011000,1101001101110010)]"
PROBLEM_number-io__ARGS_TAG_BF__MUT_0025,10467,number-io,Tag-BitFlips,0.0025,0,True,2,83,81,"[Add-Tag(0110010101111101,1111011011100110,1101110101100110),SubmitNum-Tag(0111111101000111,0101001000111001,1001010011011100)]"
PROBLEM_number-io__ARGS_TAG_BF__MUT_0025,10468,number-io,Tag-BitFlips,0.0025,0,True,3,63,53,"[Sub-Tag(1111011010110001,1110011100010101,0101100001000000),Sub-Tag(1100011100111110,1000010111010000,0010100110000000),SubmitNum-Tag(0101100110010001,1110111011001100,0010111001110101)]"
PROBLEM_number-io__ARGS_TAG_BF__MUT_0025,10469,number-io,Tag-BitFlips,0.0025,0,True,2,41,18,"[Add-Tag(1111111111110110,1100110110010100,0110001101011111),SubmitNum-Tag(0110011111101010,0010100010001110,1110111000110111)]"
PROBLEM_number-io__ARGS_TAG_BF__MUT_0025,10470,number-io,Tag-BitFlips,0.0025,0,True,2,9,2,"[Add-Tag(1101111011101011,1110010101000001,0100000100100110),SubmitNum-Tag(1000010011010001,0000010000010100,1100010110111101)]"
PROBLEM_number-io__ARGS_TAG_BF__MUT_0025,10471,number-io,Tag-BitFlips,0.0025,0,True,2,53,44,"[Add-Tag(0001100101000001,0111010010110111,0000110011011100),SubmitNum-Tag(0000001111110100,1110110000101011,1100100110111100)]"
PROBLEM_number-io__ARGS_TAG_BF__MUT_0025,10472,number-io,Tag-BitFlips,0.0025,0,True,24,100,99,"[Set-8-Tag(1011011101111100,0101110001100100,0011110000101100),TestNumLess-Tag(0100101101000110,0000100001110101,1101101100010001),Dec-Tag(0110110110110101,1010001000111100,0000110001100111),Dec-Tag(0100100110001010,0101101101011011,1101010110011101),LoadInt-Tag(0101001110001110,0111000100011111,1000000110000001),Set-8-Tag(0100010110011001,1111011101110001,1001101001011110),Set-2-Tag(1100100110011101,0101010001110001,1001100001011011),Dec-Tag(0101101110001110,0101110101011111,1100000111011001),Add-Tag(0000000101101110,1000001010001010,1011111000101100),Sub-Tag(0010010100101001,1111100110101101,1011111100111011),Set-12-Tag(0000011011111010,1111111100111001,1010011000101110),LoadInt-Tag(0101001110001110,0101000100011111,1000000100000001),TestNumGreater-Tag(0100010110011101,1111010001110001,1001101001011110),Set-2-Tag(1100100110011101,0101110000110001,1001100001011011),CopyMem-Tag(0100110101110110,0010100111010110,0010111111001001),Set-13-Tag(0101011111110001,0100110100010001,0001001101101000),Set-15-Tag(0100110111111100,0110100100111000,1101001111010110),Dec-Tag(0101101111001110,0110110101011111,1100000111011001),Add-Tag(0000000101101111,1000001010001110,1010111000101100),Sub-Tag(0010010100101001,1111100110101101,1011111100111011),Add-Tag(1000100000101111,1000001000001110,1010101000101100),Sub-Tag(0010011100101001,1011100110001101,1011011100101011),SubmitNum-Tag(0001101110001110,0100100101011111,1000000011111000),TestNumGreater-Tag(0101001110011111,1101010000110100,0001111011011000)]"
PROBLEM_number-io__ARGS_TAG_BF__MUT_0025,10473,number-io,Tag-BitFlips,0.0025,0,True,3,56,48,"[LoadDouble-Tag(1100010110011010,1001010001011011,1101111000101101),Add-Tag(0010110110111001,1010101010101011,1111111101010000),SubmitNum-Tag(0011111011101111,1100101110110001,1100101111011110)]"
PROBLEM_number-io__ARGS_TAG_BF__MUT_0025,10474,number-io,Tag-BitFlips,0.0025,0,True,3,73,6,"[LoadInt-Tag(1011011100001011,1011001110011111,0111111111110010),Add-Tag(0101011110010110,0010011100110100,1101010110000001),SubmitNum-Tag(0010000101010101,1100001000100011,1001000110101110)]"
PROBLEM_number-io__ARGS_TAG_BF__MUT_0025,10475,number-io,Tag-BitFlips,0.0025,0,True,2,9,5,"[Add-Tag(0101110100000010,0101101011011011,0010000101101111),SubmitNum-Tag(0110100101100001,1000111111101000,1010001010001011)]"
PROBLEM_number-io__ARGS_TAG_BF__MUT_0025,10476,number-io,Tag-BitFlips,0.0025,0,True,3,17,5,"[Add-Tag(0111100111010100,1110011100001111,0011100100011110),Add-Tag(1111111101001000,1010011110110010,1111100111100011),SubmitNum-Tag(1111011101111001,0101011111110000,1100000110101001)]"
PROBLEM_number-io__ARGS_TAG_BF__MUT_0025,10477,number-io,Tag-BitFlips,0.0025,0,True,3,64,13,"[Sub-Tag(1011001111100100,0100000100111100,1111000101011101),Sub-Tag(1101101111110000,0101010100101100,1111000101011101),SubmitNum-Tag(0000010101101101,1101101011001100,1011110001111001)]"
PROBLEM_number-io__ARGS_TAG_BF__MUT_0025,10478,number-io,Tag-BitFlips,0.0025,0,False,NONE,NONE,NONE,"NONE"
PROBLEM_number-io__ARGS_TAG_BF__MUT_0025,10479,number-io,Tag-BitFlips,0.0025,0,True,2,79,68,"[Add-Tag(1101010011010111,0001101111101011,1000010001110100),SubmitNum-Tag(0001101101010110,0001001111001101,1001000001010110)]"
PROBLEM_number-io__ARGS_TAG_BF__MUT_0025,10480,number-io,Tag-BitFlips,0.0025,0,True,2,62,49,"[Add-Tag(0000000100000100,1101011011110011,0100100011001010),SubmitNum-Tag(1100011110010011,0001100111001100,1001011101100100)]"
PROBLEM_number-io__ARGS_TAG_BF__MUT_0025,10481,number-io,Tag-BitFlips,0.0025,0,True,4,30,25,"[LoadInt-Tag(0101001100100011,1010110101011010,0101110100111100),Sub-Tag(1000011000111101,1100000101001100,1111000011110100),Sub-Tag(1010000100111111,1110111100111101,0101010000111100),SubmitNum-Tag(0101011000010110,1001100101011100,0000011011011111)]"
PROBLEM_number-io__ARGS_TAG_BF__MUT_0025,10482,number-io,Tag-BitFlips,0.0025,0,True,3,74,40,"[SwapMem-Tag(0110000001100100,0111010000011100,1010100001011001),Add-Tag(1001001111110101,0100100000101010,0011001111111010),SubmitNum-Tag(0111001110100011,1100111001101000,1011100111100001)]"
PROBLEM_number-io__ARGS_TAG_BF__MUT_0025,10483,number-io,Tag-BitFlips,0.0025,0,False,NONE,NONE,NONE,"NONE"
PROBLEM_number-io__ARGS_TAG_BF__MUT_0025,10484,number-io,Tag-BitFlips,0.0025,0,True,3,96,15,"[Sub-Tag(0011001000100110,1101101111110111,1101101111011011),Sub-Tag(0010010000010110,1101100111100110,0111110011011100),SubmitNum-Tag(1011010101111010,0010110100001000,0010110001101001)]"
PROBLEM_number-io__ARGS_TAG_BF__MUT_0025,10485,number-io,Tag-BitFlips,0.0025,0,False,NONE,NONE,NONE,"NONE"
PROBLEM_number-io__ARGS_TAG_BF__MUT_0025,10486,number-io,Tag-BitFlips,0.0025,0,False,NONE,NONE,NONE,"NONE"
PROBLEM_number-io__ARGS_TAG_BF__MUT_0025,10487,number-io,Tag-BitFlips,0.0025,0,True,4,38,25,"[LoadDouble-Tag(1101100000010010,1011101110000001,1011101110000110),Sub-Tag(0010111100111011,1110100010010010,0100100000001000),Sub-Tag(0101101001011011,0111110000101011,0111010000010001),SubmitNum-Tag(0110010110010111,0100011110110010,0110111100100011)]"
PROBLEM_number-io__ARGS_TAG_BF__MUT_0025,10488,number-io,Tag-BitFlips,0.0025,0,True,6,98,94,"[Close(0001101010010100,0110011111101101,1011101100100110),SubmitNum-Tag(1111110001101101,0111100000100011,0001011100011010),LoadInt-Tag(1011101000000011,0110010000100000,0110011011010111),Add-Tag(0011000100010001,0001010001100111,1111110010101000),If-Tag(0111001001011111,1001001101000110,1100000100000000),Div-Tag(0111101110011101,0111111010011101,1111000111111010)]"
PROBLEM_number-io__ARGS_TAG_BF__MUT_0025,10489,number-io,Tag-BitFlips,0.0025,0,True,3,53,46,"[LoadInt-Tag(0100100010010100,1101001101011010,1100101110010101),Add-Tag(0100000101100110,0101011110100101,0110110000000101),SubmitNum-Tag(0100000101100111,0101011110100101,0111111000000101)]"
PROBLEM_number-io__ARGS_TAG_BF__MUT_0025,10490,number-io,Tag-BitFlips,0.0025,0,True,2,89,18,"[Add-Tag(1111011010100111,0101001100011111,0110111111010101),SubmitNum-Tag(0110101111101111,1110011011111001,0010111011101101)]"
PROBLEM_number-io__ARGS_TAG_BF__MUT_0025,10491,number-io,Tag-BitFlips,0.0025,0,True,2,23,16,"[Add-Tag(0110011100110101,1111001100111111,1100101010001011),SubmitNum-Tag(1100001011010111,0001001001101110,0011111001101101)]"
PROBLEM_number-io__ARGS_TAG_BF__MUT_0025,10492,number-io,Tag-BitFlips,0.0025,0,True,6,28,16,"[Close(0110100001111101,1000100111010000,0000110001111000),SubmitNum-Tag(1111011000111110,0101111000101001,1010000110010001),Not-Tag(1110100000011001,1101001000010111,1111001111001010),Add-Tag(0111101111000111,0111110111010000,0110110111010110),IfNot-Tag(1010101110011000,0010110010110011,1101000010101001),Mod-Tag(1100101100111010,0101001001100110,0111001001001110)]"
PROBLEM_number-io__ARGS_TAG_BF__MUT_0025,10493,number-io,Tag-BitFlips,0.0025,0,True,2,71,44,"[Add-Tag(0001111101110100,1111110110010010,0101100100000011),SubmitNum-Tag(0111010010010111,0111001001011101,1010001111101011)]"
PROBLEM_number-io__ARGS_TAG_BF__MUT_0025,10494,number-io,Tag-BitFlips,0.0025,0,False,NONE,NONE,NONE,"NONE"
PROBLEM_number-io__ARGS_TAG_BF__MUT_0025,10495,number-io,Tag-BitFlips,0.0025,0,True,5,99,28,"[LoadDouble-Tag(1000110100011111,1111100011111010,0100011101100001),SwapMem-Tag(1011001110111101,1011101000010100,0001111000011100),Sub-Tag(1000101111110010,1010010001010000,1011100011011100),Sub-Tag(1000101100001010,1010000000011000,0001000011011000),SubmitNum-Tag(1010110110011100,1110101000101111,1011010001001100)]"
PROBLEM_number-io__ARGS_TAG_BF__MUT_0025,10496,number-io,Tag-BitFlips,0.0025,0,True,5,53,49,"[TestNumLessTEqu-Tag(1011000111110101,1001000011011011,0001001010111000),Close(1011011010110000,1100000100111101,0100000011110010),SubmitNum-Tag(0101111101110001,0110111111000100,1100111001010100),Countdown-Tag(0011100000111100,0110111101101001,1101001111010010),Add-Tag(1111001100111111,0111010011110101,0100011001110000)]"
PROBLEM_number-io__ARGS_TAG_BF__MUT_0025,10497,number-io,Tag-BitFlips,0.0025,0,True,3,53,42,"[Sub-Tag(1110001110000000,1111111011010010,0000010011000011),Sub-Tag(1100000110010100,0111111011000010,0010010011001001),SubmitNum-Tag(0100001010001101,0000001011010111,0101011100010110)]"
PROBLEM_number-io__ARGS_TAG_BF__MUT_0025,10498,number-io,Tag-BitFlips,0.0025,0,True,5,96,96,"[Inc-Tag(1111010010010100,0010110100010010,1100010000101111),Countdown-Tag(1101000101110110,1100000111010000,1011110110000011),SubmitNum-Tag(0011110111101111,0010011110001100,0011111101111000),Add-Tag(0101000111110100,1111111100000000,0111001011111100),TestNumGreaterTEqu-Tag(0110001000010111,1001000111011010,1100000101001101)]"
PROBLEM_number-io__ARGS_TAG_BF__MUT_0025,10499,number-io,Tag-BitFlips,0.0025,0,True,3,18,11,"[Sub-Tag(0100110010010001,0111110111110010,1110011100111100),Sub-Tag(0100110111010001,0111110111110010,1111011000111100),SubmitNum-Tag(1111011010100110,0111101001101101,1110110001111010)]"
PROBLEM_number-io__ARGS_TAG_BF__MUT_0025,10500,number-io,Tag-BitFlips,0.0025,0,True,3,11,6,"[LoadInt-Tag(0001001010101001,1101111011010100,1100000001110100),Add-Tag(0111111000000100,0110010110010101,1101111010101011),SubmitNum-Tag(1111001110010101,1110011011000001,0100110010010010)]"
PROBLEM_number-io__ARGS_TAG_BF__MUT_005,10401,number-io,Tag-BitFlips,0.005,0,True,2,55,8,"[Add-Tag(1101101011001111,1101001100010100,1011010001110111),SubmitNum-Tag(1111000111100110,1110000000100000,1101010100010110)]"
PROBLEM_number-io__ARGS_TAG_BF__MUT_005,10402,number-io,Tag-BitFlips,0.005,0,True,4,76,65,"[Sub-Tag(0101110010011001,1011010110011111,1010010010111000),Add-Tag(1010000110101011,0110100000100111,1101001111101110),Sub-Tag(1101010100001001,0111010110011111,1011100011011001),SubmitNum-Tag(1001110110010100,1000100111010011,1110111001001101)]"
PROBLEM_number-io__ARGS_TAG_BF__MUT_005,10403,number-io,Tag-BitFlips,0.005,0,True,4,44,35,"[LoadDouble-Tag(1001001110101111,1101001011111010,1110111011001010),LoadInt-Tag(1110011010100000,0101111001111001,0000100110000110),Add-Tag(1000111010110100,1000101111111111,0111000111011111),SubmitNum-Tag(1110110010111111,0110010010111100,1000100000011000)]"
PROBLEM_number-io__ARGS_TAG_BF__MUT_005,10404,number-io,Tag-BitFlips,0.005,0,True,2,34,5,"[Add-Tag(0010010001011100,1000111111111110,0101110111110011),SubmitNum-Tag(0011101011111001,1011100011010111,0100111001110000)]"
PROBLEM_number-io__ARGS_TAG_BF__MUT_005,10405,number-io,Tag-BitFlips,0.005,0,True,3,78,18,"[Sub-Tag(1010001100001000,1100010111000101,0101101011001000),Sub-Tag(1010011111011100,0011111010110100,0101101101101110),SubmitNum-Tag(1111110011101100,1010010101101101,1010011001011001)]"
PROBLEM_number-io__ARGS_TAG_BF__MUT_005,10406,number-io,Tag-BitFlips,0.005,0,True,3,82,6,"[LoadDouble-Tag(0110001010011100,1010001001010001,1011101010000100),Add-Tag(0110001111011000,0100111111010111,1111111101001011),SubmitNum-Tag(0111111110110110,0010011101100110,0111100010011111)]"
PROBLEM_number-io__ARGS_TAG_BF__MUT_005,10407,number-io,Tag-BitFlips,0.005,0,True,4,98,67,"[Set-7-Tag(0001110011110011,1111000010001111,1110000111000001),Countdown-Tag(1001010011000111,0110001001101001,1011110100101111),SubmitNum-Tag(0111011000110001,1001001101001111,0000010011011000),Add-Tag(1001100101010110,1111101101010010,0010101111110011)]"
PROBLEM_number-io__ARGS_TAG_BF__MUT_005,10408,number-io,Tag-BitFlips,0.005,0,True,4,45,10,"[Sub-Tag(0101001100110000,1111110100101011,1001101011011000),LoadDouble-Tag(0011001110000100,1100000101011110,0011011000011000),Sub-Tag(0000001110101001,1001011111011000,1011111000110000),SubmitNum-Tag(0100011100111010,0001110101101001,0111100110101010)]"
PROBLEM_number-io__ARGS_TAG_BF__MUT_005,10409,number-io,Tag-BitFlips,0.005,0,True,2,34,28,"[Add-Tag(1101111111110100,0101110001100001,1001110110000100),SubmitNum-Tag(1111000110011000,0000010001100100,1001011001100111)]"
PROBLEM_number-io__ARGS_TAG_BF__MUT_005,10410,number-io,Tag-BitFlips,0.005,0,False,NONE,NONE,NONE,"NONE"
PROBLEM_number-io__ARGS_TAG_BF__MUT_005,10411,number-io,Tag-BitFlips,0.005,0,True,2,58,52,"[Add-Tag(0000000100010100,1111011101111001,1001011100010000),SubmitNum-Tag(0001010000011011,0101100101111111,1011000011111011)]"
PROBLEM_number-io__ARGS_TAG_BF__MUT_005,10412,number-io,Tag-BitFlips,0.005,0,True,2,6,2,"[Add-Tag(0101011101111101,1101001111101101,1110010110100001),SubmitNum-Tag(1010001010110101,0111011010101111,0001100111111011)]"
PROBLEM_number-io__ARGS_TAG_BF__MUT_005,10413,number-io,Tag-BitFlips,0.005,0,True,2,35,28,"[Add-Tag(1100010111001101,1111110000111101,1111110011101101),SubmitNum-Tag(1000111011111101,0111000101110010,1001110011001010)]"
PROBLEM_number-io__ARGS_TAG_BF__MUT_005,10414,number-io,Tag-BitFlips,0.005,0,True,2,73,19,"[Add-Tag(0101110101010001,0001111111111101,0101110100111111),SubmitNum-Tag(1101110001101110,0101100000110110,0101000000010000)]"
PROBLEM_number-io__ARGS_TAG_BF__MUT_005,10415,number-io,Tag-BitFlips,0.005,0,False,NONE,NONE,NONE,"NONE"
PROBLEM_number-io__ARGS_TAG_BF__MUT_005,10416,number-io,Tag-BitFlips,0.005,0,False,NONE,NONE,NONE,"NONE"
PROBLEM_number-io__ARGS_TAG_BF__MUT_005,10417,number-io,Tag-BitFlips,0.005,0,True,2,18,15,"[Add-Tag(0101011101000001,1101111110110101,0110111001110111),SubmitNum-Tag(1110001100111110,1000010101001111,1111110101011011)]"
PROBLEM_number-io__ARGS_TAG_BF__MUT_005,10418,number-io,Tag-BitFlips,0.005,0,False,NONE,NONE,NONE,"NONE"
PROBLEM_number-io__ARGS_TAG_BF__MUT_005,10419,number-io,Tag-BitFlips,0.005,0,False,NONE,NONE,NONE,"NONE"
PROBLEM_number-io__ARGS_TAG_BF__MUT_005,10420,number-io,Tag-BitFlips,0.005,0,True,2,5,1,"[Add-Tag(0111111100010001,0111111110101101,1001110111001011),SubmitNum-Tag(1101100010110000,0101111110001110,1100000010011010)]"
PROBLEM_number-io__ARGS_TAG_BF__MUT_005,10421,number-io,Tag-BitFlips,0.005,0,True,2,44,39,"[Add-Tag(0001000110110101,1111111101110011,0101010110110000),SubmitNum-Tag(1001000111000100,0110001101110011,0100100000100110)]"
PROBLEM_number-io__ARGS_TAG_BF__MUT_005,10422,number-io,Tag-BitFlips,0.005,0,True,2,18,10,"[Add-Tag(1101010101000010,1011011111001011,1000001001111011),SubmitNum-Tag(1001000101101110,0000101101100011,1100100000000011)]"
PROBLEM_number-io__ARGS_TAG_BF__MUT_005,10423,number-io,Tag-BitFlips,0.005,0,True,7,38,18,"[LoadDouble-Tag(0110111111011010,1101011100001000,1000101010010111),Close(0101001111101001,1101110101000011,0011111011111100),SubmitNum-Tag(0001011100011001,1101000111101111,1001000001010101),Add-Tag(0111011110011111,0010111100100110,0101001011010101),LoadInt-Tag(1000111011001110,0001110100001011,0011111100000001),IfNot-Tag(0001110101001000,0100100101011111,0011000011110111),Set-5-Tag(1011000101010111,1001011111101010,0000000111101010)]"
PROBLEM_number-io__ARGS_TAG_BF__MUT_005,10424,number-io,Tag-BitFlips,0.005,0,True,2,48,39,"[Add-Tag(1111010011101100,1011011101010001,0111111001101100),SubmitNum-Tag(0101011111011010,0110101001100011,1110001001111001)]"
PROBLEM_number-io__ARGS_TAG_BF__MUT_005,10425,number-io,Tag-BitFlips,0.005,0,True,6,63,7,"[SubmitNum-Tag(1011111111111100,0111101001110000,0100001010100110),Add-Tag(0100010001110101,1101100011101010,1110011111010111),TestNumLess-Tag(0000111101101011,0110111011000100,0101010001011001),SubmitNum-Tag(1011111111111100,0111111001110000,0100001010100110),Add-Tag(0100010001110101,1101100011101010,1110011111010111),TestNumLess-Tag(0000111101101011,0110111011000100,0101010001011001)]"
PROBLEM_number-io__ARGS_TAG_BF__MUT_005,10426,number-io,Tag-BitFlips,0.005,0,True,2,31,24,"[Add-Tag(1111010110101011,0001110001110001,0001100100000111),SubmitNum-Tag(1010111000101110,0001011010000010,1011110000010111)]"
PROBLEM_number-io__ARGS_TAG_BF__MUT_005,10427,number-io,Tag-BitFlips,0.005,0,True,2,57,19,"[Add-Tag(0111000011000100,1011011101101110,0001010110110100),SubmitNum-Tag(0110010001000000,1111110010011011,0110010010011001)]"
PROBLEM_number-io__ARGS_TAG_BF__MUT_005,10428,number-io,Tag-BitFlips,0.005,0,True,2,96,32,"[Add-Tag(0101000001101100,0011111100111111,1011010011111110),SubmitNum-Tag(1111011001111101,0110111010110100,0001010111101001)]"
PROBLEM_number-io__ARGS_TAG_BF__MUT_005,10429,number-io,Tag-BitFlips,0.005,0,True,8,26,17,"[Dec-Tag(0110111000110000,0100110011000000,1001001001011010),Close(1100010000010000,0101001001100001,0000100111110000),Mult-Tag(1000110001011011,0001110110010101,1010010101111101),Sub-Tag(1010010110101100,1010111011001111,1111000101111010),SubmitNum-Tag(1111100010110111,0101110100001011,1111001100101011),Not-Tag(0101110001010110,0110111110010011,0110110110100111),IfNot-Tag(0010011010110101,1101111000010110,1001010110011100),TestNumNEqu-Tag(1100111001110010,1101000000111101,1110010010000111)]"
PROBLEM_number-io__ARGS_TAG_BF__MUT_005,10430,number-io,Tag-BitFlips,0.005,0,True,2,65,8,"[Add-Tag(1110001111110100,0000111111010000,1101000110010101),SubmitNum-Tag(1111010100010001,1000000111000111,1100111010010111)]"
PROBLEM_number-io__ARGS_TAG_BF__MUT_005,10431,number-io,Tag-BitFlips,0.005,0,True,2,6,4,"[Add-Tag(0111110100110100,0111001110101111,1111111111000000),SubmitNum-Tag(1101111110000110,1111110000100000,1011010011000101)]"
PROBLEM_number-io__ARGS_TAG_BF__MUT_005,10432,number-io,Tag-BitFlips,0.005,0,True,3,93,85,"[Sub-Tag(1110001100110010,0100010110010010,1010010111101101),Sub-Tag(0110110101110111,0110011110000101,1000100100001110),SubmitNum-Tag(1000011000001111,1101110000011010,0010101100111011)]"
PROBLEM_number-io__ARGS_TAG_BF__MUT_005,10433,number-io,Tag-BitFlips,0.005,0,True,2,28,24,"[Add-Tag(1101001000010101,1101111100111101,1000111111110010),SubmitNum-Tag(1011101111011010,1101100010111100,1010110101011111)]"
PROBLEM_number-io__ARGS_TAG_BF__MUT_005,10434,number-io,Tag-BitFlips,0.005,0,True,3,31,22,"[Sub-Tag(0001110001101101,0100000101010101,1001000100000100),Sub-Tag(1001101001111110,0100010101011100,0001011010001111),SubmitNum-Tag(0000110101001101,1000100110101110,1010000110111001)]"
PROBLEM_number-io__ARGS_TAG_BF__MUT_005,10435,number-io,Tag-BitFlips,0.005,0,True,5,81,69,"[LoadInt-Tag(1110100100111101,0010101100110101,0111011001100001),Set-2-Tag(0111111101101111,0000110011010111,0011111100110101),While-Tag(1110010011111011,1001001010100110,0010010100010111),SubmitNum-Tag(1110011111111011,1101000101101000,0110110001101001),Add-Tag(0110100011111010,0000110001100100,0111111111101110)]"
PROBLEM_number-io__ARGS_TAG_BF__MUT_005,10436,number-io,Tag-BitFlips,0.005,0,True,2,70,60,"[Add-Tag(0100011110000101,1010110110011110,1100010101100101),SubmitNum-Tag(0001010001000101,1010010011010100,1101101101010101)]"
PROBLEM_number-io__ARGS_TAG_BF__MUT_005,10437,number-io,Tag-BitFlips,0.005,0,True,5,91,41,"[LoadInt-Tag(0011101000101011,1111011111000010,0101111110000011),Sub-Tag(0101001000110110,1111010101111101,1100110011001100),Sub-Tag(0011111110101011,1111001010110010,1100011100100101),Sub-Tag(0001011100010110,1100011110110000,1111011111111100),SubmitNum-Tag(0111111100111010,1010001110011100,1111010110011110)]"
PROBLEM_number-io__ARGS_TAG_BF__MUT_005,10438,number-io,Tag-BitFlips,0.005,0,True,2,22,20,"[Add-Tag(1111101100110100,0111001101100101,0001100101110111),SubmitNum-Tag(0011010110010000,0111010001111100,0001011001101101)]"
PROBLEM_number-io__ARGS_TAG_BF__MUT_005,10439,number-io,Tag-BitFlips,0.005,0,True,2,19,12,"[Add-Tag(1111101100100110,0111011101110000,0110010101100101),SubmitNum-Tag(1110011101010000,1100101011100000,0110000100001001)]"
PROBLEM_number-io__ARGS_TAG_BF__MUT_005,10440,number-io,Tag-BitFlips,0.005,0,True,2,15,9,"[Add-Tag(1111101110110101,1101111101000000,0000110101110111),SubmitNum-Tag(0001001011010101,1011101011100001,1100001011010111)]"
PROBLEM_number-io__ARGS_TAG_BF__MUT_005,10441,number-io,Tag-BitFlips,0.005,0,True,2,4,2,"[Add-Tag(0101011000110000,1000101110110111,1001100101100010),SubmitNum-Tag(1000001010110010,1101101111101111,0101010111110110)]"
PROBLEM_number-io__ARGS_TAG_BF__MUT_005,10442,number-io,Tag-BitFlips,0.005,0,True,2,37,5,"[Add-Tag(0110101011101110,0101010110000001,0100010001001100),SubmitNum-Tag(0001000111010101,0100100000011111,0110101101011101)]"
PROBLEM_number-io__ARGS_TAG_BF__MUT_005,10443,number-io,Tag-BitFlips,0.005,0,True,2,14,5,"[Add-Tag(1100010110111111,1101100111010101,1001110100010110),SubmitNum-Tag(1101001100000101,0011101001010111,0001101001000111)]"
PROBLEM_number-io__ARGS_TAG_BF__MUT_005,10444,number-io,Tag-BitFlips,0.005,0,True,3,54,52,"[SwapMem-Tag(1010101111001001,0000010101110001,1000110100001000),Add-Tag(1100011111111110,1001100110011011,1100111110011111),SubmitNum-Tag(0111101111000110,1000000010100001,1001111010101111)]"
PROBLEM_number-io__ARGS_TAG_BF__MUT_005,10445,number-io,Tag-BitFlips,0.005,0,True,4,36,24,"[Sub-Tag(1111101000101100,0001001101000111,0001100101111000),SwapMem-Tag(1101001111001101,1011100110010111,0101000110011111),Sub-Tag(0111110000111101,1001001111000111,0001110111111000),SubmitNum-Tag(1010100100011001,0000100001100010,0110100101100010)]"
PROBLEM_number-io__ARGS_TAG_BF__MUT_005,10446,number-io,Tag-BitFlips,0.005,0,True,2,87,23,"[Add-Tag(0101111101011010,0110010011000100,1001011100111110),SubmitNum-Tag(1101001010111110,1010110111001100,0111100110111111)]"
PROBLEM_number-io__ARGS_TAG_BF__MUT_005,10447,number-io,Tag-BitFlips,0.005,0,True,3,59,48,"[Sub-Tag(0100010011101110,0111111100111000,0011111100111010),Sub-Tag(0000010101100110,0011111100111000,0011111100111010),SubmitNum-Tag(0010101100110011,0010101011010110,1100010111011011)]"
PROBLEM_number-io__ARGS_TAG_BF__MUT_005,10448,number-io,Tag-BitFlips,0.005,0,True,4,96,96,"[While-Tag(0101111000010001,0111001010111110,1000101011000000),Sub-Tag(1010010000101111,0100010001100101,0011010000010000),LoadInt-Tag(1111011010100000,1101101011110000,1111110011000101),SubmitNum-Tag(0101100001011101,0111000111110010,0001110111100111)]"
PROBLEM_number-io__ARGS_TAG_BF__MUT_005,10449,number-io,Tag-BitFlips,0.005,0,True,2,43,39,"[Add-Tag(1001010111001111,1101110000000100,1110001001111010),SubmitNum-Tag(1101010111011011,1001101000000100,1110011001110010)]"
PROBLEM_number-io__ARGS_TAG_BF__MUT_005,10450,number-io,Tag-BitFlips,0.005,0,True,6,83,50,"[Set-7-Tag(0011000100010000,1101011100101000,1011101000111111),Countdown-Tag(0011011000111000,1001100101000100,0011000000110100),SubmitNum-Tag(1111111000111110,1011110011011011,1110111100101000),Add-Tag(0001010101000000,1101101101101111,1010001110111111),Mult-Tag(1111111101111001,0100000111010110,0001000110111010),Not-Tag(0011010100110100,1011101110010111,1110000101001010)]"
PROBLEM_number-io__ARGS_TAG_BF__MUT_0075,10351,number-io,Tag-BitFlips,0.0075,0,True,2,56,15,"[Add-Tag(0101100001011110,0011110111111000,1010101001110100),SubmitNum-Tag(1010100101110100,1001111110110010,1011110111001101)]"
PROBLEM_number-io__ARGS_TAG_BF__MUT_0075,10352,number-io,Tag-BitFlips,0.0075,0,True,2,58,51,"[Add-Tag(0101010110001011,1011111011110001,0011001010110111),SubmitNum-Tag(0000011110111011,1110001111110111,1110100010111101)]"
PROBLEM_number-io__ARGS_TAG_BF__MUT_0075,10353,number-io,Tag-BitFlips,0.0075,0,True,2,18,16,"[Add-Tag(0011001111001100,1101110100000000,0110001110100010),SubmitNum-Tag(1110001101110010,0001101001101101,0101011001010001)]"
PROBLEM_number-io__ARGS_TAG_BF__MUT_0075,10354,number-io,Tag-BitFlips,0.0075,0,True,2,92,14,"[Add-Tag(0100011110010100,0111011111011010,0010100111010000),SubmitNum-Tag(0100000110001001,1010100111101111,1001100000100010)]"
PROBLEM_number-io__ARGS_TAG_BF__MUT_0075,10355,number-io,Tag-BitFlips,0.0075,0,True,2,39,37,"[Add-Tag(0011111010111100,0101001001011110,1001100101100111),SubmitNum-Tag(0111010111110010,1001110101100101,1101101111110111)]"
PROBLEM_number-io__ARGS_TAG_BF__MUT_0075,10356,number-io,Tag-BitFlips,0.0075,0,True,2,13,11,"[Add-Tag(0111101010111110,0101010011110001,0100010111111101),SubmitNum-Tag(0100011111001100,1000101100001001,1111011001110100)]"
PROBLEM_number-io__ARGS_TAG_BF__MUT_0075,10357,number-io,Tag-BitFlips,0.0075,0,True,2,79,11,"[Add-Tag(1111011101111010,0001100001010101,1101110111010101),SubmitNum-Tag(0011011101110101,1011101011101100,1000111100111001)]"
PROBLEM_number-io__ARGS_TAG_BF__MUT_0075,10358,number-io,Tag-BitFlips,0.0075,0,True,2,4,1,"[Add-Tag(0101010111111000,0110111101011110,0100000110110001),SubmitNum-Tag(0111010101000111,1110111110111001,0101100100101011)]"
PROBLEM_number-io__ARGS_TAG_BF__MUT_0075,10359,number-io,Tag-BitFlips,0.0075,0,True,2,22,16,"[Add-Tag(0001011000010111,1111010111001101,0001000001100101),SubmitNum-Tag(0100010101110001,0101100000000000,0101111110010110)]"
PROBLEM_number-io__ARGS_TAG_BF__MUT_0075,10360,number-io,Tag-BitFlips,0.0075,0,True,2,63,13,"[Add-Tag(1101111110011011,0000110100010000,0001000111101011),SubmitNum-Tag(0010100111011111,1101100111111001,1000001100000001)]"
PROBLEM_number-io__ARGS_TAG_BF__MUT_0075,10361,number-io,Tag-BitFlips,0.0075,0,True,2,83,21,"[Add-Tag(1110111101111000,0101011001000100,1001111001001010),SubmitNum-Tag(1011011000101100,1110100100101111,0001111111001111)]"
PROBLEM_number-io__ARGS_TAG_BF__MUT_0075,10362,number-io,Tag-BitFlips,0.0075,0,True,2,49,43,"[Add-Tag(1111110100000001,1100101111011101,0100110000101100),SubmitNum-Tag(0010101110011110,1110010110110000,1010001010110000)]"
PROBLEM_number-io__ARGS_TAG_BF__MUT_0075,10363,number-io,Tag-BitFlips,0.0075,0,True,3,12,6,"[While-Tag(0111110100010011,0010110110101000,0010110101001011),SubmitNum-Tag(1100001101100100,1111010110111001,0010001010011011),Add-Tag(0110000111110101,0111001111111101,1110100101000010)]"
PROBLEM_number-io__ARGS_TAG_BF__MUT_0075,10364,number-io,Tag-BitFlips,0.0075,0,True,2,62,11,"[Add-Tag(0100001000010100,1111111111101011,1000010100111000),SubmitNum-Tag(1001100110010010,0001101000010101,0010100011001010)]"
PROBLEM_number-io__ARGS_TAG_BF__MUT_0075,10365,number-io,Tag-BitFlips,0.0075,0,True,6,58,6,"[Close(1110000100100111,1001110000111110,0100100011011110),SubmitNum-Tag(1010111100111111,1100111111101010,0010010100101001),IfNot-Tag(0110010000000001,1100010110100000,1111000101011100),Add-Tag(1011111111110010,1100110001001100,0110011111111111),Not-Tag(0111011000001000,0100110111101101,1111011011111010),Break(1111110000100000,1000110000011011,1101000010100000)]"
PROBLEM_number-io__ARGS_TAG_BF__MUT_0075,10366,number-io,Tag-BitFlips,0.0075,0,True,2,33,26,"[Add-Tag(0111011101001011,0110010000000100,1000000111010100),SubmitNum-Tag(0001010111110010,1000001100110001,1000111001010001)]"
PROBLEM_number-io__ARGS_TAG_BF__MUT_0075,10367,number-io,Tag-BitFlips,0.0075,0,True,2,70,10,"[Add-Tag(1101010011100111,0110011100000101,1111101110110100),SubmitNum-Tag(1101111111000100,0011100101100010,1001100010111011)]"
PROBLEM_number-io__ARGS_TAG_BF__MUT_0075,10368,number-io,Tag-BitFlips,0.0075,0,True,3,9,0,"[LoadInt-Tag(1110000111100111,1001011101010100,0101100000100000),Add-Tag(0010000100000100,0100000101111100,1100000110011101),SubmitNum-Tag(1000100010011010,1101111111101010,0100001111111000)]"
PROBLEM_number-io__ARGS_TAG_BF__MUT_0075,10369,number-io,Tag-BitFlips,0.0075,0,True,2,67,18,"[Add-Tag(0101001111000101,0111100001110111,1111010110010010),SubmitNum-Tag(1011100111111101,1000011011010110,0010101110000100)]"
PROBLEM_number-io__ARGS_TAG_BF__MUT_0075,10370,number-io,Tag-BitFlips,0.0075,0,True,2,93,16,"[Add-Tag(0111011101011010,0000000111010101,0111110100101001),SubmitNum-Tag(1110110101001000,1010010101110111,0010001111011001)]"
PROBLEM_number-io__ARGS_TAG_BF__MUT_0075,10371,number-io,Tag-BitFlips,0.0075,0,True,2,9,5,"[Add-Tag(0101110101011100,1100100111111100,1000111001111110),SubmitNum-Tag(0111110101100110,1101000001011100,1001010001001111)]"
PROBLEM_number-io__ARGS_TAG_BF__MUT_0075,10372,number-io,Tag-BitFlips,0.0075,0,True,2,41,11,"[Add-Tag(1011101010110111,0100010110111101,1100111111110000),SubmitNum-Tag(0111010111101110,1110011011010111,1111100010110000)]"
PROBLEM_number-io__ARGS_TAG_BF__MUT_0075,10373,number-io,Tag-BitFlips,0.0075,0,True,3,29,18,"[Sub-Tag(1110101001111000,0001001001000110,0110010001010010),Sub-Tag(1110111011111001,0001000001000111,0110010001010010),SubmitNum-Tag(0000010101000111,1110000100001000,1000110011000110)]"
PROBLEM_number-io__ARGS_TAG_BF__MUT_0075,10374,number-io,Tag-BitFlips,0.0075,0,True,2,30,22,"[Add-Tag(0001000001010100,1111101111100000,0011011001011110),SubmitNum-Tag(0101110111111010,1001000001111000,1110111001010011)]"
PROBLEM_number-io__ARGS_TAG_BF__MUT_0075,10375,number-io,Tag-BitFlips,0.0075,0,True,2,90,5,"[Add-Tag(0100000100000100,1111111101010111,0011010001110111),SubmitNum-Tag(1011010101011100,1111101000000000,1110001101100111)]"
PROBLEM_number-io__ARGS_TAG_BF__MUT_0075,10376,number-io,Tag-BitFlips,0.0075,0,True,6,93,41,"[Close(1010010110101001,1110001101000001,1111101101010000),Sub-Tag(1100111011101111,1001010010001111,1110000100100101),SubmitNum-Tag(1000110010100000,0001100111101100,0101111011010111),Sub-Tag(1001010110111001,0101100011010110,1111001100000110),IfNot-Tag(1001111110110110,0101101110111010,0001111100111011),Break(0001001010111001,1100111010011110,0110100101111001)]"
PROBLEM_number-io__ARGS_TAG_BF__MUT_0075,10377,number-io,Tag-BitFlips,0.0075,0,True,2,6,2,"[Add-Tag(0101010110111101,1110011111101011,1011010110001011),SubmitNum-Tag(1001011110001010,0111110011110011,0101110101010001)]"
PROBLEM_number-io__ARGS_TAG_BF__MUT_0075,10378,number-io,Tag-BitFlips,0.0075,0,True,2,17,9,"[Add-Tag(1110111101011110,0101011111001100,0001000101111111),SubmitNum-Tag(0100100010111101,0011101101010111,1011101000111110)]"
PROBLEM_number-io__ARGS_TAG_BF__MUT_0075,10379,number-io,Tag-BitFlips,0.0075,0,True,2,13,6,"[Add-Tag(1101111110010111,0000000100010001,1000001011100011),SubmitNum-Tag(1110000011010000,1111100110001010,1110111110010110)]"
PROBLEM_number-io__ARGS_TAG_BF__MUT_0075,10380,number-io,Tag-BitFlips,0.0075,0,True,2,9,5,"[Add-Tag(1011011110011101,0100000000110101,1000011001001111),SubmitNum-Tag(0100001110011111,1010010011100111,1101100001000001)]"
PROBLEM_number-io__ARGS_TAG_BF__MUT_0075,10381,number-io,Tag-BitFlips,0.0075,0,True,2,49,15,"[Add-Tag(0010111101110110,0110010111000001,1100111111011011),SubmitNum-Tag(1011011110011110,0010101011010101,1000110111101011)]"
PROBLEM_number-io__ARGS_TAG_BF__MUT_0075,10382,number-io,Tag-BitFlips,0.0075,0,True,2,46,1,"[Add-Tag(0011010111001101,1110101010111100,1010010011000001),SubmitNum-Tag(0000010010100100,1111110001010001,1011101000100001)]"
PROBLEM_number-io__ARGS_TAG_BF__MUT_0075,10383,number-io,Tag-BitFlips,0.0075,0,False,NONE,NONE,NONE,"NONE"
PROBLEM_number-io__ARGS_TAG_BF__MUT_0075,10384,number-io,Tag-BitFlips,0.0075,0,True,5,16,8,"[While-Tag(0101011111110001,0010010010111100,1110000111000100),SubmitNum-Tag(1111110101100110,0111100100000110,1101100101100000),Sub-Tag(1011110110111001,1111111101010100,1100111110010101),Dec-Tag(1001101010111010,1100001111100000,1110110111111001),LoadDouble-Tag(0001100110101101,0000100100100100,1011101011110111)]"
PROBLEM_number-io__ARGS_TAG_BF__MUT_0075,10385,number-io,Tag-BitFlips,0.0075,0,True,2,6,3,"[Add-Tag(1111010111001001,0110110100010000,0000011001000101),SubmitNum-Tag(1101010001000111,0100100011110000,0111101100101011)]"
PROBLEM_number-io__ARGS_TAG_BF__MUT_0075,10386,number-io,Tag-BitFlips,0.0075,0,True,4,49,14,"[LoadDouble-Tag(0100111110001011,1011101000101111,0111100000001110),Sub-Tag(1101001011001000,0111101101111101,0110000111010100),Sub-Tag(0101111101001011,1101000011010001,1100100011000001),SubmitNum-Tag(1100011101000111,0111100100011001,0010001011011111)]"
PROBLEM_number-io__ARGS_TAG_BF__MUT_0075,10387,number-io,Tag-BitFlips,0.0075,0,True,3,25,16,"[Sub-Tag(1111111010100000,0101100100000010,1001111100010011),Sub-Tag(1111111011010000,0011001111000111,0100101000100111),SubmitNum-Tag(1111101110100101,0111000110001110,0011001110100011)]"
PROBLEM_number-io__ARGS_TAG_BF__MUT_0075,10388,number-io,Tag-BitFlips,0.0075,0,True,2,8,4,"[Add-Tag(0011010001110001,1011101110010111,0101000001110001),SubmitNum-Tag(0001001101011110,0101100111001001,0110111101011101)]"
PROBLEM_number-io__ARGS_TAG_BF__MUT_0075,10389,number-io,Tag-BitFlips,0.0075,0,True,2,96,8,"[Add-Tag(1111010111010110,0010010101000100,1010100010111001),SubmitNum-Tag(0011100111011101,1011011101111110,1001111100101010)]"
PROBLEM_number-io__ARGS_TAG_BF__MUT_0075,10390,number-io,Tag-BitFlips,0.0075,0,True,2,7,1,"[Add-Tag(1001001101010101,1011010011101111,0001110000110100),SubmitNum-Tag(0001110001110001,0011011001000100,0000110010000111)]"
PROBLEM_number-io__ARGS_TAG_BF__MUT_0075,10391,number-io,Tag-BitFlips,0.0075,0,True,3,63,4,"[While-Tag(0010010000010111,0011110011001100,0100111110010010),SubmitNum-Tag(0100011001001010,0100000000110111,0110000010101111),Add-Tag(1101000001100101,1101011110101111,0000111100000011)]"
PROBLEM_number-io__ARGS_TAG_BF__MUT_0075,10392,number-io,Tag-BitFlips,0.0075,0,True,2,10,7,"[Add-Tag(1011100101100110,1101000100110001,0000110100000110),SubmitNum-Tag(0001111110010110,0101001101100001,1100101101000111)]"
PROBLEM_number-io__ARGS_TAG_BF__MUT_0075,10393,number-io,Tag-BitFlips,0.0075,0,True,2,95,68,"[Add-Tag(0110110001110101,1101111001000110,0011101110011010),SubmitNum-Tag(1111000010110001,0100101111110111,1110010010010000)]"
PROBLEM_number-io__ARGS_TAG_BF__MUT_0075,10394,number-io,Tag-BitFlips,0.0075,0,True,2,17,10,"[Add-Tag(0100111110111011,1100011110010101,1000101101111111),SubmitNum-Tag(1100111101111011,1011000101001100,1001011111011010)]"
PROBLEM_number-io__ARGS_TAG_BF__MUT_0075,10395,number-io,Tag-BitFlips,0.0075,0,True,3,84,68,"[LoadInt-Tag(1000001001011001,1100101001001001,1010011101001111),Add-Tag(1010001001100000,0111001001000001,1111000001111101),SubmitNum-Tag(1111001001001101,0000011111100011,1011010110101110)]"
PROBLEM_number-io__ARGS_TAG_BF__MUT_0075,10396,number-io,Tag-BitFlips,0.0075,0,True,2,4,0,"[Add-Tag(0101000110011101,1111100101111110,1011101110100110),SubmitNum-Tag(0110111101011111,0000101010111000,0001110011100001)]"
PROBLEM_number-io__ARGS_TAG_BF__MUT_0075,10397,number-io,Tag-BitFlips,0.0075,0,True,2,23,15,"[Add-Tag(1111000101011000,0010011111101011,0101110111100000),SubmitNum-Tag(0001000001110000,0001101010101101,0101001110101011)]"
PROBLEM_number-io__ARGS_TAG_BF__MUT_0075,10398,number-io,Tag-BitFlips,0.0075,0,True,6,76,43,"[LoadDouble-Tag(1001010011100101,1111100101001100,1001110010010111),While-Tag(0010110110110110,0001101110110001,1011000000101001),SubmitNum-Tag(1011110110010110,1100010100001110,1110101001001011),Countdown-Tag(0000000100000100,1010110111010001,0101110111111010),TestNumGreater-Tag(0100111010101010,0000101010110100,0111110001010101),Add-Tag(1010000101111100,1111111110101011,1111101011101000)]"
PROBLEM_number-io__ARGS_TAG_BF__MUT_0075,10399,number-io,Tag-BitFlips,0.0075,0,True,6,28,5,"[LoadDouble-Tag(1001100011010111,0100010010000001,0010111010010111),Close(1101010011111010,1011000000101101,0100010001001110),SubmitNum-Tag(0111010100100100,0010110111001011,0111111001110010),Add-Tag(0110101011001110,1001111000011011,0001110110010111),IfNot-Tag(1110111100011010,0010000010100000,1101010001111110),TestNumGreater-Tag(1111110111001100,0010000011111100,1001110001111010)]"
PROBLEM_number-io__ARGS_TAG_BF__MUT_0075,10400,number-io,Tag-BitFlips,0.0075,0,True,3,65,24,"[Sub-Tag(1110010000000011,0011111011011110,1010001000101011),Sub-Tag(1100010000000101,1011101010110011,0011001011100011),SubmitNum-Tag(1011001010010111,1011000000001001,1111011101011100)]"
PROBLEM_number-io__ARGS_TAG_BF__MUT_01,10051,number-io,Tag-BitFlips,0.01,0,True,2,12,7,"[Add-Tag(0100011111100100,0101011111101100,0101101001011001),SubmitNum-Tag(1110010101110001,1010011001001110,1010001001000100)]"
PROBLEM_number-io__ARGS_TAG_BF__MUT_01,10052,number-io,Tag-BitFlips,0.01,0,True,2,3,1,"[Add-Tag(1001101011001111,1110010101001100,1010111010011010),SubmitNum-Tag(0110001000011001,0011110100101101,1010100010110110)]"
PROBLEM_number-io__ARGS_TAG_BF__MUT_01,10053,number-io,Tag-BitFlips,0.01,0,True,2,41,22,"[Add-Tag(1101010101000001,0101101011011110,1100110001001100),SubmitNum-Tag(0101110001111100,1000010011001100,1010110011111001)]"
PROBLEM_number-io__ARGS_TAG_BF__MUT_01,10054,number-io,Tag-BitFlips,0.01,0,True,2,28,21,"[Add-Tag(1110001001111010,0100101100010101,1001010111110001),SubmitNum-Tag(0011010101010010,1001000000010011,0110010110011001)]"
PROBLEM_number-io__ARGS_TAG_BF__MUT_01,10055,number-io,Tag-BitFlips,0.01,0,True,2,43,12,"[Add-Tag(0100011001001100,1101101101100111,0011110101010101),SubmitNum-Tag(0101000111010111,0010110110110101,1011010011000000)]"
PROBLEM_number-io__ARGS_TAG_BF__MUT_01,10056,number-io,Tag-BitFlips,0.01,0,True,2,15,9,"[Add-Tag(0101110101101101,0100111011111010,0110000011100011),SubmitNum-Tag(1101001101001110,1000100000000110,1011001110011100)]"
PROBLEM_number-io__ARGS_TAG_BF__MUT_01,10057,number-io,Tag-BitFlips,0.01,0,True,2,24,20,"[Add-Tag(0101001100011110,1001111101100110,1101101101011010),SubmitNum-Tag(1000111110110110,0011001111101110,1101110101111000)]"
PROBLEM_number-io__ARGS_TAG_BF__MUT_01,10058,number-io,Tag-BitFlips,0.01,0,True,2,97,22,"[Add-Tag(0001011111010000,0011110110111100,0010110011100010),SubmitNum-Tag(0001101011010011,0010011010010111,0011011010110110)]"
PROBLEM_number-io__ARGS_TAG_BF__MUT_01,10059,number-io,Tag-BitFlips,0.01,0,True,2,51,18,"[Add-Tag(1110101101101110,0001010111010010,1010110100011001),SubmitNum-Tag(0000100110010010,1110000110100011,1000001110011110)]"
PROBLEM_number-io__ARGS_TAG_BF__MUT_01,10060,number-io,Tag-BitFlips,0.01,0,True,2,10,5,"[Add-Tag(0101010111110000,0100101110111111,1111010001000100),SubmitNum-Tag(0011000111001101,0100101110100011,1000010010001100)]"
PROBLEM_number-io__ARGS_TAG_BF__MUT_01,10061,number-io,Tag-BitFlips,0.01,0,True,2,34,24,"[Add-Tag(0100010000011101,1110111110100110,0101000011110000),SubmitNum-Tag(0111010101010010,0110001111111000,0100110100111010)]"
PROBLEM_number-io__ARGS_TAG_BF__MUT_01,10062,number-io,Tag-BitFlips,0.01,0,False,NONE,NONE,NONE,"NONE"
PROBLEM_number-io__ARGS_TAG_BF__MUT_01,10063,number-io,Tag-BitFlips,0.01,0,True,2,10,4,"[Add-Tag(0101000110000001,1111010001111100,1101111011001010),SubmitNum-Tag(0111000111011111,0110001011110001,1011110100010111)]"
PROBLEM_number-io__ARGS_TAG_BF__MUT_01,10064,number-io,Tag-BitFlips,0.01,0,True,2,9,5,"[Add-Tag(0000010111010110,1111011111111101,1011001011111011),SubmitNum-Tag(1101011111111101,0100110000100101,1010011100111010)]"
PROBLEM_number-io__ARGS_TAG_BF__MUT_01,10065,number-io,Tag-BitFlips,0.01,0,True,3,92,84,"[SwapMem-Tag(0001111111010101,0101101011110001,0010110010001100),Add-Tag(0011110110111010,1000101010101101,0110111001110111),SubmitNum-Tag(1010111111001010,1110001110000100,0111101101011010)]"
PROBLEM_number-io__ARGS_TAG_BF__MUT_01,10066,number-io,Tag-BitFlips,0.01,0,True,4,93,21,"[Countdown-Tag(0111010100010100,1111101101011111,0110100001111110),Add-Tag(1001100110001001,0101011111101100,0011011000110010),LoadDouble-Tag(0001100100101000,1010111100110010,1001101111010110),SubmitNum-Tag(0011011100101101,1101000100011011,0010111000110110)]"
PROBLEM_number-io__ARGS_TAG_BF__MUT_01,10067,number-io,Tag-BitFlips,0.01,0,True,2,12,7,"[Add-Tag(0011101111011101,0101010000110001,1011101110101110),SubmitNum-Tag(0101011010111111,1100100111000011,0100010101000111)]"
PROBLEM_number-io__ARGS_TAG_BF__MUT_01,10068,number-io,Tag-BitFlips,0.01,0,False,NONE,NONE,NONE,"NONE"
PROBLEM_number-io__ARGS_TAG_BF__MUT_01,10069,number-io,Tag-BitFlips,0.01,0,False,NONE,NONE,NONE,"NONE"
PROBLEM_number-io__ARGS_TAG_BF__MUT_01,10070,number-io,Tag-BitFlips,0.01,0,True,3,58,48,"[Sub-Tag(0000101100101101,0100010100000010,1001011000010100),Sub-Tag(1111101110001111,1001011100000100,0000010101111101),SubmitNum-Tag(0111010111010001,0010011001110111,1010001110110001)]"
PROBLEM_number-io__ARGS_TAG_BF__MUT_01,10071,number-io,Tag-BitFlips,0.01,0,True,2,8,4,"[Add-Tag(0111111111101111,0101011101001010,0000111011111111),SubmitNum-Tag(1001000000111110,1100001011101111,1000111101111100)]"
PROBLEM_number-io__ARGS_TAG_BF__MUT_01,10072,number-io,Tag-BitFlips,0.01,0,True,2,25,22,"[Add-Tag(1100010101010011,1101101110101010,1110001011111100),SubmitNum-Tag(1101010110110110,1001110001101001,0000101000000101)]"
PROBLEM_number-io__ARGS_TAG_BF__MUT_01,10073,number-io,Tag-BitFlips,0.01,0,True,3,53,42,"[SwapMem-Tag(0010100000000000,0001001001000110,1111001101000110),Add-Tag(0110111101100110,0110110001101111,1101001011100101),SubmitNum-Tag(0001101010100110,0101100011010010,1100000100110000)]"
PROBLEM_number-io__ARGS_TAG_BF__MUT_01,10074,number-io,Tag-BitFlips,0.01,0,False,NONE,NONE,NONE,"NONE"
PROBLEM_number-io__ARGS_TAG_BF__MUT_01,10075,number-io,Tag-BitFlips,0.01,0,True,4,76,12,"[LoadDouble-Tag(1101111010110010,0010100000001011,1100101110000010),Sub-Tag(1101011000001100,1110101110001111,0101001001010011),Sub-Tag(0010110000110000,0111100000010101,1111001111111111),SubmitNum-Tag(1011010011111111,0110010000111010,1101101010001100)]"
PROBLEM_number-io__ARGS_TAG_BF__MUT_01,10076,number-io,Tag-BitFlips,0.01,0,True,2,41,21,"[Add-Tag(0101110101000000,0101100111110111,0011000000000000),SubmitNum-Tag(0111010110100010,0101100101000011,1100010011101101)]"
PROBLEM_number-io__ARGS_TAG_BF__MUT_01,10077,number-io,Tag-BitFlips,0.01,0,True,2,64,41,"[Add-Tag(1101111111001101,0000001101100100,1111111011101000),SubmitNum-Tag(0011101011110111,1010110100110000,0010010100110101)]"
PROBLEM_number-io__ARGS_TAG_BF__MUT_01,10078,number-io,Tag-BitFlips,0.01,0,True,3,16,6,"[SwapMem-Tag(0111100111101111,1010000100111100,0010010001000000),Add-Tag(0111010101111001,0010010110100001,1101111111111101),SubmitNum-Tag(0100111111111001,1010001011101100,0010001111100000)]"
PROBLEM_number-io__ARGS_TAG_BF__MUT_01,10079,number-io,Tag-BitFlips,0.01,0,True,2,10,4,"[Add-Tag(1101101111101111,0000010001011101,0111111001110101),SubmitNum-Tag(0011111101011111,0010010101011111,0010111101010101)]"
PROBLEM_number-io__ARGS_TAG_BF__MUT_01,10080,number-io,Tag-BitFlips,0.01,0,True,2,65,5,"[Add-Tag(0000100111000100,0101110111111000,0000001000111000),SubmitNum-Tag(0011000100010000,0000001001101010,0011000111001101)]"
PROBLEM_number-io__ARGS_TAG_BF__MUT_01,10081,number-io,Tag-BitFlips,0.01,0,True,2,12,6,"[Add-Tag(0101000001100100,1101011111101101,1110110110111000),SubmitNum-Tag(1111111100110001,0111011101000110,1111101011111010)]"
PROBLEM_number-io__ARGS_TAG_BF__MUT_01,10082,number-io,Tag-BitFlips,0.01,0,True,2,8,1,"[Add-Tag(0111111111110110,0100100111010000,0011010010011100),SubmitNum-Tag(1010111010011001,1110001000100011,0001011010011000)]"
PROBLEM_number-io__ARGS_TAG_BF__MUT_01,10083,number-io,Tag-BitFlips,0.01,0,True,2,20,13,"[Add-Tag(0111101111110100,0110110011010100,1101010010011100),SubmitNum-Tag(0001000110000110,1000111100110010,0010001011101101)]"
PROBLEM_number-io__ARGS_TAG_BF__MUT_01,10084,number-io,Tag-BitFlips,0.01,0,True,2,12,4,"[Add-Tag(1011110101010110,1100011001010000,0001011001010010),SubmitNum-Tag(1001010101110101,0001000011111110,1000010100010110)]"
PROBLEM_number-io__ARGS_TAG_BF__MUT_01,10085,number-io,Tag-BitFlips,0.01,0,True,2,41,34,"[Add-Tag(0100000000011101,1100101101101110,1100000111110100),SubmitNum-Tag(0101101101000101,1010111101111011,0101000001101000)]"
PROBLEM_number-io__ARGS_TAG_BF__MUT_01,10086,number-io,Tag-BitFlips,0.01,0,True,3,22,16,"[Sub-Tag(1101000010011110,0001111110111110,1100110111001110),Sub-Tag(0101111001110101,1011101101110111,0011011010111110),SubmitNum-Tag(1011100111101100,1000100000011010,0100110110110001)]"
PROBLEM_number-io__ARGS_TAG_BF__MUT_01,10087,number-io,Tag-BitFlips,0.01,0,True,2,14,8,"[Add-Tag(0111110001110100,1111111101110111,0111001111101101),SubmitNum-Tag(0111101111010101,0010110000011111,0101010010000010)]"
PROBLEM_number-io__ARGS_TAG_BF__MUT_01,10088,number-io,Tag-BitFlips,0.01,0,True,4,57,31,"[Sub-Tag(0000111110010001,0001110111111101,1111101001111000),SwapMem-Tag(0110101111110111,0101110100100100,1111111100110010),Sub-Tag(1011011111110101,0001110101110111,1111100011011000),SubmitNum-Tag(1100101100011000,1000000011101101,0100000000001001)]"
PROBLEM_number-io__ARGS_TAG_BF__MUT_01,10089,number-io,Tag-BitFlips,0.01,0,True,2,27,19,"[Add-Tag(1111011111111100,1001000101110000,1111100101110111),SubmitNum-Tag(1011100111111011,0011101101000111,1001000010110000)]"
PROBLEM_number-io__ARGS_TAG_BF__MUT_01,10090,number-io,Tag-BitFlips,0.01,0,True,2,52,17,"[Add-Tag(0100110101000100,1101001110011110,1101101010010010),SubmitNum-Tag(0001100000011100,0010101110101101,1001111011001001)]"
PROBLEM_number-io__ARGS_TAG_BF__MUT_01,10091,number-io,Tag-BitFlips,0.01,0,True,2,79,72,"[Add-Tag(0100010010000110,1011111111001000,0110110011111101),SubmitNum-Tag(0111101110010111,0001000100110011,1110010010110110)]"
PROBLEM_number-io__ARGS_TAG_BF__MUT_01,10092,number-io,Tag-BitFlips,0.01,0,True,2,21,13,"[Add-Tag(1001111110111010,0100100111010100,0010111010100000),SubmitNum-Tag(1000010100111101,0110011010010100,1001100000010011)]"
PROBLEM_number-io__ARGS_TAG_BF__MUT_01,10093,number-io,Tag-BitFlips,0.01,0,True,2,14,4,"[Add-Tag(0001000100000001,1110001111110101,0010010101001101),SubmitNum-Tag(1101011101010111,1101111101100100,0010000101111001)]"
PROBLEM_number-io__ARGS_TAG_BF__MUT_01,10094,number-io,Tag-BitFlips,0.01,0,False,NONE,NONE,NONE,"NONE"
PROBLEM_number-io__ARGS_TAG_BF__MUT_01,10095,number-io,Tag-BitFlips,0.01,0,True,2,11,7,"[Add-Tag(0111111111110000,0101000001110001,1000101010100001),SubmitNum-Tag(0101101001000100,0011001100101011,1111101010010010)]"
PROBLEM_number-io__ARGS_TAG_BF__MUT_01,10096,number-io,Tag-BitFlips,0.01,0,True,2,50,8,"[Add-Tag(0100111001010111,1100110111101101,1011011101011011),SubmitNum-Tag(1011011011011110,1000110000001001,0111011100101111)]"
PROBLEM_number-io__ARGS_TAG_BF__MUT_01,10097,number-io,Tag-BitFlips,0.01,0,True,2,16,12,"[Add-Tag(0101010100111101,1011011111001010,0011101011101110),SubmitNum-Tag(0111110110110011,0010110000001110,0111010111011100)]"
PROBLEM_number-io__ARGS_TAG_BF__MUT_01,10098,number-io,Tag-BitFlips,0.01,0,True,2,9,3,"[Add-Tag(1011101011101110,0101010010000000,1011100110101111),SubmitNum-Tag(1100111111110111,1011010101000111,0011001000101111)]"
PROBLEM_number-io__ARGS_TAG_BF__MUT_01,10099,number-io,Tag-BitFlips,0.01,0,True,2,29,9,"[Add-Tag(1001100101100101,1100111001111110,0001111111110100),SubmitNum-Tag(1101010101101110,1110100101000001,0101001011101010)]"
PROBLEM_number-io__ARGS_TAG_BF__MUT_01,10100,number-io,Tag-BitFlips,0.01,0,True,3,53,44,"[Sub-Tag(1110101011000011,0111000101011010,0111001010110110),Sub-Tag(0101111100111100,0010101100100011,1111111001111100),SubmitNum-Tag(1110111101010111,1011000110011110,0101110100000100)]"
PROBLEM_number-io__ARGS_TAG_BF__MUT_025,10301,number-io,Tag-BitFlips,0.025,0,True,2,23,14,"[Add-Tag(1111100010111101,0100100110010100,1111111111001110),SubmitNum-Tag(1001011100111110,0001100100010011,1110001101111001)]"
PROBLEM_number-io__ARGS_TAG_BF__MUT_025,10302,number-io,Tag-BitFlips,0.025,0,True,2,96,84,"[Add-Tag(1010010111111111,0110010111000100,1101111011001010),SubmitNum-Tag(1100111011101110,0100100111111001,1101001010010110)]"
PROBLEM_number-io__ARGS_TAG_BF__MUT_025,10303,number-io,Tag-BitFlips,0.025,0,True,2,11,4,"[Add-Tag(0101011111000110,1111110101011000,1000000000110011),SubmitNum-Tag(1100111010101001,0000000011110001,0000000010010001)]"
PROBLEM_number-io__ARGS_TAG_BF__MUT_025,10304,number-io,Tag-BitFlips,0.025,0,True,2,7,2,"[Add-Tag(1101000111010101,0111001111100111,1001111111010110),SubmitNum-Tag(1111101010111000,1011001110101100,0111111010000011)]"
PROBLEM_number-io__ARGS_TAG_BF__MUT_025,10305,number-io,Tag-BitFlips,0.025,0,True,2,28,25,"[Add-Tag(1101111011011010,0000011101011000,0000011100001001),SubmitNum-Tag(1001011000001111,1000110111010010,0100010000100000)]"
PROBLEM_number-io__ARGS_TAG_BF__MUT_025,10306,number-io,Tag-BitFlips,0.025,0,True,2,23,2,"[Add-Tag(1011110111100111,0100100101010010,1000010010111111),SubmitNum-Tag(0010010010011111,0101101010111111,0110000000001100)]"
PROBLEM_number-io__ARGS_TAG_BF__MUT_025,10307,number-io,Tag-BitFlips,0.025,0,True,2,9,3,"[Add-Tag(0111111101111110,0100011101100110,0010100110000100),SubmitNum-Tag(1001010110100101,0011011000010010,1101001100011001)]"
PROBLEM_number-io__ARGS_TAG_BF__MUT_025,10308,number-io,Tag-BitFlips,0.025,0,True,2,6,1,"[Add-Tag(0011010000110100,0011100111110101,1001111000011001),SubmitNum-Tag(1000110110101001,1110100000011001,1001010000011100)]"
PROBLEM_number-io__ARGS_TAG_BF__MUT_025,10309,number-io,Tag-BitFlips,0.025,0,True,2,20,12,"[Add-Tag(0010101111101110,0110100110010101,0101011011000100),SubmitNum-Tag(0100010001000101,1010111001001101,1111110000001011)]"
PROBLEM_number-io__ARGS_TAG_BF__MUT_025,10310,number-io,Tag-BitFlips,0.025,0,True,2,58,16,"[Add-Tag(0101000101111100,1110101111100110,1111101011111110),SubmitNum-Tag(1111110101101101,0000110100000110,1110000100001111)]"
PROBLEM_number-io__ARGS_TAG_BF__MUT_025,10311,number-io,Tag-BitFlips,0.025,0,True,2,12,6,"[Add-Tag(1100101001101110,0101010000000110,1111100001110111),SubmitNum-Tag(1111011011101011,0010110111000001,0111110111101110)]"
PROBLEM_number-io__ARGS_TAG_BF__MUT_025,10312,number-io,Tag-BitFlips,0.025,0,True,2,76,67,"[Add-Tag(1111101101011001,0100010011010110,1100011000110011),SubmitNum-Tag(1000110000011010,0100110001100011,1101000011110111)]"
PROBLEM_number-io__ARGS_TAG_BF__MUT_025,10313,number-io,Tag-BitFlips,0.025,0,True,3,23,10,"[Sub-Tag(0001101111000011,0011011011111011,1110100010100011),Sub-Tag(0101011001010010,1100111100110010,1011111010011111),SubmitNum-Tag(1111011001011101,0110101000010001,0110111001001100)]"
PROBLEM_number-io__ARGS_TAG_BF__MUT_025,10314,number-io,Tag-BitFlips,0.025,0,True,3,46,36,"[Sub-Tag(0011110011011000,1111010110010001,1010001101111001),Sub-Tag(0011110110111010,1011000011110010,1101100010011000),SubmitNum-Tag(0000101111011000,0100011011111110,0010011010011010)]"
PROBLEM_number-io__ARGS_TAG_BF__MUT_025,10315,number-io,Tag-BitFlips,0.025,0,True,2,22,4,"[Add-Tag(1111010011110100,1100011101010100,0101101100010111),SubmitNum-Tag(0010000101010110,0101110010110010,1111010011011001)]"
PROBLEM_number-io__ARGS_TAG_BF__MUT_025,10316,number-io,Tag-BitFlips,0.025,0,True,2,19,10,"[Add-Tag(0100010111001100,1111011101110110,0000100111001011),SubmitNum-Tag(0011000110001000,0011110100110001,0111101001101111)]"
PROBLEM_number-io__ARGS_TAG_BF__MUT_025,10317,number-io,Tag-BitFlips,0.025,0,True,2,33,11,"[Add-Tag(0000011101110001,0111011111001110,1010111011000111),SubmitNum-Tag(0010101001001101,1110110101110100,1100010100011000)]"
PROBLEM_number-io__ARGS_TAG_BF__MUT_025,10318,number-io,Tag-BitFlips,0.025,0,True,2,37,28,"[Add-Tag(1111110110011011,1001010010010100,1111101101000110),SubmitNum-Tag(1100111011111111,0111100110001001,0010011111110000)]"
PROBLEM_number-io__ARGS_TAG_BF__MUT_025,10319,number-io,Tag-BitFlips,0.025,0,True,2,11,3,"[Add-Tag(1101111111111110,0101010101111011,0000110000010001),SubmitNum-Tag(1101110000111101,0101011101010101,0110010101000011)]"
PROBLEM_number-io__ARGS_TAG_BF__MUT_025,10320,number-io,Tag-BitFlips,0.025,0,True,2,10,1,"[Add-Tag(0101110001010110,1111111001111110,0101011110111111),SubmitNum-Tag(1110110011010111,0110101111011110,0001100101110001)]"
PROBLEM_number-io__ARGS_TAG_BF__MUT_025,10321,number-io,Tag-BitFlips,0.025,0,True,3,34,17,"[Sub-Tag(0110100100101110,1101100011101110,1000111111111100),Sub-Tag(0001000101010011,0110111011111111,0000111011110001),SubmitNum-Tag(1100010010111111,0011001010001100,0010011101111110)]"
PROBLEM_number-io__ARGS_TAG_BF__MUT_025,10322,number-io,Tag-BitFlips,0.025,0,True,2,15,6,"[Add-Tag(1111010111101111,0111010101110000,0011111010000000),SubmitNum-Tag(0011010111000011,1000000100111111,0100111001011110)]"
PROBLEM_number-io__ARGS_TAG_BF__MUT_025,10323,number-io,Tag-BitFlips,0.025,0,True,2,16,4,"[Add-Tag(0011101011011111,1101010111100001,0111101111101010),SubmitNum-Tag(1111110011010100,0010001111001011,1010000101111000)]"
PROBLEM_number-io__ARGS_TAG_BF__MUT_025,10324,number-io,Tag-BitFlips,0.025,0,True,2,5,1,"[Add-Tag(0000000101001100,1110011101001100,1011001010000101),SubmitNum-Tag(1001110000100101,1111101000110110,1100101001101010)]"
PROBLEM_number-io__ARGS_TAG_BF__MUT_025,10325,number-io,Tag-BitFlips,0.025,0,True,3,22,7,"[While-Tag(0001110111010101,0100111101101000,0111100011011010),SubmitNum-Tag(1001011101000010,0100111101100101,0101010111111011),Add-Tag(0101010001111111,1111111000011101,1110000011000011)]"
PROBLEM_number-io__ARGS_TAG_BF__MUT_025,10326,number-io,Tag-BitFlips,0.025,0,True,2,40,33,"[Add-Tag(1011010100011101,1101111011111110,1101001001110110),SubmitNum-Tag(1001011111111100,0000011100110111,0001101100011010)]"
PROBLEM_number-io__ARGS_TAG_BF__MUT_025,10327,number-io,Tag-BitFlips,0.025,0,True,2,17,7,"[Add-Tag(1111111110101110,0011000110010101,0100010101010110),SubmitNum-Tag(1001110101100100,0011110111010001,1001001011001001)]"
PROBLEM_number-io__ARGS_TAG_BF__MUT_025,10328,number-io,Tag-BitFlips,0.025,0,True,2,8,2,"[Add-Tag(0011010110010000,0001111111110010,1010000111110100),SubmitNum-Tag(0010001111101100,0110010000010011,0100110010010011)]"
PROBLEM_number-io__ARGS_TAG_BF__MUT_025,10329,number-io,Tag-BitFlips,0.025,0,True,2,17,6,"[Add-Tag(1101100100000101,1110101110101100,1011011000000011),SubmitNum-Tag(0100101100110001,0110110110000110,1010000011111001)]"
PROBLEM_number-io__ARGS_TAG_BF__MUT_025,10330,number-io,Tag-BitFlips,0.025,0,True,2,6,0,"[Add-Tag(1110101110110010,0010010101011110,0100010011010100),SubmitNum-Tag(0001001011010001,1110111111110101,0011110000100111)]"
PROBLEM_number-io__ARGS_TAG_BF__MUT_025,10331,number-io,Tag-BitFlips,0.025,0,True,2,7,1,"[Add-Tag(1111100011111100,0000010111010101,1101111011011010),SubmitNum-Tag(1111111010011101,1110000000001010,1111000101110000)]"
PROBLEM_number-io__ARGS_TAG_BF__MUT_025,10332,number-io,Tag-BitFlips,0.025,0,True,3,76,61,"[Sub-Tag(1110100010100101,0100011001100100,0111100001101011),Sub-Tag(0011101111111111,0110000001111000,1001111111110111),SubmitNum-Tag(1010001111101110,0111010010111101,0110000001010010)]"
PROBLEM_number-io__ARGS_TAG_BF__MUT_025,10333,number-io,Tag-BitFlips,0.025,0,True,3,48,23,"[Sub-Tag(0111101001001111,0101111100111100,1100110010101101),Sub-Tag(0101101101000000,1011110100101100,1010111011101011),SubmitNum-Tag(1011111111011010,1100111000010010,1101010001010100)]"
PROBLEM_number-io__ARGS_TAG_BF__MUT_025,10334,number-io,Tag-BitFlips,0.025,0,True,2,7,1,"[Add-Tag(0110010101011101,0111111011111110,0101001111110110),SubmitNum-Tag(1110111110101111,1001000011000110,1110110101000000)]"
PROBLEM_number-io__ARGS_TAG_BF__MUT_025,10335,number-io,Tag-BitFlips,0.025,0,True,2,36,25,"[Add-Tag(0111011001111111,0100010011000001,0100001111100001),SubmitNum-Tag(1100111111000111,0100100000110110,0100001110000101)]"
PROBLEM_number-io__ARGS_TAG_BF__MUT_025,10336,number-io,Tag-BitFlips,0.025,0,False,NONE,NONE,NONE,"NONE"
PROBLEM_number-io__ARGS_TAG_BF__MUT_025,10337,number-io,Tag-BitFlips,0.025,0,True,2,20,8,"[Add-Tag(0000011001010010,1111100100110100,0001110010111110),SubmitNum-Tag(0001000111101111,1111101111111100,0011101110001100)]"
PROBLEM_number-io__ARGS_TAG_BF__MUT_025,10338,number-io,Tag-BitFlips,0.025,0,True,2,38,8,"[Add-Tag(1101000111010101,1010101111111110,1101010101001111),SubmitNum-Tag(1101111001010100,1110101101101001,1110101011100010)]"
PROBLEM_number-io__ARGS_TAG_BF__MUT_025,10339,number-io,Tag-BitFlips,0.025,0,True,2,19,15,"[Add-Tag(1101000011010101,1110111011111010,1101100111111111),SubmitNum-Tag(0111101010011110,1111111001101011,0011011001011010)]"
PROBLEM_number-io__ARGS_TAG_BF__MUT_025,10340,number-io,Tag-BitFlips,0.025,0,True,2,36,24,"[Add-Tag(0011110101000100,1111111100001011,0101011110001100),SubmitNum-Tag(0100100111010110,0101011110001101,0110101000010000)]"
PROBLEM_number-io__ARGS_TAG_BF__MUT_025,10341,number-io,Tag-BitFlips,0.025,0,True,2,19,12,"[Add-Tag(0010101111111100,1101010110010000,1011000110111110),SubmitNum-Tag(1111101011110001,1011100100001010,0011000001000000)]"
PROBLEM_number-io__ARGS_TAG_BF__MUT_025,10342,number-io,Tag-BitFlips,0.025,0,True,2,16,4,"[Add-Tag(0001010100000100,1101000111110111,1011101111010011),SubmitNum-Tag(0111100111101111,1011100110001011,0110010101011100)]"
PROBLEM_number-io__ARGS_TAG_BF__MUT_025,10343,number-io,Tag-BitFlips,0.025,0,True,2,10,4,"[Add-Tag(0111011111001010,0100101100010000,0010011011100001),SubmitNum-Tag(1010010000110000,1100101001001111,1010101110110000)]"
PROBLEM_number-io__ARGS_TAG_BF__MUT_025,10344,number-io,Tag-BitFlips,0.025,0,True,2,16,5,"[Add-Tag(0101010101110110,1111001111101010,1101110111000101),SubmitNum-Tag(0000110111010100,1110001001010000,1010111110110110)]"
PROBLEM_number-io__ARGS_TAG_BF__MUT_025,10345,number-io,Tag-BitFlips,0.025,0,True,3,10,2,"[Sub-Tag(1010100110001111,0101000101100111,1000111110011011),Sub-Tag(1110011011101110,1001101101010000,1011010000110000),SubmitNum-Tag(0001000110100010,0110111100010100,0000110000000101)]"
PROBLEM_number-io__ARGS_TAG_BF__MUT_025,10346,number-io,Tag-BitFlips,0.025,0,True,2,25,8,"[Add-Tag(0101111001010101,1001111101010010,1110110110111010),SubmitNum-Tag(1001110011111101,1010011101011101,0010010011011111)]"
PROBLEM_number-io__ARGS_TAG_BF__MUT_025,10347,number-io,Tag-BitFlips,0.025,0,True,2,53,2,"[Add-Tag(1110000101010110,1111111011111101,1111010101101010),SubmitNum-Tag(0101011111111111,0110111001111000,0011100010010100)]"
PROBLEM_number-io__ARGS_TAG_BF__MUT_025,10348,number-io,Tag-BitFlips,0.025,0,True,2,18,14,"[Add-Tag(1101001011010100,1001101110101110,0111011110011000),SubmitNum-Tag(1111011010011101,0000100111010101,0100101101000110)]"
PROBLEM_number-io__ARGS_TAG_BF__MUT_025,10349,number-io,Tag-BitFlips,0.025,0,True,3,70,15,"[Sub-Tag(0001100011101001,1111011100101111,1101111101011101),Sub-Tag(0101011101010111,1100111111111100,0011011101010001),SubmitNum-Tag(0011000001010100,0100011110100110,1101110100101000)]"
PROBLEM_number-io__ARGS_TAG_BF__MUT_025,10350,number-io,Tag-BitFlips,0.025,0,True,3,42,10,"[Sub-Tag(1010111110010100,1101110111000100,1110111100100101),Sub-Tag(1010011111111000,0010110001100101,0100101010100001),SubmitNum-Tag(0111101110001101,0110010100100000,1011110101000010)]"
PROBLEM_number-io__ARGS_TAG_BF__MUT_05,10251,number-io,Tag-BitFlips,0.05,0,True,3,93,21,"[While-Tag(0001110101011100,0001100010001111,1110111101110110),SubmitNum-Tag(1001101010110111,1001010001011001,1001010001100011),Add-Tag(0100111011011111,0101110100111100,1101101000110101)]"
PROBLEM_number-io__ARGS_TAG_BF__MUT_05,10252,number-io,Tag-BitFlips,0.05,0,True,2,8,1,"[Add-Tag(0011111101000101,1010101110111111,1110010010110111),SubmitNum-Tag(0110110010100110,0001111001111101,1000101011000011)]"
PROBLEM_number-io__ARGS_TAG_BF__MUT_05,10253,number-io,Tag-BitFlips,0.05,0,True,2,27,9,"[Add-Tag(0100110101000100,0010101111111110,0101011000011000),SubmitNum-Tag(1110010010011111,1110010000000011,1110010101111111)]"
PROBLEM_number-io__ARGS_TAG_BF__MUT_05,10254,number-io,Tag-BitFlips,0.05,0,True,3,42,9,"[Sub-Tag(0010011100011001,1100000001011001,0001111001110101),Sub-Tag(0110011101011111,0010010100010111,0000010101010100),SubmitNum-Tag(1000010100011100,1111011111010101,1110111110100100)]"
PROBLEM_number-io__ARGS_TAG_BF__MUT_05,10255,number-io,Tag-BitFlips,0.05,0,True,2,9,2,"[Add-Tag(0111110110001110,0000010110010101,1100011011111011),SubmitNum-Tag(1111111110000000,0110001011001001,0101101101001011)]"
PROBLEM_number-io__ARGS_TAG_BF__MUT_05,10256,number-io,Tag-BitFlips,0.05,0,True,2,20,3,"[Add-Tag(1111111111000110,0000100101000101,1101010100011001),SubmitNum-Tag(0011111101010101,1010110110111101,0010011111001000)]"
PROBLEM_number-io__ARGS_TAG_BF__MUT_05,10257,number-io,Tag-BitFlips,0.05,0,True,2,36,2,"[Add-Tag(0000011101100100,1110110011101111,0011111010011110),SubmitNum-Tag(0100111010111111,1010110011101111,0010010000101010)]"
PROBLEM_number-io__ARGS_TAG_BF__MUT_05,10258,number-io,Tag-BitFlips,0.05,0,True,2,37,6,"[Add-Tag(0011000001110101,1011110111110110,1111110111110001),SubmitNum-Tag(1111110011111101,0011101101001110,1111011011011001)]"
PROBLEM_number-io__ARGS_TAG_BF__MUT_05,10259,number-io,Tag-BitFlips,0.05,0,True,2,21,5,"[Add-Tag(0101001001010101,0111111110101000,0010100101101000),SubmitNum-Tag(1111110100101000,0010111100101100,0111010011101010)]"
PROBLEM_number-io__ARGS_TAG_BF__MUT_05,10260,number-io,Tag-BitFlips,0.05,0,True,2,15,7,"[Add-Tag(0100010110011101,1111001110011100,1000001100100000),SubmitNum-Tag(1100001100111000,0111010010000101,0010100100010101)]"
PROBLEM_number-io__ARGS_TAG_BF__MUT_05,10261,number-io,Tag-BitFlips,0.05,0,True,2,33,2,"[Add-Tag(0101000001010110,1001111111011111,0001011101010101),SubmitNum-Tag(1111010100010101,0001110100101100,0000000110100001)]"
PROBLEM_number-io__ARGS_TAG_BF__MUT_05,10262,number-io,Tag-BitFlips,0.05,0,True,2,26,17,"[Add-Tag(0011010101000000,1111011011101010,0101101111011110),SubmitNum-Tag(0111110110111101,0011110001011000,0111011111000010)]"
PROBLEM_number-io__ARGS_TAG_BF__MUT_05,10263,number-io,Tag-BitFlips,0.05,0,True,2,5,1,"[Add-Tag(0110101111111111,0101000110000111,1111100111101010),SubmitNum-Tag(1110010101101111,1110011001011101,0000101110001011)]"
PROBLEM_number-io__ARGS_TAG_BF__MUT_05,10264,number-io,Tag-BitFlips,0.05,0,True,5,56,37,"[Close(0011011101001110,0001101111011111,0111010100100101),SubmitNum-Tag(0110011010010101,0011111000110110,1111100101111100),Add-Tag(0100111101011000,1111101111111110,0110011011001000),While-Tag(0110100110110110,0011100101111001,0110001110001100),Break(0111001101111111,0011001010110001,1111111110010100)]"
PROBLEM_number-io__ARGS_TAG_BF__MUT_05,10265,number-io,Tag-BitFlips,0.05,0,False,NONE,NONE,NONE,"NONE"
PROBLEM_number-io__ARGS_TAG_BF__MUT_05,10266,number-io,Tag-BitFlips,0.05,0,True,10,87,18,"[Dec-Tag(1001011101001001,0001001000001100,1110011101010110),SubmitNum-Tag(0110010001001100,1001011111001111,0000110011010000),Add-Tag(0101001001010100,0111111011001111,0101000011010000),Dec-Tag(1001011101001001,0001001000001100,1110011101000110),SubmitNum-Tag(0110010101001100,1001010011010111,0000110011010000),Add-Tag(0101001001010100,0111111011001111,0101000011010000),Set-2-Tag(1010111000111110,0001010011101101,1010000011000010),Mult-Tag(1110011001101000,1110000100011000,1101011001011000),Set-1-Tag(1001001011110001,1110111011011100,0100001000011011),Set-16-Tag(0010101011000110,0100011010001111,1000100111011100)]"
PROBLEM_number-io__ARGS_TAG_BF__MUT_05,10267,number-io,Tag-BitFlips,0.05,0,True,2,29,2,"[Add-Tag(0110111011111010,0100011100110000,0001001000011001),SubmitNum-Tag(0000001000111010,0101110101101100,0110110010100101)]"
PROBLEM_number-io__ARGS_TAG_BF__MUT_05,10268,number-io,Tag-BitFlips,0.05,0,True,2,27,19,"[Add-Tag(1111001101110111,0110010101011100,0001110101100001),SubmitNum-Tag(0001010100011100,1101000011001111,1110100100100111)]"
PROBLEM_number-io__ARGS_TAG_BF__MUT_05,10269,number-io,Tag-BitFlips,0.05,0,True,2,11,2,"[Add-Tag(0111011111000111,1100100101011101,1000100101001101),SubmitNum-Tag(1001000111011111,1011101111100110,0111101010111000)]"
PROBLEM_number-io__ARGS_TAG_BF__MUT_05,10270,number-io,Tag-BitFlips,0.05,0,True,3,20,10,"[Sub-Tag(0011011001110011,0101110101000011,0100011100110100),Sub-Tag(1001011111101111,1001010101100101,0100011011000100),SubmitNum-Tag(0110011101010011,1100111011111100,1101101101010101)]"
PROBLEM_number-io__ARGS_TAG_BF__MUT_05,10271,number-io,Tag-BitFlips,0.05,0,True,6,55,20,"[Close(0110010100001011,1010011011010101,1101111001111000),SubmitNum-Tag(1011001000000100,1001100010011110,1010111101101011),Sub-Tag(1010100010110111,1011011101001111,1110111001110000),Sub-Tag(0011011000000100,1110111000110101,1010011001000000),IfNot-Tag(1000011111000110,1011000100101110,0101010101010001),Break(0110110101100101,0011010100011111,1101110111011000)]"
PROBLEM_number-io__ARGS_TAG_BF__MUT_05,10272,number-io,Tag-BitFlips,0.05,0,True,3,19,7,"[Sub-Tag(0001011100111000,1101001101111110,1101111110000111),Sub-Tag(1101000101011110,1111100111011010,1100110111110110),SubmitNum-Tag(0111001011111101,1011110100000100,0110111101110001)]"
PROBLEM_number-io__ARGS_TAG_BF__MUT_05,10273,number-io,Tag-BitFlips,0.05,0,True,3,29,4,"[Sub-Tag(1110100010110000,1011101101110110,0110111011111101),Sub-Tag(0001011111110001,1110101110110010,1010000101000110),SubmitNum-Tag(0000010111101100,0110011000010111,1111100100011001)]"
PROBLEM_number-io__ARGS_TAG_BF__MUT_05,10274,number-io,Tag-BitFlips,0.05,0,True,2,35,6,"[Add-Tag(0111011100110100,1101110111011111,1110010110101010),SubmitNum-Tag(1010111100100001,1100001110011100,1111011001111010)]"
PROBLEM_number-io__ARGS_TAG_BF__MUT_05,10275,number-io,Tag-BitFlips,0.05,0,True,2,16,2,"[Add-Tag(0111110101010000,0111001111111101,0001000011101110),SubmitNum-Tag(0010000111111011,1011111111100110,1111000000110001)]"
PROBLEM_number-io__ARGS_TAG_BF__MUT_05,10276,number-io,Tag-BitFlips,0.05,0,True,2,24,24,"[Add-Tag(0101111001011001,1001111111110100,0000100101010000),SubmitNum-Tag(1011010101001101,0100110011111110,0001010101110111)]"
PROBLEM_number-io__ARGS_TAG_BF__MUT_05,10277,number-io,Tag-BitFlips,0.05,0,True,3,21,7,"[Sub-Tag(0110001011000111,0100010101011101,0011000010010011),Sub-Tag(1101011011111100,1101001000010010,0110100011001111),SubmitNum-Tag(0110101101101010,0000100110000001,1101011100001001)]"
PROBLEM_number-io__ARGS_TAG_BF__MUT_05,10278,number-io,Tag-BitFlips,0.05,0,True,2,13,2,"[Add-Tag(1011110101110001,0101010100000111,0010111101001100),SubmitNum-Tag(0010101110101100,1100110100111011,1111100010100100)]"
PROBLEM_number-io__ARGS_TAG_BF__MUT_05,10279,number-io,Tag-BitFlips,0.05,0,True,2,31,7,"[Add-Tag(0111001111010101,0011110010111101,1000110111110101),SubmitNum-Tag(1010011110010101,1100011110001011,1111111011011110)]"
PROBLEM_number-io__ARGS_TAG_BF__MUT_05,10280,number-io,Tag-BitFlips,0.05,0,True,2,23,10,"[Add-Tag(0100010101010011,0110110011101110,0011110111110111),SubmitNum-Tag(1100101110111011,1110011000101111,0100110110001011)]"
PROBLEM_number-io__ARGS_TAG_BF__MUT_05,10281,number-io,Tag-BitFlips,0.05,0,True,3,41,15,"[Sub-Tag(1101010010000111,0011110101111010,1010011001110101),Sub-Tag(1001010100011101,1010101001101110,1110011111110111),SubmitNum-Tag(1011101111101100,0001101110010011,1000010000011000)]"
PROBLEM_number-io__ARGS_TAG_BF__MUT_05,10282,number-io,Tag-BitFlips,0.05,0,True,2,13,6,"[Add-Tag(1011100010111110,0100110101011001,0011010110101110),SubmitNum-Tag(1010010111101101,1101001010101001,0111010101011111)]"
PROBLEM_number-io__ARGS_TAG_BF__MUT_05,10283,number-io,Tag-BitFlips,0.05,0,True,2,14,4,"[Add-Tag(1001011100111110,1101010001010101,1000001110110101),SubmitNum-Tag(1011000111000100,0010000011101011,1111110111111011)]"
PROBLEM_number-io__ARGS_TAG_BF__MUT_05,10284,number-io,Tag-BitFlips,0.05,0,True,2,7,2,"[Add-Tag(0011010111010001,0111111010010110,1101100101010111),SubmitNum-Tag(0011011111000101,0001100000100000,1111011110011110)]"
PROBLEM_number-io__ARGS_TAG_BF__MUT_05,10285,number-io,Tag-BitFlips,0.05,0,True,2,19,10,"[Add-Tag(0000011101010011,1111010110011010,0101011000000001),SubmitNum-Tag(0011010110010100,0010100110110001,1011111010011010)]"
PROBLEM_number-io__ARGS_TAG_BF__MUT_05,10286,number-io,Tag-BitFlips,0.05,0,True,2,5,1,"[Add-Tag(1101110111010001,1111110001010111,1101010101111110),SubmitNum-Tag(0010111101110111,1101000101001000,1010010100001101)]"
PROBLEM_number-io__ARGS_TAG_BF__MUT_05,10287,number-io,Tag-BitFlips,0.05,0,True,2,11,5,"[Add-Tag(1111111011001011,0000000001000100,1000001100110101),SubmitNum-Tag(0001000000100010,1000110101110111,0110000001001001)]"
PROBLEM_number-io__ARGS_TAG_BF__MUT_05,10288,number-io,Tag-BitFlips,0.05,0,True,2,13,2,"[Add-Tag(1101110101111101,1000010001010100,1101000111011110),SubmitNum-Tag(0111111110111111,1000010010001010,0101100000011000)]"
PROBLEM_number-io__ARGS_TAG_BF__MUT_05,10289,number-io,Tag-BitFlips,0.05,0,True,2,10,4,"[Add-Tag(1101110101010001,1001011111001111,0101010101011011),SubmitNum-Tag(0011010100001101,1100110011001011,1011101001011111)]"
PROBLEM_number-io__ARGS_TAG_BF__MUT_05,10290,number-io,Tag-BitFlips,0.05,0,False,NONE,NONE,NONE,"NONE"
PROBLEM_number-io__ARGS_TAG_BF__MUT_05,10291,number-io,Tag-BitFlips,0.05,0,True,2,38,6,"[Add-Tag(0001000110010101,1100101100111100,1110011010011011),SubmitNum-Tag(0011011010011011,0010010001101000,0111001101101011)]"
PROBLEM_number-io__ARGS_TAG_BF__MUT_05,10292,number-io,Tag-BitFlips,0.05,0,True,2,10,1,"[Add-Tag(1111101111101110,0100010101111100,1100010101000101),SubmitNum-Tag(1100001101010100,0000001110011111,1011110001001111)]"
PROBLEM_number-io__ARGS_TAG_BF__MUT_05,10293,number-io,Tag-BitFlips,0.05,0,True,2,21,11,"[Add-Tag(0111010100101101,1111111101011001,1111101011100110),SubmitNum-Tag(1101011111101101,0101011001001101,0010001011010111)]"
PROBLEM_number-io__ARGS_TAG_BF__MUT_05,10294,number-io,Tag-BitFlips,0.05,0,True,2,35,7,"[Add-Tag(0100010110010110,0011111111110100,1110011111111111),SubmitNum-Tag(1101010111111010,1010010110101111,0110000100000100)]"
PROBLEM_number-io__ARGS_TAG_BF__MUT_05,10295,number-io,Tag-BitFlips,0.05,0,True,3,23,8,"[Sub-Tag(1100000101101101,0101001000010000,1111001001110010),Sub-Tag(0111111111101011,1001001111110000,1101101101011101),SubmitNum-Tag(0110111011111100,1101010001110001,0011111010110100)]"
PROBLEM_number-io__ARGS_TAG_BF__MUT_05,10296,number-io,Tag-BitFlips,0.05,0,True,2,26,10,"[Add-Tag(1111110111011011,0101111001010100,0110100110001011),SubmitNum-Tag(0010110000111000,1111100001011011,1100110101011010)]"
PROBLEM_number-io__ARGS_TAG_BF__MUT_05,10297,number-io,Tag-BitFlips,0.05,0,True,3,33,8,"[Sub-Tag(0101110110101101,0001000101100111,1001001101001001),Sub-Tag(1101111011110011,0001001011001000,1001011111010100),SubmitNum-Tag(1100011100010110,0011110110101001,1011100000011111)]"
PROBLEM_number-io__ARGS_TAG_BF__MUT_05,10298,number-io,Tag-BitFlips,0.05,0,True,2,15,3,"[Add-Tag(1000000101001100,1111001011110001,0011001100111101),SubmitNum-Tag(1110101100110010,0111101101000110,0110001110110110)]"
PROBLEM_number-io__ARGS_TAG_BF__MUT_05,10299,number-io,Tag-BitFlips,0.05,0,True,2,21,7,"[Add-Tag(0001000101001101,1011111110111000,0111001000000100),SubmitNum-Tag(0111010100101110,0000011110110100,1011000110100010)]"
PROBLEM_number-io__ARGS_TAG_BF__MUT_05,10300,number-io,Tag-BitFlips,0.05,0,True,2,9,1,"[Add-Tag(1101000111010110,1110011101101010,1010101011100111),SubmitNum-Tag(1011101011000001,1111010111111001,0011000111100100)]"
PROBLEM_number-io__ARGS_TAG_BF__MUT_075,10201,number-io,Tag-BitFlips,0.075,0,True,2,22,3,"[Add-Tag(1001110110101110,0111001001110100,1001111001101010),SubmitNum-Tag(1001011101111000,0010101101100111,0100100010001001)]"
PROBLEM_number-io__ARGS_TAG_BF__MUT_075,10202,number-io,Tag-BitFlips,0.075,0,True,2,79,67,"[Add-Tag(1110110101010000,1101110011011110,0110010001101001),SubmitNum-Tag(0110101101101101,1000110100000100,1110001101111000)]"
PROBLEM_number-io__ARGS_TAG_BF__MUT_075,10203,number-io,Tag-BitFlips,0.075,0,True,2,9,2,"[Add-Tag(0101110110101011,0100011111001100,1111011100111101),SubmitNum-Tag(1000011111110111,0000100010011010,0111111111100001)]"
PROBLEM_number-io__ARGS_TAG_BF__MUT_075,10204,number-io,Tag-BitFlips,0.075,0,True,2,27,11,"[Add-Tag(0111101001011110,0111001001010100,1001000001010100),SubmitNum-Tag(0010010000010101,0100111010011011,1011010011110010)]"
PROBLEM_number-io__ARGS_TAG_BF__MUT_075,10205,number-io,Tag-BitFlips,0.075,0,True,2,15,4,"[Add-Tag(1101110111111100,0101010101101101,1001101100010000),SubmitNum-Tag(1101100111100000,1101000100100000,0010001011000001)]"
PROBLEM_number-io__ARGS_TAG_BF__MUT_075,10206,number-io,Tag-BitFlips,0.075,0,True,5,74,60,"[Set-3-Tag(0100100011000101,1010101010100011,1010111001000101),LoadInt-Tag(0000010000010010,0001111101110101,0100101011110100),Countdown-Tag(1001101010101110,0101010010101011,0100001110100001),SubmitNum-Tag(0010111000111110,1001100110010110,1100100000011110),Add-Tag(1101011001010101,1101111001111010,0000011000001100)]"
PROBLEM_number-io__ARGS_TAG_BF__MUT_075,10207,number-io,Tag-BitFlips,0.075,0,True,2,11,2,"[Add-Tag(0101000111111101,1101001111110100,0001110011001011),SubmitNum-Tag(0011100011110001,0100101101000101,1111101000111111)]"
PROBLEM_number-io__ARGS_TAG_BF__MUT_075,10208,number-io,Tag-BitFlips,0.075,0,True,2,15,2,"[Add-Tag(0111111111011100,1101011001010000,1100000101001100),SubmitNum-Tag(0000011101100101,0101011100001101,1110000010011001)]"
PROBLEM_number-io__ARGS_TAG_BF__MUT_075,10209,number-io,Tag-BitFlips,0.075,0,True,3,47,29,"[Sub-Tag(1010100011011110,1011011101000101,1010001011100101),Sub-Tag(1110011111111011,1011010010100000,0101101001111001),SubmitNum-Tag(1110110100101001,1011011000001100,0100001001111110)]"
PROBLEM_number-io__ARGS_TAG_BF__MUT_075,10210,number-io,Tag-BitFlips,0.075,0,False,NONE,NONE,NONE,"NONE"
PROBLEM_number-io__ARGS_TAG_BF__MUT_075,10211,number-io,Tag-BitFlips,0.075,0,True,3,63,23,"[Sub-Tag(1110001010110010,1111110101010110,1011001001011011),Sub-Tag(1101010000110101,1010011100100010,1010101011111110),SubmitNum-Tag(1111011010111111,0011110010010000,0101000100111010)]"
PROBLEM_number-io__ARGS_TAG_BF__MUT_075,10212,number-io,Tag-BitFlips,0.075,0,True,2,22,8,"[Add-Tag(0101011001110001,1111111111100010,0100011000001111),SubmitNum-Tag(0000111000001011,1010010111111111,0110010001100110)]"
PROBLEM_number-io__ARGS_TAG_BF__MUT_075,10213,number-io,Tag-BitFlips,0.075,0,True,2,33,29,"[Add-Tag(0111111100011111,1101111101010000,1111111100010101),SubmitNum-Tag(0111111111000101,0101000111101000,1111010010000101)]"
PROBLEM_number-io__ARGS_TAG_BF__MUT_075,10214,number-io,Tag-BitFlips,0.075,0,True,2,28,9,"[Add-Tag(0111111110011101,0001010111011011,0111000010010100),SubmitNum-Tag(0000010101010001,1101100000111111,0101111000101001)]"
PROBLEM_number-io__ARGS_TAG_BF__MUT_075,10215,number-io,Tag-BitFlips,0.075,0,True,2,26,4,"[Add-Tag(1111010110101010,0001011101011000,0000001011111111),SubmitNum-Tag(0000010011111111,0001111011101100,1111011001011100)]"
PROBLEM_number-io__ARGS_TAG_BF__MUT_075,10216,number-io,Tag-BitFlips,0.075,0,True,2,24,4,"[Add-Tag(1011011100011111,0000001101000100,0101010101100100),SubmitNum-Tag(0101110100001101,0000001111101011,1001010111011001)]"
PROBLEM_number-io__ARGS_TAG_BF__MUT_075,10217,number-io,Tag-BitFlips,0.075,0,True,2,24,5,"[Add-Tag(1000111111011101,0101001110011100,1010101101110010),SubmitNum-Tag(0011101100000110,1110011110000001,1011000000011111)]"
PROBLEM_number-io__ARGS_TAG_BF__MUT_075,10218,number-io,Tag-BitFlips,0.075,0,True,2,16,5,"[Add-Tag(1101010110010001,1110001111111010,0111101100010100),SubmitNum-Tag(0100011101010100,0111000011110000,0010111110000100)]"
PROBLEM_number-io__ARGS_TAG_BF__MUT_075,10219,number-io,Tag-BitFlips,0.075,0,True,2,13,3,"[Add-Tag(0101010000011000,1111010111111111,1101100010110011),SubmitNum-Tag(1100111010110011,1101011100111000,1111001011011010)]"
PROBLEM_number-io__ARGS_TAG_BF__MUT_075,10220,number-io,Tag-BitFlips,0.075,0,True,2,20,9,"[Add-Tag(1011001111001100,0011010000011100,1111100101100111),SubmitNum-Tag(1011101011111010,0011011100011101,1010001011001000)]"
PROBLEM_number-io__ARGS_TAG_BF__MUT_075,10221,number-io,Tag-BitFlips,0.075,0,True,2,25,8,"[Add-Tag(0111001111011111,1101000000010100,0001100111111110),SubmitNum-Tag(0000011010111101,1111010101101000,0001001000100110)]"
PROBLEM_number-io__ARGS_TAG_BF__MUT_075,10222,number-io,Tag-BitFlips,0.075,0,True,2,37,16,"[Add-Tag(1110100101111110,0101010001100101,1000101110001100),SubmitNum-Tag(1001110110111001,1110010001010001,1001010101011101)]"
PROBLEM_number-io__ARGS_TAG_BF__MUT_075,10223,number-io,Tag-BitFlips,0.075,0,True,3,40,12,"[Sub-Tag(0111001111100010,0011101001101111,1101001111111111),Sub-Tag(1101010100110001,1110001100111111,1101110100101111),SubmitNum-Tag(1010101010101110,1111101001111111,1011010101101110)]"
PROBLEM_number-io__ARGS_TAG_BF__MUT_075,10224,number-io,Tag-BitFlips,0.075,0,True,2,18,4,"[Add-Tag(0001000111000110,1110101110111110,0111110001100101),SubmitNum-Tag(0101010000011010,1010010111100011,1001010000010001)]"
PROBLEM_number-io__ARGS_TAG_BF__MUT_075,10225,number-io,Tag-BitFlips,0.075,0,True,2,24,10,"[Add-Tag(0011011001010110,0111110111100111,1001011101000100),SubmitNum-Tag(0101100011010111,1101000011110011,0110010010101010)]"
PROBLEM_number-io__ARGS_TAG_BF__MUT_075,10226,number-io,Tag-BitFlips,0.075,0,True,2,28,20,"[Add-Tag(1101000100000100,1110111101110101,1010110001111101),SubmitNum-Tag(1000101101110100,1111100100000010,0101011001111100)]"
PROBLEM_number-io__ARGS_TAG_BF__MUT_075,10227,number-io,Tag-BitFlips,0.075,0,True,2,20,4,"[Add-Tag(0010101111101111,1110000100010001,0101001101110010),SubmitNum-Tag(0000001110010110,0110011001110000,1111011101001101)]"
PROBLEM_number-io__ARGS_TAG_BF__MUT_075,10228,number-io,Tag-BitFlips,0.075,0,False,NONE,NONE,NONE,"NONE"
PROBLEM_number-io__ARGS_TAG_BF__MUT_075,10229,number-io,Tag-BitFlips,0.075,0,True,2,20,10,"[Add-Tag(1011010010111110,1101010010011100,1111011010011000),SubmitNum-Tag(0110111011010001,1011001110010010,0111001111111110)]"
PROBLEM_number-io__ARGS_TAG_BF__MUT_075,10230,number-io,Tag-BitFlips,0.075,0,True,2,18,4,"[Add-Tag(1111110011111000,0011010001100100,0100010010110101),SubmitNum-Tag(0100010111110001,0110100100110011,0000101111001111)]"
PROBLEM_number-io__ARGS_TAG_BF__MUT_075,10231,number-io,Tag-BitFlips,0.075,0,True,2,14,3,"[Add-Tag(0100010100011110,0110100111111110,0001110101101011),SubmitNum-Tag(0010001100001101,0011101010011010,1101000000001010)]"
PROBLEM_number-io__ARGS_TAG_BF__MUT_075,10232,number-io,Tag-BitFlips,0.075,0,True,2,11,3,"[Add-Tag(1110111011010011,0100010001010000,1111111111100111),SubmitNum-Tag(1110110011010110,0100111110000100,1110000110000101)]"
PROBLEM_number-io__ARGS_TAG_BF__MUT_075,10233,number-io,Tag-BitFlips,0.075,0,True,3,32,9,"[Sub-Tag(1011011000000111,0001010111000101,1000110010101110),Sub-Tag(1111111101111011,0110011000001110,0011011001101000),SubmitNum-Tag(1001011001100011,1111100110100100,0110100111101111)]"
PROBLEM_number-io__ARGS_TAG_BF__MUT_075,10234,number-io,Tag-BitFlips,0.075,0,True,2,9,1,"[Add-Tag(1111101111111011,0101000000010100,0101111110111011),SubmitNum-Tag(1111101110010111,0111011100000001,1010000100001000)]"
PROBLEM_number-io__ARGS_TAG_BF__MUT_075,10235,number-io,Tag-BitFlips,0.075,0,True,2,27,8,"[Add-Tag(1110111100011111,0101001101010100,0001100101100010),SubmitNum-Tag(0011100100110011,1101000101110000,0111100101010010)]"
PROBLEM_number-io__ARGS_TAG_BF__MUT_075,10236,number-io,Tag-BitFlips,0.075,0,True,2,12,7,"[Add-Tag(0101010100011001,1110010110011111,0111100111101111),SubmitNum-Tag(1011001101111100,0010010110000011,0110100101000110)]"
PROBLEM_number-io__ARGS_TAG_BF__MUT_075,10237,number-io,Tag-BitFlips,0.075,0,True,3,79,28,"[Sub-Tag(0010001011011111,1001010000010001,0111000000011110),Sub-Tag(1110011011100110,1101001000011111,1110111001111110),SubmitNum-Tag(1011010111110111,1001000111100101,1001001101001111)]"
PROBLEM_number-io__ARGS_TAG_BF__MUT_075,10238,number-io,Tag-BitFlips,0.075,0,True,3,36,30,"[Sub-Tag(0010110110010011,1011010011110110,1110001110100110),Sub-Tag(0001010100011101,1010011000100100,0000011011101111),SubmitNum-Tag(1010100011111101,1110000110110101,1001011101000101)]"
PROBLEM_number-io__ARGS_TAG_BF__MUT_075,10239,number-io,Tag-BitFlips,0.075,0,True,2,32,17,"[Add-Tag(0001000110010101,1100110101111110,0001110010100100),SubmitNum-Tag(0101101010100111,0111010110111100,0001101100111010)]"
PROBLEM_number-io__ARGS_TAG_BF__MUT_075,10240,number-io,Tag-BitFlips,0.075,0,True,2,13,4,"[Add-Tag(0110111011101011,1111010001000101,0111010001010111),SubmitNum-Tag(1110010001110101,1100010111101101,1000111001111001)]"
PROBLEM_number-io__ARGS_TAG_BF__MUT_075,10241,number-io,Tag-BitFlips,0.075,0,True,2,22,8,"[Add-Tag(0101110001101111,0101001100011001,1001001000100111),SubmitNum-Tag(1000001100100000,0111001101100010,0101101001000100)]"
PROBLEM_number-io__ARGS_TAG_BF__MUT_075,10242,number-io,Tag-BitFlips,0.075,0,False,NONE,NONE,NONE,"NONE"
PROBLEM_number-io__ARGS_TAG_BF__MUT_075,10243,number-io,Tag-BitFlips,0.075,0,True,2,33,23,"[Add-Tag(0111011111011011,1001010100000100,1011101100110001),SubmitNum-Tag(0011101111100011,1110011100100100,0110111110001101)]"
PROBLEM_number-io__ARGS_TAG_BF__MUT_075,10244,number-io,Tag-BitFlips,0.075,0,True,2,15,4,"[Add-Tag(1000010101000110,0011110111111010,1110001111101100),SubmitNum-Tag(1100011111110110,0100100101100110,1010001111100100)]"
PROBLEM_number-io__ARGS_TAG_BF__MUT_075,10245,number-io,Tag-BitFlips,0.075,0,True,3,40,10,"[Sub-Tag(1011101110010000,1111110111111010,1010111010101111),Sub-Tag(0110011100010111,0011111011011111,1000101011101010),SubmitNum-Tag(1101011111100010,1100100010000001,1110011111001111)]"
PROBLEM_number-io__ARGS_TAG_BF__MUT_075,10246,number-io,Tag-BitFlips,0.075,0,True,2,16,4,"[Add-Tag(0100010100010110,0111011111110100,0110100110000011),SubmitNum-Tag(1110001011100010,0100111000011001,1010010100110110)]"
PROBLEM_number-io__ARGS_TAG_BF__MUT_075,10247,number-io,Tag-BitFlips,0.075,0,True,2,11,8,"[Add-Tag(0001001100000101,1110111111110000,0010111110110101),SubmitNum-Tag(1000011000100100,0000101111101010,1101101110001001)]"
PROBLEM_number-io__ARGS_TAG_BF__MUT_075,10248,number-io,Tag-BitFlips,0.075,0,True,2,15,2,"[Add-Tag(0100001101110100,0110111110111110,0100000101001101),SubmitNum-Tag(0101011100100001,1100001010110011,0000011110001111)]"
PROBLEM_number-io__ARGS_TAG_BF__MUT_075,10249,number-io,Tag-BitFlips,0.075,0,True,2,4,1,"[Add-Tag(0000000001000001,1110011101110111,1011001101011001),SubmitNum-Tag(0011001000100001,1000010011000001,1100111100001000)]"
PROBLEM_number-io__ARGS_TAG_BF__MUT_075,10250,number-io,Tag-BitFlips,0.075,0,True,2,64,55,"[Add-Tag(1001111110110110,0100010101001100,1011101101111110),SubmitNum-Tag(1111000111111000,1110110001010011,0110010101010111)]"
PROBLEM_number-io__ARGS_TAG_BF__MUT_1,10001,number-io,Tag-BitFlips,0.1,0,True,3,55,21,"[Sub-Tag(0010100101111111,1011111000011110,0110111101111011),Sub-Tag(0110010000010101,1111101110001110,0001010110101010),SubmitNum-Tag(1001000101100010,1100001110101011,0101001001101001)]"
PROBLEM_number-io__ARGS_TAG_BF__MUT_1,10002,number-io,Tag-BitFlips,0.1,0,True,2,27,11,"[Add-Tag(0101110110011111,0001011000010100,0110011001010111),SubmitNum-Tag(0111010011100101,1011100011101001,1011110101101101)]"
PROBLEM_number-io__ARGS_TAG_BF__MUT_1,10003,number-io,Tag-BitFlips,0.1,0,True,4,65,17,"[Dec-Tag(0110011111100101,0100000001011101,1110101101110011),Countdown-Tag(1010010100100000,1101101000100111,0001101001011010),SubmitNum-Tag(1010111110000011,1111111101001101,0110011101111101),Add-Tag(1011111110111011,1000010100011101,1000101001101110)]"
PROBLEM_number-io__ARGS_TAG_BF__MUT_1,10004,number-io,Tag-BitFlips,0.1,0,True,2,23,2,"[Add-Tag(1101110101010000,1101101111011011,1101111111111101),SubmitNum-Tag(1101011011100111,0100101111101001,0110111101101111)]"
PROBLEM_number-io__ARGS_TAG_BF__MUT_1,10005,number-io,Tag-BitFlips,0.1,0,True,2,23,2,"[Add-Tag(1111111110010010,0100010101111001,0011111100010011),SubmitNum-Tag(0011011100101000,0101111101110001,1001001010101011)]"
PROBLEM_number-io__ARGS_TAG_BF__MUT_1,10006,number-io,Tag-BitFlips,0.1,0,True,3,26,9,"[While-Tag(0001110100010000,0000101110001111,1010011000011111),SubmitNum-Tag(0011110001111001,0000101110110100,0111001011111010),Add-Tag(0111001010111111,0111011001000110,1011100001101011)]"
PROBLEM_number-io__ARGS_TAG_BF__MUT_1,10007,number-io,Tag-BitFlips,0.1,0,True,2,16,3,"[Add-Tag(0001010110000001,1111111001111100,1110010111110111),SubmitNum-Tag(1110001011110111,1010101100001001,1110010101101001)]"
PROBLEM_number-io__ARGS_TAG_BF__MUT_1,10008,number-io,Tag-BitFlips,0.1,0,True,2,10,2,"[Add-Tag(1011100100111110,0101011111010100,1010110111101010),SubmitNum-Tag(0111110100111110,0110001001110100,0010010100001111)]"
PROBLEM_number-io__ARGS_TAG_BF__MUT_1,10009,number-io,Tag-BitFlips,0.1,0,True,2,30,3,"[Add-Tag(1101110110111111,0100011100110000,0001001000011111),SubmitNum-Tag(1010001110110111,0100001101011111,0110010000101100)]"
PROBLEM_number-io__ARGS_TAG_BF__MUT_1,10010,number-io,Tag-BitFlips,0.1,0,True,2,10,4,"[Add-Tag(1110111111101001,0101100000010101,1100101010100000),SubmitNum-Tag(0100111011100110,1000000100101111,1111100001110100)]"
PROBLEM_number-io__ARGS_TAG_BF__MUT_1,10011,number-io,Tag-BitFlips,0.1,0,True,2,33,14,"[Add-Tag(0111011001011101,1001110011111010,0100000001111111),SubmitNum-Tag(0000001000111111,1011000011101111,0010011100101100)]"
PROBLEM_number-io__ARGS_TAG_BF__MUT_1,10012,number-io,Tag-BitFlips,0.1,0,True,2,17,6,"[Add-Tag(0100011101110101,0110011110111111,0101110001111110),SubmitNum-Tag(1101110011010111,1100000010101101,1001101010101100)]"
PROBLEM_number-io__ARGS_TAG_BF__MUT_1,10013,number-io,Tag-BitFlips,0.1,0,True,2,21,6,"[Add-Tag(1111101001111110,0101010011011101,1001001111111011),SubmitNum-Tag(1000101110111111,1100001011100000,1001000000100001)]"
PROBLEM_number-io__ARGS_TAG_BF__MUT_1,10014,number-io,Tag-BitFlips,0.1,0,True,5,99,52,"[Sub-Tag(1100110000001010,0101011001000100,1100001010000010),Sub-Tag(1001101001111110,1101000110000110,0111101011011111),SubmitNum-Tag(0101111100111010,0001101010101001,1011010110111010),While-Tag(1001101010000110,1001011001000111,1000101001011011),Inc-Tag(0001011000001111,0011000100111010,1001011000100111)]"
PROBLEM_number-io__ARGS_TAG_BF__MUT_1,10015,number-io,Tag-BitFlips,0.1,0,True,2,35,24,"[Add-Tag(0111110111010101,1101011011011100,0001100101010000),SubmitNum-Tag(0111110110010101,1101010011001000,0011111100100011)]"
PROBLEM_number-io__ARGS_TAG_BF__MUT_1,10016,number-io,Tag-BitFlips,0.1,0,True,2,19,3,"[Add-Tag(0010010000010101,1101111110110110,1101000101001001),SubmitNum-Tag(0101010110100011,0111111111101001,0000000100110011)]"
PROBLEM_number-io__ARGS_TAG_BF__MUT_1,10017,number-io,Tag-BitFlips,0.1,0,True,2,13,2,"[Add-Tag(0101110100110000,1101111011110100,0100011111001111),SubmitNum-Tag(0000010101001010,1011001011100000,0110000111011111)]"
PROBLEM_number-io__ARGS_TAG_BF__MUT_1,10018,number-io,Tag-BitFlips,0.1,0,True,2,27,5,"[Add-Tag(1100111110110101,0111110001010101,0110101100010001),SubmitNum-Tag(0010111000110010,1011000000101110,0111000101101111)]"
PROBLEM_number-io__ARGS_TAG_BF__MUT_1,10019,number-io,Tag-BitFlips,0.1,0,True,2,31,6,"[Add-Tag(1111011110101110,1111010101010111,0111110010011111),SubmitNum-Tag(0110011111111010,0010111101100000,1010001000011100)]"
PROBLEM_number-io__ARGS_TAG_BF__MUT_1,10020,number-io,Tag-BitFlips,0.1,0,True,2,14,5,"[Add-Tag(0101110101001101,1111100111011110,0110110011010100),SubmitNum-Tag(0100100100000101,1011010111101011,0110110111111111)]"
PROBLEM_number-io__ARGS_TAG_BF__MUT_1,10021,number-io,Tag-BitFlips,0.1,0,True,2,24,3,"[Add-Tag(0100010001000100,0110011110111110,0001110011011101),SubmitNum-Tag(0101100001110100,1010110101010110,0011011100111110)]"
PROBLEM_number-io__ARGS_TAG_BF__MUT_1,10022,number-io,Tag-BitFlips,0.1,0,True,2,34,19,"[Add-Tag(0101011100011001,1110101100111111,0111101100111010),SubmitNum-Tag(0010001001010010,1010000110111010,1010110111111110)]"
PROBLEM_number-io__ARGS_TAG_BF__MUT_1,10023,number-io,Tag-BitFlips,0.1,0,True,2,11,1,"[Add-Tag(0001101111101110,0100010011000111,1101000101100000),SubmitNum-Tag(0001110100110001,0001111101110101,0110000110011111)]"
PROBLEM_number-io__ARGS_TAG_BF__MUT_1,10024,number-io,Tag-BitFlips,0.1,0,True,3,36,3,"[Sub-Tag(1001101101100001,0101001101011001,0000100011111001),Sub-Tag(1110101110110111,0110100010111110,1110001011011011),SubmitNum-Tag(1001000101000010,0000100111101000,1101111110011101)]"
PROBLEM_number-io__ARGS_TAG_BF__MUT_1,10025,number-io,Tag-BitFlips,0.1,0,True,2,21,7,"[Add-Tag(0101100101000100,1001011110110111,0100000101110111),SubmitNum-Tag(1000010101010011,1110000011000011,1010100100010000)]"
PROBLEM_number-io__ARGS_TAG_BF__MUT_1,10026,number-io,Tag-BitFlips,0.1,0,True,3,68,14,"[Sub-Tag(0110100011101100,0000110001100101,1111000100111100),Sub-Tag(0111011111111010,1001001001001110,0001011110010101),SubmitNum-Tag(0001011101011000,0001011010000011,1100100011111100)]"
PROBLEM_number-io__ARGS_TAG_BF__MUT_1,10027,number-io,Tag-BitFlips,0.1,0,True,4,45,21,"[Countdown-Tag(0101111101001101,0000011001110011,0011000101010101),SubmitNum-Tag(0100010100001011,0111010011000001,1110111011000010),LoadDouble-Tag(1011111110011001,0000101111100000,1011011011100010),Add-Tag(0101100111111100,1101100110010001,1010111101001011)]"
PROBLEM_number-io__ARGS_TAG_BF__MUT_1,10028,number-io,Tag-BitFlips,0.1,0,True,3,52,14,"[Sub-Tag(0000011000100000,1110111011100100,1100010010000000),Sub-Tag(0111010000000100,1110010011100100,1011001101111101),SubmitNum-Tag(0110111101011010,0111010010111010,0010000111000101)]"
PROBLEM_number-io__ARGS_TAG_BF__MUT_1,10029,number-io,Tag-BitFlips,0.1,0,True,2,31,18,"[Add-Tag(1101010110010100,0110111011011111,1110111111010100),SubmitNum-Tag(0011011111110101,1001111101101010,1000100101001001)]"
PROBLEM_number-io__ARGS_TAG_BF__MUT_1,10030,number-io,Tag-BitFlips,0.1,0,True,2,19,5,"[Add-Tag(0101100101010100,1111011110110110,1111010101011010),SubmitNum-Tag(1111101101001110,1110111101101001,1001011110111011)]"
PROBLEM_number-io__ARGS_TAG_BF__MUT_1,10031,number-io,Tag-BitFlips,0.1,0,True,2,28,12,"[Add-Tag(0001100101011101,0111011111001110,0100100011001001),SubmitNum-Tag(0110010100001001,0001000110111000,0110101100010011)]"
PROBLEM_number-io__ARGS_TAG_BF__MUT_1,10032,number-io,Tag-BitFlips,0.1,0,True,2,13,1,"[Add-Tag(1101011011010110,0101010001010000,1011000011000011),SubmitNum-Tag(0001010010000011,0101100101111000,0011010010101101)]"
PROBLEM_number-io__ARGS_TAG_BF__MUT_1,10033,number-io,Tag-BitFlips,0.1,0,True,2,23,6,"[Add-Tag(1101111101111110,0100110100110101,1110000010100000),SubmitNum-Tag(1010010111001111,0000101110000000,0000101111001011)]"
PROBLEM_number-io__ARGS_TAG_BF__MUT_1,10034,number-io,Tag-BitFlips,0.1,0,True,2,27,2,"[Add-Tag(1110111110001011,0001010101011001,0010010000111110),SubmitNum-Tag(0100000011011110,1100000001000000,1111100010010110)]"
PROBLEM_number-io__ARGS_TAG_BF__MUT_1,10035,number-io,Tag-BitFlips,0.1,0,True,2,18,6,"[Add-Tag(1111111101001000,0100010111010110,0100011011010101),SubmitNum-Tag(0101010101010100,0110000001001100,1101010111111011)]"
PROBLEM_number-io__ARGS_TAG_BF__MUT_1,10036,number-io,Tag-BitFlips,0.1,0,True,2,18,7,"[Add-Tag(1101110111110001,0111010101100011,1100011111101111),SubmitNum-Tag(0101010110111111,1100100100010011,1101111010011010)]"
PROBLEM_number-io__ARGS_TAG_BF__MUT_1,10037,number-io,Tag-BitFlips,0.1,0,True,2,15,3,"[Add-Tag(1111100101110101,0000010101110111,0000100101011101),SubmitNum-Tag(0111001101010100,0001011101000001,1110010010001001)]"
PROBLEM_number-io__ARGS_TAG_BF__MUT_1,10038,number-io,Tag-BitFlips,0.1,0,True,2,19,1,"[Add-Tag(1011010001110101,0011111101100101,0010011100000011),SubmitNum-Tag(0001111101110011,1011110010010011,1110010011010011)]"
PROBLEM_number-io__ARGS_TAG_BF__MUT_1,10039,number-io,Tag-BitFlips,0.1,0,True,2,11,3,"[Add-Tag(1010111010110111,0011010101010110,1111100111011111),SubmitNum-Tag(0011111110110101,1011001111111110,0000101011101000)]"
PROBLEM_number-io__ARGS_TAG_BF__MUT_1,10040,number-io,Tag-BitFlips,0.1,0,True,3,41,4,"[Sub-Tag(1001001000111010,0101010011010111,1001110110101000),Sub-Tag(1100111001111111,0001101000001000,0010011010000100),SubmitNum-Tag(1110110110000001,1011110111011010,1001101000001111)]"
PROBLEM_number-io__ARGS_TAG_BF__MUT_1,10041,number-io,Tag-BitFlips,0.1,0,True,2,17,4,"[Add-Tag(1011101011001111,0100010111011100,0010101100101011),SubmitNum-Tag(1011111100010001,0111001111100000,0101010011101101)]"
PROBLEM_number-io__ARGS_TAG_BF__MUT_1,10042,number-io,Tag-BitFlips,0.1,0,True,2,15,3,"[Add-Tag(1000010001010100,0110111111001101,1110000011100110),SubmitNum-Tag(1010100111000100,0011010110001101,0001010101110101)]"
PROBLEM_number-io__ARGS_TAG_BF__MUT_1,10043,number-io,Tag-BitFlips,0.1,0,True,2,12,1,"[Add-Tag(0101111011010101,1111111011001101,0110100110010101),SubmitNum-Tag(0100001101011111,1010111001010011,0101100011011011)]"
PROBLEM_number-io__ARGS_TAG_BF__MUT_1,10044,number-io,Tag-BitFlips,0.1,0,True,2,17,3,"[Add-Tag(1110110111111111,0111110101000001,0010100110000111),SubmitNum-Tag(0010011000101111,0101010101110111,0111000001100001)]"
PROBLEM_number-io__ARGS_TAG_BF__MUT_1,10045,number-io,Tag-BitFlips,0.1,0,True,2,18,3,"[Add-Tag(0111010001011000,1111111010100011,1011111111101101),SubmitNum-Tag(0100101101111111,0000000011001000,1000101101101000)]"
PROBLEM_number-io__ARGS_TAG_BF__MUT_1,10046,number-io,Tag-BitFlips,0.1,0,True,2,23,5,"[Add-Tag(1010111010111111,0101011001000100,0110001100100101),SubmitNum-Tag(0010100100111110,1100010000101101,0110100010101110)]"
PROBLEM_number-io__ARGS_TAG_BF__MUT_1,10047,number-io,Tag-BitFlips,0.1,0,True,2,22,2,"[Add-Tag(0000010101011101,0110010111111111,0101011011010100),SubmitNum-Tag(0101011111110101,1101110010011000,0100110110111101)]"
PROBLEM_number-io__ARGS_TAG_BF__MUT_1,10048,number-io,Tag-BitFlips,0.1,0,True,2,14,9,"[Add-Tag(0101111111010011,0001110110010100,0000101101110010),SubmitNum-Tag(0111001110010111,0011010101010011,1100101111000011)]"
PROBLEM_number-io__ARGS_TAG_BF__MUT_1,10049,number-io,Tag-BitFlips,0.1,0,True,2,18,2,"[Add-Tag(1101010111000101,1010111110011100,0100011011000111),SubmitNum-Tag(0100000111000011,0010100101010100,1111010111001110)]"
PROBLEM_number-io__ARGS_TAG_BF__MUT_1,10050,number-io,Tag-BitFlips,0.1,0,True,2,19,1,"[Add-Tag(0011111100010101,1111111100011111,1111100000011000),SubmitNum-Tag(1111100010010011,0110110000000100,0110011001010110)]"
PROBLEM_smallest__ARGS_NUM__MUT_0001,5151,smallest,Numeric,0.0001,0,True,43,498,460,"[SubmitNum-Num(15,14,15),Set-5-Num(5,10,15),Set-7-Num(3,7,11),LoadNum4-Num(4,10,3),While-Num(3,8,3),Sub-Num(2,14,13),Floor-Num(9,5,13),Mult-Num(11,4,8),LoadNum2-Num(9,5,12),Set-16-Num(9,12,12),SubmitNum-Num(0,10,1),TestNumLessTEqu-Num(4,2,4),Set-0-Num(3,15,11),Div-Num(14,3,7),LoadNum1-Num(7,3,13),IfNot-Num(8,4,0),Set-10-Num(15,4,2),SubmitNum-Num(2,1,3),TestNumGreater-Num(8,12,14),LoadNum3-Num(11,8,1),Inc-Num(3,8,11),Set-7-Num(3,5,10),TestNumGreaterTEqu-Num(0,2,1),LoadNum2-Num(2,2,8),LoadNum4-Num(14,7,4),TestNumLess-Num(11,2,6),TestNumGreater-Num(4,10,3),IfNot-Num(6,10,3),SubmitNum-Num(2,14,5),Set-0-Num(15,7,0),Close(9,9,12),Div-Num(15,1,10),TestNumGreaterTEqu-Num(14,2,6),Set-0-Num(11,2,3),SwapMem-Num(2,14,5),IfNot-Num(10,12,8),TestNumGreaterTEqu-Num(2,0,4),Set-3-Num(11,8,1),TestNumEqu-Num(14,15,9),Add-Num(3,4,3),If-Num(6,15,5),Sub-Num(14,7,4),TestNumGreater-Num(4,10,3)]"
PROBLEM_smallest__ARGS_NUM__MUT_0001,5152,smallest,Numeric,0.0001,0,True,26,495,458,"[Close(13,15,11),TestNumEqu-Num(13,0,11),SubmitNum-Num(2,9,10),LoadNum2-Num(4,0,9),LoadNum2-Num(3,7,8),TestNumGreaterTEqu-Num(2,3,3),Countdown-Num(3,13,11),SubmitNum-Num(0,3,3),Set-13-Num(1,12,3),LoadNum4-Num(10,11,4),Close(10,1,0),LoadNum1-Num(3,6,1),TestNumGreater-Num(2,3,3),Countdown-Num(3,13,11),LoadNum1-Num(2,6,15),Close(10,1,0),LoadNum4-Num(3,6,1),Floor-Num(9,0,8),LoadNum2-Num(13,6,8),TestNumGreater-Num(2,3,3),Countdown-Num(3,13,11),LoadNum4-Num(2,1,15),Close(9,13,14),LoadNum2-Num(0,3,5),If-Num(9,7,7),Set-8-Num(15,9,1)]"
PROBLEM_smallest__ARGS_NUM__MUT_0001,5153,smallest,Numeric,0.0001,0,False,NONE,NONE,NONE,"NONE"
PROBLEM_smallest__ARGS_NUM__MUT_0001,5154,smallest,Numeric,0.0001,0,False,NONE,NONE,NONE,"NONE"
PROBLEM_smallest__ARGS_NUM__MUT_0001,5155,smallest,Numeric,0.0001,0,True,15,444,391,"[Close(6,12,0),CopyMem-Num(0,4,2),Sub-Num(3,15,6),TestNumGreaterTEqu-Num(4,6,14),If-Num(14,6,5),SubmitNum-Num(3,2,7),SwapMem-Num(3,0,6),Close(5,4,4),CopyMem-Num(2,10,8),CopyMem-Num(10,6,13),SwapMem-Num(3,0,4),LoadNum2-Num(0,2,12),TestNumGreaterTEqu-Num(3,6,14),Countdown-Num(14,6,5),LoadNum3-Num(3,3,13)]"
PROBLEM_smallest__ARGS_NUM__MUT_0001,5156,smallest,Numeric,0.0001,0,False,NONE,NONE,NONE,"NONE"
PROBLEM_smallest__ARGS_NUM__MUT_0001,5157,smallest,Numeric,0.0001,0,False,NONE,NONE,NONE,"NONE"
PROBLEM_smallest__ARGS_NUM__MUT_0001,5158,smallest,Numeric,0.0001,0,False,NONE,NONE,NONE,"NONE"
PROBLEM_smallest__ARGS_NUM__MUT_0001,5159,smallest,Numeric,0.0001,0,False,NONE,NONE,NONE,"NONE"
PROBLEM_smallest__ARGS_NUM__MUT_0001,5160,smallest,Numeric,0.0001,0,False,NONE,NONE,NONE,"NONE"
PROBLEM_smallest__ARGS_NUM__MUT_0001,5161,smallest,Numeric,0.0001,0,True,23,353,317,"[LoadNum4-Num(6,6,2),LoadNum2-Num(8,11,3),Close(2,10,0),CopyMem-Num(8,13,5),TestNumGreater-Num(6,2,11),IfNot-Num(5,8,15),Inc-Num(2,8,9),Countdown-Num(11,12,2),LoadNum1-Num(10,14,3),Set-4-Num(5,9,13),SubmitNum-Num(10,10,13),TestNumLess-Num(10,2,11),LoadNum2-Num(2,0,6),LoadNum3-Num(6,9,0),Close(9,10,1),Set-4-Num(0,4,8),LoadNum1-Num(3,1,14),LoadNum2-Num(2,10,0),SubmitNum-Num(8,13,5),TestNumLessTEqu-Num(6,13,11),Countdown-Num(11,12,2),SwapMem-Num(2,3,5),SubmitNum-Num(6,10,2)]"
PROBLEM_smallest__ARGS_NUM__MUT_0001,5162,smallest,Numeric,0.0001,0,False,NONE,NONE,NONE,"NONE"
PROBLEM_smallest__ARGS_NUM__MUT_0001,5163,smallest,Numeric,0.0001,0,False,NONE,NONE,NONE,"NONE"
PROBLEM_smallest__ARGS_NUM__MUT_0001,5164,smallest,Numeric,0.0001,0,False,NONE,NONE,NONE,"NONE"
PROBLEM_smallest__ARGS_NUM__MUT_0001,5165,smallest,Numeric,0.0001,0,True,18,475,454,"[SubmitNum-Num(2,0,10),Set-16-Num(14,14,2),LoadNum2-Num(10,15,9),LoadNum1-Num(5,5,5),Close(4,1,15),TestNumGreater-Num(2,10,0),If-Num(0,2,6),LoadNum2-Num(2,11,9),SubmitNum-Num(2,0,10),Close(5,15,10),SwapMem-Num(5,10,3),LoadNum4-Num(5,14,11),Countdown-Num(14,8,8),TestNumGreater-Num(2,10,0),If-Num(0,2,6),SubmitNum-Num(5,13,0),LoadNum1-Num(5,3,7),SwapMem-Num(3,2,9)]"
PROBLEM_smallest__ARGS_NUM__MUT_0001,5166,smallest,Numeric,0.0001,0,False,NONE,NONE,NONE,"NONE"
PROBLEM_smallest__ARGS_NUM__MUT_0001,5167,smallest,Numeric,0.0001,0,False,NONE,NONE,NONE,"NONE"
PROBLEM_smallest__ARGS_NUM__MUT_0001,5168,smallest,Numeric,0.0001,0,True,16,351,322,"[LoadNum2-Num(11,15,5),SubmitNum-Num(11,1,4),Close(1,10,2),SwapMem-Num(10,0,15),LoadNum3-Num(0,1,8),TestNumGreater-Num(11,10,14),If-Num(14,3,1),SubmitNum-Num(10,9,6),Not-Num(5,12,11),Add-Num(5,10,11),Close(1,10,2),LoadNum4-Num(10,4,5),TestNumGreater-Num(11,10,14),If-Num(14,3,1),SubmitNum-Num(10,9,6),Break(8,15,11)]"
PROBLEM_smallest__ARGS_NUM__MUT_0001,5169,smallest,Numeric,0.0001,0,True,18,427,367,"[SubmitNum-Num(0,8,15),LoadNum2-Num(10,10,14),LoadNum1-Num(4,2,6),CopyMem-Num(10,12,9),Set-5-Num(11,3,8),Countdown-Num(11,7,5),TestNumLessTEqu-Num(10,2,15),SwapMem-Num(2,12,3),If-Num(15,8,5),LoadNum4-Num(12,8,1),Mult-Num(15,4,10),While-Num(11,10,9),TestNumLess-Num(10,2,15),SwapMem-Num(2,12,3),IfNot-Num(15,3,0),TestNumLess-Num(3,12,11),CopyMem-Num(12,3,8),SubmitNum-Num(3,12,11)]"
PROBLEM_smallest__ARGS_NUM__MUT_0001,5170,smallest,Numeric,0.0001,0,False,NONE,NONE,NONE,"NONE"
PROBLEM_smallest__ARGS_NUM__MUT_0001,5171,smallest,Numeric,0.0001,0,False,NONE,NONE,NONE,"NONE"
PROBLEM_smallest__ARGS_NUM__MUT_0001,5172,smallest,Numeric,0.0001,0,False,NONE,NONE,NONE,"NONE"
PROBLEM_smallest__ARGS_NUM__MUT_0001,5173,smallest,Numeric,0.0001,0,False,NONE,NONE,NONE,"NONE"
PROBLEM_smallest__ARGS_NUM__MUT_0001,5174,smallest,Numeric,0.0001,0,True,15,386,359,"[Add-Num(12,0,3),TestNumGreaterTEqu-Num(2,3,9),LoadNum2-Num(15,15,0),LoadNum4-Num(10,7,7),IfNot-Num(9,0,4),LoadNum3-Num(0,4,13),Close(14,0,10),TestNumGreater-Num(10,0,9),IfNot-Num(9,0,4),LoadNum4-Num(0,14,12),Close(12,7,10),SubmitNum-Num(0,14,12),TestNumGreater-Num(15,0,9),IfNot-Num(9,0,4),SubmitNum-Num(1,8,9)]"
PROBLEM_smallest__ARGS_NUM__MUT_0001,5175,smallest,Numeric,0.0001,0,False,NONE,NONE,NONE,"NONE"
PROBLEM_smallest__ARGS_NUM__MUT_0001,5176,smallest,Numeric,0.0001,0,False,NONE,NONE,NONE,"NONE"
PROBLEM_smallest__ARGS_NUM__MUT_0001,5177,smallest,Numeric,0.0001,0,False,NONE,NONE,NONE,"NONE"
PROBLEM_smallest__ARGS_NUM__MUT_0001,5178,smallest,Numeric,0.0001,0,False,NONE,NONE,NONE,"NONE"
PROBLEM_smallest__ARGS_NUM__MUT_0001,5179,smallest,Numeric,0.0001,0,False,NONE,NONE,NONE,"NONE"
PROBLEM_smallest__ARGS_NUM__MUT_0001,5180,smallest,Numeric,0.0001,0,True,19,453,272,"[LoadNum3-Num(15,1,11),TestNumLessTEqu-Num(15,1,2),LoadNum4-Num(0,13,6),LoadNum1-Num(5,8,6),TestNumGreater-Num(3,5,13),Div-Num(5,13,0),Add-Num(6,0,5),LoadNum3-Num(9,10,12),Close(1,0,0),SubmitNum-Num(9,1,1),TestNumGreaterTEqu-Num(9,5,13),LoadNum2-Num(9,10,12),While-Num(13,7,13),SubmitNum-Num(0,9,3),Break(12,0,1),Close(9,14,12),TestNumLess-Num(4,2,15),While-Num(15,9,11),Set-3-Num(3,13,14)]"
PROBLEM_smallest__ARGS_NUM__MUT_0001,5181,smallest,Numeric,0.0001,0,False,NONE,NONE,NONE,"NONE"
PROBLEM_smallest__ARGS_NUM__MUT_0001,5182,smallest,Numeric,0.0001,0,False,NONE,NONE,NONE,"NONE"
PROBLEM_smallest__ARGS_NUM__MUT_0001,5183,smallest,Numeric,0.0001,0,False,NONE,NONE,NONE,"NONE"
PROBLEM_smallest__ARGS_NUM__MUT_0001,5184,smallest,Numeric,0.0001,0,True,21,500,468,"[TestNumEqu-Num(9,5,8),TestNumGreaterTEqu-Num(0,1,9),SubmitNum-Num(2,6,15),Close(14,14,6),TestNumLess-Num(14,9,2),If-Num(2,2,11),IfNot-Num(8,11,5),SubmitNum-Num(14,14,8),Close(11,14,14),LoadNum2-Num(0,6,10),Close(10,15,13),Sub-Num(0,6,1),LoadNum4-Num(14,2,12),LoadNum3-Num(2,11,15),LoadNum3-Num(9,2,6),TestNumEqu-Num(5,1,8),TestNumLess-Num(0,2,3),Dec-Num(5,6,0),Countdown-Num(3,12,13),SubmitNum-Num(0,15,12),SwapMem-Num(9,1,4)]"
PROBLEM_smallest__ARGS_NUM__MUT_0001,5185,smallest,Numeric,0.0001,0,False,NONE,NONE,NONE,"NONE"
PROBLEM_smallest__ARGS_NUM__MUT_0001,5186,smallest,Numeric,0.0001,0,True,19,432,413,"[Add-Num(2,9,5),SwapMem-Num(0,5,5),TestNumLessTEqu-Num(2,5,13),If-Num(13,7,2),SwapMem-Num(0,5,5),Close(3,10,13),LoadNum4-Num(2,15,12),TestNumLessTEqu-Num(2,5,13),SubmitNum-Num(5,6,15),If-Num(13,7,2),SubmitNum-Num(3,11,9),LoadNum4-Num(5,8,10),Close(1,11,11),LoadNum2-Num(2,15,12),TestNumLess-Num(2,5,13),If-Num(13,7,2),LoadNum2-Num(12,1,0),SwapMem-Num(12,4,13),SubmitNum-Num(4,12,11)]"
PROBLEM_smallest__ARGS_NUM__MUT_0001,5187,smallest,Numeric,0.0001,0,False,NONE,NONE,NONE,"NONE"
PROBLEM_smallest__ARGS_NUM__MUT_0001,5188,smallest,Numeric,0.0001,0,False,NONE,NONE,NONE,"NONE"
PROBLEM_smallest__ARGS_NUM__MUT_0001,5189,smallest,Numeric,0.0001,0,True,23,277,231,"[SubmitNum-Num(2,14,6),Not-Num(14,12,15),LoadNum2-Num(10,13,0),TestNumGreater-Num(3,10,6),IfNot-Num(6,13,3),Add-Num(9,3,10),Close(10,7,4),Set-8-Num(2,3,3),CopyMem-Num(0,13,0),While-Num(2,6,7),LoadNum3-Num(8,5,8),IfNot-Num(14,12,14),Add-Num(9,3,10),Close(10,7,4),TestNumGreaterTEqu-Num(8,10,8),TestNumLess-Num(1,13,14),LoadNum1-Num(3,8,10),While-Num(8,5,0),Mult-Num(8,5,8),LoadNum4-Num(1,2,12),SubmitNum-Num(10,11,11),Set-16-Num(5,13,9),TestNumLessTEqu-Num(3,1,2)]"
PROBLEM_smallest__ARGS_NUM__MUT_0001,5190,smallest,Numeric,0.0001,0,False,NONE,NONE,NONE,"NONE"
PROBLEM_smallest__ARGS_NUM__MUT_0001,5191,smallest,Numeric,0.0001,0,False,NONE,NONE,NONE,"NONE"
PROBLEM_smallest__ARGS_NUM__MUT_0001,5192,smallest,Numeric,0.0001,0,False,NONE,NONE,NONE,"NONE"
PROBLEM_smallest__ARGS_NUM__MUT_0001,5193,smallest,Numeric,0.0001,0,False,NONE,NONE,NONE,"NONE"
PROBLEM_smallest__ARGS_NUM__MUT_0001,5194,smallest,Numeric,0.0001,0,True,15,156,149,"[SubmitNum-Num(3,13,12),LoadNum4-Num(9,4,9),Set-14-Num(15,14,6),LoadNum2-Num(2,15,3),LoadNum1-Num(12,14,13),While-Num(15,10,8),TestNumGreater-Num(2,9,3),IfNot-Num(3,8,10),CopyMem-Num(2,15,15),SubmitNum-Num(15,9,14),Add-Num(15,7,9),Close(1,8,9),SwapMem-Num(12,2,15),LoadNum3-Num(12,4,6),Set-6-Num(15,1,15)]"
PROBLEM_smallest__ARGS_NUM__MUT_0001,5195,smallest,Numeric,0.0001,0,False,NONE,NONE,NONE,"NONE"
PROBLEM_smallest__ARGS_NUM__MUT_0001,5196,smallest,Numeric,0.0001,0,False,NONE,NONE,NONE,"NONE"
PROBLEM_smallest__ARGS_NUM__MUT_0001,5197,smallest,Numeric,0.0001,0,False,NONE,NONE,NONE,"NONE"
PROBLEM_smallest__ARGS_NUM__MUT_0001,5198,smallest,Numeric,0.0001,0,False,NONE,NONE,NONE,"NONE"
PROBLEM_smallest__ARGS_NUM__MUT_0001,5199,smallest,Numeric,0.0001,0,False,NONE,NONE,NONE,"NONE"
PROBLEM_smallest__ARGS_NUM__MUT_0001,5200,smallest,Numeric,0.0001,0,False,NONE,NONE,NONE,"NONE"
PROBLEM_smallest__ARGS_NUM__MUT_001,5101,smallest,Numeric,0.001,0,False,NONE,NONE,NONE,"NONE"
PROBLEM_smallest__ARGS_NUM__MUT_001,5102,smallest,Numeric,0.001,0,False,NONE,NONE,NONE,"NONE"
PROBLEM_smallest__ARGS_NUM__MUT_001,5103,smallest,Numeric,0.001,0,True,18,393,155,"[Close(14,8,12),TestNumGreaterTEqu-Num(0,1,6),LoadNum4-Num(11,9,7),While-Num(6,12,6),CopyMem-Num(15,12,14),SubmitNum-Num(1,3,2),TestNumLessTEqu-Num(3,4,15),Break(10,13,3),Close(5,9,12),IfNot-Num(12,11,3),SubmitNum-Num(0,12,7),If-Num(6,6,8),LoadNum2-Num(0,12,0),Close(4,1,4),LoadNum3-Num(1,7,6),TestNumLessTEqu-Num(11,1,3),Countdown-Num(3,4,15),LoadNum4-Num(1,2,12)]"
PROBLEM_smallest__ARGS_NUM__MUT_001,5104,smallest,Numeric,0.001,0,True,13,387,342,"[LoadNum2-Num(8,4,3),Set-11-Num(11,3,7),LoadNum3-Num(12,8,10),While-Num(11,0,0),SwapMem-Num(8,0,3),Add-Num(13,0,9),TestNumLessTEqu-Num(8,9,2),If-Num(2,13,14),LoadNum4-Num(0,3,10),SwapMem-Num(8,0,3),Add-Num(13,0,9),SwapMem-Num(8,12,4),SubmitNum-Num(9,0,1)]"
PROBLEM_smallest__ARGS_NUM__MUT_001,5105,smallest,Numeric,0.001,0,False,NONE,NONE,NONE,"NONE"
PROBLEM_smallest__ARGS_NUM__MUT_001,5106,smallest,Numeric,0.001,0,True,26,497,300,"[LoadNum4-Num(2,7,9),LoadNum1-Num(1,2,11),TestNumGreater-Num(2,0,0),IfNot-Num(0,4,12),SwapMem-Num(3,1,0),Close(1,15,0),LoadNum3-Num(5,1,11),Close(2,5,9),TestNumNEqu-Num(15,4,8),LoadNum2-Num(8,0,1),Sub-Num(8,1,2),SubmitNum-Num(1,1,8),TestNumLessTEqu-Num(12,12,8),TestNumGreaterTEqu-Num(2,0,0),If-Num(8,5,9),Set-11-Num(6,12,2),LoadNum3-Num(14,1,11),Set-12-Num(3,3,5),IfNot-Num(0,2,6),LoadNum2-Num(1,4,7),Close(9,11,1),TestNumGreater-Num(5,1,10),Set-7-Num(13,11,4),SubmitNum-Num(14,14,9),IfNot-Num(10,15,10),Mult-Num(7,9,7)]"
PROBLEM_smallest__ARGS_NUM__MUT_001,5107,smallest,Numeric,0.001,0,False,NONE,NONE,NONE,"NONE"
PROBLEM_smallest__ARGS_NUM__MUT_001,5108,smallest,Numeric,0.001,0,True,16,373,336,"[Sub-Num(1,13,2),TestNumGreaterTEqu-Num(15,5,3),LoadNum3-Num(11,7,1),TestNumLessTEqu-Num(0,2,0),Countdown-Num(0,5,13),LoadNum1-Num(2,11,10),Close(6,8,14),LoadNum4-Num(4,5,5),While-Num(3,14,11),TestNumGreaterTEqu-Num(2,11,3),TestNumLess-Num(4,2,0),Countdown-Num(0,15,13),LoadNum4-Num(2,6,10),Close(7,15,10),SubmitNum-Num(2,3,5),LoadNum3-Num(2,6,3)]"
PROBLEM_smallest__ARGS_NUM__MUT_001,5109,smallest,Numeric,0.001,0,False,NONE,NONE,NONE,"NONE"
PROBLEM_smallest__ARGS_NUM__MUT_001,5110,smallest,Numeric,0.001,0,False,NONE,NONE,NONE,"NONE"
PROBLEM_smallest__ARGS_NUM__MUT_001,5111,smallest,Numeric,0.001,0,True,15,273,179,"[Dec-Num(10,8,5),Close(0,2,7),TestNumGreaterTEqu-Num(3,2,8),SubmitNum-Num(3,7,7),If-Num(8,11,2),SubmitNum-Num(5,6,0),LoadNum3-Num(3,8,6),Close(11,10,11),LoadNum2-Num(5,14,9),While-Num(10,9,2),Add-Num(11,5,2),Set-0-Num(10,9,3),TestNumGreaterTEqu-Num(3,0,15),Countdown-Num(15,2,8),LoadNum1-Num(3,9,5)]"
PROBLEM_smallest__ARGS_NUM__MUT_001,5112,smallest,Numeric,0.001,0,True,22,459,328,"[LoadNum2-Num(11,0,6),SwapMem-Num(2,3,5),LoadNum3-Num(0,1,5),TestNumLess-Num(3,2,8),Close(15,5,12),SwapMem-Num(7,8,1),IfNot-Num(14,7,15),TestNumGreaterTEqu-Num(3,11,14),SubmitNum-Num(11,13,15),LoadNum1-Num(11,3,14),TestNumLess-Num(0,1,12),Not-Num(14,12,4),Countdown-Num(14,5,10),SubmitNum-Num(3,7,5),Set-10-Num(8,2,10),TestNumLess-Num(15,7,12),Close(1,11,0),IfNot-Num(12,6,15),Add-Num(11,9,0),LoadNum4-Num(3,6,4),LoadNum2-Num(11,0,14),Break(0,13,9)]"
PROBLEM_smallest__ARGS_NUM__MUT_001,5113,smallest,Numeric,0.001,0,False,NONE,NONE,NONE,"NONE"
PROBLEM_smallest__ARGS_NUM__MUT_001,5114,smallest,Numeric,0.001,0,False,NONE,NONE,NONE,"NONE"
PROBLEM_smallest__ARGS_NUM__MUT_001,5115,smallest,Numeric,0.001,0,False,NONE,NONE,NONE,"NONE"
PROBLEM_smallest__ARGS_NUM__MUT_001,5116,smallest,Numeric,0.001,0,False,NONE,NONE,NONE,"NONE"
PROBLEM_smallest__ARGS_NUM__MUT_001,5117,smallest,Numeric,0.001,0,False,NONE,NONE,NONE,"NONE"
PROBLEM_smallest__ARGS_NUM__MUT_001,5118,smallest,Numeric,0.001,0,False,NONE,NONE,NONE,"NONE"
PROBLEM_smallest__ARGS_NUM__MUT_001,5119,smallest,Numeric,0.001,0,False,NONE,NONE,NONE,"NONE"
PROBLEM_smallest__ARGS_NUM__MUT_001,5120,smallest,Numeric,0.001,0,True,11,280,177,"[Set-15-Num(12,10,7),Countdown-Num(12,15,5),SwapMem-Num(3,0,11),TestNumLess-Num(3,0,9),IfNot-Num(9,7,3),SubmitNum-Num(1,11,6),LoadNum3-Num(9,15,11),SwapMem-Num(9,3,15),TestNumGreater-Num(0,1,9),IfNot-Num(9,7,3),SwapMem-Num(0,1,12)]"
PROBLEM_smallest__ARGS_NUM__MUT_001,5121,smallest,Numeric,0.001,0,False,NONE,NONE,NONE,"NONE"
PROBLEM_smallest__ARGS_NUM__MUT_001,5122,smallest,Numeric,0.001,0,False,NONE,NONE,NONE,"NONE"
PROBLEM_smallest__ARGS_NUM__MUT_001,5123,smallest,Numeric,0.001,0,False,NONE,NONE,NONE,"NONE"
PROBLEM_smallest__ARGS_NUM__MUT_001,5124,smallest,Numeric,0.001,0,False,NONE,NONE,NONE,"NONE"
PROBLEM_smallest__ARGS_NUM__MUT_001,5125,smallest,Numeric,0.001,0,False,NONE,NONE,NONE,"NONE"
PROBLEM_smallest__ARGS_NUM__MUT_001,5126,smallest,Numeric,0.001,0,False,NONE,NONE,NONE,"NONE"
PROBLEM_smallest__ARGS_NUM__MUT_001,5127,smallest,Numeric,0.001,0,True,29,468,468,"[SubmitNum-Num(3,10,3),Set-13-Num(2,2,4),LoadNum2-Num(5,14,11),Countdown-Num(2,6,6),Set-10-Num(2,9,8),Add-Num(3,9,9),SwapMem-Num(4,5,0),LoadNum3-Num(5,10,15),TestNumGreater-Num(9,0,10),Sub-Num(0,4,9),TestNumGreater-Num(0,15,13),If-Num(10,12,13),TestNumNEqu-Num(11,6,9),Countdown-Num(2,6,6),Add-Num(3,9,9),LoadNum2-Num(4,2,0),TestNumGreater-Num(9,0,10),Sub-Num(0,4,9),If-Num(10,0,13),Add-Num(5,11,13),TestNumGreater-Num(7,9,10),LoadNum2-Num(3,10,12),Close(5,7,1),SubmitNum-Num(3,12,13),LoadNum3-Num(3,9,11),While-Num(10,3,10),SubmitNum-Num(3,6,3),LoadNum1-Num(3,2,10),TestNumLessTEqu-Num(0,13,10)]"
PROBLEM_smallest__ARGS_NUM__MUT_001,5128,smallest,Numeric,0.001,0,True,14,316,259,"[LoadNum2-Num(4,11,1),LoadNum3-Num(1,4,10),TestNumGreaterTEqu-Num(3,0,0),Countdown-Num(0,2,10),LoadNum1-Num(3,12,11),Close(3,9,13),TestNumGreaterTEqu-Num(3,1,0),Countdown-Num(0,2,10),LoadNum3-Num(3,8,0),Close(3,9,13),SubmitNum-Num(3,12,5),TestNumGreater-Num(3,4,0),Countdown-Num(0,2,10),SubmitNum-Num(4,12,5)]"
PROBLEM_smallest__ARGS_NUM__MUT_001,5129,smallest,Numeric,0.001,0,False,NONE,NONE,NONE,"NONE"
PROBLEM_smallest__ARGS_NUM__MUT_001,5130,smallest,Numeric,0.001,0,False,NONE,NONE,NONE,"NONE"
PROBLEM_smallest__ARGS_NUM__MUT_001,5131,smallest,Numeric,0.001,0,True,21,391,334,"[SubmitNum-Num(1,14,6),LoadNum4-Num(2,5,14),LoadNum3-Num(11,11,4),Dec-Num(13,15,2),While-Num(13,12,3),TestNumGreaterTEqu-Num(7,2,14),LoadNum2-Num(10,0,2),TestNumLessTEqu-Num(10,11,1),LoadNum4-Num(11,4,4),LoadNum3-Num(8,1,15),Not-Num(14,8,3),LoadNum1-Num(12,3,5),Div-Num(12,14,11),LoadNum1-Num(7,8,13),Dec-Num(1,14,9),While-Num(1,8,3),SubmitNum-Num(11,12,3),SwapMem-Num(8,10,11),TestNumLessTEqu-Num(10,11,1),LoadNum3-Num(11,5,11),If-Num(1,8,3)]"
PROBLEM_smallest__ARGS_NUM__MUT_001,5132,smallest,Numeric,0.001,0,True,36,493,328,"[LoadNum2-Num(0,9,15),Close(3,13,15),LoadNum3-Num(12,11,10),Mod-Num(12,9,2),Set-7-Num(6,2,4),TestNumGreaterTEqu-Num(5,14,11),TestNumGreater-Num(0,2,13),LoadNum1-Num(11,5,12),LoadNum2-Num(2,1,7),SubmitNum-Num(0,7,1),LoadNum1-Num(3,10,14),Mult-Num(2,11,12),Sub-Num(0,3,5),LoadNum3-Num(0,14,10),TestNumGreater-Num(9,5,12),CopyMem-Num(13,1,7),Countdown-Num(12,12,10),Set-15-Num(3,12,15),TestNumNEqu-Num(12,9,0),TestNumNEqu-Num(10,0,8),Close(11,9,14),Close(12,14,11),If-Num(1,6,15),LoadNum3-Num(2,14,8),SubmitNum-Num(3,12,7),Close(10,7,0),Sub-Num(2,14,1),TestNumGreater-Num(3,0,2),LoadNum4-Num(0,10,6),TestNumGreaterTEqu-Num(0,1,10),Countdown-Num(2,10,13),TestNumEqu-Num(9,3,4),IfNot-Num(9,1,13),Close(15,7,1),While-Num(10,2,1),SubmitNum-Num(1,0,6)]"
PROBLEM_smallest__ARGS_NUM__MUT_001,5133,smallest,Numeric,0.001,0,False,NONE,NONE,NONE,"NONE"
PROBLEM_smallest__ARGS_NUM__MUT_001,5134,smallest,Numeric,0.001,0,False,NONE,NONE,NONE,"NONE"
PROBLEM_smallest__ARGS_NUM__MUT_001,5135,smallest,Numeric,0.001,0,False,NONE,NONE,NONE,"NONE"
PROBLEM_smallest__ARGS_NUM__MUT_001,5136,smallest,Numeric,0.001,0,False,NONE,NONE,NONE,"NONE"
PROBLEM_smallest__ARGS_NUM__MUT_001,5137,smallest,Numeric,0.001,0,True,11,359,305,"[LoadNum3-Num(0,6,1),TestNumGreaterTEqu-Num(3,3,6),Close(5,1,8),TestNumGreaterTEqu-Num(1,0,2),SubmitNum-Num(1,7,10),If-Num(2,5,5),Sub-Num(0,7,1),Close(10,0,11),LoadNum4-Num(0,5,12),Countdown-Num(6,12,12),LoadNum1-Num(0,6,12)]"
PROBLEM_smallest__ARGS_NUM__MUT_001,5138,smallest,Numeric,0.001,0,False,NONE,NONE,NONE,"NONE"
PROBLEM_smallest__ARGS_NUM__MUT_001,5139,smallest,Numeric,0.001,0,False,NONE,NONE,NONE,"NONE"
PROBLEM_smallest__ARGS_NUM__MUT_001,5140,smallest,Numeric,0.001,0,False,NONE,NONE,NONE,"NONE"
PROBLEM_smallest__ARGS_NUM__MUT_001,5141,smallest,Numeric,0.001,0,True,12,441,251,"[SubmitNum-Num(0,15,10),LoadNum3-Num(5,9,14),Set-16-Num(2,0,14),While-Num(2,6,6),CopyMem-Num(1,13,7),SwapMem-Num(13,5,2),LoadNum4-Num(1,12,15),TestNumLessTEqu-Num(0,13,7),Add-Num(15,13,6),IfNot-Num(7,6,12),SwapMem-Num(0,6,2),SubmitNum-Num(13,15,12)]"
PROBLEM_smallest__ARGS_NUM__MUT_001,5142,smallest,Numeric,0.001,0,False,NONE,NONE,NONE,"NONE"
PROBLEM_smallest__ARGS_NUM__MUT_001,5143,smallest,Numeric,0.001,0,False,NONE,NONE,NONE,"NONE"
PROBLEM_smallest__ARGS_NUM__MUT_001,5144,smallest,Numeric,0.001,0,True,18,479,409,"[SubmitNum-Num(3,9,3),Set-1-Num(1,3,10),While-Num(1,4,12),TestNumLessTEqu-Num(3,0,15),Not-Num(15,10,1),TestNumLessTEqu-Num(14,8,11),TestNumLessTEqu-Num(7,15,14),Countdown-Num(15,11,12),LoadNum2-Num(3,9,12),SubmitNum-Num(0,10,3),Close(1,13,10),LoadNum2-Num(0,14,7),TestNumGreaterTEqu-Num(3,0,15),Add-Num(8,2,0),Countdown-Num(15,5,12),Countdown-Num(11,5,12),LoadNum1-Num(3,6,1),LoadNum2-Num(0,4,0)]"
PROBLEM_smallest__ARGS_NUM__MUT_001,5145,smallest,Numeric,0.001,0,False,NONE,NONE,NONE,"NONE"
PROBLEM_smallest__ARGS_NUM__MUT_001,5146,smallest,Numeric,0.001,0,True,22,452,294,"[SubmitNum-Num(1,12,0),Close(6,14,12),Close(6,12,0),TestNumLess-Num(3,1,10),LoadNum3-Num(13,4,11),LoadNum3-Num(3,6,13),Close(1,3,12),If-Num(10,9,10),LoadNum4-Num(6,2,0),SwapMem-Num(6,10,14),SubmitNum-Num(10,1,7),LoadNum4-Num(1,15,10),Close(6,12,12),TestNumLess-Num(3,1,10),LoadNum1-Num(3,3,8),If-Num(10,8,10),SubmitNum-Num(13,0,7),LoadNum3-Num(6,12,11),While-Num(10,4,7),TestNumLess-Num(6,3,12),IfNot-Num(12,2,6),SubmitNum-Num(3,10,7)]"
PROBLEM_smallest__ARGS_NUM__MUT_001,5147,smallest,Numeric,0.001,0,False,NONE,NONE,NONE,"NONE"
PROBLEM_smallest__ARGS_NUM__MUT_001,5148,smallest,Numeric,0.001,0,False,NONE,NONE,NONE,"NONE"
PROBLEM_smallest__ARGS_NUM__MUT_001,5149,smallest,Numeric,0.001,0,True,35,500,495,"[Close(14,4,4),LoadNum4-Num(5,13,11),LoadNum1-Num(1,3,1),Set-4-Num(6,8,15),LoadNum3-Num(10,8,13),Dec-Num(7,14,3),Countdown-Num(6,13,12),TestNumLessTEqu-Num(10,1,13),LoadNum1-Num(4,3,13),LoadNum3-Num(11,12,11),Div-Num(12,1,2),Countdown-Num(13,5,2),Set-0-Num(14,9,15),Inc-Num(11,10,8),Mod-Num(13,12,12),CopyMem-Num(10,1,9),Close(9,8,10),LoadNum2-Num(10,10,3),LoadNum2-Num(13,12,0),TestNumLessTEqu-Num(3,1,13),TestNumLessTEqu-Num(3,11,14),LoadNum2-Num(3,5,4),Countdown-Num(13,8,10),SubmitNum-Num(10,3,2),Add-Num(5,7,4),TestNumGreater-Num(11,10,13),LoadNum4-Num(1,5,14),Sub-Num(4,2,11),Close(2,5,12),TestNumGreaterTEqu-Num(15,4,10),Set-5-Num(0,3,11),SubmitNum-Num(1,14,14),Dec-Num(6,6,5),LoadNum3-Num(10,1,3),IfNot-Num(5,8,6)]"
PROBLEM_smallest__ARGS_NUM__MUT_001,5150,smallest,Numeric,0.001,0,False,NONE,NONE,NONE,"NONE"
PROBLEM_smallest__ARGS_NUM__MUT_0025,5451,smallest,Numeric,0.0025,0,True,38,446,446,"[TestNumLess-Num(3,0,12),TestNumEqu-Num(10,6,10),Set-12-Num(4,9,2),CopyMem-Num(1,14,11),Close(14,15,3),Set-15-Num(10,10,9),SubmitNum-Num(0,3,1),Mult-Num(13,8,7),Sub-Num(0,6,8),While-Num(10,15,8),Mult-Num(3,3,15),Set-11-Num(13,14,9),Countdown-Num(12,13,0),Add-Num(2,5,10),SubmitNum-Num(14,9,9),Add-Num(2,6,8),LoadNum2-Num(7,14,4),Set-10-Num(11,0,3),Set-11-Num(0,8,8),Set-7-Num(13,14,7),SubmitNum-Num(10,12,6),TestNumGreaterTEqu-Num(10,14,12),LoadNum4-Num(2,11,3),Close(12,7,15),Sub-Num(8,6,3),Set-10-Num(11,9,4),TestNumGreaterTEqu-Num(3,14,7),TestNumGreaterTEqu-Num(8,2,12),Countdown-Num(7,12,10),Set-15-Num(0,1,14),Set-13-Num(4,3,10),While-Num(2,1,11),LoadNum2-Num(14,1,10),Dec-Num(12,9,10),Set-8-Num(12,13,1),Dec-Num(12,12,15),SubmitNum-Num(0,5,9),Break(9,14,15)]"
PROBLEM_smallest__ARGS_NUM__MUT_0025,5452,smallest,Numeric,0.0025,0,False,NONE,NONE,NONE,"NONE"
PROBLEM_smallest__ARGS_NUM__MUT_0025,5453,smallest,Numeric,0.0025,0,True,37,430,288,"[Close(12,0,3),Set-3-Num(3,14,6),Countdown-Num(3,2,6),LoadNum2-Num(4,5,14),SubmitNum-Num(0,15,15),Set-8-Num(11,3,8),Set-9-Num(5,4,14),Set-3-Num(8,13,8),Set-14-Num(13,4,8),SwapMem-Num(2,11,12),Set-3-Num(6,9,3),LoadNum4-Num(2,9,3),TestNumEqu-Num(15,8,14),TestNumLessTEqu-Num(1,0,6),SwapMem-Num(5,1,11),Inc-Num(11,2,12),Set-4-Num(4,8,13),Add-Num(11,15,1),While-Num(6,14,13),Not-Num(9,14,7),Countdown-Num(4,5,14),LoadNum4-Num(0,15,9),LoadNum2-Num(9,0,12),LoadNum3-Num(13,6,3),SubmitNum-Num(0,15,13),Sub-Num(2,9,6),Dec-Num(10,11,13),Add-Num(9,6,1),TestNumGreater-Num(6,12,4),LoadNum3-Num(11,4,7),SubmitNum-Num(13,11,8),TestNumLess-Num(9,11,13),TestNumGreaterTEqu-Num(1,11,6),While-Num(4,9,5),SwapMem-Num(0,9,6),IfNot-Num(13,0,5),TestNumNEqu-Num(4,8,10)]"
PROBLEM_smallest__ARGS_NUM__MUT_0025,5454,smallest,Numeric,0.0025,0,False,NONE,NONE,NONE,"NONE"
PROBLEM_smallest__ARGS_NUM__MUT_0025,5455,smallest,Numeric,0.0025,0,True,32,447,427,"[Close(14,10,10),Set-11-Num(8,12,3),TestNumLess-Num(2,7,7),Set-10-Num(13,7,11),Set-12-Num(4,12,13),TestNumLess-Num(3,1,15),Set-5-Num(14,5,4),Not-Num(1,6,0),SubmitNum-Num(3,6,12),Set-16-Num(11,13,1),Set-2-Num(11,14,14),TestNumGreaterTEqu-Num(11,13,1),Sub-Num(0,11,1),IfNot-Num(15,7,13),Set-14-Num(3,8,1),SubmitNum-Num(2,6,4),LoadNum3-Num(3,7,5),LoadNum2-Num(1,1,12),Inc-Num(7,14,8),LoadNum2-Num(2,6,6),TestNumLess-Num(0,15,7),Close(9,7,12),Set-14-Num(8,12,13),TestNumGreater-Num(0,2,10),Set-5-Num(9,15,13),Set-8-Num(8,1,1),TestNumLessTEqu-Num(10,6,15),Sub-Num(3,15,0),Countdown-Num(15,10,8),SwapMem-Num(9,11,4),LoadNum1-Num(2,2,6),LoadNum1-Num(1,1,12)]"
PROBLEM_smallest__ARGS_NUM__MUT_0025,5456,smallest,Numeric,0.0025,0,True,19,479,362,"[LoadNum3-Num(15,8,0),LoadNum1-Num(1,8,5),Close(1,1,15),TestNumLess-Num(1,15,0),Countdown-Num(0,5,0),LoadNum1-Num(2,13,2),Close(3,11,10),TestNumLess-Num(3,2,0),TestNumGreater-Num(5,9,15),LoadNum2-Num(7,13,7),SubmitNum-Num(2,3,9),Countdown-Num(0,7,0),LoadNum4-Num(2,14,7),Close(9,11,9),Sub-Num(7,2,1),TestNumLess-Num(1,6,0),Countdown-Num(0,5,4),LoadNum2-Num(2,13,3),TestNumLess-Num(8,2,1)]"
PROBLEM_smallest__ARGS_NUM__MUT_0025,5457,smallest,Numeric,0.0025,0,False,NONE,NONE,NONE,"NONE"
PROBLEM_smallest__ARGS_NUM__MUT_0025,5458,smallest,Numeric,0.0025,0,True,18,313,277,"[LoadNum1-Num(1,10,11),Set-9-Num(8,0,13),SubmitNum-Num(1,4,2),SwapMem-Num(9,1,15),While-Num(8,0,11),TestNumGreater-Num(9,2,8),Countdown-Num(8,10,1),SubmitNum-Num(2,15,2),LoadNum3-Num(9,8,8),Close(15,2,8),SwapMem-Num(2,3,14),TestNumGreaterTEqu-Num(9,2,8),Countdown-Num(8,10,1),SubmitNum-Num(2,15,2),LoadNum4-Num(9,4,14),Close(5,4,8),LoadNum2-Num(3,0,1),Set-11-Num(8,8,15)]"
PROBLEM_smallest__ARGS_NUM__MUT_0025,5459,smallest,Numeric,0.0025,0,False,NONE,NONE,NONE,"NONE"
PROBLEM_smallest__ARGS_NUM__MUT_0025,5460,smallest,Numeric,0.0025,0,True,32,495,474,"[LoadNum4-Num(1,9,14),CopyMem-Num(1,13,10),LoadNum2-Num(10,4,12),TestNumLess-Num(13,10,7),LoadNum1-Num(11,11,7),LoadNum2-Num(5,14,8),SubmitNum-Num(10,10,9),Close(10,13,7),Close(8,11,14),TestNumGreaterTEqu-Num(2,13,8),Add-Num(8,2,14),TestNumLessTEqu-Num(14,11,3),Div-Num(7,15,13),Countdown-Num(8,7,2),LoadNum1-Num(14,15,2),CopyMem-Num(1,2,12),TestNumGreaterTEqu-Num(14,13,3),Sub-Num(5,9,13),Close(15,7,1),Set-11-Num(10,5,10),IfNot-Num(3,5,4),LoadNum1-Num(2,12,15),Close(13,7,6),TestNumLess-Num(0,5,11),Div-Num(4,14,10),TestNumLess-Num(10,11,7),Add-Num(6,2,0),Countdown-Num(11,5,9),Inc-Num(9,4,1),SubmitNum-Num(14,8,14),CopyMem-Num(2,7,12),Set-5-Num(15,12,1)]"
PROBLEM_smallest__ARGS_NUM__MUT_0025,5461,smallest,Numeric,0.0025,0,True,39,496,287,"[Add-Num(0,7,11),LoadNum2-Num(3,10,9),LoadNum4-Num(12,2,14),SubmitNum-Num(3,11,9),Close(8,15,3),Add-Num(4,0,0),Add-Num(4,12,0),TestNumLess-Num(0,1,14),LoadNum4-Num(2,10,15),If-Num(14,3,15),LoadNum4-Num(3,1,4),If-Num(6,13,3),SubmitNum-Num(12,14,10),Close(8,12,6),Set-9-Num(6,15,3),Close(10,6,11),CopyMem-Num(11,0,8),Set-5-Num(13,11,4),TestNumGreaterTEqu-Num(3,0,4),While-Num(13,10,7),Not-Num(13,1,15),LoadNum1-Num(1,5,15),Set-0-Num(0,0,1),LoadNum4-Num(1,0,3),Add-Num(3,14,0),LoadNum3-Num(1,7,5),Div-Num(2,9,6),Close(4,11,7),Set-5-Num(10,2,4),LoadNum4-Num(12,1,15),TestNumLessTEqu-Num(15,14,13),LoadNum3-Num(11,12,11),Countdown-Num(4,7,6),SubmitNum-Num(1,14,0),LoadNum1-Num(12,2,10),Set-3-Num(6,7,7),Close(9,4,13),IfNot-Num(7,8,9),Break(10,11,6)]"
PROBLEM_smallest__ARGS_NUM__MUT_0025,5462,smallest,Numeric,0.0025,0,True,16,400,263,"[LoadNum3-Num(10,1,9),LoadNum3-Num(9,7,11),SubmitNum-Num(0,4,6),TestNumLessTEqu-Num(1,3,11),If-Num(11,0,2),LoadNum2-Num(3,11,9),Close(5,11,12),TestNumGreater-Num(3,0,13),TestNumLess-Num(0,10,11),SwapMem-Num(2,15,10),IfNot-Num(11,15,4),TestNumGreater-Num(3,15,13),SubmitNum-Num(9,3,15),Close(8,3,10),IfNot-Num(13,7,0),SubmitNum-Num(3,13,1)]"
PROBLEM_smallest__ARGS_NUM__MUT_0025,5463,smallest,Numeric,0.0025,0,True,32,277,171,"[Set-0-Num(9,10,10),SubmitNum-Num(12,14,12),LoadNum4-Num(2,7,10),TestNumLess-Num(12,3,4),Set-16-Num(3,4,12),LoadNum3-Num(0,7,6),Close(2,13,3),Inc-Num(8,0,10),If-Num(3,14,10),SwapMem-Num(11,0,14),Set-16-Num(10,13,12),Set-2-Num(0,2,1),Set-0-Num(4,10,7),Close(10,8,4),Set-6-Num(15,4,10),Close(11,0,4),Set-4-Num(12,15,13),TestNumGreater-Num(1,2,3),SubmitNum-Num(1,3,7),Break(11,15,7),TestNumEqu-Num(8,13,8),If-Num(15,7,0),LoadNum3-Num(0,7,3),TestNumEqu-Num(11,2,8),Sub-Num(13,10,9),If-Num(3,10,10),CopyMem-Num(2,1,3),Close(9,0,9),LoadNum1-Num(2,12,2),TestNumGreater-Num(1,0,3),SubmitNum-Num(11,0,2),Break(12,11,4)]"
PROBLEM_smallest__ARGS_NUM__MUT_0025,5464,smallest,Numeric,0.0025,0,False,NONE,NONE,NONE,"NONE"
PROBLEM_smallest__ARGS_NUM__MUT_0025,5465,smallest,Numeric,0.0025,0,False,NONE,NONE,NONE,"NONE"
PROBLEM_smallest__ARGS_NUM__MUT_0025,5466,smallest,Numeric,0.0025,0,False,NONE,NONE,NONE,"NONE"
PROBLEM_smallest__ARGS_NUM__MUT_0025,5467,smallest,Numeric,0.0025,0,False,NONE,NONE,NONE,"NONE"
PROBLEM_smallest__ARGS_NUM__MUT_0025,5468,smallest,Numeric,0.0025,0,True,21,349,273,"[SubmitNum-Num(2,11,9),LoadNum3-Num(0,1,4),Close(15,11,1),TestNumGreaterTEqu-Num(0,1,5),Not-Num(11,9,15),If-Num(5,0,15),SubmitNum-Num(1,3,5),LoadNum2-Num(2,11,6),Close(14,3,2),LoadNum1-Num(1,5,0),Close(9,7,3),TestNumGreaterTEqu-Num(2,1,5),Dec-Num(11,8,12),If-Num(5,3,15),SubmitNum-Num(1,9,13),Add-Num(1,8,0),Close(12,7,7),LoadNum4-Num(1,1,14),While-Num(5,13,5),If-Num(11,3,11),LoadNum1-Num(9,14,6)]"
PROBLEM_smallest__ARGS_NUM__MUT_0025,5469,smallest,Numeric,0.0025,0,False,NONE,NONE,NONE,"NONE"
PROBLEM_smallest__ARGS_NUM__MUT_0025,5470,smallest,Numeric,0.0025,0,True,19,362,171,"[SwapMem-Num(1,15,7),LoadNum4-Num(13,10,2),TestNumLess-Num(3,0,7),CopyMem-Num(0,2,1),SubmitNum-Num(15,6,11),Set-10-Num(6,7,2),Countdown-Num(6,7,1),SwapMem-Num(5,13,12),TestNumGreaterTEqu-Num(2,15,9),IfNot-Num(9,3,15),SubmitNum-Num(2,13,1),Close(3,13,6),LoadNum3-Num(13,1,8),TestNumLessTEqu-Num(13,2,2),SwapMem-Num(5,2,0),IfNot-Num(5,5,4),TestNumGreaterTEqu-Num(8,7,3),LoadNum4-Num(2,8,8),While-Num(3,13,3)]"
PROBLEM_smallest__ARGS_NUM__MUT_0025,5471,smallest,Numeric,0.0025,0,False,NONE,NONE,NONE,"NONE"
PROBLEM_smallest__ARGS_NUM__MUT_0025,5472,smallest,Numeric,0.0025,0,False,NONE,NONE,NONE,"NONE"
PROBLEM_smallest__ARGS_NUM__MUT_0025,5473,smallest,Numeric,0.0025,0,True,25,379,368,"[LoadNum3-Num(3,7,9),Close(8,10,14),TestNumGreater-Num(1,3,4),IfNot-Num(4,7,8),TestNumGreater-Num(1,2,4),Close(8,9,1),IfNot-Num(4,7,9),SubmitNum-Num(13,9,0),LoadNum4-Num(15,6,3),LoadNum2-Num(3,2,1),Close(10,13,11),LoadNum4-Num(1,8,10),While-Num(7,2,1),Close(14,13,13),Sub-Num(14,1,9),SubmitNum-Num(15,4,9),Break(9,13,12),IfNot-Num(13,0,5),SubmitNum-Num(3,10,9),LoadNum4-Num(13,11,1),LoadNum1-Num(15,12,15),LoadNum1-Num(2,10,8),TestNumGreater-Num(15,3,7),While-Num(11,7,7),TestNumEqu-Num(6,14,7)]"
PROBLEM_smallest__ARGS_NUM__MUT_0025,5474,smallest,Numeric,0.0025,0,False,NONE,NONE,NONE,"NONE"
PROBLEM_smallest__ARGS_NUM__MUT_0025,5475,smallest,Numeric,0.0025,0,True,23,450,392,"[LoadNum3-Num(9,14,12),Set-16-Num(4,15,11),LoadNum4-Num(11,1,13),SubmitNum-Num(3,1,10),LoadNum1-Num(7,9,6),While-Num(4,7,10),TestNumGreater-Num(11,7,12),LoadNum2-Num(14,15,13),Add-Num(14,13,7),SwapMem-Num(9,7,1),While-Num(12,10,15),Set-10-Num(8,12,3),While-Num(4,14,11),Countdown-Num(8,2,10),LoadNum3-Num(15,4,15),TestNumGreaterTEqu-Num(0,15,8),Sub-Num(5,1,10),TestNumLess-Num(14,0,12),SubmitNum-Num(0,1,8),LoadNum3-Num(0,14,7),If-Num(12,8,7),SubmitNum-Num(1,5,7),Mult-Num(0,9,12)]"
PROBLEM_smallest__ARGS_NUM__MUT_0025,5476,smallest,Numeric,0.0025,0,False,NONE,NONE,NONE,"NONE"
PROBLEM_smallest__ARGS_NUM__MUT_0025,5477,smallest,Numeric,0.0025,0,False,NONE,NONE,NONE,"NONE"
PROBLEM_smallest__ARGS_NUM__MUT_0025,5478,smallest,Numeric,0.0025,0,False,NONE,NONE,NONE,"NONE"
PROBLEM_smallest__ARGS_NUM__MUT_0025,5479,smallest,Numeric,0.0025,0,False,NONE,NONE,NONE,"NONE"
PROBLEM_smallest__ARGS_NUM__MUT_0025,5480,smallest,Numeric,0.0025,0,True,28,266,204,"[Close(10,8,9),Set-13-Num(8,6,2),Div-Num(11,15,2),Dec-Num(1,10,14),Set-9-Num(13,9,14),Close(4,6,0),SwapMem-Num(3,0,10),Div-Num(12,9,14),Set-5-Num(12,7,4),Mult-Num(10,15,2),LoadNum3-Num(14,14,14),TestNumNEqu-Num(6,15,15),TestNumGreater-Num(0,3,9),SwapMem-Num(1,3,14),While-Num(9,15,4),LoadNum1-Num(0,4,1),CopyMem-Num(1,14,5),Not-Num(9,12,8),Close(13,12,1),SubmitNum-Num(14,12,9),LoadNum3-Num(7,2,12),Set-12-Num(6,15,1),TestNumGreater-Num(0,3,9),TestNumLessTEqu-Num(0,3,4),SwapMem-Num(7,3,9),While-Num(9,3,5),LoadNum2-Num(0,5,12),Break(3,7,9)]"
PROBLEM_smallest__ARGS_NUM__MUT_0025,5481,smallest,Numeric,0.0025,0,True,19,437,296,"[TestNumGreaterTEqu-Num(1,0,0),LoadNum3-Num(12,13,12),Sub-Num(1,10,8),SubmitNum-Num(1,10,12),TestNumLess-Num(8,12,15),If-Num(0,13,1),LoadNum1-Num(0,4,9),SubmitNum-Num(0,1,10),TestNumLessTEqu-Num(0,2,15),LoadNum1-Num(8,15,1),Close(15,14,1),IfNot-Num(15,13,9),SubmitNum-Num(12,11,13),Close(8,0,11),TestNumLessTEqu-Num(12,3,15),TestNumGreaterTEqu-Num(3,8,9),IfNot-Num(9,14,9),IfNot-Num(15,5,9),SubmitNum-Num(3,9,8)]"
PROBLEM_smallest__ARGS_NUM__MUT_0025,5482,smallest,Numeric,0.0025,0,False,NONE,NONE,NONE,"NONE"
PROBLEM_smallest__ARGS_NUM__MUT_0025,5483,smallest,Numeric,0.0025,0,True,11,285,148,"[SubmitNum-Num(3,12,13),Close(14,13,13),TestNumLess-Num(1,3,11),If-Num(11,13,3),SubmitNum-Num(1,15,14),CopyMem-Num(1,3,7),Close(0,7,13),SwapMem-Num(0,1,3),LoadNum3-Num(0,10,15),Countdown-Num(12,13,2),TestNumLess-Num(12,10,2)]"
PROBLEM_smallest__ARGS_NUM__MUT_0025,5484,smallest,Numeric,0.0025,0,True,20,290,275,"[Not-Num(5,4,9),Close(9,2,6),SubmitNum-Num(1,6,14),LoadNum1-Num(4,4,3),Set-12-Num(12,4,12),If-Num(5,12,5),LoadNum4-Num(15,9,15),While-Num(12,7,5),TestNumGreaterTEqu-Num(15,1,3),LoadNum3-Num(15,15,4),IfNot-Num(3,2,9),LoadNum3-Num(4,8,13),LoadNum4-Num(15,0,1),CopyMem-Num(15,1,13),Close(12,1,0),TestNumLess-Num(4,1,14),Set-0-Num(5,8,12),If-Num(14,13,10),LoadNum1-Num(1,10,9),SubmitNum-Num(4,0,2)]"
PROBLEM_smallest__ARGS_NUM__MUT_0025,5485,smallest,Numeric,0.0025,0,False,NONE,NONE,NONE,"NONE"
PROBLEM_smallest__ARGS_NUM__MUT_0025,5486,smallest,Numeric,0.0025,0,False,NONE,NONE,NONE,"NONE"
PROBLEM_smallest__ARGS_NUM__MUT_0025,5487,smallest,Numeric,0.0025,0,False,NONE,NONE,NONE,"NONE"
PROBLEM_smallest__ARGS_NUM__MUT_0025,5488,smallest,Numeric,0.0025,0,False,NONE,NONE,NONE,"NONE"
PROBLEM_smallest__ARGS_NUM__MUT_0025,5489,smallest,Numeric,0.0025,0,False,NONE,NONE,NONE,"NONE"
PROBLEM_smallest__ARGS_NUM__MUT_0025,5490,smallest,Numeric,0.0025,0,True,22,457,377,"[Set-6-Num(12,10,5),Set-5-Num(2,14,2),SwapMem-Num(7,1,4),SubmitNum-Num(7,15,13),Countdown-Num(12,0,13),TestNumLessTEqu-Num(7,0,12),LoadNum3-Num(8,6,5),Sub-Num(0,12,15),Add-Num(8,9,0),Sub-Num(3,8,9),Close(1,9,7),While-Num(2,14,10),IfNot-Num(4,3,14),TestNumGreater-Num(8,15,7),LoadNum4-Num(15,11,4),SubmitNum-Num(8,15,11),If-Num(7,8,2),LoadNum1-Num(12,9,14),LoadNum1-Num(8,5,14),LoadNum4-Num(6,6,3),SubmitNum-Num(6,0,13),TestNumGreaterTEqu-Num(12,6,4)]"
PROBLEM_smallest__ARGS_NUM__MUT_0025,5491,smallest,Numeric,0.0025,0,False,NONE,NONE,NONE,"NONE"
PROBLEM_smallest__ARGS_NUM__MUT_0025,5492,smallest,Numeric,0.0025,0,False,NONE,NONE,NONE,"NONE"
PROBLEM_smallest__ARGS_NUM__MUT_0025,5493,smallest,Numeric,0.0025,0,False,NONE,NONE,NONE,"NONE"
PROBLEM_smallest__ARGS_NUM__MUT_0025,5494,smallest,Numeric,0.0025,0,False,NONE,NONE,NONE,"NONE"
PROBLEM_smallest__ARGS_NUM__MUT_0025,5495,smallest,Numeric,0.0025,0,False,NONE,NONE,NONE,"NONE"
PROBLEM_smallest__ARGS_NUM__MUT_0025,5496,smallest,Numeric,0.0025,0,True,10,498,395,"[Add-Num(6,1,0),Close(2,10,2),SwapMem-Num(2,3,3),TestNumLessTEqu-Num(2,0,6),SwapMem-Num(10,6,1),Div-Num(2,10,0),LoadNum1-Num(2,7,7),SubmitNum-Num(0,9,4),Countdown-Num(9,10,9),Set-9-Num(9,15,12)]"
PROBLEM_smallest__ARGS_NUM__MUT_0025,5497,smallest,Numeric,0.0025,0,False,NONE,NONE,NONE,"NONE"
PROBLEM_smallest__ARGS_NUM__MUT_0025,5498,smallest,Numeric,0.0025,0,True,29,477,410,"[LoadNum1-Num(7,1,5),LoadNum3-Num(10,12,8),CopyMem-Num(3,0,2),LoadNum2-Num(13,9,9),Set-5-Num(3,0,4),Countdown-Num(3,0,13),SubmitNum-Num(0,11,9),TestNumLess-Num(0,2,11),Countdown-Num(11,13,5),Set-7-Num(14,13,14),Close(13,1,5),TestNumLess-Num(4,15,4),TestNumLessTEqu-Num(1,7,11),SubmitNum-Num(2,5,0),Set-2-Num(4,11,1),Div-Num(11,6,9),TestNumLess-Num(10,13,10),Dec-Num(6,4,4),LoadNum3-Num(5,5,8),TestNumLessTEqu-Num(1,0,14),LoadNum4-Num(8,11,6),Div-Num(5,10,7),SubmitNum-Num(1,7,14),Set-0-Num(13,15,15),TestNumLess-Num(10,14,10),TestNumNEqu-Num(14,11,5),LoadNum1-Num(1,3,10),Div-Num(5,10,3),LoadNum4-Num(5,12,13)]"
PROBLEM_smallest__ARGS_NUM__MUT_0025,5499,smallest,Numeric,0.0025,0,False,NONE,NONE,NONE,"NONE"
PROBLEM_smallest__ARGS_NUM__MUT_0025,5500,smallest,Numeric,0.0025,0,False,NONE,NONE,NONE,"NONE"
PROBLEM_smallest__ARGS_NUM__MUT_005,5401,smallest,Numeric,0.005,0,True,12,321,265,"[Close(6,8,0),SwapMem-Num(2,15,5),LoadNum1-Num(2,12,4),LoadNum4-Num(13,15,15),LoadNum4-Num(9,0,7),TestNumLessTEqu-Num(15,1,8),Div-Num(15,8,1),SwapMem-Num(13,5,0),SubmitNum-Num(9,0,13),TestNumLessTEqu-Num(1,5,15),Countdown-Num(15,11,7),SubmitNum-Num(1,2,8)]"
PROBLEM_smallest__ARGS_NUM__MUT_005,5402,smallest,Numeric,0.005,0,False,NONE,NONE,NONE,"NONE"
PROBLEM_smallest__ARGS_NUM__MUT_005,5403,smallest,Numeric,0.005,0,True,44,458,458,"[LoadNum3-Num(6,5,4),Set-15-Num(11,13,6),Set-8-Num(10,12,10),Mult-Num(10,15,15),Set-11-Num(10,13,14),TestNumEqu-Num(2,10,14),Set-7-Num(12,3,5),While-Num(11,11,12),If-Num(10,2,5),SubmitNum-Num(14,15,11),Set-16-Num(7,1,0),Set-15-Num(15,12,9),Div-Num(15,11,7),SubmitNum-Num(0,0,15),TestNumLess-Num(1,7,5),SwapMem-Num(5,10,7),LoadNum4-Num(9,9,10),SwapMem-Num(4,10,12),TestNumGreaterTEqu-Num(3,0,15),TestNumGreaterTEqu-Num(6,9,7),Set-8-Num(8,1,1),LoadNum3-Num(4,13,7),Mod-Num(6,5,5),Sub-Num(4,8,14),Set-2-Num(14,9,12),LoadNum1-Num(0,9,6),If-Num(15,1,3),Mod-Num(3,0,4),TestNumLessTEqu-Num(0,2,7),LoadNum1-Num(3,4,2),Close(8,0,7),TestNumGreater-Num(9,13,10),SwapMem-Num(15,7,5),Mod-Num(11,5,10),SubmitNum-Num(2,1,6),Set-15-Num(13,15,2),Not-Num(12,6,6),TestNumEqu-Num(0,15,13),LoadNum2-Num(0,12,5),TestNumLess-Num(0,6,10),TestNumGreater-Num(3,0,11),If-Num(15,6,2),Div-Num(11,6,10),SubmitNum-Num(3,6,10)]"
PROBLEM_smallest__ARGS_NUM__MUT_005,5404,smallest,Numeric,0.005,0,True,39,469,403,"[SwapMem-Num(2,9,6),SwapMem-Num(1,14,10),Add-Num(0,2,9),SwapMem-Num(10,9,6),Sub-Num(0,12,6),Close(5,13,14),Set-10-Num(9,2,12),SubmitNum-Num(14,7,14),TestNumGreater-Num(14,10,8),SwapMem-Num(3,10,11),LoadNum3-Num(3,8,2),While-Num(8,8,11),Set-3-Num(8,13,12),LoadNum4-Num(10,11,15),Set-15-Num(14,0,0),TestNumGreaterTEqu-Num(11,11,13),SubmitNum-Num(10,9,11),Mod-Num(7,14,2),Dec-Num(6,15,8),LoadNum4-Num(8,0,11),Add-Num(14,5,4),LoadNum1-Num(6,0,0),LoadNum3-Num(9,15,7),TestNumLessTEqu-Num(6,8,8),IfNot-Num(8,12,15),Set-10-Num(7,12,3),Set-8-Num(6,14,8),Close(6,3,15),Div-Num(1,1,7),LoadNum3-Num(14,5,7),If-Num(14,8,6),Close(15,3,15),Set-4-Num(13,5,2),Set-11-Num(5,7,12),LoadNum1-Num(13,11,3),TestNumGreaterTEqu-Num(9,13,8),Set-10-Num(6,15,7),Floor-Num(8,4,14),SubmitNum-Num(13,6,10)]"
PROBLEM_smallest__ARGS_NUM__MUT_005,5405,smallest,Numeric,0.005,0,True,39,455,408,"[TestNumLess-Num(2,0,0),LoadNum2-Num(2,0,15),Close(14,2,1),Set-5-Num(3,3,11),TestNumLess-Num(9,10,1),LoadNum1-Num(3,5,12),SubmitNum-Num(3,13,5),Sub-Num(3,11,1),Set-14-Num(10,12,7),Mod-Num(1,11,15),Set-6-Num(13,10,6),TestNumEqu-Num(11,3,11),TestNumLess-Num(2,1,13),LoadNum3-Num(15,15,8),TestNumGreaterTEqu-Num(2,3,14),LoadNum3-Num(13,3,6),Add-Num(2,14,10),LoadNum4-Num(2,9,13),Mod-Num(7,8,7),Inc-Num(1,9,6),TestNumGreaterTEqu-Num(2,10,14),IfNot-Num(14,11,12),Add-Num(2,4,10),Close(9,11,9),Floor-Num(13,7,1),Set-14-Num(1,15,12),Set-7-Num(12,8,15),Add-Num(15,5,4),Set-1-Num(3,10,14),Inc-Num(2,11,11),Close(9,10,3),SubmitNum-Num(10,0,5),TestNumLessTEqu-Num(10,13,12),LoadNum1-Num(13,14,5),IfNot-Num(12,9,3),Mult-Num(3,0,11),LoadNum3-Num(6,9,9),While-Num(11,3,8),SubmitNum-Num(6,11,5)]"
PROBLEM_smallest__ARGS_NUM__MUT_005,5406,smallest,Numeric,0.005,0,False,NONE,NONE,NONE,"NONE"
PROBLEM_smallest__ARGS_NUM__MUT_005,5407,smallest,Numeric,0.005,0,True,21,438,379,"[Set-8-Num(4,0,15),TestNumLessTEqu-Num(0,2,7),LoadNum4-Num(15,9,10),TestNumLessTEqu-Num(1,15,11),Div-Num(0,7,2),Countdown-Num(4,14,2),LoadNum2-Num(6,12,8),Set-11-Num(0,10,14),SubmitNum-Num(2,7,0),Div-Num(2,11,15),Countdown-Num(7,0,0),Close(11,4,10),SubmitNum-Num(6,0,13),TestNumGreaterTEqu-Num(15,1,7),CopyMem-Num(15,14,3),TestNumLessTEqu-Num(2,3,6),Mult-Num(6,0,8),While-Num(7,13,7),Close(14,10,13),SubmitNum-Num(14,2,7),Mult-Num(8,1,7)]"
PROBLEM_smallest__ARGS_NUM__MUT_005,5408,smallest,Numeric,0.005,0,False,NONE,NONE,NONE,"NONE"
PROBLEM_smallest__ARGS_NUM__MUT_005,5409,smallest,Numeric,0.005,0,True,8,450,151,"[TestNumLessTEqu-Num(8,12,12),While-Num(12,0,11),SwapMem-Num(0,3,1),TestNumLessTEqu-Num(3,0,4),If-Num(4,0,8),LoadNum2-Num(0,7,8),SubmitNum-Num(3,12,5),SwapMem-Num(0,2,6)]"
PROBLEM_smallest__ARGS_NUM__MUT_005,5410,smallest,Numeric,0.005,0,True,12,307,190,"[LoadNum1-Num(12,11,12),LoadNum3-Num(4,13,7),Close(15,3,15),TestNumGreaterTEqu-Num(12,4,5),Div-Num(4,5,12),TestNumLessTEqu-Num(9,5,2),Mult-Num(2,3,4),SwapMem-Num(3,12,7),SubmitNum-Num(3,12,3),SwapMem-Num(1,12,13),IfNot-Num(2,7,5),Set-8-Num(13,9,9)]"
PROBLEM_smallest__ARGS_NUM__MUT_005,5411,smallest,Numeric,0.005,0,False,NONE,NONE,NONE,"NONE"
PROBLEM_smallest__ARGS_NUM__MUT_005,5412,smallest,Numeric,0.005,0,False,NONE,NONE,NONE,"NONE"
PROBLEM_smallest__ARGS_NUM__MUT_005,5413,smallest,Numeric,0.005,0,True,12,483,426,"[SwapMem-Num(0,2,12),Close(0,0,6),TestNumLess-Num(1,2,4),SubmitNum-Num(1,0,13),IfNot-Num(4,3,13),SwapMem-Num(1,2,2),Close(0,13,1),CopyMem-Num(3,2,14),LoadNum3-Num(3,4,11),Set-8-Num(0,0,6),IfNot-Num(0,4,13),Set-7-Num(12,15,9)]"
PROBLEM_smallest__ARGS_NUM__MUT_005,5414,smallest,Numeric,0.005,0,False,NONE,NONE,NONE,"NONE"
PROBLEM_smallest__ARGS_NUM__MUT_005,5415,smallest,Numeric,0.005,0,False,NONE,NONE,NONE,"NONE"
PROBLEM_smallest__ARGS_NUM__MUT_005,5416,smallest,Numeric,0.005,0,True,17,477,225,"[Add-Num(14,3,11),Close(9,14,8),Close(5,0,15),TestNumLessTEqu-Num(0,11,12),Add-Num(3,14,11),SubmitNum-Num(0,4,15),TestNumLessTEqu-Num(1,11,15),Add-Num(4,2,7),SwapMem-Num(3,7,0),If-Num(15,1,10),LoadNum2-Num(11,2,9),Close(7,11,15),IfNot-Num(12,5,13),SubmitNum-Num(11,0,4),TestNumGreaterTEqu-Num(3,7,7),If-Num(7,12,7),TestNumLess-Num(1,1,13)]"
PROBLEM_smallest__ARGS_NUM__MUT_005,5417,smallest,Numeric,0.005,0,False,NONE,NONE,NONE,"NONE"
PROBLEM_smallest__ARGS_NUM__MUT_005,5418,smallest,Numeric,0.005,0,False,NONE,NONE,NONE,"NONE"
PROBLEM_smallest__ARGS_NUM__MUT_005,5419,smallest,Numeric,0.005,0,False,NONE,NONE,NONE,"NONE"
PROBLEM_smallest__ARGS_NUM__MUT_005,5420,smallest,Numeric,0.005,0,True,21,334,214,"[Set-9-Num(2,9,0),TestNumGreaterTEqu-Num(1,0,5),Countdown-Num(2,15,3),SubmitNum-Num(1,3,1),Countdown-Num(5,11,0),LoadNum1-Num(1,3,13),Close(2,7,5),LoadNum3-Num(10,10,2),TestNumGreater-Num(10,3,13),Set-14-Num(5,5,11),SubmitNum-Num(3,5,6),Set-16-Num(15,14,7),LoadNum4-Num(8,1,14),TestNumGreaterTEqu-Num(8,1,2),If-Num(13,13,13),TestNumNEqu-Num(8,3,15),Close(10,11,14),Countdown-Num(15,3,14),TestNumLess-Num(1,10,0),SubmitNum-Num(10,3,10),Mod-Num(11,0,15)]"
PROBLEM_smallest__ARGS_NUM__MUT_005,5421,smallest,Numeric,0.005,0,False,NONE,NONE,NONE,"NONE"
PROBLEM_smallest__ARGS_NUM__MUT_005,5422,smallest,Numeric,0.005,0,True,27,437,283,"[SubmitNum-Num(0,0,11),CopyMem-Num(3,5,0),LoadNum1-Num(14,9,9),TestNumLessTEqu-Num(1,14,10),Close(9,1,6),LoadNum4-Num(4,6,13),TestNumLessTEqu-Num(5,2,12),Close(7,12,3),TestNumLessTEqu-Num(4,0,9),LoadNum3-Num(4,13,12),Countdown-Num(10,14,14),LoadNum1-Num(4,9,12),Close(2,12,5),While-Num(9,0,5),SubmitNum-Num(4,2,6),LoadNum4-Num(2,14,3),LoadNum2-Num(2,12,4),Set-8-Num(8,10,4),IfNot-Num(12,6,14),Sub-Num(11,0,14),CopyMem-Num(14,0,6),Set-0-Num(3,10,14),Set-11-Num(10,2,5),LoadNum2-Num(6,0,14),SubmitNum-Num(1,8,6),LoadNum3-Num(4,2,6),TestNumLess-Num(4,2,9)]"
PROBLEM_smallest__ARGS_NUM__MUT_005,5423,smallest,Numeric,0.005,0,True,23,489,447,"[TestNumGreaterTEqu-Num(4,7,9),Inc-Num(6,7,11),LoadNum1-Num(13,12,15),SubmitNum-Num(13,3,1),LoadNum3-Num(5,8,2),Sub-Num(5,15,8),TestNumLessTEqu-Num(1,3,0),Set-4-Num(5,0,5),Countdown-Num(5,6,3),TestNumEqu-Num(6,9,5),SubmitNum-Num(13,6,3),TestNumGreater-Num(8,13,4),LoadNum4-Num(8,0,9),Dec-Num(9,3,11),LoadNum2-Num(3,14,6),IfNot-Num(4,9,0),SubmitNum-Num(8,10,5),LoadNum3-Num(13,9,13),Close(2,15,14),TestNumGreater-Num(3,13,4),If-Num(0,1,6),IfNot-Num(4,4,14),SubmitNum-Num(3,3,0)]"
PROBLEM_smallest__ARGS_NUM__MUT_005,5424,smallest,Numeric,0.005,0,True,51,430,359,"[SubmitNum-Num(2,10,9),LoadNum2-Num(15,7,13),CopyMem-Num(7,6,10),Close(9,10,10),LoadNum4-Num(8,0,6),Close(1,3,1),SwapMem-Num(12,5,12),Set-13-Num(14,14,13),SwapMem-Num(13,3,6),Sub-Num(1,5,2),Dec-Num(7,14,12),Add-Num(4,8,6),TestNumLess-Num(6,0,3),Not-Num(8,15,15),Set-0-Num(5,9,1),IfNot-Num(3,5,9),LoadNum1-Num(6,0,15),Close(8,13,3),Set-6-Num(12,10,2),Set-5-Num(0,9,10),Set-16-Num(14,15,15),TestNumLessTEqu-Num(2,6,3),LoadNum3-Num(9,11,5),SubmitNum-Num(15,7,5),LoadNum3-Num(12,7,13),IfNot-Num(3,12,11),Set-3-Num(14,13,1),TestNumGreaterTEqu-Num(6,9,6),Set-10-Num(2,4,4),TestNumGreater-Num(1,4,13),TestNumGreaterTEqu-Num(12,9,8),LoadNum1-Num(14,2,0),Set-8-Num(8,0,5),SubmitNum-Num(12,8,8),While-Num(2,3,0),Mult-Num(0,15,0),Floor-Num(2,5,15),Set-13-Num(4,15,6),Set-16-Num(12,12,8),While-Num(6,11,11),Close(9,8,2),Dec-Num(12,0,0),Set-12-Num(10,14,9),TestNumNEqu-Num(5,10,1),Add-Num(14,6,7),Inc-Num(14,3,2),Set-1-Num(11,0,7),Dec-Num(13,6,12),Set-12-Num(9,1,7),SubmitNum-Num(7,8,4),LoadNum4-Num(14,5,5)]"
PROBLEM_smallest__ARGS_NUM__MUT_005,5425,smallest,Numeric,0.005,0,True,16,232,210,"[SubmitNum-Num(1,4,11),TestNumGreater-Num(3,2,14),Div-Num(2,14,3),TestNumGreater-Num(1,3,4),Countdown-Num(4,12,14),SubmitNum-Num(3,13,9),Close(6,6,5),TestNumGreater-Num(1,0,13),IfNot-Num(13,4,0),Return(8,1,15),Close(10,0,13),TestNumGreater-Num(3,0,13),IfNot-Num(13,4,8),Return(8,1,15),Close(10,0,13),SubmitNum-Num(0,15,8)]"
PROBLEM_smallest__ARGS_NUM__MUT_005,5426,smallest,Numeric,0.005,0,False,NONE,NONE,NONE,"NONE"
PROBLEM_smallest__ARGS_NUM__MUT_005,5427,smallest,Numeric,0.005,0,True,21,441,403,"[Set-3-Num(14,7,8),CopyMem-Num(2,15,8),SubmitNum-Num(0,6,5),Sub-Num(0,9,9),Countdown-Num(14,1,5),Add-Num(9,13,2),TestNumLess-Num(15,2,7),While-Num(7,13,13),SwapMem-Num(14,15,12),SubmitNum-Num(14,2,10),Dec-Num(7,12,11),LoadNum3-Num(9,6,15),Close(14,13,11),LoadNum1-Num(14,15,13),Not-Num(4,14,5),LoadNum2-Num(7,13,9),LoadNum4-Num(15,2,6),TestNumLessTEqu-Num(9,7,13),IfNot-Num(13,11,15),SubmitNum-Num(7,5,7),LoadNum2-Num(9,7,2)]"
PROBLEM_smallest__ARGS_NUM__MUT_005,5428,smallest,Numeric,0.005,0,True,13,460,224,"[SubmitNum-Num(1,3,15),Set-8-Num(2,15,6),LoadNum4-Num(6,8,14),TestNumGreaterTEqu-Num(0,1,5),While-Num(2,10,11),Add-Num(0,11,13),IfNot-Num(5,0,7),SwapMem-Num(1,13,3),SubmitNum-Num(0,8,6),Close(13,13,5),SwapMem-Num(6,0,12),TestNumGreaterTEqu-Num(0,1,5),LoadNum3-Num(6,4,5)]"
PROBLEM_smallest__ARGS_NUM__MUT_005,5429,smallest,Numeric,0.005,0,True,30,490,471,"[LoadNum2-Num(12,2,15),LoadNum2-Num(4,3,12),LoadNum3-Num(3,0,4),Close(1,14,11),SubmitNum-Num(0,9,2),TestNumGreaterTEqu-Num(0,4,2),LoadNum4-Num(4,2,9),LoadNum4-Num(9,6,6),Set-10-Num(11,14,11),If-Num(2,11,14),SubmitNum-Num(4,3,4),Countdown-Num(6,10,1),Close(3,1,7),Add-Num(12,14,0),Close(8,14,12),TestNumGreaterTEqu-Num(12,3,2),Set-11-Num(8,1,3),Mult-Num(2,2,6),Countdown-Num(6,0,1),SwapMem-Num(9,8,4),LoadNum3-Num(3,7,5),LoadNum3-Num(9,7,4),Add-Num(14,3,0),LoadNum1-Num(3,9,0),TestNumLess-Num(3,8,6),Close(7,12,7),Set-16-Num(6,5,13),While-Num(7,5,14),While-Num(8,8,11),Close(15,0,9)]"
PROBLEM_smallest__ARGS_NUM__MUT_005,5430,smallest,Numeric,0.005,0,False,NONE,NONE,NONE,"NONE"
PROBLEM_smallest__ARGS_NUM__MUT_005,5431,smallest,Numeric,0.005,0,False,NONE,NONE,NONE,"NONE"
PROBLEM_smallest__ARGS_NUM__MUT_005,5432,smallest,Numeric,0.005,0,False,NONE,NONE,NONE,"NONE"
PROBLEM_smallest__ARGS_NUM__MUT_005,5433,smallest,Numeric,0.005,0,True,24,441,427,"[SubmitNum-Num(1,12,7),Inc-Num(15,10,0),LoadNum3-Num(4,3,14),LoadNum1-Num(12,2,8),LoadNum1-Num(13,15,12),Set-1-Num(0,12,11),While-Num(15,10,6),TestNumLess-Num(2,1,3),Sub-Num(13,0,2),TestNumGreaterTEqu-Num(12,4,5),LoadNum4-Num(13,12,9),While-Num(3,8,0),SubmitNum-Num(4,7,6),Sub-Num(4,10,0),While-Num(3,8,12),LoadNum4-Num(9,12,2),Mult-Num(13,3,4),LoadNum1-Num(8,7,12),Not-Num(3,10,10),Set-10-Num(2,6,3),TestNumLessTEqu-Num(8,9,1),IfNot-Num(5,5,13),Set-0-Num(9,12,0),SubmitNum-Num(8,14,13)]"
PROBLEM_smallest__ARGS_NUM__MUT_005,5434,smallest,Numeric,0.005,0,False,NONE,NONE,NONE,"NONE"
PROBLEM_smallest__ARGS_NUM__MUT_005,5435,smallest,Numeric,0.005,0,True,40,452,348,"[Dec-Num(4,13,14),Dec-Num(7,11,5),Set-12-Num(3,5,15),LoadNum3-Num(13,2,14),Countdown-Num(7,1,2),Inc-Num(6,8,5),Set-11-Num(5,12,14),Add-Num(2,13,6),TestNumLess-Num(11,5,5),Set-2-Num(5,0,5),Sub-Num(12,14,0),LoadNum3-Num(6,8,3),LoadNum2-Num(4,7,12),SubmitNum-Num(4,3,6),TestNumLessTEqu-Num(4,13,15),Set-14-Num(0,13,5),TestNumEqu-Num(0,15,1),LoadNum1-Num(9,7,5),Countdown-Num(15,6,4),LoadNum4-Num(12,10,11),Set-4-Num(13,1,15),Set-16-Num(6,14,10),TestNumEqu-Num(1,7,10),LoadNum3-Num(13,12,7),Close(1,3,2),SubmitNum-Num(13,15,0),LoadNum4-Num(6,14,3),TestNumGreaterTEqu-Num(9,13,8),LoadNum1-Num(10,1,14),LoadNum3-Num(9,9,5),LoadNum1-Num(13,1,11),Countdown-Num(5,2,7),CopyMem-Num(9,15,5),If-Num(8,15,10),TestNumLessTEqu-Num(6,4,5),LoadNum3-Num(13,2,0),Close(0,8,1),TestNumLess-Num(6,13,8),TestNumLess-Num(1,6,9),SubmitNum-Num(6,7,14)]"
PROBLEM_smallest__ARGS_NUM__MUT_005,5436,smallest,Numeric,0.005,0,True,26,498,388,"[Add-Num(0,7,9),Set-8-Num(1,11,7),LoadNum4-Num(10,4,7),Countdown-Num(1,1,12),TestNumGreaterTEqu-Num(9,3,13),LoadNum1-Num(14,12,7),LoadNum2-Num(3,9,7),Set-12-Num(15,4,15),LoadNum2-Num(15,1,3),If-Num(13,10,1),SwapMem-Num(3,14,5),TestNumGreaterTEqu-Num(15,10,1),Countdown-Num(1,9,15),LoadNum4-Num(14,15,13),Close(15,15,5),Close(15,5,12),SubmitNum-Num(14,7,10),Inc-Num(8,2,15),TestNumGreater-Num(14,2,15),Set-5-Num(0,4,0),CopyMem-Num(10,13,8),Not-Num(12,6,3),If-Num(15,9,14),SubmitNum-Num(2,1,10),LoadNum4-Num(10,6,11),Countdown-Num(8,7,14)]"
PROBLEM_smallest__ARGS_NUM__MUT_005,5437,smallest,Numeric,0.005,0,False,NONE,NONE,NONE,"NONE"
PROBLEM_smallest__ARGS_NUM__MUT_005,5438,smallest,Numeric,0.005,0,True,21,500,380,"[CopyMem-Num(3,15,11),Close(13,2,0),TestNumGreater-Num(2,15,3),Inc-Num(10,10,11),SubmitNum-Num(15,0,15),While-Num(3,14,14),TestNumLess-Num(15,1,3),CopyMem-Num(0,1,8),Close(11,6,6),Set-13-Num(15,11,15),Set-4-Num(9,0,11),SubmitNum-Num(0,5,1),LoadNum2-Num(15,9,9),TestNumLessTEqu-Num(0,2,11),If-Num(11,8,6),TestNumGreaterTEqu-Num(0,15,10),Close(14,8,8),LoadNum3-Num(0,9,10),Countdown-Num(10,7,13),Countdown-Num(7,1,11),Set-5-Num(1,2,2)]"
PROBLEM_smallest__ARGS_NUM__MUT_005,5439,smallest,Numeric,0.005,0,False,NONE,NONE,NONE,"NONE"
PROBLEM_smallest__ARGS_NUM__MUT_005,5440,smallest,Numeric,0.005,0,True,13,353,171,"[Set-16-Num(11,13,6),While-Num(11,8,9),SwapMem-Num(2,3,2),TestNumGreaterTEqu-Num(0,2,4),SwapMem-Num(14,2,2),LoadNum2-Num(2,3,3),SubmitNum-Num(0,6,3),If-Num(4,14,6),TestNumGreaterTEqu-Num(1,14,8),TestNumLessTEqu-Num(14,3,12),Countdown-Num(12,6,8),SubmitNum-Num(14,14,11),While-Num(8,7,9)]"
PROBLEM_smallest__ARGS_NUM__MUT_005,5441,smallest,Numeric,0.005,0,True,35,395,385,"[TestNumGreater-Num(14,11,10),LoadNum1-Num(6,1,2),LoadNum4-Num(4,15,8),LoadNum3-Num(8,7,8),SubmitNum-Num(0,9,12),Set-15-Num(5,9,15),LoadNum3-Num(9,13,12),TestNumLess-Num(8,4,2),TestNumNEqu-Num(15,5,7),While-Num(7,2,1),TestNumGreaterTEqu-Num(6,9,15),SubmitNum-Num(8,10,6),Set-4-Num(9,8,12),Dec-Num(15,4,11),SwapMem-Num(4,8,14),TestNumGreaterTEqu-Num(1,4,5),If-Num(15,5,1),CopyMem-Num(9,12,14),Set-11-Num(9,8,0),SubmitNum-Num(0,6,8),TestNumGreaterTEqu-Num(1,6,5),Close(3,8,5),TestNumGreaterTEqu-Num(7,6,4),LoadNum2-Num(14,0,11),TestNumLess-Num(2,7,7),Not-Num(5,13,15),Set-12-Num(2,8,14),While-Num(5,15,14),SubmitNum-Num(14,11,3),CopyMem-Num(1,10,15),LoadNum4-Num(6,3,14),Break(0,2,5),Set-3-Num(3,11,9),Close(8,0,12),LoadNum4-Num(9,0,0)]"
PROBLEM_smallest__ARGS_NUM__MUT_005,5442,smallest,Numeric,0.005,0,False,NONE,NONE,NONE,"NONE"
PROBLEM_smallest__ARGS_NUM__MUT_005,5443,smallest,Numeric,0.005,0,False,NONE,NONE,NONE,"NONE"
PROBLEM_smallest__ARGS_NUM__MUT_005,5444,smallest,Numeric,0.005,0,True,15,394,327,"[TestNumLessTEqu-Num(2,0,11),IfNot-Num(11,12,5),CopyMem-Num(0,2,4),Close(1,15,8),SubmitNum-Num(2,11,15),TestNumLessTEqu-Num(2,1,11),IfNot-Num(11,7,3),SubmitNum-Num(1,7,12),Close(1,15,1),LoadNum4-Num(0,11,4),TestNumLessTEqu-Num(2,0,11),IfNot-Num(11,7,14),TestNumGreater-Num(3,1,15),IfNot-Num(15,11,0),SubmitNum-Num(0,13,12)]"
PROBLEM_smallest__ARGS_NUM__MUT_005,5445,smallest,Numeric,0.005,0,False,NONE,NONE,NONE,"NONE"
PROBLEM_smallest__ARGS_NUM__MUT_005,5446,smallest,Numeric,0.005,0,True,22,415,234,"[Set-16-Num(11,13,0),Close(14,2,6),While-Num(11,5,1),CopyMem-Num(3,15,9),Countdown-Num(13,11,6),Set-16-Num(14,8,9),Close(3,14,11),SwapMem-Num(0,2,1),If-Num(14,2,8),SwapMem-Num(1,2,10),SubmitNum-Num(0,5,2),SwapMem-Num(15,2,15),Close(6,9,9),LoadNum4-Num(8,1,13),LoadNum4-Num(6,1,2),TestNumGreater-Num(8,1,10),TestNumGreaterTEqu-Num(1,2,14),TestNumLess-Num(1,0,13),IfNot-Num(14,1,10),While-Num(13,11,1),If-Num(10,10,14),SubmitNum-Num(1,4,4)]"
PROBLEM_smallest__ARGS_NUM__MUT_005,5447,smallest,Numeric,0.005,0,True,28,470,311,"[Set-3-Num(9,6,0),While-Num(9,7,6),Set-11-Num(10,0,2),TestNumGreaterTEqu-Num(6,1,7),TestNumGreater-Num(0,1,7),Set-1-Num(15,15,12),SwapMem-Num(2,11,13),TestNumGreaterTEqu-Num(1,11,13),CopyMem-Num(11,6,10),Add-Num(0,1,12),TestNumGreater-Num(10,3,5),SubmitNum-Num(1,1,4),TestNumLessTEqu-Num(0,3,2),Sub-Num(15,6,12),SwapMem-Num(2,3,0),IfNot-Num(7,11,15),Countdown-Num(3,14,2),TestNumGreaterTEqu-Num(0,6,3),Set-15-Num(13,9,14),SubmitNum-Num(11,10,6),Close(12,2,10),SubmitNum-Num(0,8,10),Close(8,3,6),Countdown-Num(13,8,2),TestNumLessTEqu-Num(3,7,1),LoadNum3-Num(0,3,2),LoadNum4-Num(1,7,0),LoadNum4-Num(3,2,11)]"
PROBLEM_smallest__ARGS_NUM__MUT_005,5448,smallest,Numeric,0.005,0,True,16,392,235,"[TestNumLess-Num(2,0,12),LoadNum4-Num(10,12,1),SubmitNum-Num(10,15,3),TestNumLess-Num(10,1,4),IfNot-Num(4,1,7),Add-Num(6,1,3),SubmitNum-Num(3,8,15),Close(1,6,5),TestNumLess-Num(3,2,4),IfNot-Num(4,4,2),SubmitNum-Num(2,7,2),Close(2,5,3),IfNot-Num(12,3,10),TestNumLess-Num(3,0,4),IfNot-Num(4,3,12),SubmitNum-Num(0,9,3)]"
PROBLEM_smallest__ARGS_NUM__MUT_005,5449,smallest,Numeric,0.005,0,False,NONE,NONE,NONE,"NONE"
PROBLEM_smallest__ARGS_NUM__MUT_005,5450,smallest,Numeric,0.005,0,True,50,258,207,"[Break(7,6,6),SubmitNum-Num(2,10,12),CopyMem-Num(2,12,11),Set-5-Num(3,9,4),LoadNum4-Num(0,3,13),Set-4-Num(7,7,3),Set-1-Num(8,3,11),SwapMem-Num(0,10,2),TestNumGreater-Num(12,10,12),CopyMem-Num(10,7,0),SwapMem-Num(10,1,12),Close(14,0,7),While-Num(8,3,14),Set-3-Num(15,12,4),CopyMem-Num(10,11,9),Set-16-Num(13,9,12),TestNumGreater-Num(7,11,6),Dec-Num(4,13,4),LoadNum1-Num(3,8,12),Set-1-Num(5,10,8),LoadNum1-Num(10,9,5),Add-Num(13,4,15),Countdown-Num(12,4,12),SubmitNum-Num(7,3,5),Close(5,11,6),TestNumLessTEqu-Num(10,11,4),Floor-Num(14,1,8),TestNumLess-Num(11,2,14),Set-13-Num(13,5,10),SwapMem-Num(0,5,11),Countdown-Num(14,10,2),TestNumGreater-Num(1,10,12),Floor-Num(10,2,13),Mod-Num(3,3,3),TestNumEqu-Num(2,14,11),CopyMem-Num(10,7,10),SwapMem-Num(15,1,0),Countdown-Num(6,10,14),If-Num(12,4,5),SubmitNum-Num(7,13,1),Close(14,0,2),Set-13-Num(10,12,3),Set-8-Num(10,3,2),LoadNum2-Num(3,1,1),Set-16-Num(1,7,11),TestNumEqu-Num(2,8,5),Mult-Num(12,3,1),Set-6-Num(12,4,6),Add-Num(4,4,12),SubmitNum-Num(3,10,10)]"
PROBLEM_smallest__ARGS_NUM__MUT_0075,5351,smallest,Numeric,0.0075,0,True,16,357,335,"[TestNumLess-Num(2,0,5),IfNot-Num(5,1,10),LoadNum1-Num(2,15,13),Close(5,8,10),LoadNum3-Num(6,11,14),TestNumGreater-Num(3,2,2),SubmitNum-Num(0,15,3),While-Num(2,11,10),TestNumGreaterTEqu-Num(6,0,2),LoadNum2-Num(6,13,14),LoadNum3-Num(3,8,2),Close(11,14,6),SubmitNum-Num(3,1,4),TestNumGreater-Num(3,1,5),Countdown-Num(5,9,5),SubmitNum-Num(1,15,7)]"
PROBLEM_smallest__ARGS_NUM__MUT_0075,5352,smallest,Numeric,0.0075,0,False,NONE,NONE,NONE,"NONE"
PROBLEM_smallest__ARGS_NUM__MUT_0075,5353,smallest,Numeric,0.0075,0,True,14,279,202,"[LoadNum1-Num(3,10,10),LoadNum3-Num(14,14,15),TestNumLess-Num(1,14,2),IfNot-Num(2,10,3),SwapMem-Num(14,1,1),Close(1,10,13),SubmitNum-Num(1,4,0),Countdown-Num(14,2,10),LoadNum4-Num(14,8,9),TestNumLess-Num(1,3,2),SwapMem-Num(14,3,10),IfNot-Num(2,1,7),LoadNum1-Num(1,3,0),SubmitNum-Num(14,1,6)]"
PROBLEM_smallest__ARGS_NUM__MUT_0075,5354,smallest,Numeric,0.0075,0,True,8,374,238,"[Set-11-Num(7,3,4),Countdown-Num(7,2,2),SwapMem-Num(2,0,15),SwapMem-Num(2,3,0),TestNumGreaterTEqu-Num(1,0,8),SubmitNum-Num(1,0,7),If-Num(8,1,3),SwapMem-Num(1,0,15)]"
PROBLEM_smallest__ARGS_NUM__MUT_0075,5355,smallest,Numeric,0.0075,0,True,19,495,356,"[LoadNum1-Num(10,4,8),SubmitNum-Num(10,7,14),Close(6,14,4),LoadNum3-Num(13,3,12),LoadNum4-Num(5,0,8),TestNumLessTEqu-Num(10,1,7),IfNot-Num(7,13,5),Sub-Num(5,15,10),LoadNum2-Num(13,9,8),SubmitNum-Num(10,12,5),Close(3,10,8),TestNumGreater-Num(10,13,15),Countdown-Num(15,6,11),CopyMem-Num(1,10,1),SubmitNum-Num(13,10,3),Close(10,7,7),LoadNum4-Num(1,8,15),If-Num(9,3,8),LoadNum1-Num(10,6,3)]"
PROBLEM_smallest__ARGS_NUM__MUT_0075,5356,smallest,Numeric,0.0075,0,True,17,402,290,"[LoadNum2-Num(13,12,6),TestNumGreater-Num(0,3,6),If-Num(6,12,2),LoadNum4-Num(0,13,11),Close(14,5,9),TestNumGreater-Num(2,13,6),SubmitNum-Num(2,8,5),If-Num(6,11,5),LoadNum1-Num(2,4,4),Close(2,9,3),Inc-Num(2,7,14),TestNumLess-Num(0,2,9),If-Num(9,11,1),TestNumGreaterTEqu-Num(0,13,14),SubmitNum-Num(13,8,5),IfNot-Num(14,7,1),SubmitNum-Num(0,0,15)]"
PROBLEM_smallest__ARGS_NUM__MUT_0075,5357,smallest,Numeric,0.0075,0,True,17,362,109,"[TestNumLessTEqu-Num(1,3,14),LoadNum1-Num(8,8,1),LoadNum4-Num(2,11,8),LoadNum3-Num(1,3,14),If-Num(14,10,7),LoadNum2-Num(1,13,4),LoadNum3-Num(2,11,2),Close(14,7,2),SubmitNum-Num(1,3,8),Set-9-Num(0,9,2),While-Num(0,5,12),SwapMem-Num(2,8,9),TestNumGreater-Num(1,2,7),Countdown-Num(7,5,8),SubmitNum-Num(2,13,13),TestNumGreater-Num(8,2,3),While-Num(3,13,4)]"
PROBLEM_smallest__ARGS_NUM__MUT_0075,5358,smallest,Numeric,0.0075,0,False,NONE,NONE,NONE,"NONE"
PROBLEM_smallest__ARGS_NUM__MUT_0075,5359,smallest,Numeric,0.0075,0,True,22,478,369,"[SwapMem-Num(1,2,15),TestNumLessTEqu-Num(3,2,4),SubmitNum-Num(3,12,12),Set-2-Num(10,8,10),While-Num(4,15,7),TestNumGreaterTEqu-Num(1,3,4),LoadNum1-Num(1,1,12),Close(15,12,1),LoadNum3-Num(3,12,1),Countdown-Num(10,13,10),TestNumLessTEqu-Num(3,2,4),LoadNum1-Num(2,14,0),SubmitNum-Num(3,7,4),LoadNum2-Num(3,13,11),While-Num(4,14,12),LoadNum3-Num(0,4,5),While-Num(9,10,13),Close(13,8,9),TestNumGreaterTEqu-Num(2,0,4),Close(11,2,8),Set-15-Num(9,8,3),SubmitNum-Num(2,4,13)]"
PROBLEM_smallest__ARGS_NUM__MUT_0075,5360,smallest,Numeric,0.0075,0,True,13,285,198,"[Close(7,14,4),LoadNum4-Num(6,11,3),SwapMem-Num(2,1,14),SubmitNum-Num(1,9,1),TestNumLessTEqu-Num(1,0,9),Countdown-Num(9,8,8),TestNumGreaterTEqu-Num(6,1,9),CopyMem-Num(2,6,7),Close(1,14,2),SwapMem-Num(1,0,15),LoadNum4-Num(0,12,1),If-Num(9,11,11),Inc-Num(1,5,7)]"
PROBLEM_smallest__ARGS_NUM__MUT_0075,5361,smallest,Numeric,0.0075,0,False,NONE,NONE,NONE,"NONE"
PROBLEM_smallest__ARGS_NUM__MUT_0075,5362,smallest,Numeric,0.0075,0,True,26,169,154,"[TestNumGreater-Num(3,1,6),LoadNum2-Num(4,7,10),Set-15-Num(11,7,10),SubmitNum-Num(2,3,1),IfNot-Num(6,5,0),LoadNum4-Num(1,9,6),Set-11-Num(10,2,15),Close(10,10,13),LoadNum3-Num(0,12,5),Set-12-Num(2,11,14),While-Num(2,6,7),TestNumLessTEqu-Num(5,6,14),Countdown-Num(14,9,3),LoadNum3-Num(2,9,9),TestNumLess-Num(1,2,3),SubmitNum-Num(1,6,11),Sub-Num(13,15,15),TestNumEqu-Num(10,1,15),Sub-Num(1,9,6),LoadNum1-Num(5,5,14),LoadNum1-Num(1,7,5),IfNot-Num(3,14,5),SubmitNum-Num(0,7,7),LoadNum1-Num(15,9,2),Set-10-Num(11,15,0),TestNumLess-Num(15,0,2)]"
PROBLEM_smallest__ARGS_NUM__MUT_0075,5363,smallest,Numeric,0.0075,0,False,NONE,NONE,NONE,"NONE"
PROBLEM_smallest__ARGS_NUM__MUT_0075,5364,smallest,Numeric,0.0075,0,True,14,416,125,"[SubmitNum-Num(1,13,0),TestNumGreater-Num(3,0,10),If-Num(10,0,14),LoadNum1-Num(3,6,2),Close(12,3,0),TestNumLess-Num(3,1,0),Countdown-Num(0,13,14),SubmitNum-Num(3,3,5),CopyMem-Num(3,1,1),Close(12,1,5),LoadNum3-Num(3,5,13),TestNumLess-Num(3,1,0),Countdown-Num(0,9,15),SubmitNum-Num(3,4,9)]"
PROBLEM_smallest__ARGS_NUM__MUT_0075,5365,smallest,Numeric,0.0075,0,True,34,444,444,"[Close(15,15,6),SubmitNum-Num(1,4,15),LoadNum4-Num(13,11,6),Close(13,7,12),LoadNum4-Num(9,14,1),Close(3,0,1),SwapMem-Num(2,13,8),LoadNum2-Num(7,0,15),TestNumGreaterTEqu-Num(1,13,11),Add-Num(12,0,8),Dec-Num(15,4,11),Set-13-Num(7,0,11),Dec-Num(9,14,15),LoadNum1-Num(13,8,13),TestNumLess-Num(3,8,4),While-Num(11,7,15),TestNumEqu-Num(7,15,10),SubmitNum-Num(3,6,15),LoadNum3-Num(9,11,12),Sub-Num(1,14,14),Set-7-Num(7,4,10),Floor-Num(9,4,11),TestNumGreater-Num(9,8,6),TestNumGreater-Num(6,4,11),TestNumNEqu-Num(6,15,12),LoadNum3-Num(1,3,6),Not-Num(11,5,13),Set-3-Num(14,14,4),Set-7-Num(4,15,12),Not-Num(11,10,14),LoadNum4-Num(2,10,7),SubmitNum-Num(13,0,11),While-Num(11,9,3),LoadNum4-Num(14,9,0)]"
PROBLEM_smallest__ARGS_NUM__MUT_0075,5366,smallest,Numeric,0.0075,0,True,18,465,382,"[LoadNum3-Num(15,13,8),TestNumLess-Num(3,1,8),SwapMem-Num(8,7,8),IfNot-Num(7,1,14),LoadNum2-Num(3,8,6),Close(14,3,14),TestNumLessTEqu-Num(0,3,8),Set-1-Num(13,13,13),TestNumNEqu-Num(13,8,9),IfNot-Num(9,10,12),Sub-Num(0,9,3),Close(15,15,6),CopyMem-Num(15,1,5),TestNumLess-Num(3,1,8),SubmitNum-Num(1,8,10),TestNumNEqu-Num(13,8,9),IfNot-Num(9,9,2),SubmitNum-Num(3,4,14)]"
PROBLEM_smallest__ARGS_NUM__MUT_0075,5367,smallest,Numeric,0.0075,0,False,NONE,NONE,NONE,"NONE"
PROBLEM_smallest__ARGS_NUM__MUT_0075,5368,smallest,Numeric,0.0075,0,True,11,450,229,"[SubmitNum-Num(0,15,8),TestNumGreaterTEqu-Num(3,1,10),Div-Num(1,10,3),LoadNum3-Num(1,1,12),TestNumGreaterTEqu-Num(3,1,10),Div-Num(1,10,3),TestNumLess-Num(3,0,10),While-Num(10,9,4),SubmitNum-Num(8,13,0),IfNot-Num(8,1,9),SwapMem-Num(8,3,13)]"
PROBLEM_smallest__ARGS_NUM__MUT_0075,5369,smallest,Numeric,0.0075,0,False,NONE,NONE,NONE,"NONE"
PROBLEM_smallest__ARGS_NUM__MUT_0075,5370,smallest,Numeric,0.0075,0,False,NONE,NONE,NONE,"NONE"
PROBLEM_smallest__ARGS_NUM__MUT_0075,5371,smallest,Numeric,0.0075,0,False,NONE,NONE,NONE,"NONE"
PROBLEM_smallest__ARGS_NUM__MUT_0075,5372,smallest,Numeric,0.0075,0,False,NONE,NONE,NONE,"NONE"
PROBLEM_smallest__ARGS_NUM__MUT_0075,5373,smallest,Numeric,0.0075,0,True,30,451,322,"[Dec-Num(11,9,12),SubmitNum-Num(2,9,8),LoadNum4-Num(6,5,14),Close(8,7,12),Break(4,2,7),Set-9-Num(12,8,1),TestNumGreaterTEqu-Num(1,3,9),TestNumLessTEqu-Num(3,2,3),LoadNum2-Num(15,7,9),If-Num(3,4,12),SubmitNum-Num(6,6,14),SwapMem-Num(3,15,4),While-Num(9,9,8),Not-Num(11,3,5),Countdown-Num(12,11,12),Close(15,11,7),LoadNum4-Num(1,5,6),SwapMem-Num(12,6,2),TestNumLess-Num(12,0,9),Close(11,10,8),SubmitNum-Num(3,15,1),Close(10,3,10),Sub-Num(1,11,3),LoadNum1-Num(13,15,9),Sub-Num(1,0,11),Set-13-Num(15,4,14),CopyMem-Num(0,6,4),TestNumLess-Num(3,12,4),IfNot-Num(15,3,0),TestNumEqu-Num(1,1,3)]"
PROBLEM_smallest__ARGS_NUM__MUT_0075,5374,smallest,Numeric,0.0075,0,False,NONE,NONE,NONE,"NONE"
PROBLEM_smallest__ARGS_NUM__MUT_0075,5375,smallest,Numeric,0.0075,0,False,NONE,NONE,NONE,"NONE"
PROBLEM_smallest__ARGS_NUM__MUT_0075,5376,smallest,Numeric,0.0075,0,False,NONE,NONE,NONE,"NONE"
PROBLEM_smallest__ARGS_NUM__MUT_0075,5377,smallest,Numeric,0.0075,0,True,16,402,363,"[Set-11-Num(2,4,7),While-Num(2,13,1),SwapMem-Num(1,0,2),SwapMem-Num(11,14,11),TestNumEqu-Num(4,13,5),TestNumGreater-Num(0,1,14),Add-Num(14,11,10),Set-12-Num(14,9,15),While-Num(10,14,3),LoadNum3-Num(0,15,10),TestNumGreaterTEqu-Num(1,3,14),SubmitNum-Num(1,9,3),SwapMem-Num(13,10,4),Div-Num(5,14,2),IfNot-Num(2,3,7),SubmitNum-Num(3,13,10)]"
PROBLEM_smallest__ARGS_NUM__MUT_0075,5378,smallest,Numeric,0.0075,0,True,21,406,406,"[TestNumEqu-Num(11,10,9),TestNumGreater-Num(2,0,14),Set-10-Num(2,1,12),Mult-Num(9,1,10),LoadNum3-Num(12,15,5),SubmitNum-Num(3,7,10),TestNumLess-Num(10,3,1),LoadNum2-Num(13,8,2),While-Num(2,4,10),Sub-Num(3,12,10),TestNumGreater-Num(10,7,9),Div-Num(13,1,6),If-Num(14,12,0),LoadNum1-Num(12,13,11),Close(13,9,6),Div-Num(2,6,9),TestNumGreater-Num(12,6,4),Countdown-Num(9,4,9),SubmitNum-Num(12,8,6),If-Num(4,1,4),LoadNum2-Num(12,7,12)]"
PROBLEM_smallest__ARGS_NUM__MUT_0075,5379,smallest,Numeric,0.0075,0,True,15,309,249,"[Sub-Num(3,14,4),SubmitNum-Num(1,9,10),Close(6,11,10),LoadNum2-Num(1,13,0),TestNumGreater-Num(0,1,1),IfNot-Num(1,9,7),SubmitNum-Num(0,2,11),Close(7,3,14),Close(6,5,4),SwapMem-Num(0,4,11),TestNumGreater-Num(0,4,6),IfNot-Num(6,11,12),LoadNum3-Num(4,10,11),IfNot-Num(15,6,9),Break(6,11,4)]"
PROBLEM_smallest__ARGS_NUM__MUT_0075,5380,smallest,Numeric,0.0075,0,True,9,440,236,"[SubmitNum-Num(0,11,9),Close(11,8,0),TestNumGreaterTEqu-Num(0,3,5),LoadNum3-Num(10,5,14),SwapMem-Num(10,1,9),SwapMem-Num(10,3,5),Countdown-Num(5,5,7),Add-Num(5,10,0),SubmitNum-Num(10,14,14)]"
PROBLEM_smallest__ARGS_NUM__MUT_0075,5381,smallest,Numeric,0.0075,0,True,15,482,481,"[Sub-Num(1,8,3),Close(12,3,6),TestNumLessTEqu-Num(0,1,4),Div-Num(0,4,1),SubmitNum-Num(1,9,0),LoadNum4-Num(15,10,7),LoadNum3-Num(1,8,6),TestNumLessTEqu-Num(15,1,9),SwapMem-Num(8,3,8),Countdown-Num(9,13,10),LoadNum4-Num(1,2,9),Close(12,15,12),TestNumGreaterTEqu-Num(8,1,3),IfNot-Num(3,8,1),Set-16-Num(1,2,5)]"
PROBLEM_smallest__ARGS_NUM__MUT_0075,5382,smallest,Numeric,0.0075,0,True,8,127,104,"[SubmitNum-Num(2,1,4),Close(2,4,5),TestNumGreaterTEqu-Num(3,0,6),TestNumGreaterTEqu-Num(2,3,8),Div-Num(0,6,3),LoadNum2-Num(0,8,10),Countdown-Num(8,7,12),SubmitNum-Num(3,5,13)]"
PROBLEM_smallest__ARGS_NUM__MUT_0075,5383,smallest,Numeric,0.0075,0,False,NONE,NONE,NONE,"NONE"
PROBLEM_smallest__ARGS_NUM__MUT_0075,5384,smallest,Numeric,0.0075,0,True,18,307,169,"[Set-16-Num(7,2,7),TestNumGreater-Num(2,0,11),SubmitNum-Num(14,14,2),Countdown-Num(7,11,15),SubmitNum-Num(2,3,5),LoadNum2-Num(2,7,1),TestNumGreater-Num(3,2,6),IfNot-Num(6,7,4),LoadNum4-Num(2,0,15),Close(11,0,15),LoadNum3-Num(14,12,6),LoadNum1-Num(6,6,12),TestNumGreater-Num(14,2,7),If-Num(11,14,14),TestNumGreater-Num(6,2,6),IfNot-Num(6,0,6),SubmitNum-Num(0,10,0),Return(8,0,15)]"
PROBLEM_smallest__ARGS_NUM__MUT_0075,5385,smallest,Numeric,0.0075,0,False,NONE,NONE,NONE,"NONE"
PROBLEM_smallest__ARGS_NUM__MUT_0075,5386,smallest,Numeric,0.0075,0,False,NONE,NONE,NONE,"NONE"
PROBLEM_smallest__ARGS_NUM__MUT_0075,5387,smallest,Numeric,0.0075,0,False,NONE,NONE,NONE,"NONE"
PROBLEM_smallest__ARGS_NUM__MUT_0075,5388,smallest,Numeric,0.0075,0,True,18,374,348,"[SubmitNum-Num(1,1,15),TestNumGreaterTEqu-Num(2,1,13),IfNot-Num(13,4,15),SubmitNum-Num(2,4,2),Close(6,6,12),Set-5-Num(1,3,13),LoadNum2-Num(11,13,8),TestNumLessTEqu-Num(2,11,3),While-Num(1,14,6),Countdown-Num(3,15,10),LoadNum3-Num(11,11,3),Close(14,9,15),TestNumLessTEqu-Num(0,11,3),Countdown-Num(3,7,13),SubmitNum-Num(0,14,3),LoadNum1-Num(11,1,11),Close(8,10,14),LoadNum4-Num(0,12,9)]"
PROBLEM_smallest__ARGS_NUM__MUT_0075,5389,smallest,Numeric,0.0075,0,False,NONE,NONE,NONE,"NONE"
PROBLEM_smallest__ARGS_NUM__MUT_0075,5390,smallest,Numeric,0.0075,0,False,NONE,NONE,NONE,"NONE"
PROBLEM_smallest__ARGS_NUM__MUT_0075,5391,smallest,Numeric,0.0075,0,False,NONE,NONE,NONE,"NONE"
PROBLEM_smallest__ARGS_NUM__MUT_0075,5392,smallest,Numeric,0.0075,0,True,22,343,252,"[Set-7-Num(11,0,11),Countdown-Num(11,5,3),TestNumGreater-Num(0,1,3),SwapMem-Num(0,2,0),LoadNum4-Num(9,6,7),SubmitNum-Num(1,11,7),LoadNum4-Num(2,1,6),LoadNum1-Num(13,1,13),IfNot-Num(3,14,3),TestNumLessTEqu-Num(13,2,3),Countdown-Num(11,0,3),LoadNum3-Num(13,10,11),TestNumLess-Num(9,13,6),SubmitNum-Num(13,4,3),While-Num(6,14,10),LoadNum4-Num(10,6,2),If-Num(3,6,7),LoadNum1-Num(10,13,9),Close(1,8,5),SubmitNum-Num(10,7,3),Close(4,14,5),LoadNum1-Num(9,13,11)]"
PROBLEM_smallest__ARGS_NUM__MUT_0075,5393,smallest,Numeric,0.0075,0,False,NONE,NONE,NONE,"NONE"
PROBLEM_smallest__ARGS_NUM__MUT_0075,5394,smallest,Numeric,0.0075,0,False,NONE,NONE,NONE,"NONE"
PROBLEM_smallest__ARGS_NUM__MUT_0075,5395,smallest,Numeric,0.0075,0,True,26,255,242,"[LoadNum3-Num(0,14,7),Close(0,7,7),Break(4,8,11),SwapMem-Num(8,0,12),LoadNum1-Num(2,0,3),SubmitNum-Num(3,10,2),Set-10-Num(11,13,3),LoadNum1-Num(5,8,5),TestNumLessTEqu-Num(2,3,2),While-Num(11,15,4),If-Num(2,0,3),SubmitNum-Num(5,12,4),LoadNum3-Num(5,13,3),If-Num(11,15,0),LoadNum1-Num(3,8,12),Close(7,0,15),Close(2,0,15),LoadNum2-Num(13,3,4),SwapMem-Num(8,1,14),TestNumLessTEqu-Num(1,3,2),TestNumLessTEqu-Num(13,5,6),While-Num(6,8,3),Countdown-Num(2,10,11),LoadNum2-Num(3,5,9),SubmitNum-Num(3,2,9),CopyMem-Num(1,5,13)]"
PROBLEM_smallest__ARGS_NUM__MUT_0075,5396,smallest,Numeric,0.0075,0,False,NONE,NONE,NONE,"NONE"
PROBLEM_smallest__ARGS_NUM__MUT_0075,5397,smallest,Numeric,0.0075,0,True,43,417,287,"[LoadNum3-Num(14,4,0),LoadNum1-Num(11,9,7),LoadNum2-Num(2,6,2),Mult-Num(11,2,6),Close(6,15,4),Set-2-Num(2,15,3),Set-7-Num(0,6,12),Set-8-Num(15,8,14),Set-12-Num(1,3,6),CopyMem-Num(4,12,14),SubmitNum-Num(3,4,1),TestNumGreater-Num(8,2,9),SwapMem-Num(2,4,10),Sub-Num(3,7,5),LoadNum1-Num(4,15,14),Close(14,2,14),TestNumLessTEqu-Num(7,10,1),Set-0-Num(0,6,15),LoadNum1-Num(2,5,9),LoadNum2-Num(2,14,0),TestNumLessTEqu-Num(5,2,9),LoadNum3-Num(5,4,13),Close(14,12,11),Set-16-Num(8,12,3),SubmitNum-Num(2,3,14),LoadNum1-Num(5,9,7),TestNumGreaterTEqu-Num(14,5,7),While-Num(15,0,9),TestNumNEqu-Num(7,12,12),Add-Num(5,6,0),CopyMem-Num(13,10,0),Floor-Num(9,2,1),Floor-Num(8,5,0),If-Num(9,10,7),SubmitNum-Num(14,15,0),If-Num(7,0,6),SubmitNum-Num(11,3,4),Mod-Num(4,6,14),Close(7,12,6),TestNumLess-Num(14,3,1),Sub-Num(9,12,15),While-Num(1,0,6),Set-13-Num(11,9,4)]"
PROBLEM_smallest__ARGS_NUM__MUT_0075,5398,smallest,Numeric,0.0075,0,True,19,297,240,"[TestNumLess-Num(3,2,8),If-Num(8,7,14),LoadNum4-Num(2,14,1),Close(15,3,14),LoadNum2-Num(0,12,2),Set-1-Num(4,12,4),TestNumGreater-Num(0,2,12),Countdown-Num(4,2,0),SubmitNum-Num(0,14,15),LoadNum1-Num(5,5,11),TestNumGreater-Num(5,2,11),Countdown-Num(12,10,0),SubmitNum-Num(2,4,11),Close(4,2,4),While-Num(11,6,15),Close(0,10,6),SubmitNum-Num(5,10,13),TestNumGreaterTEqu-Num(5,0,4),Not-Num(11,8,10)]"
PROBLEM_smallest__ARGS_NUM__MUT_0075,5399,smallest,Numeric,0.0075,0,True,17,434,241,"[Close(7,1,9),TestNumLessTEqu-Num(3,2,6),TestNumGreater-Num(0,1,4),While-Num(4,3,10),TestNumNEqu-Num(7,13,4),SubmitNum-Num(1,13,12),Close(12,12,11),LoadNum3-Num(0,0,12),If-Num(6,15,5),LoadNum4-Num(0,11,3),Close(0,11,9),SubmitNum-Num(0,6,5),LoadNum1-Num(15,4,10),LoadNum2-Num(7,13,2),TestNumGreaterTEqu-Num(7,15,4),Countdown-Num(4,13,0),Add-Num(11,15,1)]"
PROBLEM_smallest__ARGS_NUM__MUT_0075,5400,smallest,Numeric,0.0075,0,True,44,412,410,"[Set-3-Num(4,12,7),SwapMem-Num(2,5,12),Set-14-Num(9,2,14),LoadNum4-Num(1,8,0),Div-Num(5,15,3),Add-Num(7,5,11),Set-2-Num(4,9,6),LoadNum1-Num(13,13,15),Sub-Num(11,10,14),SubmitNum-Num(13,0,13),Countdown-Num(9,9,1),SwapMem-Num(10,2,10),LoadNum3-Num(0,2,9),Set-14-Num(3,15,12),TestNumGreater-Num(6,3,5),Set-7-Num(10,1,13),TestNumLess-Num(1,0,12),Countdown-Num(3,7,8),LoadNum2-Num(3,15,2),TestNumLessTEqu-Num(14,13,4),Not-Num(7,2,14),Add-Num(12,1,14),LoadNum2-Num(1,6,13),Set-10-Num(10,6,13),While-Num(4,1,1),LoadNum4-Num(15,14,10),TestNumLess-Num(0,3,13),SubmitNum-Num(3,10,3),TestNumGreater-Num(15,3,6),TestNumNEqu-Num(13,4,11),Div-Num(11,6,5),IfNot-Num(5,4,5),Set-10-Num(4,9,4),LoadNum3-Num(5,0,15),CopyMem-Num(15,3,9),Set-1-Num(9,0,0),SubmitNum-Num(0,14,7),Set-10-Num(10,15,9),LoadNum4-Num(14,6,8),If-Num(9,11,12),IfNot-Num(12,14,0),Set-0-Num(6,9,2),Return(3,1,7),Set-4-Num(1,10,13)]"
PROBLEM_smallest__ARGS_NUM__MUT_01,5051,smallest,Numeric,0.01,0,True,33,475,347,"[SubmitNum-Num(2,10,11),Set-7-Num(5,8,0),SwapMem-Num(5,15,2),Close(11,14,2),Div-Num(0,11,3),TestNumGreater-Num(15,6,10),TestNumGreater-Num(2,3,13),Countdown-Num(15,15,7),LoadNum3-Num(14,9,5),Countdown-Num(13,5,6),SubmitNum-Num(3,13,13),Close(12,10,10),LoadNum1-Num(6,6,5),Floor-Num(13,8,8),Dec-Num(8,8,13),Set-1-Num(4,9,4),SwapMem-Num(0,3,0),TestNumGreaterTEqu-Num(2,3,13),Set-1-Num(15,6,15),Floor-Num(0,5,10),Sub-Num(13,8,7),TestNumLess-Num(1,3,9),Countdown-Num(4,14,2),TestNumLess-Num(0,1,11),TestNumGreaterTEqu-Num(0,6,4),Countdown-Num(13,2,9),SubmitNum-Num(3,12,10),Close(0,12,4),While-Num(9,11,5),Dec-Num(15,7,3),LoadNum2-Num(3,5,1),While-Num(3,11,0),Break(3,1,11)]"
PROBLEM_smallest__ARGS_NUM__MUT_01,5052,smallest,Numeric,0.01,0,True,13,260,177,"[SubmitNum-Num(2,14,6),LoadNum3-Num(11,6,1),Close(3,4,1),TestNumLessTEqu-Num(0,11,4),While-Num(4,14,7),SubmitNum-Num(0,6,2),Mult-Num(0,4,11),Break(5,3,6),Close(9,6,3),Not-Num(3,2,11),SwapMem-Num(0,1,12),Countdown-Num(3,5,6),LoadNum4-Num(1,1,10)]"
PROBLEM_smallest__ARGS_NUM__MUT_01,5053,smallest,Numeric,0.01,0,False,NONE,NONE,NONE,"NONE"
PROBLEM_smallest__ARGS_NUM__MUT_01,5054,smallest,Numeric,0.01,0,True,37,469,469,"[CopyMem-Num(1,4,3),LoadNum1-Num(9,13,14),Set-14-Num(3,8,5),Break(8,5,0),SubmitNum-Num(12,2,13),LoadNum3-Num(7,14,8),While-Num(3,6,8),SwapMem-Num(6,3,1),TestNumGreaterTEqu-Num(4,9,5),Set-13-Num(12,15,4),LoadNum3-Num(13,9,9),SubmitNum-Num(4,5,5),Set-13-Num(9,15,5),Set-13-Num(14,1,2),Not-Num(0,10,1),TestNumGreaterTEqu-Num(1,0,15),Set-9-Num(2,14,10),TestNumLessTEqu-Num(4,7,14),Set-0-Num(9,2,10),Dec-Num(2,3,15),LoadNum4-Num(9,10,11),Set-7-Num(6,13,9),TestNumGreaterTEqu-Num(14,3,3),Mod-Num(3,5,2),Div-Num(2,8,14),Set-12-Num(8,14,13),Mult-Num(2,14,7),LoadNum4-Num(6,13,1),Set-7-Num(14,10,13),IfNot-Num(7,11,7),LoadNum1-Num(15,11,15),TestNumGreaterTEqu-Num(13,15,3),SubmitNum-Num(6,5,12),TestNumLessTEqu-Num(13,6,0),LoadNum1-Num(4,3,3),Countdown-Num(0,11,11),SubmitNum-Num(13,3,0)]"
PROBLEM_smallest__ARGS_NUM__MUT_01,5055,smallest,Numeric,0.01,0,True,14,271,162,"[SubmitNum-Num(1,13,15),TestNumLess-Num(3,0,14),LoadNum3-Num(3,2,11),Close(2,0,12),Countdown-Num(14,6,1),LoadNum4-Num(0,0,3),Close(6,8,14),TestNumGreaterTEqu-Num(1,0,15),SwapMem-Num(3,0,8),While-Num(15,13,14),SubmitNum-Num(0,9,11),TestNumGreater-Num(0,3,15),Dec-Num(14,1,14),Sub-Num(3,8,0)]"
PROBLEM_smallest__ARGS_NUM__MUT_01,5056,smallest,Numeric,0.01,0,True,16,262,227,"[SubmitNum-Num(3,15,13),Set-7-Num(12,5,4),TestNumLessTEqu-Num(1,0,9),IfNot-Num(9,5,4),LoadNum1-Num(1,14,3),Close(12,6,10),Add-Num(3,15,11),TestNumLessTEqu-Num(3,1,0),Countdown-Num(12,15,8),TestNumGreaterTEqu-Num(14,0,12),TestNumLessTEqu-Num(2,11,3),LoadNum3-Num(11,9,11),Countdown-Num(3,1,12),Set-14-Num(0,8,14),SubmitNum-Num(2,15,3),SwapMem-Num(2,1,3)]"
PROBLEM_smallest__ARGS_NUM__MUT_01,5057,smallest,Numeric,0.01,0,False,NONE,NONE,NONE,"NONE"
PROBLEM_smallest__ARGS_NUM__MUT_01,5058,smallest,Numeric,0.01,0,True,13,210,120,"[Sub-Num(2,4,9),Sub-Num(0,11,7),SubmitNum-Num(1,7,11),TestNumGreater-Num(0,3,14),Div-Num(3,14,7),TestNumLess-Num(9,1,5),TestNumGreater-Num(9,7,11),TestNumGreaterTEqu-Num(1,7,14),Div-Num(5,5,14),Countdown-Num(14,0,5),SubmitNum-Num(9,2,10),If-Num(11,5,8),SubmitNum-Num(7,13,4)]"
PROBLEM_smallest__ARGS_NUM__MUT_01,5059,smallest,Numeric,0.01,0,False,NONE,NONE,NONE,"NONE"
PROBLEM_smallest__ARGS_NUM__MUT_01,5060,smallest,Numeric,0.01,0,False,NONE,NONE,NONE,"NONE"
PROBLEM_smallest__ARGS_NUM__MUT_01,5061,smallest,Numeric,0.01,0,True,11,242,211,"[Set-6-Num(8,0,1),LoadNum1-Num(13,1,0),While-Num(8,10,8),TestNumLessTEqu-Num(1,3,7),TestNumLessTEqu-Num(13,3,8),Div-Num(13,8,3),Set-11-Num(8,5,13),SubmitNum-Num(1,1,1),LoadNum3-Num(13,10,14),IfNot-Num(7,8,14),Add-Num(5,3,1)]"
PROBLEM_smallest__ARGS_NUM__MUT_01,5062,smallest,Numeric,0.01,0,False,NONE,NONE,NONE,"NONE"
PROBLEM_smallest__ARGS_NUM__MUT_01,5063,smallest,Numeric,0.01,0,True,17,341,198,"[SwapMem-Num(3,15,5),SubmitNum-Num(0,6,13),TestNumGreaterTEqu-Num(0,1,1),Countdown-Num(1,5,5),LoadNum2-Num(14,9,4),SubmitNum-Num(14,11,8),SwapMem-Num(14,0,0),Close(8,7,13),TestNumGreaterTEqu-Num(0,15,1),Countdown-Num(1,0,8),SubmitNum-Num(15,6,10),Close(5,12,3),TestNumGreaterTEqu-Num(0,2,1),Countdown-Num(1,12,2),TestNumGreaterTEqu-Num(15,2,1),Countdown-Num(1,10,11),SubmitNum-Num(2,0,2)]"
PROBLEM_smallest__ARGS_NUM__MUT_01,5064,smallest,Numeric,0.01,0,False,NONE,NONE,NONE,"NONE"
PROBLEM_smallest__ARGS_NUM__MUT_01,5065,smallest,Numeric,0.01,0,True,26,442,341,"[SubmitNum-Num(3,0,10),Set-16-Num(12,7,0),Countdown-Num(12,1,2),LoadNum1-Num(4,7,1),Set-0-Num(8,3,6),Set-8-Num(6,7,10),Set-6-Num(10,14,15),Dec-Num(8,13,15),Div-Num(2,14,0),SwapMem-Num(0,1,14),TestNumLessTEqu-Num(3,0,14),CopyMem-Num(6,5,6),Mult-Num(12,8,15),Set-1-Num(12,9,2),Set-10-Num(12,14,2),Floor-Num(1,4,12),Mod-Num(13,9,7),IfNot-Num(14,10,12),Countdown-Num(10,12,1),SubmitNum-Num(0,2,8),LoadNum3-Num(6,9,8),If-Num(10,7,2),LoadNum2-Num(3,14,7),TestNumLess-Num(0,6,10),Mod-Num(15,13,12),SubmitNum-Num(6,9,9)]"
PROBLEM_smallest__ARGS_NUM__MUT_01,5066,smallest,Numeric,0.01,0,False,NONE,NONE,NONE,"NONE"
PROBLEM_smallest__ARGS_NUM__MUT_01,5067,smallest,Numeric,0.01,0,True,16,355,76,"[TestNumGreater-Num(2,3,13),LoadNum4-Num(11,5,3),TestNumLessTEqu-Num(1,0,4),SwapMem-Num(11,2,6),IfNot-Num(4,1,2),LoadNum1-Num(1,3,6),Close(11,1,11),SubmitNum-Num(1,3,4),Close(3,4,9),TestNumLess-Num(1,11,4),SwapMem-Num(11,2,4),IfNot-Num(4,3,7),SubmitNum-Num(2,0,1),Close(1,15,1),If-Num(13,2,14),Break(4,13,9)]"
PROBLEM_smallest__ARGS_NUM__MUT_01,5068,smallest,Numeric,0.01,0,True,40,416,416,"[LoadNum1-Num(0,8,6),TestNumLess-Num(1,2,4),Set-9-Num(0,5,5),LoadNum2-Num(13,12,9),Close(14,2,6),Set-2-Num(10,14,2),Set-4-Num(7,5,13),Set-7-Num(12,8,6),Set-12-Num(2,1,2),TestNumEqu-Num(5,15,14),Mod-Num(1,12,11),Countdown-Num(9,0,13),TestNumLess-Num(11,13,0),Mult-Num(7,5,0),Close(10,13,9),Sub-Num(0,4,11),Set-10-Num(6,5,9),LoadNum2-Num(6,9,2),LoadNum1-Num(7,1,14),LoadNum4-Num(2,8,0),Floor-Num(6,6,0),TestNumLess-Num(3,1,9),SubmitNum-Num(6,8,5),LoadNum3-Num(10,15,9),LoadNum1-Num(14,15,6),IfNot-Num(11,3,12),LoadNum3-Num(2,7,15),Close(11,1,13),SubmitNum-Num(2,8,9),TestNumGreater-Num(10,3,5),TestNumGreaterTEqu-Num(1,7,0),If-Num(0,14,7),CopyMem-Num(7,1,13),Set-9-Num(8,15,7),Set-11-Num(9,8,10),SubmitNum-Num(14,2,7),TestNumLess-Num(2,7,9),Not-Num(0,9,14),LoadNum3-Num(1,9,5),Break(6,8,0)]"
PROBLEM_smallest__ARGS_NUM__MUT_01,5069,smallest,Numeric,0.01,0,True,38,158,150,"[LoadNum1-Num(9,9,9),TestNumLess-Num(9,0,15),Sub-Num(0,11,14),Set-16-Num(15,5,14),TestNumLessTEqu-Num(0,3,11),SubmitNum-Num(2,8,13),Countdown-Num(15,2,6),LoadNum3-Num(4,14,2),Dec-Num(0,12,9),Set-9-Num(6,12,3),Set-14-Num(5,14,6),Mult-Num(5,6,9),LoadNum3-Num(15,11,10),TestNumGreater-Num(15,0,0),Countdown-Num(6,14,12),Set-1-Num(15,13,0),Div-Num(8,0,15),Add-Num(10,0,6),Set-3-Num(3,1,13),Mod-Num(1,9,0),LoadNum4-Num(2,7,8),TestNumLess-Num(2,4,10),Set-8-Num(8,2,1),While-Num(6,8,3),TestNumLessTEqu-Num(1,2,0),LoadNum4-Num(15,7,2),SubmitNum-Num(15,10,2),Add-Num(0,11,6),Set-9-Num(7,3,6),LoadNum1-Num(8,14,11),Sub-Num(13,6,3),LoadNum2-Num(15,4,0),Countdown-Num(3,6,0),TestNumGreater-Num(15,8,0),SubmitNum-Num(1,0,3),Div-Num(0,7,6),Countdown-Num(6,1,12),SubmitNum-Num(8,9,9)]"
PROBLEM_smallest__ARGS_NUM__MUT_01,5070,smallest,Numeric,0.01,0,True,32,430,339,"[LoadNum2-Num(0,2,4),LoadNum1-Num(15,0,1),Close(2,12,12),Set-9-Num(5,11,0),Close(15,2,9),Set-15-Num(14,2,13),TestNumGreater-Num(15,0,2),Set-4-Num(5,15,5),Set-2-Num(11,7,2),TestNumEqu-Num(4,10,5),TestNumGreater-Num(0,3,8),SubmitNum-Num(0,13,9),LoadNum3-Num(4,10,4),CopyMem-Num(2,5,4),TestNumEqu-Num(9,6,11),Set-10-Num(2,8,7),Set-15-Num(2,15,3),Set-10-Num(13,5,15),LoadNum3-Num(15,11,9),IfNot-Num(5,3,1),SubmitNum-Num(4,11,14),LoadNum1-Num(0,14,14),Close(7,9,11),TestNumGreater-Num(0,3,7),Close(2,5,11),Set-14-Num(11,9,10),LoadNum3-Num(3,4,4),Div-Num(15,1,4),Set-16-Num(9,0,12),If-Num(7,8,9),LoadNum4-Num(0,1,5),Break(2,14,0)]"
PROBLEM_smallest__ARGS_NUM__MUT_01,5071,smallest,Numeric,0.01,0,True,13,494,251,"[LoadNum2-Num(4,1,15),LoadNum4-Num(15,7,4),SwapMem-Num(1,3,0),Close(5,15,7),SwapMem-Num(15,2,3),Add-Num(10,4,7),CopyMem-Num(2,10,11),SubmitNum-Num(0,7,10),TestNumLessTEqu-Num(7,0,4),Countdown-Num(4,11,11),TestNumLessTEqu-Num(7,1,4),SubmitNum-Num(7,8,6),LoadNum3-Num(1,1,4)]"
PROBLEM_smallest__ARGS_NUM__MUT_01,5072,smallest,Numeric,0.01,0,False,NONE,NONE,NONE,"NONE"
PROBLEM_smallest__ARGS_NUM__MUT_01,5073,smallest,Numeric,0.01,0,False,NONE,NONE,NONE,"NONE"
PROBLEM_smallest__ARGS_NUM__MUT_01,5074,smallest,Numeric,0.01,0,False,NONE,NONE,NONE,"NONE"
PROBLEM_smallest__ARGS_NUM__MUT_01,5075,smallest,Numeric,0.01,0,False,NONE,NONE,NONE,"NONE"
PROBLEM_smallest__ARGS_NUM__MUT_01,5076,smallest,Numeric,0.01,0,False,NONE,NONE,NONE,"NONE"
PROBLEM_smallest__ARGS_NUM__MUT_01,5077,smallest,Numeric,0.01,0,True,9,282,245,"[TestNumLess-Num(2,3,5),Div-Num(2,5,3),TestNumLess-Num(0,3,5),Div-Num(0,5,3),TestNumLess-Num(3,1,0),SubmitNum-Num(3,11,13),While-Num(0,3,6),Close(7,7,6),SubmitNum-Num(1,7,0)]"
PROBLEM_smallest__ARGS_NUM__MUT_01,5078,smallest,Numeric,0.01,0,True,34,496,491,"[SubmitNum-Num(12,10,6),TestNumGreater-Num(0,2,13),LoadNum3-Num(14,10,0),IfNot-Num(7,6,9),Set-2-Num(4,4,2),LoadNum4-Num(1,8,12),Div-Num(14,13,0),Countdown-Num(4,8,10),TestNumLess-Num(0,1,7),TestNumEqu-Num(4,7,11),Dec-Num(0,10,3),SubmitNum-Num(3,7,7),LoadNum2-Num(0,13,1),TestNumNEqu-Num(1,4,15),Set-6-Num(15,0,5),Countdown-Num(15,3,2),If-Num(7,7,12),SubmitNum-Num(0,14,14),LoadNum1-Num(4,1,14),Set-9-Num(5,10,0),Set-3-Num(11,2,3),TestNumGreaterTEqu-Num(0,4,7),TestNumLessTEqu-Num(2,0,10),Set-15-Num(12,14,6),CopyMem-Num(15,14,8),Set-14-Num(8,14,3),LoadNum1-Num(0,3,1),If-Num(13,14,3),Set-15-Num(13,1,9),Div-Num(1,10,9),LoadNum1-Num(14,14,1),LoadNum3-Num(0,13,9),SwapMem-Num(7,10,9),Set-3-Num(6,14,14)]"
PROBLEM_smallest__ARGS_NUM__MUT_01,5079,smallest,Numeric,0.01,0,True,12,161,138,"[TestNumLessTEqu-Num(0,2,7),If-Num(7,13,5),LoadNum1-Num(2,14,5),Close(14,7,5),TestNumLessTEqu-Num(1,3,7),If-Num(7,13,15),LoadNum2-Num(3,5,7),Close(5,7,2),SubmitNum-Num(3,13,2),TestNumLessTEqu-Num(2,3,7),If-Num(7,5,0),SubmitNum-Num(2,7,15)]"
PROBLEM_smallest__ARGS_NUM__MUT_01,5080,smallest,Numeric,0.01,0,True,20,415,381,"[Set-13-Num(11,9,5),LoadNum4-Num(4,6,5),While-Num(11,0,0),IfNot-Num(10,13,1),TestNumGreater-Num(2,0,7),SubmitNum-Num(0,13,4),CopyMem-Num(4,2,8),LoadNum2-Num(4,4,4),IfNot-Num(7,2,6),LoadNum4-Num(14,6,9),LoadNum3-Num(12,13,10),TestNumGreater-Num(12,14,8),TestNumLess-Num(1,12,10),LoadNum3-Num(0,8,15),SubmitNum-Num(1,0,2),Countdown-Num(8,6,14),SwapMem-Num(1,14,1),TestNumLess-Num(1,14,8),SubmitNum-Num(14,8,7),Set-11-Num(10,4,6)]"
PROBLEM_smallest__ARGS_NUM__MUT_01,5081,smallest,Numeric,0.01,0,True,12,142,113,"[TestNumLess-Num(3,1,10),IfNot-Num(10,8,4),LoadNum2-Num(3,14,13),Close(1,0,13),TestNumLess-Num(0,2,10),IfNot-Num(10,11,6),LoadNum3-Num(0,6,3),Close(1,12,8),TestNumLess-Num(3,0,10),SubmitNum-Num(3,11,10),IfNot-Num(10,15,12),SubmitNum-Num(0,14,9)]"
PROBLEM_smallest__ARGS_NUM__MUT_01,5082,smallest,Numeric,0.01,0,False,NONE,NONE,NONE,"NONE"
PROBLEM_smallest__ARGS_NUM__MUT_01,5083,smallest,Numeric,0.01,0,True,15,324,280,"[TestNumGreater-Num(3,1,2),Countdown-Num(2,3,0),SwapMem-Num(3,1,4),Close(11,4,4),LoadNum1-Num(4,9,5),SubmitNum-Num(4,9,10),Close(9,2,3),TestNumLess-Num(4,3,9),IfNot-Num(9,11,4),SubmitNum-Num(3,5,10),Sub-Num(3,2,4),Close(2,14,12),LoadNum3-Num(3,15,15),IfNot-Num(1,12,9),Set-16-Num(7,3,3)]"
PROBLEM_smallest__ARGS_NUM__MUT_01,5084,smallest,Numeric,0.01,0,True,12,288,262,"[CopyMem-Num(3,4,4),LoadNum1-Num(8,8,15),Set-11-Num(2,10,7),TestNumLess-Num(1,8,13),Div-Num(1,13,8),TestNumLess-Num(4,8,13),Div-Num(4,13,8),LoadNum3-Num(14,12,2),While-Num(2,12,12),TestNumLessTEqu-Num(8,14,2),SubmitNum-Num(14,6,4),Sub-Num(8,5,14)]"
PROBLEM_smallest__ARGS_NUM__MUT_01,5085,smallest,Numeric,0.01,0,False,NONE,NONE,NONE,"NONE"
PROBLEM_smallest__ARGS_NUM__MUT_01,5086,smallest,Numeric,0.01,0,False,NONE,NONE,NONE,"NONE"
PROBLEM_smallest__ARGS_NUM__MUT_01,5087,smallest,Numeric,0.01,0,True,22,452,424,"[LoadNum1-Num(11,15,12),Close(3,2,3),TestNumGreaterTEqu-Num(1,11,10),SubmitNum-Num(1,2,4),TestNumLess-Num(3,1,14),While-Num(14,0,12),LoadNum4-Num(1,0,15),TestNumEqu-Num(0,3,14),SubmitNum-Num(3,11,13),Close(7,8,4),TestNumLessTEqu-Num(2,1,14),LoadNum3-Num(13,3,15),LoadNum1-Num(1,7,4),LoadNum3-Num(8,4,14),While-Num(14,6,1),Set-12-Num(10,4,9),Break(6,0,7),Close(8,2,13),Countdown-Num(10,9,3),While-Num(14,0,9),TestNumGreaterTEqu-Num(1,8,14),SubmitNum-Num(13,14,9)]"
PROBLEM_smallest__ARGS_NUM__MUT_01,5088,smallest,Numeric,0.01,0,False,NONE,NONE,NONE,"NONE"
PROBLEM_smallest__ARGS_NUM__MUT_01,5089,smallest,Numeric,0.01,0,True,12,328,277,"[Set-3-Num(5,1,10),Countdown-Num(5,9,11),TestNumGreater-Num(0,1,6),SubmitNum-Num(1,8,5),IfNot-Num(6,4,0),SubmitNum-Num(0,11,3),LoadNum1-Num(1,10,7),Close(14,11,15),TestNumLessTEqu-Num(1,2,8),LoadNum4-Num(0,8,9),IfNot-Num(8,9,3),LoadNum3-Num(1,6,10)]"
PROBLEM_smallest__ARGS_NUM__MUT_01,5090,smallest,Numeric,0.01,0,True,17,299,153,"[Close(8,14,12),TestNumGreater-Num(1,0,7),Set-4-Num(6,9,14),SubmitNum-Num(0,12,1),SwapMem-Num(3,2,0),Not-Num(7,8,8),Countdown-Num(7,3,5),LoadNum2-Num(0,15,14),Close(15,7,15),Add-Num(2,7,4),TestNumGreater-Num(4,0,7),LoadNum3-Num(8,3,14),Not-Num(7,4,8),Countdown-Num(7,1,4),TestNumLessTEqu-Num(8,4,7),SubmitNum-Num(8,2,9),LoadNum4-Num(0,10,13)]"
PROBLEM_smallest__ARGS_NUM__MUT_01,5091,smallest,Numeric,0.01,0,False,NONE,NONE,NONE,"NONE"
PROBLEM_smallest__ARGS_NUM__MUT_01,5092,smallest,Numeric,0.01,0,False,NONE,NONE,NONE,"NONE"
PROBLEM_smallest__ARGS_NUM__MUT_01,5093,smallest,Numeric,0.01,0,True,10,417,138,"[LoadNum1-Num(7,7,10),TestNumGreaterTEqu-Num(1,7,13),Div-Num(7,13,1),LoadNum4-Num(12,8,8),TestNumGreaterTEqu-Num(1,2,13),Div-Num(2,13,1),TestNumLess-Num(1,12,10),SubmitNum-Num(12,1,2),If-Num(10,13,1),SubmitNum-Num(1,14,11)]"
PROBLEM_smallest__ARGS_NUM__MUT_01,5094,smallest,Numeric,0.01,0,True,17,490,410,"[Set-10-Num(3,1,14),Countdown-Num(3,2,12),SubmitNum-Num(0,7,7),TestNumGreater-Num(0,1,12),IfNot-Num(12,0,0),LoadNum4-Num(1,5,5),TestNumLess-Num(0,1,7),While-Num(7,4,7),TestNumLessTEqu-Num(0,2,7),Close(15,11,11),Close(6,5,7),LoadNum4-Num(0,10,11),SubmitNum-Num(1,15,6),IfNot-Num(5,3,12),LoadNum3-Num(0,15,7),Set-4-Num(5,9,10),Set-2-Num(3,14,5)]"
PROBLEM_smallest__ARGS_NUM__MUT_01,5095,smallest,Numeric,0.01,0,False,NONE,NONE,NONE,"NONE"
PROBLEM_smallest__ARGS_NUM__MUT_01,5096,smallest,Numeric,0.01,0,True,26,481,426,"[Set-5-Num(15,12,12),Set-3-Num(11,13,9),TestNumGreater-Num(0,1,14),LoadNum4-Num(6,7,9),SwapMem-Num(3,0,3),SwapMem-Num(4,0,0),SubmitNum-Num(4,8,6),While-Num(11,9,7),TestNumLessTEqu-Num(3,6,7),Div-Num(14,7,11),While-Num(7,11,13),Set-16-Num(4,15,2),Dec-Num(10,11,3),TestNumLess-Num(2,3,13),SubmitNum-Num(3,9,2),Mult-Num(15,13,7),LoadNum3-Num(3,13,14),While-Num(0,2,8),Close(14,9,2),Close(10,13,3),LoadNum2-Num(3,3,1),Dec-Num(2,13,3),IfNot-Num(10,12,8),Set-8-Num(10,12,9),Inc-Num(2,3,12),LoadNum3-Num(3,11,11)]"
PROBLEM_smallest__ARGS_NUM__MUT_01,5097,smallest,Numeric,0.01,0,True,16,303,150,"[Close(2,5,7),TestNumLessTEqu-Num(0,1,12),IfNot-Num(12,2,10),LoadNum2-Num(0,9,5),Close(12,3,4),TestNumLessTEqu-Num(0,3,12),Sub-Num(2,10,3),TestNumLess-Num(1,0,11),SubmitNum-Num(1,7,11),IfNot-Num(11,11,4),SubmitNum-Num(0,2,10),IfNot-Num(12,3,12),LoadNum3-Num(0,10,13),LoadNum4-Num(1,12,5),TestNumLess-Num(6,6,5),Break(15,3,2)]"
PROBLEM_smallest__ARGS_NUM__MUT_01,5098,smallest,Numeric,0.01,0,True,8,291,207,"[LoadNum4-Num(13,1,8),Close(6,5,10),SwapMem-Num(1,0,6),TestNumLessTEqu-Num(1,0,15),Countdown-Num(15,5,0),SwapMem-Num(0,13,6),LoadNum3-Num(13,1,8),SubmitNum-Num(1,14,0)]"
PROBLEM_smallest__ARGS_NUM__MUT_01,5099,smallest,Numeric,0.01,0,False,NONE,NONE,NONE,"NONE"
PROBLEM_smallest__ARGS_NUM__MUT_01,5100,smallest,Numeric,0.01,0,True,20,419,278,"[Add-Num(3,14,14),LoadNum3-Num(7,6,2),Dec-Num(9,9,15),SubmitNum-Num(14,6,15),Countdown-Num(9,2,3),LoadNum2-Num(15,0,2),LoadNum1-Num(2,11,2),LoadNum2-Num(3,15,4),TestNumLess-Num(7,14,5),Add-Num(11,3,7),If-Num(5,0,8),LoadNum3-Num(2,11,14),CopyMem-Num(7,5,14),Add-Num(10,15,14),SubmitNum-Num(7,13,13),Close(7,3,5),TestNumLess-Num(2,14,5),If-Num(5,2,5),SubmitNum-Num(2,15,11),LoadNum3-Num(14,10,12)]"
PROBLEM_smallest__ARGS_NUM__MUT_025,5301,smallest,Numeric,0.025,0,True,17,336,255,"[TestNumEqu-Num(9,6,15),LoadNum3-Num(12,2,8),While-Num(15,14,12),LoadNum2-Num(2,13,6),TestNumGreater-Num(3,12,5),While-Num(5,4,4),LoadNum3-Num(3,8,11),SwapMem-Num(4,5,12),SubmitNum-Num(0,4,10),Close(11,12,1),TestNumGreater-Num(3,2,5),Sub-Num(0,11,12),SubmitNum-Num(3,14,9),While-Num(5,1,7),LoadNum1-Num(3,3,14),SwapMem-Num(5,8,14),SubmitNum-Num(2,7,1)]"
PROBLEM_smallest__ARGS_NUM__MUT_025,5302,smallest,Numeric,0.025,0,True,17,424,308,"[LoadNum3-Num(4,14,14),TestNumGreaterTEqu-Num(3,4,2),LoadNum4-Num(1,12,2),If-Num(2,5,6),LoadNum3-Num(1,10,13),Close(6,11,13),SubmitNum-Num(1,6,10),CopyMem-Num(1,15,0),Close(1,10,6),LoadNum2-Num(10,15,0),TestNumLess-Num(0,15,14),LoadNum2-Num(0,0,3),While-Num(14,7,15),SwapMem-Num(10,12,11),LoadNum1-Num(10,15,13),SubmitNum-Num(12,10,5),TestNumLessTEqu-Num(10,12,14)]"
PROBLEM_smallest__ARGS_NUM__MUT_025,5303,smallest,Numeric,0.025,0,True,14,361,196,"[TestNumLess-Num(3,2,13),If-Num(13,5,6),SwapMem-Num(3,2,14),Close(0,6,14),Set-8-Num(4,13,3),TestNumLess-Num(1,2,13),SubmitNum-Num(0,9,14),If-Num(13,5,15),SwapMem-Num(1,2,0),Close(6,5,2),Countdown-Num(4,15,5),TestNumGreater-Num(2,0,4),Close(15,5,5),SubmitNum-Num(2,4,4)]"
PROBLEM_smallest__ARGS_NUM__MUT_025,5304,smallest,Numeric,0.025,0,False,NONE,NONE,NONE,"NONE"
PROBLEM_smallest__ARGS_NUM__MUT_025,5305,smallest,Numeric,0.025,0,True,8,193,140,"[TestNumLessTEqu-Num(2,3,11),Div-Num(2,11,3),TestNumLessTEqu-Num(1,3,11),Div-Num(1,11,3),TestNumLessTEqu-Num(3,0,7),SubmitNum-Num(3,0,2),IfNot-Num(7,2,13),SubmitNum-Num(0,1,12)]"
PROBLEM_smallest__ARGS_NUM__MUT_025,5306,smallest,Numeric,0.025,0,True,24,433,329,"[Close(14,12,13),LoadNum1-Num(3,6,7),SubmitNum-Num(0,12,9),Close(5,4,8),LoadNum4-Num(5,9,10),TestNumGreaterTEqu-Num(7,13,13),While-Num(13,14,15),TestNumLess-Num(0,2,7),TestNumGreater-Num(1,5,11),LoadNum3-Num(6,4,5),LoadNum2-Num(0,12,2),SwapMem-Num(5,2,0),While-Num(13,2,12),TestNumLess-Num(3,2,13),Add-Num(0,4,2),SwapMem-Num(7,13,11),Close(8,6,6),Dec-Num(13,12,15),While-Num(11,7,15),SubmitNum-Num(6,5,7),LoadNum4-Num(0,12,7),SwapMem-Num(6,0,3),TestNumLess-Num(0,6,14),Add-Num(14,13,11)]"
PROBLEM_smallest__ARGS_NUM__MUT_025,5307,smallest,Numeric,0.025,0,True,15,398,212,"[SwapMem-Num(1,0,2),SwapMem-Num(7,2,10),TestNumLess-Num(0,3,3),IfNot-Num(3,3,14),LoadNum4-Num(0,6,3),Close(11,5,8),Close(15,2,14),TestNumLess-Num(0,7,3),IfNot-Num(3,13,8),SwapMem-Num(7,0,12),Close(8,14,6),LoadNum1-Num(7,2,9),IfNot-Num(12,11,0),SubmitNum-Num(0,6,3),Break(6,9,11)]"
PROBLEM_smallest__ARGS_NUM__MUT_025,5308,smallest,Numeric,0.025,0,True,12,499,443,"[Close(11,14,13),Close(14,15,12),SwapMem-Num(0,3,2),Add-Num(3,9,8),TestNumGreaterTEqu-Num(0,8,9),LoadNum2-Num(8,4,9),If-Num(9,15,5),TestNumGreaterTEqu-Num(3,8,7),LoadNum3-Num(0,2,10),SubmitNum-Num(3,8,1),Countdown-Num(7,11,4),SubmitNum-Num(8,5,1)]"
PROBLEM_smallest__ARGS_NUM__MUT_025,5309,smallest,Numeric,0.025,0,True,16,277,145,"[SubmitNum-Num(2,0,5),LoadNum1-Num(12,9,8),Set-5-Num(2,3,6),LoadNum3-Num(4,2,0),Close(7,3,8),LoadNum2-Num(0,12,8),TestNumLessTEqu-Num(12,1,11),If-Num(11,10,7),SwapMem-Num(0,12,6),Close(1,7,13),Countdown-Num(2,5,1),TestNumLessTEqu-Num(0,4,11),LoadNum4-Num(12,14,12),If-Num(11,9,15),LoadNum4-Num(4,2,10),SubmitNum-Num(0,1,2)]"
PROBLEM_smallest__ARGS_NUM__MUT_025,5310,smallest,Numeric,0.025,0,True,20,346,276,"[TestNumGreaterTEqu-Num(0,3,15),Close(6,4,1),TestNumLess-Num(1,3,10),TestNumLess-Num(10,15,0),SubmitNum-Num(1,4,12),Close(3,12,6),SubmitNum-Num(3,5,4),Countdown-Num(0,13,3),TestNumLess-Num(3,2,0),Close(5,13,8),SubmitNum-Num(2,10,12),LoadNum1-Num(3,3,3),LoadNum2-Num(10,8,2),Add-Num(3,14,0),IfNot-Num(8,9,0),TestNumLess-Num(10,2,14),TestNumLessTEqu-Num(10,3,4),While-Num(4,5,1),IfNot-Num(14,11,10),LoadNum2-Num(9,10,9)]"
PROBLEM_smallest__ARGS_NUM__MUT_025,5311,smallest,Numeric,0.025,0,True,14,187,155,"[SubmitNum-Num(1,6,13),LoadNum3-Num(10,5,15),Set-11-Num(2,8,2),While-Num(2,4,1),TestNumGreater-Num(1,0,13),Countdown-Num(13,6,5),TestNumGreaterTEqu-Num(0,10,2),SubmitNum-Num(0,14,15),Close(11,11,11),TestNumLessTEqu-Num(0,3,6),LoadNum3-Num(0,2,9),IfNot-Num(6,2,11),LoadNum4-Num(0,13,1),Set-9-Num(2,9,0)]"
PROBLEM_smallest__ARGS_NUM__MUT_025,5312,smallest,Numeric,0.025,0,True,13,412,176,"[TestNumLess-Num(0,2,14),LoadNum2-Num(4,0,6),Close(2,10,4),Countdown-Num(14,8,6),LoadNum1-Num(2,4,15),Close(13,12,13),TestNumLess-Num(4,2,14),SubmitNum-Num(2,9,11),LoadNum4-Num(4,4,5),While-Num(14,2,15),LoadNum2-Num(2,2,15),TestNumLess-Num(3,1,14),SubmitNum-Num(3,15,2)]"
PROBLEM_smallest__ARGS_NUM__MUT_025,5313,smallest,Numeric,0.025,0,True,42,490,174,"[Close(4,7,7),Floor-Num(6,9,15),TestNumGreaterTEqu-Num(0,1,8),SubmitNum-Num(11,11,3),Dec-Num(6,2,10),TestNumGreaterTEqu-Num(1,10,2),TestNumNEqu-Num(3,4,10),Set-1-Num(6,4,12),Set-0-Num(15,1,12),Div-Num(7,0,12),Set-5-Num(11,3,2),Set-15-Num(11,14,0),Not-Num(12,12,11),While-Num(8,13,14),Sub-Num(11,3,7),Set-4-Num(10,2,12),LoadNum2-Num(0,9,5),LoadNum2-Num(13,14,1),Inc-Num(6,14,13),Inc-Num(7,7,15),LoadNum3-Num(14,1,14),LoadNum4-Num(11,12,14),Set-13-Num(12,11,7),Div-Num(8,7,3),TestNumGreaterTEqu-Num(1,11,8),SubmitNum-Num(11,10,0),LoadNum3-Num(1,12,11),Close(15,13,6),LoadNum3-Num(11,4,4),Close(5,8,10),If-Num(15,5,15),LoadNum4-Num(11,8,10),Close(8,1,2),SubmitNum-Num(0,7,13),Close(4,9,0),Set-4-Num(13,11,11),LoadNum3-Num(1,1,14),Set-10-Num(15,13,10),TestNumGreater-Num(0,11,6),Countdown-Num(13,13,10),IfNot-Num(6,0,6),Not-Num(15,11,2)]"
PROBLEM_smallest__ARGS_NUM__MUT_025,5314,smallest,Numeric,0.025,0,True,18,383,368,"[SubmitNum-Num(0,1,11),Set-10-Num(7,2,5),LoadNum3-Num(6,2,10),Countdown-Num(7,10,1),TestNumGreater-Num(0,6,3),TestNumGreaterTEqu-Num(9,3,3),LoadNum2-Num(14,0,2),LoadNum4-Num(1,10,5),Countdown-Num(3,2,12),TestNumGreater-Num(0,1,3),TestNumGreaterTEqu-Num(4,3,3),LoadNum2-Num(6,12,6),LoadNum2-Num(1,0,4),Close(4,10,13),SubmitNum-Num(6,2,9),LoadNum4-Num(6,9,5),TestNumLessTEqu-Num(14,6,9),LoadNum3-Num(0,12,2)]"
PROBLEM_smallest__ARGS_NUM__MUT_025,5315,smallest,Numeric,0.025,0,True,28,500,486,"[CopyMem-Num(2,10,6),LoadNum1-Num(1,11,8),TestNumLessTEqu-Num(3,1,12),Close(6,4,2),Set-11-Num(9,15,2),SubmitNum-Num(2,7,4),Countdown-Num(12,0,11),LoadNum2-Num(2,7,12),Set-13-Num(12,4,9),LoadNum4-Num(1,6,2),TestNumLess-Num(10,3,12),CopyMem-Num(2,3,11),TestNumLess-Num(11,4,14),Close(13,1,10),Set-2-Num(12,12,10),TestNumLess-Num(1,2,14),Set-10-Num(15,4,11),While-Num(14,12,10),Set-5-Num(12,1,2),While-Num(12,1,4),Set-11-Num(7,12,12),LoadNum2-Num(2,12,11),Set-0-Num(9,0,1),TestNumGreater-Num(5,5,12),TestNumLess-Num(1,2,14),Close(15,9,7),SubmitNum-Num(1,4,9),Set-1-Num(4,5,4)]"
PROBLEM_smallest__ARGS_NUM__MUT_025,5316,smallest,Numeric,0.025,0,True,13,238,174,"[Set-8-Num(11,8,15),SwapMem-Num(0,2,12),SubmitNum-Num(1,9,4),Countdown-Num(11,8,8),TestNumGreaterTEqu-Num(0,11,3),TestNumGreaterTEqu-Num(2,1,0),IfNot-Num(0,7,1),Sub-Num(2,0,1),SubmitNum-Num(1,3,4),Close(7,1,14),LoadNum4-Num(2,4,15),IfNot-Num(3,7,10),LoadNum3-Num(2,0,3)]"
PROBLEM_smallest__ARGS_NUM__MUT_025,5317,smallest,Numeric,0.025,0,True,14,338,338,"[SwapMem-Num(2,10,2),SubmitNum-Num(1,2,2),TestNumGreater-Num(3,10,13),Set-13-Num(15,15,14),Div-Num(10,13,3),While-Num(15,9,2),TestNumLess-Num(1,0,15),CopyMem-Num(3,0,14),IfNot-Num(15,1,3),SubmitNum-Num(0,0,15),LoadNum1-Num(0,4,12),TestNumGreaterTEqu-Num(3,0,14),Countdown-Num(14,15,2),SubmitNum-Num(0,3,2)]"
PROBLEM_smallest__ARGS_NUM__MUT_025,5318,smallest,Numeric,0.025,0,True,10,115,99,"[Close(1,7,5),SwapMem-Num(1,0,6),TestNumGreaterTEqu-Num(3,0,12),If-Num(12,9,1),Add-Num(4,0,3),Close(11,7,14),Sub-Num(2,9,0),SubmitNum-Num(3,15,13),If-Num(9,1,9),TestNumEqu-Num(10,5,0)]"
PROBLEM_smallest__ARGS_NUM__MUT_025,5319,smallest,Numeric,0.025,0,True,12,243,207,"[Set-9-Num(4,11,10),Countdown-Num(4,10,8),SwapMem-Num(0,1,3),SubmitNum-Num(3,14,12),TestNumLessTEqu-Num(0,1,13),LoadNum4-Num(2,4,3),Countdown-Num(13,4,8),LoadNum3-Num(1,6,4),TestNumLessTEqu-Num(0,2,13),LoadNum3-Num(2,10,14),SubmitNum-Num(0,2,3),Set-4-Num(12,6,14)]"
PROBLEM_smallest__ARGS_NUM__MUT_025,5320,smallest,Numeric,0.025,0,True,15,438,182,"[SubmitNum-Num(0,9,0),TestNumGreaterTEqu-Num(0,1,10),TestNumLessTEqu-Num(3,2,3),Countdown-Num(3,10,1),LoadNum4-Num(2,1,3),Close(9,15,10),TestNumLessTEqu-Num(2,0,3),Countdown-Num(3,7,7),Set-13-Num(10,3,7),Close(11,15,14),If-Num(10,0,3),SubmitNum-Num(1,14,10),TestNumLess-Num(2,1,5),Countdown-Num(5,4,0),SubmitNum-Num(2,3,5)]"
PROBLEM_smallest__ARGS_NUM__MUT_025,5321,smallest,Numeric,0.025,0,False,NONE,NONE,NONE,"NONE"
PROBLEM_smallest__ARGS_NUM__MUT_025,5322,smallest,Numeric,0.025,0,True,11,109,87,"[SwapMem-Num(0,4,4),Close(9,4,2),Add-Num(14,2,15),TestNumLessTEqu-Num(4,15,3),LoadNum4-Num(14,11,8),Div-Num(4,3,15),SubmitNum-Num(15,0,2),LoadNum2-Num(4,14,3),TestNumLess-Num(15,14,2),While-Num(2,15,13),TestNumLess-Num(15,4,2)]"
PROBLEM_smallest__ARGS_NUM__MUT_025,5323,smallest,Numeric,0.025,0,True,25,389,230,"[LoadNum4-Num(6,13,12),LoadNum1-Num(5,12,8),Close(2,7,11),TestNumGreater-Num(1,3,4),SwapMem-Num(0,2,6),SubmitNum-Num(1,4,10),SwapMem-Num(0,3,6),While-Num(4,13,7),If-Num(3,9,12),LoadNum3-Num(15,9,9),TestNumGreater-Num(0,5,11),LoadNum3-Num(12,13,2),Mult-Num(8,9,13),TestNumEqu-Num(11,13,7),SubmitNum-Num(15,4,13),TestNumGreater-Num(0,12,3),While-Num(7,11,8),Add-Num(13,3,7),Close(8,6,1),CopyMem-Num(5,8,5),Close(15,6,7),SubmitNum-Num(8,3,10),Mult-Num(14,2,12),SwapMem-Num(8,0,14),TestNumGreater-Num(8,0,3)]"
PROBLEM_smallest__ARGS_NUM__MUT_025,5324,smallest,Numeric,0.025,0,True,16,332,149,"[Close(1,3,1),TestNumGreaterTEqu-Num(2,1,4),TestNumGreater-Num(6,3,7),TestNumGreaterTEqu-Num(3,0,15),TestNumLessTEqu-Num(14,7,8),Close(12,4,0),SubmitNum-Num(1,6,13),While-Num(8,6,11),CopyMem-Num(3,9,11),SubmitNum-Num(9,12,13),SwapMem-Num(14,4,4),CopyMem-Num(1,6,5),Mult-Num(2,8,0),Countdown-Num(15,15,13),SubmitNum-Num(2,2,15),LoadNum1-Num(3,10,10)]"
PROBLEM_smallest__ARGS_NUM__MUT_025,5325,smallest,Numeric,0.025,0,False,NONE,NONE,NONE,"NONE"
PROBLEM_smallest__ARGS_NUM__MUT_025,5326,smallest,Numeric,0.025,0,True,15,154,123,"[TestNumGreaterTEqu-Num(1,3,7),IfNot-Num(7,3,5),LoadNum2-Num(3,0,8),Close(8,14,9),LoadNum1-Num(1,12,2),Set-5-Num(0,7,8),TestNumGreaterTEqu-Num(1,2,7),IfNot-Num(7,3,12),LoadNum1-Num(2,0,9),Close(3,5,11),While-Num(0,10,4),TestNumLess-Num(2,3,15),SubmitNum-Num(2,6,13),IfNot-Num(15,4,13),SwapMem-Num(3,2,14)]"
PROBLEM_smallest__ARGS_NUM__MUT_025,5327,smallest,Numeric,0.025,0,True,19,500,439,"[LoadNum3-Num(8,0,9),Close(6,4,11),TestNumGreaterTEqu-Num(0,3,12),Set-3-Num(10,13,6),While-Num(12,14,5),TestNumLess-Num(8,3,10),SwapMem-Num(0,1,14),SubmitNum-Num(3,15,14),Break(5,14,1),Close(2,8,6),While-Num(10,1,3),Set-2-Num(12,1,15),Sub-Num(14,14,10),While-Num(12,15,15),CopyMem-Num(1,3,15),SubmitNum-Num(0,1,1),TestNumGreater-Num(1,0,12),LoadNum3-Num(1,14,8),Close(5,11,15)]"
PROBLEM_smallest__ARGS_NUM__MUT_025,5328,smallest,Numeric,0.025,0,False,NONE,NONE,NONE,"NONE"
PROBLEM_smallest__ARGS_NUM__MUT_025,5329,smallest,Numeric,0.025,0,True,17,304,70,"[Set-1-Num(1,15,9),LoadNum4-Num(5,4,8),Close(10,4,2),LoadNum2-Num(10,8,11),TestNumGreater-Num(0,10,9),TestNumLessTEqu-Num(2,3,8),Mult-Num(0,1,4),Div-Num(10,9,4),Countdown-Num(8,14,10),TestNumLess-Num(4,2,8),LoadNum3-Num(5,7,14),SubmitNum-Num(4,6,2),Close(13,7,12),Add-Num(4,12,2),SubmitNum-Num(5,15,12),IfNot-Num(1,5,8),LoadNum1-Num(13,6,4)]"
PROBLEM_smallest__ARGS_NUM__MUT_025,5330,smallest,Numeric,0.025,0,True,15,305,145,"[TestNumLessTEqu-Num(3,2,7),LoadNum3-Num(0,13,6),Countdown-Num(7,2,8),LoadNum4-Num(0,9,0),Close(8,12,12),TestNumGreater-Num(0,1,14),LoadNum1-Num(3,2,1),While-Num(14,2,0),LoadNum2-Num(0,13,9),Break(13,1,14),Close(0,14,1),TestNumGreater-Num(0,3,1),SubmitNum-Num(0,8,1),While-Num(1,15,6),SubmitNum-Num(3,7,11)]"
PROBLEM_smallest__ARGS_NUM__MUT_025,5331,smallest,Numeric,0.025,0,True,32,451,451,"[LoadNum1-Num(10,2,6),TestNumLessTEqu-Num(13,9,12),LoadNum2-Num(6,7,1),Close(10,15,12),TestNumGreaterTEqu-Num(0,6,15),If-Num(15,7,14),CopyMem-Num(6,0,4),Set-7-Num(1,7,12),Close(13,2,5),Close(13,7,0),Add-Num(10,15,9),Set-15-Num(5,7,8),Set-9-Num(7,5,0),SubmitNum-Num(0,8,13),Close(8,3,1),Div-Num(0,11,13),TestNumLessTEqu-Num(10,3,5),LoadNum4-Num(3,5,7),SwapMem-Num(10,6,14),SwapMem-Num(12,1,12),LoadNum3-Num(6,12,10),SubmitNum-Num(3,3,3),Countdown-Num(5,0,7),Set-6-Num(2,14,7),If-Num(1,9,2),TestNumEqu-Num(15,7,12),Set-15-Num(7,5,14),Set-8-Num(11,15,8),Set-5-Num(1,4,9),LoadNum3-Num(5,3,14),IfNot-Num(2,11,5),Set-8-Num(13,11,7)]"
PROBLEM_smallest__ARGS_NUM__MUT_025,5332,smallest,Numeric,0.025,0,False,NONE,NONE,NONE,"NONE"
PROBLEM_smallest__ARGS_NUM__MUT_025,5333,smallest,Numeric,0.025,0,True,14,468,258,"[Close(15,1,8),Set-6-Num(0,3,7),LoadNum3-Num(13,5,14),While-Num(0,10,2),SubmitNum-Num(13,6,10),TestNumLess-Num(3,13,12),LoadNum1-Num(4,3,8),Div-Num(3,12,13),TestNumGreaterTEqu-Num(4,1,6),TestNumLessTEqu-Num(13,1,0),SubmitNum-Num(1,7,9),LoadNum1-Num(1,0,12),If-Num(6,0,3),Div-Num(15,11,12)]"
PROBLEM_smallest__ARGS_NUM__MUT_025,5334,smallest,Numeric,0.025,0,True,10,308,296,"[CopyMem-Num(2,5,8),LoadNum4-Num(13,8,2),Close(11,9,6),SwapMem-Num(1,5,7),TestNumLessTEqu-Num(5,1,3),While-Num(3,0,0),SubmitNum-Num(5,1,13),SwapMem-Num(1,13,14),TestNumLessTEqu-Num(5,1,3),SwapMem-Num(0,13,14)]"
PROBLEM_smallest__ARGS_NUM__MUT_025,5335,smallest,Numeric,0.025,0,False,NONE,NONE,NONE,"NONE"
PROBLEM_smallest__ARGS_NUM__MUT_025,5336,smallest,Numeric,0.025,0,True,27,161,147,"[SubmitNum-Num(2,5,2),SwapMem-Num(2,10,14),Not-Num(7,7,1),While-Num(7,4,7),TestNumGreater-Num(10,0,11),SwapMem-Num(3,1,3),IfNot-Num(13,10,11),IfNot-Num(11,0,5),LoadNum3-Num(0,6,11),TestNumGreater-Num(6,6,13),Close(3,14,9),TestNumGreater-Num(15,15,14),Floor-Num(6,10,10),TestNumGreater-Num(1,0,11),SubmitNum-Num(0,14,13),IfNot-Num(11,12,15),Set-15-Num(7,14,3),Set-14-Num(4,15,9),SubmitNum-Num(1,0,3),LoadNum4-Num(14,11,1),LoadNum2-Num(0,14,15),TestNumGreater-Num(3,14,2),LoadNum3-Num(14,3,3),SwapMem-Num(2,13,8),Close(3,6,13),Break(9,4,2),Set-16-Num(2,12,0)]"
PROBLEM_smallest__ARGS_NUM__MUT_025,5337,smallest,Numeric,0.025,0,True,10,299,86,"[Close(7,8,5),Add-Num(11,1,5),SubmitNum-Num(0,11,7),TestNumGreater-Num(0,3,13),Div-Num(3,13,0),LoadNum3-Num(1,6,14),TestNumNEqu-Num(5,3,13),Div-Num(5,13,3),If-Num(9,5,0),CopyMem-Num(3,4,1)]"
PROBLEM_smallest__ARGS_NUM__MUT_025,5338,smallest,Numeric,0.025,0,False,NONE,NONE,NONE,"NONE"
PROBLEM_smallest__ARGS_NUM__MUT_025,5339,smallest,Numeric,0.025,0,False,NONE,NONE,NONE,"NONE"
PROBLEM_smallest__ARGS_NUM__MUT_025,5340,smallest,Numeric,0.025,0,True,13,330,221,"[TestNumGreater-Num(0,2,10),LoadNum1-Num(4,6,14),Countdown-Num(10,10,13),LoadNum3-Num(4,2,14),Close(4,6,8),TestNumLess-Num(1,3,10),Countdown-Num(10,0,1),LoadNum2-Num(3,6,13),Close(5,8,7),TestNumGreater-Num(3,4,10),SubmitNum-Num(3,12,5),Countdown-Num(10,0,4),SubmitNum-Num(4,4,6)]"
PROBLEM_smallest__ARGS_NUM__MUT_025,5341,smallest,Numeric,0.025,0,True,17,434,303,"[Set-9-Num(15,9,7),SubmitNum-Num(0,14,3),Set-9-Num(2,10,14),SwapMem-Num(2,0,8),While-Num(0,0,11),If-Num(15,9,4),CopyMem-Num(2,12,12),TestNumLessTEqu-Num(1,2,6),SubmitNum-Num(2,13,3),Close(5,9,5),Countdown-Num(6,4,9),Add-Num(1,6,12),SubmitNum-Num(12,9,12),Close(7,10,9),Add-Num(8,3,2),TestNumLess-Num(2,12,15),LoadNum3-Num(3,2,7)]"
PROBLEM_smallest__ARGS_NUM__MUT_025,5342,smallest,Numeric,0.025,0,True,20,480,136,"[TestNumLess-Num(1,0,7),Set-1-Num(2,14,0),LoadNum1-Num(1,11,6),TestNumEqu-Num(7,11,9),SubmitNum-Num(1,1,12),While-Num(2,12,11),Inc-Num(3,12,7),TestNumGreater-Num(3,1,8),Mult-Num(9,8,0),LoadNum3-Num(2,4,11),IfNot-Num(0,4,15),SwapMem-Num(8,9,8),LoadNum2-Num(1,12,14),LoadNum4-Num(2,4,11),SubmitNum-Num(1,6,13),Close(4,10,11),TestNumGreaterTEqu-Num(2,1,8),IfNot-Num(8,0,0),Add-Num(2,14,1),SubmitNum-Num(2,12,1)]"
PROBLEM_smallest__ARGS_NUM__MUT_025,5343,smallest,Numeric,0.025,0,True,18,384,357,"[Sub-Num(3,2,10),Set-7-Num(12,3,8),SubmitNum-Num(1,5,9),LoadNum1-Num(5,0,6),TestNumLessTEqu-Num(10,4,6),While-Num(12,13,15),Sub-Num(5,1,14),LoadNum3-Num(5,13,0),TestNumLessTEqu-Num(6,14,7),If-Num(6,14,12),LoadNum4-Num(5,1,1),Close(11,12,2),IfNot-Num(7,6,0),TestNumGreaterTEqu-Num(5,0,6),Countdown-Num(12,11,6),SubmitNum-Num(5,15,14),Countdown-Num(6,14,6),LoadNum1-Num(5,11,15)]"
PROBLEM_smallest__ARGS_NUM__MUT_025,5344,smallest,Numeric,0.025,0,True,20,389,216,"[LoadNum2-Num(10,9,1),TestNumLess-Num(3,10,9),LoadNum4-Num(12,9,9),TestNumLess-Num(0,12,7),Not-Num(9,10,6),SwapMem-Num(4,7,13),Set-2-Num(1,7,4),Div-Num(9,9,4),SubmitNum-Num(3,15,7),While-Num(1,6,11),TestNumLess-Num(7,4,14),TestNumGreaterTEqu-Num(12,2,4),Countdown-Num(14,11,7),Div-Num(0,3,14),TestNumLess-Num(10,2,4),SubmitNum-Num(2,7,12),LoadNum1-Num(10,4,10),Countdown-Num(4,9,10),SubmitNum-Num(10,8,1),LoadNum2-Num(2,15,15)]"
PROBLEM_smallest__ARGS_NUM__MUT_025,5345,smallest,Numeric,0.025,0,True,11,138,115,"[LoadNum1-Num(1,14,6),Close(3,5,13),SubmitNum-Num(1,9,9),IfNot-Num(12,5,14),SwapMem-Num(3,2,1),TestNumLessTEqu-Num(3,1,14),Countdown-Num(14,2,10),SwapMem-Num(3,1,10),Close(7,6,14),LoadNum2-Num(3,3,0),Break(14,9,1)]"
PROBLEM_smallest__ARGS_NUM__MUT_025,5346,smallest,Numeric,0.025,0,False,NONE,NONE,NONE,"NONE"
PROBLEM_smallest__ARGS_NUM__MUT_025,5347,smallest,Numeric,0.025,0,True,20,392,231,"[Set-1-Num(4,0,12),TestNumGreaterTEqu-Num(0,2,13),While-Num(4,9,4),Countdown-Num(15,12,4),Not-Num(15,10,15),Close(13,14,7),LoadNum4-Num(0,6,7),LoadNum1-Num(7,5,1),SubmitNum-Num(2,5,7),Div-Num(2,13,7),LoadNum2-Num(2,6,12),SubmitNum-Num(3,8,1),TestNumLessTEqu-Num(2,0,8),While-Num(1,10,6),TestNumLess-Num(0,7,1),Mod-Num(8,8,1),Close(3,2,13),SubmitNum-Num(7,15,13),Sub-Num(7,2,10),TestNumGreater-Num(8,10,15)]"
PROBLEM_smallest__ARGS_NUM__MUT_025,5348,smallest,Numeric,0.025,0,False,NONE,NONE,NONE,"NONE"
PROBLEM_smallest__ARGS_NUM__MUT_025,5349,smallest,Numeric,0.025,0,False,NONE,NONE,NONE,"NONE"
PROBLEM_smallest__ARGS_NUM__MUT_025,5350,smallest,Numeric,0.025,0,True,18,457,385,"[Close(6,11,3),SubmitNum-Num(0,8,6),Set-2-Num(4,2,9),LoadNum3-Num(10,10,9),TestNumLess-Num(1,0,7),While-Num(7,14,10),TestNumGreater-Num(1,10,4),LoadNum4-Num(0,11,13),SubmitNum-Num(1,14,4),SwapMem-Num(5,7,9),Close(12,11,7),Countdown-Num(4,3,9),LoadNum3-Num(1,4,1),TestNumLess-Num(3,0,7),While-Num(7,11,9),LoadNum4-Num(0,3,9),SwapMem-Num(5,7,13),Close(15,2,5)]"
PROBLEM_smallest__ARGS_NUM__MUT_05,5251,smallest,Numeric,0.05,0,False,NONE,NONE,NONE,"NONE"
PROBLEM_smallest__ARGS_NUM__MUT_05,5252,smallest,Numeric,0.05,0,True,17,457,366,"[LoadNum4-Num(10,4,10),TestNumGreaterTEqu-Num(2,10,8),Set-16-Num(14,12,5),TestNumLess-Num(1,0,7),Countdown-Num(7,0,6),LoadNum2-Num(0,1,11),Close(3,0,9),SubmitNum-Num(2,10,6),TestNumGreater-Num(2,0,9),While-Num(14,15,8),TestNumLess-Num(10,0,12),Mult-Num(14,8,14),SwapMem-Num(12,9,12),While-Num(12,4,0),SubmitNum-Num(0,6,5),LoadNum4-Num(0,10,1),Break(3,3,6)]"
PROBLEM_smallest__ARGS_NUM__MUT_05,5253,smallest,Numeric,0.05,0,False,NONE,NONE,NONE,"NONE"
PROBLEM_smallest__ARGS_NUM__MUT_05,5254,smallest,Numeric,0.05,0,True,14,403,266,"[TestNumLessTEqu-Num(2,0,15),LoadNum1-Num(9,0,4),Close(8,12,0),Div-Num(2,15,9),TestNumGreaterTEqu-Num(3,9,2),SubmitNum-Num(9,0,10),TestNumLess-Num(9,1,15),LoadNum4-Num(9,6,3),While-Num(15,15,12),Add-Num(5,2,15),Close(6,6,7),SubmitNum-Num(1,14,11),If-Num(2,2,1),Set-12-Num(6,7,6)]"
PROBLEM_smallest__ARGS_NUM__MUT_05,5255,smallest,Numeric,0.05,0,True,16,204,103,"[LoadNum1-Num(7,3,7),SubmitNum-Num(7,7,1),LoadNum3-Num(11,1,8),Close(10,4,15),Close(7,10,10),TestNumLessTEqu-Num(7,11,4),IfNot-Num(4,8,14),SubmitNum-Num(11,5,8),LoadNum3-Num(7,10,10),Close(0,1,6),Countdown-Num(4,10,5),TestNumLessTEqu-Num(7,1,9),LoadNum4-Num(11,13,14),IfNot-Num(9,8,14),LoadNum2-Num(7,1,11),SubmitNum-Num(7,10,8)]"
PROBLEM_smallest__ARGS_NUM__MUT_05,5256,smallest,Numeric,0.05,0,False,NONE,NONE,NONE,"NONE"
PROBLEM_smallest__ARGS_NUM__MUT_05,5257,smallest,Numeric,0.05,0,True,16,147,125,"[LoadNum1-Num(1,2,14),Set-13-Num(13,0,9),SubmitNum-Num(1,2,6),While-Num(13,13,7),Sub-Num(0,7,11),TestNumLess-Num(2,1,4),If-Num(4,4,10),CopyMem-Num(2,1,4),SubmitNum-Num(2,12,9),Close(8,0,14),LoadNum2-Num(2,10,0),TestNumLess-Num(3,1,14),Set-4-Num(11,15,0),If-Num(14,10,7),CopyMem-Num(12,8,1),SubmitNum-Num(3,6,8)]"
PROBLEM_smallest__ARGS_NUM__MUT_05,5258,smallest,Numeric,0.05,0,False,NONE,NONE,NONE,"NONE"
PROBLEM_smallest__ARGS_NUM__MUT_05,5259,smallest,Numeric,0.05,0,True,15,474,444,"[LoadNum4-Num(14,12,10),TestNumLessTEqu-Num(2,1,3),Close(11,0,5),SubmitNum-Num(1,6,2),CopyMem-Num(14,8,11),TestNumGreaterTEqu-Num(0,8,15),If-Num(3,13,11),LoadNum3-Num(1,8,0),Close(4,3,12),IfNot-Num(15,1,4),LoadNum1-Num(8,11,15),Close(1,0,13),TestNumGreater-Num(1,8,13),If-Num(13,5,1),SubmitNum-Num(8,11,4)]"
PROBLEM_smallest__ARGS_NUM__MUT_05,5260,smallest,Numeric,0.05,0,False,NONE,NONE,NONE,"NONE"
PROBLEM_smallest__ARGS_NUM__MUT_05,5261,smallest,Numeric,0.05,0,True,14,299,179,"[SubmitNum-Num(1,14,14),Close(2,8,15),TestNumGreater-Num(1,2,8),If-Num(8,4,1),SubmitNum-Num(2,4,13),CopyMem-Num(2,1,13),Close(6,4,9),TestNumGreater-Num(1,0,8),If-Num(8,4,9),SubmitNum-Num(0,3,0),Close(14,12,2),LoadNum4-Num(2,2,0),IfNot-Num(0,14,11),TestNumGreaterTEqu-Num(13,7,7)]"
PROBLEM_smallest__ARGS_NUM__MUT_05,5262,smallest,Numeric,0.05,0,True,12,110,96,"[TestNumGreater-Num(3,2,4),If-Num(4,9,3),SwapMem-Num(2,3,10),Close(9,1,0),SubmitNum-Num(0,5,2),TestNumGreater-Num(3,1,12),If-Num(12,9,14),SwapMem-Num(1,3,0),Close(11,15,3),TestNumGreater-Num(0,3,0),If-Num(0,11,9),SubmitNum-Num(3,10,15)]"
PROBLEM_smallest__ARGS_NUM__MUT_05,5263,smallest,Numeric,0.05,0,False,NONE,NONE,NONE,"NONE"
PROBLEM_smallest__ARGS_NUM__MUT_05,5264,smallest,Numeric,0.05,0,True,17,443,363,"[TestNumGreaterTEqu-Num(2,0,6),SubmitNum-Num(3,4,4),LoadNum3-Num(7,15,1),Not-Num(6,10,14),LoadNum2-Num(0,5,8),Close(0,7,5),IfNot-Num(6,7,11),LoadNum1-Num(7,11,9),Close(3,4,14),TestNumGreaterTEqu-Num(7,0,6),TestNumLess-Num(7,3,1),If-Num(1,10,10),SubmitNum-Num(7,7,3),Close(1,9,9),CopyMem-Num(0,7,5),IfNot-Num(6,1,13),Add-Num(10,14,11)]"
PROBLEM_smallest__ARGS_NUM__MUT_05,5265,smallest,Numeric,0.05,0,True,14,499,471,"[TestNumLess-Num(2,0,10),IfNot-Num(10,11,0),LoadNum1-Num(2,8,10),Close(1,15,11),TestNumLess-Num(2,1,10),IfNot-Num(10,8,8),LoadNum2-Num(2,15,14),Close(4,5,4),TestNumLess-Num(15,2,10),Mod-Num(10,0,6),TestNumLess-Num(2,3,6),SubmitNum-Num(2,13,3),IfNot-Num(6,13,9),SubmitNum-Num(3,15,0)]"
PROBLEM_smallest__ARGS_NUM__MUT_05,5266,smallest,Numeric,0.05,0,True,13,204,178,"[SubmitNum-Num(0,6,8),Set-7-Num(6,4,14),LoadNum1-Num(10,9,0),TestNumGreater-Num(3,1,0),Countdown-Num(6,0,8),Div-Num(1,0,3),LoadNum3-Num(1,0,11),TestNumLess-Num(10,3,6),TestNumGreater-Num(3,2,0),Close(11,3,6),SubmitNum-Num(3,11,8),Countdown-Num(0,6,8),SubmitNum-Num(1,8,6)]"
PROBLEM_smallest__ARGS_NUM__MUT_05,5267,smallest,Numeric,0.05,0,True,16,432,394,"[LoadNum3-Num(5,7,1),LoadNum1-Num(14,2,12),Set-2-Num(15,14,11),While-Num(15,2,7),TestNumLessTEqu-Num(14,3,2),SubmitNum-Num(1,5,7),IfNot-Num(2,7,6),Add-Num(8,3,14),Close(3,0,14),TestNumLessTEqu-Num(14,1,11),Countdown-Num(11,10,14),SubmitNum-Num(14,9,4),Close(11,2,9),TestNumNEqu-Num(2,9,3),LoadNum3-Num(3,7,6),Set-5-Num(15,1,15)]"
PROBLEM_smallest__ARGS_NUM__MUT_05,5268,smallest,Numeric,0.05,0,True,15,200,123,"[SubmitNum-Num(0,1,6),Dec-Num(14,9,7),TestNumLessTEqu-Num(2,1,5),Countdown-Num(14,12,4),SwapMem-Num(2,1,6),TestNumLess-Num(1,0,10),Countdown-Num(5,9,11),TestNumGreater-Num(1,3,14),Close(8,9,3),TestNumGreaterTEqu-Num(6,10,15),TestNumGreaterTEqu-Num(15,15,5),IfNot-Num(15,0,6),SubmitNum-Num(1,14,1),Close(13,11,2),LoadNum4-Num(1,4,8)]"
PROBLEM_smallest__ARGS_NUM__MUT_05,5269,smallest,Numeric,0.05,0,False,NONE,NONE,NONE,"NONE"
PROBLEM_smallest__ARGS_NUM__MUT_05,5270,smallest,Numeric,0.05,0,True,14,470,358,"[TestNumGreaterTEqu-Num(12,8,3),LoadNum4-Num(15,2,8),LoadNum2-Num(2,14,10),Set-10-Num(1,5,3),While-Num(1,9,11),TestNumLessTEqu-Num(15,2,12),Div-Num(15,12,2),SubmitNum-Num(2,8,13),Countdown-Num(3,12,10),SubmitNum-Num(0,4,1),TestNumLess-Num(0,15,13),LoadNum3-Num(15,4,5),If-Num(13,11,8),TestNumLess-Num(0,2,3)]"
PROBLEM_smallest__ARGS_NUM__MUT_05,5271,smallest,Numeric,0.05,0,True,33,421,310,"[Close(7,4,3),Set-9-Num(9,11,6),Close(3,3,5),Close(8,2,15),Break(4,10,7),Set-3-Num(11,14,4),Close(13,4,7),LoadNum3-Num(6,14,2),Div-Num(14,2,9),LoadNum3-Num(14,13,0),SubmitNum-Num(1,5,9),Add-Num(5,7,9),Set-0-Num(9,13,6),TestNumLessTEqu-Num(3,1,2),TestNumGreater-Num(6,0,10),TestNumGreater-Num(6,1,14),Close(6,9,15),Set-3-Num(11,0,13),Set-6-Num(6,0,11),TestNumLessTEqu-Num(14,2,13),Set-12-Num(7,1,14),LoadNum3-Num(3,14,14),If-Num(13,0,4),LoadNum3-Num(13,14,2),LoadNum4-Num(1,9,14),TestNumEqu-Num(7,4,7),SubmitNum-Num(3,11,4),LoadNum4-Num(8,10,13),Close(1,0,9),If-Num(10,13,7),TestNumLessTEqu-Num(0,1,13),While-Num(13,4,2),SubmitNum-Num(0,1,8)]"
PROBLEM_smallest__ARGS_NUM__MUT_05,5272,smallest,Numeric,0.05,0,True,22,238,199,"[Close(9,2,8),TestNumLess-Num(0,3,3),Div-Num(4,5,12),Close(8,8,9),LoadNum2-Num(13,4,14),SubmitNum-Num(0,10,10),Break(5,9,12),LoadNum3-Num(5,2,1),LoadNum4-Num(12,10,8),Close(10,11,3),TestNumLess-Num(0,1,11),SwapMem-Num(5,12,11),LoadNum3-Num(1,7,15),SwapMem-Num(3,11,6),IfNot-Num(11,0,13),TestNumGreaterTEqu-Num(5,13,6),SwapMem-Num(13,0,10),IfNot-Num(6,8,3),LoadNum4-Num(0,5,15),TestNumGreaterTEqu-Num(1,0,6),IfNot-Num(6,7,6),SubmitNum-Num(2,2,0)]"
PROBLEM_smallest__ARGS_NUM__MUT_05,5273,smallest,Numeric,0.05,0,True,11,364,146,"[SubmitNum-Num(0,15,6),Close(15,9,3),TestNumLess-Num(1,0,10),If-Num(10,8,10),SubmitNum-Num(1,7,1),Add-Num(1,12,0),Close(8,12,14),TestNumLess-Num(3,0,10),LoadNum3-Num(1,6,0),Countdown-Num(10,8,15),SubmitNum-Num(3,0,4)]"
PROBLEM_smallest__ARGS_NUM__MUT_05,5274,smallest,Numeric,0.05,0,True,20,489,458,"[Set-15-Num(6,1,10),Countdown-Num(6,5,2),SwapMem-Num(0,10,3),SwapMem-Num(0,1,0),SubmitNum-Num(10,4,15),While-Num(15,4,14),TestNumGreaterTEqu-Num(10,0,13),Break(9,2,10),Close(11,9,15),TestNumLess-Num(0,3,15),TestNumGreaterTEqu-Num(0,10,8),Set-3-Num(5,8,8),Countdown-Num(5,8,5),LoadNum3-Num(1,13,8),TestNumGreater-Num(0,10,5),If-Num(8,14,14),Not-Num(8,9,9),LoadNum4-Num(0,6,5),TestNumGreater-Num(2,10,5),While-Num(13,1,0)]"
PROBLEM_smallest__ARGS_NUM__MUT_05,5275,smallest,Numeric,0.05,0,True,7,220,34,"[TestNumGreaterTEqu-Num(1,2,12),Div-Num(2,12,1),TestNumGreaterTEqu-Num(0,1,12),Div-Num(1,12,0),TestNumGreaterTEqu-Num(0,3,12),Div-Num(3,12,0),SubmitNum-Num(0,13,11)]"
PROBLEM_smallest__ARGS_NUM__MUT_05,5276,smallest,Numeric,0.05,0,True,18,464,407,"[TestNumGreaterTEqu-Num(0,1,15),Close(15,15,1),If-Num(11,0,2),SwapMem-Num(2,1,3),Close(9,1,12),While-Num(15,13,15),SubmitNum-Num(1,5,8),Sub-Num(7,10,11),LoadNum3-Num(0,2,12),SwapMem-Num(2,10,7),LoadNum4-Num(2,3,7),TestNumLessTEqu-Num(1,10,15),Close(8,9,3),SwapMem-Num(0,1,11),Set-5-Num(15,0,2),IfNot-Num(15,14,4),While-Num(13,2,13),Close(3,7,14)]"
PROBLEM_smallest__ARGS_NUM__MUT_05,5277,smallest,Numeric,0.05,0,True,7,75,51,"[TestNumLessTEqu-Num(1,0,4),Div-Num(1,4,0),TestNumLessTEqu-Num(3,0,4),Div-Num(3,4,0),TestNumLessTEqu-Num(2,0,4),Div-Num(2,4,0),SubmitNum-Num(0,13,4)]"
PROBLEM_smallest__ARGS_NUM__MUT_05,5278,smallest,Numeric,0.05,0,True,30,457,344,"[TestNumEqu-Num(15,11,12),TestNumLess-Num(0,2,8),While-Num(12,6,9),Floor-Num(6,5,14),LoadNum2-Num(9,11,6),TestNumLessTEqu-Num(13,6,13),TestNumGreaterTEqu-Num(8,1,5),Countdown-Num(8,2,9),Mod-Num(6,14,0),SubmitNum-Num(3,13,1),LoadNum1-Num(2,13,4),Dec-Num(9,14,10),Close(14,6,5),Floor-Num(7,4,12),Floor-Num(8,4,7),SubmitNum-Num(3,1,3),LoadNum4-Num(5,7,15),CopyMem-Num(4,12,4),LoadNum2-Num(15,12,15),SubmitNum-Num(1,7,11),Div-Num(15,1,6),TestNumLess-Num(3,15,8),TestNumLessTEqu-Num(1,2,12),Set-0-Num(4,5,12),LoadNum4-Num(4,14,13),Close(15,4,15),SubmitNum-Num(2,11,15),TestNumLess-Num(4,2,8),Countdown-Num(8,3,15),SubmitNum-Num(3,2,6)]"
PROBLEM_smallest__ARGS_NUM__MUT_05,5279,smallest,Numeric,0.05,0,True,22,480,290,"[Close(8,4,0),SubmitNum-Num(0,2,4),TestNumEqu-Num(7,6,2),Sub-Num(0,3,4),LoadNum1-Num(12,14,9),Close(0,6,13),TestNumLessTEqu-Num(4,15,2),While-Num(2,3,8),Sub-Num(12,15,0),TestNumLessTEqu-Num(0,1,2),LoadNum2-Num(13,11,11),LoadNum3-Num(3,4,14),TestNumGreater-Num(3,13,7),LoadNum3-Num(1,2,7),Close(10,7,5),Floor-Num(6,4,3),SubmitNum-Num(3,13,7),LoadNum2-Num(0,10,15),Add-Num(15,4,15),If-Num(7,3,3),While-Num(10,3,6),Set-14-Num(9,0,3)]"
PROBLEM_smallest__ARGS_NUM__MUT_05,5280,smallest,Numeric,0.05,0,True,22,287,287,"[SwapMem-Num(2,14,15),TestNumLessTEqu-Num(3,1,0),If-Num(0,10,0),LoadNum4-Num(1,14,2),Close(4,14,14),LoadNum1-Num(8,9,13),SubmitNum-Num(8,14,7),TestNumLess-Num(14,1,5),Set-12-Num(7,10,15),If-Num(5,1,1),Mod-Num(8,14,1),LoadNum1-Num(4,9,5),LoadNum3-Num(1,4,15),Close(4,1,10),Set-2-Num(2,13,11),TestNumLess-Num(1,8,8),Mod-Num(0,5,7),While-Num(8,9,2),SubmitNum-Num(1,15,6),Mod-Num(2,4,11),LoadNum3-Num(1,5,9),While-Num(7,14,3)]"
PROBLEM_smallest__ARGS_NUM__MUT_05,5281,smallest,Numeric,0.05,0,True,15,322,150,"[TestNumGreater-Num(1,3,5),SubmitNum-Num(0,7,7),TestNumLess-Num(2,0,15),Countdown-Num(15,8,6),LoadNum3-Num(0,14,9),SubmitNum-Num(0,2,13),Close(4,15,13),TestNumLess-Num(1,0,15),Countdown-Num(15,0,0),SubmitNum-Num(1,14,15),Close(7,6,2),Countdown-Num(5,10,1),TestNumLess-Num(3,0,15),Countdown-Num(15,10,1),SubmitNum-Num(3,8,3)]"
PROBLEM_smallest__ARGS_NUM__MUT_05,5282,smallest,Numeric,0.05,0,True,17,444,168,"[LoadNum1-Num(10,12,14),Set-12-Num(1,0,8),SubmitNum-Num(10,1,1),LoadNum2-Num(8,2,11),While-Num(1,14,12),TestNumLess-Num(8,10,0),If-Num(0,13,12),SubmitNum-Num(8,7,3),LoadNum2-Num(10,14,8),Close(3,10,6),LoadNum4-Num(8,13,7),IfNot-Num(7,8,14),TestNumLess-Num(2,10,0),If-Num(0,8,4),Set-2-Num(7,13,13),SubmitNum-Num(2,1,9),TestNumGreater-Num(2,8,1)]"
PROBLEM_smallest__ARGS_NUM__MUT_05,5283,smallest,Numeric,0.05,0,False,NONE,NONE,NONE,"NONE"
PROBLEM_smallest__ARGS_NUM__MUT_05,5284,smallest,Numeric,0.05,0,True,11,164,164,"[Set-14-Num(2,10,10),While-Num(2,11,10),SwapMem-Num(1,0,4),TestNumLessTEqu-Num(1,0,7),While-Num(7,11,8),SwapMem-Num(1,3,1),TestNumLessTEqu-Num(1,3,7),While-Num(7,4,10),LoadNum3-Num(3,3,3),SubmitNum-Num(1,0,5),Break(1,15,15)]"
PROBLEM_smallest__ARGS_NUM__MUT_05,5285,smallest,Numeric,0.05,0,True,13,458,428,"[TestNumLess-Num(0,1,3),IfNot-Num(3,14,13),LoadNum2-Num(0,15,15),Close(10,1,12),LoadNum4-Num(1,12,12),TestNumLess-Num(0,1,3),IfNot-Num(3,15,9),LoadNum4-Num(0,2,14),Close(0,9,2),TestNumLess-Num(0,2,3),SubmitNum-Num(0,7,1),IfNot-Num(3,1,6),SubmitNum-Num(2,1,1)]"
PROBLEM_smallest__ARGS_NUM__MUT_05,5286,smallest,Numeric,0.05,0,True,13,249,166,"[LoadNum4-Num(9,1,7),TestNumLessTEqu-Num(1,0,11),If-Num(11,12,5),LoadNum2-Num(0,8,11),Close(11,14,12),TestNumLessTEqu-Num(2,3,3),If-Num(3,9,13),LoadNum3-Num(9,6,12),Close(4,9,10),SubmitNum-Num(0,12,4),TestNumLess-Num(9,0,4),If-Num(4,2,12),SubmitNum-Num(9,9,4)]"
PROBLEM_smallest__ARGS_NUM__MUT_05,5287,smallest,Numeric,0.05,0,True,12,277,214,"[TestNumLessTEqu-Num(3,2,3),Countdown-Num(3,13,13),LoadNum4-Num(2,6,3),Close(8,13,8),TestNumLessTEqu-Num(0,2,3),If-Num(3,1,15),LoadNum1-Num(2,9,1),Close(5,3,9),TestNumLessTEqu-Num(1,2,3),SubmitNum-Num(2,10,3),If-Num(3,8,8),SubmitNum-Num(1,10,5)]"
PROBLEM_smallest__ARGS_NUM__MUT_05,5288,smallest,Numeric,0.05,0,True,13,181,128,"[SubmitNum-Num(3,1,14),Close(14,12,9),TestNumGreater-Num(3,0,12),Countdown-Num(12,9,10),LoadNum1-Num(3,4,10),SubmitNum-Num(0,6,4),Close(7,6,10),LoadNum2-Num(0,12,2),TestNumGreater-Num(3,2,12),Countdown-Num(12,0,2),SubmitNum-Num(1,2,0),LoadNum3-Num(1,1,2),CopyMem-Num(0,3,7)]"
PROBLEM_smallest__ARGS_NUM__MUT_05,5289,smallest,Numeric,0.05,0,True,15,266,64,"[TestNumGreaterTEqu-Num(0,1,2),Close(9,4,10),IfNot-Num(2,2,12),LoadNum1-Num(1,3,14),Close(2,13,15),TestNumGreaterTEqu-Num(3,1,2),LoadNum3-Num(4,11,15),SubmitNum-Num(1,6,3),IfNot-Num(2,13,7),SubmitNum-Num(3,3,13),Close(0,6,12),TestNumLessTEqu-Num(3,4,6),SwapMem-Num(3,4,1),If-Num(6,10,11),LoadNum3-Num(0,7,6)]"
PROBLEM_smallest__ARGS_NUM__MUT_05,5290,smallest,Numeric,0.05,0,True,21,490,455,"[TestNumGreaterTEqu-Num(3,1,9),Close(2,9,1),While-Num(9,15,6),Not-Num(9,14,10),Countdown-Num(10,11,0),SubmitNum-Num(15,15,14),Close(0,14,9),LoadNum2-Num(3,0,13),Close(15,5,4),Break(3,9,9),LoadNum3-Num(15,8,0),TestNumLess-Num(0,2,1),TestNumLessTEqu-Num(3,0,9),SubmitNum-Num(0,11,4),TestNumLessTEqu-Num(15,3,10),Mod-Num(9,9,1),IfNot-Num(1,0,2),SubmitNum-Num(3,6,9),Set-16-Num(9,12,0),If-Num(8,11,14),Add-Num(13,3,4)]"
PROBLEM_smallest__ARGS_NUM__MUT_05,5291,smallest,Numeric,0.05,0,True,49,332,332,"[Sub-Num(0,3,7),SubmitNum-Num(0,0,11),Set-5-Num(11,7,13),Dec-Num(7,7,12),SubmitNum-Num(0,8,3),TestNumLess-Num(7,5,4),Countdown-Num(11,14,8),IfNot-Num(4,2,7),TestNumLess-Num(3,1,7),Div-Num(3,7,1),TestNumLess-Num(8,8,15),Mod-Num(7,15,14),Set-11-Num(14,4,15),SubmitNum-Num(1,14,6),Close(13,13,11),LoadNum3-Num(3,9,2),Set-12-Num(10,11,9),TestNumGreaterTEqu-Num(2,0,4),If-Num(4,2,13),TestNumGreater-Num(3,4,14),TestNumGreaterTEqu-Num(5,13,12),LoadNum4-Num(4,0,14),LoadNum2-Num(2,4,8),Set-9-Num(11,10,6),Set-13-Num(6,9,8),Set-8-Num(4,10,8),Mod-Num(8,5,1),Countdown-Num(14,2,10),TestNumGreater-Num(10,15,5),Set-1-Num(6,11,13),If-Num(9,6,14),TestNumLess-Num(12,14,10),Set-11-Num(6,10,5),SubmitNum-Num(4,12,0),Set-14-Num(11,5,11),Mod-Num(12,2,9),Set-4-Num(1,10,8),Floor-Num(5,6,3),Set-6-Num(4,8,0),TestNumLess-Num(13,5,15),Mult-Num(7,13,15),Mod-Num(2,6,2),SwapMem-Num(5,1,2),SwapMem-Num(0,4,6),Set-1-Num(5,7,4),CopyMem-Num(2,2,12),Set-11-Num(2,1,7),TestNumLess-Num(5,5,9),Set-11-Num(12,9,9)]"
PROBLEM_smallest__ARGS_NUM__MUT_05,5292,smallest,Numeric,0.05,0,True,18,288,252,"[SubmitNum-Num(1,12,4),TestNumGreater-Num(0,3,15),SwapMem-Num(3,12,3),TestNumGreater-Num(2,1,10),IfNot-Num(15,9,9),LoadNum1-Num(12,6,7),Close(15,15,2),TestNumGreater-Num(1,12,3),IfNot-Num(10,5,6),Set-3-Num(3,7,12),Close(12,14,6),Not-Num(3,4,0),IfNot-Num(3,9,11),TestNumLessTEqu-Num(12,2,6),IfNot-Num(6,6,4),LoadNum3-Num(12,13,7),Close(6,4,5),SubmitNum-Num(12,10,14)]"
PROBLEM_smallest__ARGS_NUM__MUT_05,5293,smallest,Numeric,0.05,0,True,22,499,400,"[TestNumLessTEqu-Num(2,1,13),Close(5,8,12),TestNumGreater-Num(1,0,8),If-Num(8,11,6),TestNumLessTEqu-Num(4,1,11),Set-13-Num(13,3,14),LoadNum4-Num(1,2,0),Close(6,0,4),SubmitNum-Num(1,15,3),TestNumGreater-Num(1,3,8),While-Num(8,2,6),SubmitNum-Num(3,14,12),Not-Num(8,10,5),Close(12,8,5),Floor-Num(13,2,13),If-Num(13,15,14),LoadNum4-Num(0,12,4),LoadNum1-Num(3,7,1),Add-Num(5,2,1),Set-4-Num(12,4,10),If-Num(8,9,1),Set-15-Num(5,4,3)]"
PROBLEM_smallest__ARGS_NUM__MUT_05,5294,smallest,Numeric,0.05,0,True,18,491,251,"[LoadNum2-Num(15,7,11),TestNumLessTEqu-Num(15,0,1),SubmitNum-Num(15,7,10),TestNumLessTEqu-Num(2,3,5),Countdown-Num(1,7,13),TestNumLess-Num(15,3,1),Add-Num(2,5,3),Close(15,4,10),Close(12,12,3),SubmitNum-Num(2,13,2),LoadNum4-Num(3,8,13),TestNumLess-Num(0,3,3),While-Num(5,7,12),TestNumLess-Num(2,0,5),Close(8,3,5),LoadNum4-Num(2,3,12),While-Num(3,0,7),SubmitNum-Num(0,11,12)]"
PROBLEM_smallest__ARGS_NUM__MUT_05,5295,smallest,Numeric,0.05,0,True,18,409,203,"[Set-3-Num(12,8,3),LoadNum1-Num(13,7,7),LoadNum4-Num(7,0,6),While-Num(12,7,14),TestNumLess-Num(7,2,3),LoadNum2-Num(7,6,3),SwapMem-Num(7,13,15),SubmitNum-Num(2,4,8),Countdown-Num(3,1,13),LoadNum1-Num(15,13,7),LoadNum4-Num(7,7,10),Countdown-Num(12,15,8),TestNumLess-Num(7,15,14),LoadNum2-Num(7,4,0),SubmitNum-Num(15,13,10),Countdown-Num(14,12,10),LoadNum4-Num(15,2,4),SubmitNum-Num(13,10,3)]"
PROBLEM_smallest__ARGS_NUM__MUT_05,5296,smallest,Numeric,0.05,0,False,NONE,NONE,NONE,"NONE"
PROBLEM_smallest__ARGS_NUM__MUT_05,5297,smallest,Numeric,0.05,0,True,18,481,266,"[SubmitNum-Num(0,5,6),Sub-Num(2,8,3),LoadNum2-Num(11,0,4),TestNumLess-Num(0,11,2),Close(13,8,0),LoadNum4-Num(1,11,11),Countdown-Num(2,3,1),TestNumLess-Num(0,1,2),Sub-Num(3,13,1),Close(10,9,6),SubmitNum-Num(3,14,12),TestNumLess-Num(1,3,2),Countdown-Num(2,1,2),LoadNum4-Num(3,3,13),Close(8,11,8),TestNumLess-Num(11,3,2),Countdown-Num(2,10,0),LoadNum2-Num(3,1,5)]"
PROBLEM_smallest__ARGS_NUM__MUT_05,5298,smallest,Numeric,0.05,0,True,14,320,153,"[SubmitNum-Num(3,7,2),Close(5,10,10),TestNumLess-Num(3,2,15),IfNot-Num(15,14,12),LoadNum3-Num(3,12,12),SubmitNum-Num(2,12,4),Close(13,14,8),CopyMem-Num(1,2,5),Break(9,4,4),IfNot-Num(9,7,12),TestNumLess-Num(0,3,14),Countdown-Num(14,2,5),SubmitNum-Num(0,6,6),LoadNum1-Num(3,3,9)]"
PROBLEM_smallest__ARGS_NUM__MUT_05,5299,smallest,Numeric,0.05,0,False,NONE,NONE,NONE,"NONE"
PROBLEM_smallest__ARGS_NUM__MUT_05,5300,smallest,Numeric,0.05,0,True,20,493,333,"[Set-10-Num(14,15,12),TestNumLess-Num(0,1,4),While-Num(14,15,13),SubmitNum-Num(3,4,5),LoadNum1-Num(12,8,10),Add-Num(15,3,5),TestNumLess-Num(1,5,0),TestNumLess-Num(2,5,14),TestNumGreater-Num(12,5,8),Add-Num(4,0,0),LoadNum3-Num(3,1,0),Countdown-Num(0,13,10),Set-4-Num(10,3,3),CopyMem-Num(1,12,12),If-Num(4,7,13),TestNumLessTEqu-Num(8,7,10),LoadNum1-Num(12,10,9),Close(2,15,9),Countdown-Num(10,5,15),SubmitNum-Num(12,12,0)]"
PROBLEM_smallest__ARGS_NUM__MUT_075,5201,smallest,Numeric,0.075,0,False,NONE,NONE,NONE,"NONE"
PROBLEM_smallest__ARGS_NUM__MUT_075,5202,smallest,Numeric,0.075,0,True,14,337,286,"[TestNumLess-Num(2,0,12),SwapMem-Num(0,13,3),Set-1-Num(14,15,5),SubmitNum-Num(1,0,3),Div-Num(2,12,13),Close(11,13,3),TestNumGreater-Num(13,1,3),IfNot-Num(3,5,14),Mult-Num(14,13,1),SubmitNum-Num(13,11,4),Close(15,2,4),LoadNum4-Num(13,14,3),IfNot-Num(2,14,7),Mult-Num(14,4,2)]"
PROBLEM_smallest__ARGS_NUM__MUT_075,5203,smallest,Numeric,0.075,0,True,38,483,483,"[LoadNum4-Num(14,3,1),Set-12-Num(5,8,1),Close(3,5,12),Set-12-Num(2,7,2),While-Num(2,11,1),LoadNum1-Num(2,13,2),TestNumGreater-Num(2,1,2),CopyMem-Num(0,10,3),SwapMem-Num(12,12,15),SwapMem-Num(0,1,3),LoadNum3-Num(13,15,10),Close(5,12,6),Set-4-Num(1,11,7),Break(1,5,15),Set-2-Num(8,0,11),Add-Num(11,5,9),TestNumGreater-Num(13,3,3),Set-10-Num(4,13,12),SubmitNum-Num(14,13,8),Set-16-Num(8,12,8),Countdown-Num(9,7,6),Floor-Num(6,3,13),Countdown-Num(3,7,13),TestNumGreaterTEqu-Num(10,14,3),Close(2,14,6),Set-0-Num(8,3,12),CopyMem-Num(10,14,11),Set-7-Num(12,1,14),SubmitNum-Num(14,6,9),Set-2-Num(3,11,1),Set-4-Num(0,5,5),LoadNum3-Num(10,15,0),Set-12-Num(4,15,2),Set-3-Num(0,8,15),Close(14,10,14),Countdown-Num(13,7,6),CopyMem-Num(2,0,7),Set-4-Num(15,12,2)]"
PROBLEM_smallest__ARGS_NUM__MUT_075,5204,smallest,Numeric,0.075,0,True,14,313,277,"[SubmitNum-Num(3,6,11),Set-14-Num(2,9,10),TestNumGreater-Num(3,0,12),Countdown-Num(12,10,8),SubmitNum-Num(0,10,6),LoadNum1-Num(3,6,3),Close(2,11,4),Countdown-Num(2,7,15),TestNumGreater-Num(3,1,0),Countdown-Num(0,0,2),SubmitNum-Num(1,7,4),LoadNum2-Num(3,3,2),Close(4,14,0),LoadNum3-Num(1,11,5)]"
PROBLEM_smallest__ARGS_NUM__MUT_075,5205,smallest,Numeric,0.075,0,True,19,311,264,"[LoadNum2-Num(6,0,5),Close(11,6,6),LoadNum3-Num(4,13,8),TestNumGreater-Num(6,0,5),SubmitNum-Num(0,2,15),LoadNum4-Num(0,14,4),While-Num(5,2,12),TestNumGreater-Num(6,1,5),LoadNum1-Num(6,9,12),Close(2,1,1),SubmitNum-Num(6,1,0),Break(15,1,7),LoadNum3-Num(1,11,10),Close(11,9,4),TestNumGreater-Num(6,1,5),SubmitNum-Num(1,4,11),LoadNum4-Num(1,15,11),While-Num(5,11,9),TestNumGreater-Num(0,4,5)]"
PROBLEM_smallest__ARGS_NUM__MUT_075,5206,smallest,Numeric,0.075,0,True,13,224,190,"[TestNumLess-Num(0,2,11),If-Num(11,10,15),LoadNum1-Num(2,10,1),Close(4,2,4),TestNumLess-Num(1,3,12),If-Num(12,14,12),LoadNum2-Num(3,9,0),Close(8,0,8),TestNumLess-Num(2,3,10),SubmitNum-Num(2,10,8),While-Num(10,10,8),Close(10,8,13),SubmitNum-Num(3,0,15)]"
PROBLEM_smallest__ARGS_NUM__MUT_075,5207,smallest,Numeric,0.075,0,True,13,432,400,"[TestNumGreaterTEqu-Num(3,2,15),IfNot-Num(15,12,10),LoadNum4-Num(2,2,2),Close(5,9,1),SubmitNum-Num(1,0,10),TestNumGreaterTEqu-Num(0,1,15),IfNot-Num(15,5,3),LoadNum1-Num(1,8,0),SubmitNum-Num(1,0,7),Close(0,5,4),TestNumGreaterTEqu-Num(2,1,4),IfNot-Num(4,11,14),SubmitNum-Num(2,0,4)]"
PROBLEM_smallest__ARGS_NUM__MUT_075,5208,smallest,Numeric,0.075,0,True,13,345,330,"[Close(2,3,10),SwapMem-Num(3,2,9),TestNumGreaterTEqu-Num(1,3,9),Add-Num(3,5,8),LoadNum2-Num(3,9,9),TestNumGreater-Num(8,0,13),While-Num(9,4,4),SubmitNum-Num(0,0,8),TestNumLess-Num(14,10,9),Countdown-Num(13,5,8),TestNumLessTEqu-Num(0,2,13),Close(3,12,14),CopyMem-Num(8,0,4)]"
PROBLEM_smallest__ARGS_NUM__MUT_075,5209,smallest,Numeric,0.075,0,False,NONE,NONE,NONE,"NONE"
PROBLEM_smallest__ARGS_NUM__MUT_075,5210,smallest,Numeric,0.075,0,True,16,457,429,"[LoadNum2-Num(3,2,3),LoadNum4-Num(1,15,7),LoadNum3-Num(6,5,0),TestNumLessTEqu-Num(3,0,2),Countdown-Num(2,5,1),LoadNum2-Num(0,12,15),Close(5,14,2),TestNumGreaterTEqu-Num(0,1,8),SubmitNum-Num(1,14,5),TestNumLessTEqu-Num(6,1,2),Countdown-Num(2,11,3),TestNumGreaterTEqu-Num(0,6,2),SubmitNum-Num(6,9,14),Close(1,6,6),IfNot-Num(8,0,12),SubmitNum-Num(0,9,5)]"
PROBLEM_smallest__ARGS_NUM__MUT_075,5211,smallest,Numeric,0.075,0,True,18,480,386,"[TestNumGreater-Num(2,0,8),Close(3,6,5),IfNot-Num(7,5,14),SubmitNum-Num(2,1,4),TestNumGreaterTEqu-Num(3,2,4),IfNot-Num(4,0,0),SubmitNum-Num(3,10,8),TestNumGreaterTEqu-Num(0,3,7),TestNumLessTEqu-Num(1,3,8),Not-Num(8,0,8),Close(6,10,5),LoadNum2-Num(2,1,10),LoadNum3-Num(13,8,4),IfNot-Num(8,9,11),TestNumGreater-Num(1,13,7),Close(11,0,0),LoadNum1-Num(3,6,7),Break(9,11,1)]"
PROBLEM_smallest__ARGS_NUM__MUT_075,5212,smallest,Numeric,0.075,0,True,39,367,367,"[SubmitNum-Num(11,9,15),CopyMem-Num(10,14,13),Set-7-Num(8,15,10),While-Num(8,1,2),TestNumLessTEqu-Num(3,2,6),TestNumGreaterTEqu-Num(1,3,10),LoadNum3-Num(7,14,13),Countdown-Num(14,11,1),Set-9-Num(7,14,5),TestNumLess-Num(6,9,2),TestNumEqu-Num(10,5,11),Close(10,5,5),Set-9-Num(4,7,13),Set-8-Num(4,3,3),If-Num(6,12,11),Mult-Num(9,5,9),LoadNum1-Num(14,15,6),LoadNum2-Num(7,9,10),Set-2-Num(14,15,14),Mult-Num(5,12,6),LoadNum2-Num(1,12,3),SubmitNum-Num(1,6,7),CopyMem-Num(3,7,2),TestNumNEqu-Num(12,10,13),Close(11,0,9),LoadNum1-Num(3,3,14),TestNumLessTEqu-Num(7,0,6),If-Num(6,12,15),Not-Num(4,9,9),Add-Num(7,15,3),Countdown-Num(13,1,13),SwapMem-Num(1,2,1),Inc-Num(14,7,1),SubmitNum-Num(7,7,11),Set-5-Num(6,15,5),Set-11-Num(7,13,13),While-Num(7,12,6),Set-0-Num(10,12,6),Set-1-Num(2,13,8)]"
PROBLEM_smallest__ARGS_NUM__MUT_075,5213,smallest,Numeric,0.075,0,False,NONE,NONE,NONE,"NONE"
PROBLEM_smallest__ARGS_NUM__MUT_075,5214,smallest,Numeric,0.075,0,False,NONE,NONE,NONE,"NONE"
PROBLEM_smallest__ARGS_NUM__MUT_075,5215,smallest,Numeric,0.075,0,False,NONE,NONE,NONE,"NONE"
PROBLEM_smallest__ARGS_NUM__MUT_075,5216,smallest,Numeric,0.075,0,True,12,494,469,"[SubmitNum-Num(0,15,1),TestNumGreater-Num(1,3,12),Div-Num(3,12,1),TestNumLessTEqu-Num(2,0,14),LoadNum1-Num(10,15,2),Countdown-Num(14,12,4),LoadNum3-Num(10,9,14),SubmitNum-Num(2,14,5),Close(13,2,3),TestNumGreater-Num(10,1,9),If-Num(9,13,1),SubmitNum-Num(1,5,7)]"
PROBLEM_smallest__ARGS_NUM__MUT_075,5217,smallest,Numeric,0.075,0,False,NONE,NONE,NONE,"NONE"
PROBLEM_smallest__ARGS_NUM__MUT_075,5218,smallest,Numeric,0.075,0,True,12,230,140,"[Set-3-Num(7,10,11),SwapMem-Num(1,6,14),Close(15,6,0),Countdown-Num(7,0,0),SwapMem-Num(6,0,5),TestNumGreaterTEqu-Num(0,6,10),While-Num(10,8,8),SubmitNum-Num(6,3,13),TestNumLess-Num(6,2,10),LoadNum4-Num(0,12,5),IfNot-Num(10,13,1),SubmitNum-Num(2,5,1)]"
PROBLEM_smallest__ARGS_NUM__MUT_075,5219,smallest,Numeric,0.075,0,True,17,455,421,"[SubmitNum-Num(0,12,11),CopyMem-Num(3,9,5),Add-Num(2,10,3),TestNumGreater-Num(1,0,2),Mult-Num(1,2,11),TestNumGreaterTEqu-Num(3,9,12),Countdown-Num(12,2,15),LoadNum4-Num(3,1,12),Close(4,15,5),Sub-Num(0,7,5),IfNot-Num(11,11,12),LoadNum2-Num(5,6,4),SubmitNum-Num(5,4,3),Close(9,3,9),TestNumGreaterTEqu-Num(3,5,2),IfNot-Num(2,10,3),SubmitNum-Num(3,0,9)]"
PROBLEM_smallest__ARGS_NUM__MUT_075,5220,smallest,Numeric,0.075,0,True,15,267,237,"[LoadNum4-Num(13,3,15),SubmitNum-Num(1,7,4),Close(1,1,4),LoadNum3-Num(0,5,9),Close(0,7,7),TestNumLess-Num(0,3,15),SwapMem-Num(13,2,14),TestNumGreaterTEqu-Num(1,2,7),LoadNum1-Num(2,2,0),Countdown-Num(7,0,5),Div-Num(0,15,3),TestNumGreater-Num(2,3,9),SubmitNum-Num(2,15,0),While-Num(9,14,9),SubmitNum-Num(3,7,2)]"
PROBLEM_smallest__ARGS_NUM__MUT_075,5221,smallest,Numeric,0.075,0,True,20,481,393,"[Set-12-Num(6,1,10),LoadNum1-Num(15,10,11),Countdown-Num(6,3,10),If-Num(8,0,2),Add-Num(1,12,3),TestNumLessTEqu-Num(0,3,5),Close(15,4,2),Set-13-Num(8,7,1),Countdown-Num(5,10,7),SubmitNum-Num(15,9,15),Return(2,8,5),Close(3,5,2),TestNumGreaterTEqu-Num(1,2,5),Countdown-Num(5,15,7),LoadNum3-Num(1,8,14),Close(12,2,15),TestNumGreaterTEqu-Num(1,3,5),Countdown-Num(5,13,9),SubmitNum-Num(3,4,0),CopyMem-Num(3,1,2)]"
PROBLEM_smallest__ARGS_NUM__MUT_075,5222,smallest,Numeric,0.075,0,True,16,423,367,"[TestNumGreaterTEqu-Num(2,3,7),Close(8,9,5),Countdown-Num(7,5,2),LoadNum4-Num(2,14,6),Close(8,13,3),TestNumGreaterTEqu-Num(0,2,7),While-Num(7,13,2),TestNumGreaterTEqu-Num(2,1,7),While-Num(7,13,8),SubmitNum-Num(1,15,13),Close(0,10,9),SubmitNum-Num(2,15,6),Close(0,12,6),SwapMem-Num(2,0,0),IfNot-Num(1,8,4),Set-8-Num(1,9,8)]"
PROBLEM_smallest__ARGS_NUM__MUT_075,5223,smallest,Numeric,0.075,0,True,16,260,146,"[TestNumGreater-Num(1,0,13),LoadNum4-Num(8,10,15),Set-2-Num(7,10,9),Countdown-Num(7,3,2),CopyMem-Num(2,9,11),SubmitNum-Num(1,13,2),TestNumGreater-Num(1,2,3),CopyMem-Num(8,2,13),Div-Num(13,13,3),If-Num(3,2,12),SubmitNum-Num(0,15,8),TestNumGreaterTEqu-Num(0,9,9),If-Num(9,8,5),SubmitNum-Num(8,9,1),Set-15-Num(13,14,6),LoadNum3-Num(0,0,12)]"
PROBLEM_smallest__ARGS_NUM__MUT_075,5224,smallest,Numeric,0.075,0,True,9,485,335,"[Close(7,4,14),SubmitNum-Num(2,2,9),SwapMem-Num(1,6,12),LoadNum4-Num(1,8,10),SwapMem-Num(2,6,13),TestNumLessTEqu-Num(6,2,14),Countdown-Num(14,1,13),SwapMem-Num(1,0,4),SwapMem-Num(2,6,1)]"
PROBLEM_smallest__ARGS_NUM__MUT_075,5225,smallest,Numeric,0.075,0,False,NONE,NONE,NONE,"NONE"
PROBLEM_smallest__ARGS_NUM__MUT_075,5226,smallest,Numeric,0.075,0,True,39,476,339,"[Close(5,7,7),Set-2-Num(13,7,15),Set-2-Num(7,4,6),LoadNum2-Num(8,4,8),Set-16-Num(5,15,15),TestNumLess-Num(3,11,15),Sub-Num(0,13,9),TestNumGreaterTEqu-Num(2,1,8),LoadNum3-Num(4,12,4),Set-4-Num(6,8,6),LoadNum4-Num(13,0,5),Set-8-Num(13,11,8),LoadNum1-Num(1,10,10),Mod-Num(13,6,5),SwapMem-Num(11,5,9),LoadNum2-Num(7,10,8),TestNumGreaterTEqu-Num(0,5,10),Set-2-Num(5,13,3),TestNumGreaterTEqu-Num(15,12,15),TestNumLess-Num(11,0,9),If-Num(8,1,9),SubmitNum-Num(1,5,6),LoadNum2-Num(2,8,7),Close(3,9,15),CopyMem-Num(0,11,12),LoadNum2-Num(9,7,1),Close(9,12,11),Div-Num(12,14,14),Not-Num(15,6,13),Set-10-Num(9,2,4),Floor-Num(4,10,7),Set-0-Num(4,0,0),SubmitNum-Num(2,5,15),TestNumGreaterTEqu-Num(3,2,10),TestNumLess-Num(3,1,15),If-Num(15,6,2),IfNot-Num(10,9,10),SubmitNum-Num(3,13,0),Close(5,7,2)]"
PROBLEM_smallest__ARGS_NUM__MUT_075,5227,smallest,Numeric,0.075,0,True,11,153,128,"[LoadNum3-Num(9,15,8),SubmitNum-Num(2,6,0),Not-Num(14,4,13),While-Num(14,8,5),SwapMem-Num(1,7,6),CopyMem-Num(0,1,1),SwapMem-Num(3,7,6),TestNumGreaterTEqu-Num(9,7,10),Countdown-Num(10,13,15),SubmitNum-Num(7,11,8),Mult-Num(14,7,9)]"
PROBLEM_smallest__ARGS_NUM__MUT_075,5228,smallest,Numeric,0.075,0,False,NONE,NONE,NONE,"NONE"
PROBLEM_smallest__ARGS_NUM__MUT_075,5229,smallest,Numeric,0.075,0,True,11,419,383,"[TestNumGreaterTEqu-Num(1,2,14),Div-Num(2,14,1),SwapMem-Num(1,2,13),TestNumGreaterTEqu-Num(3,0,14),Div-Num(0,14,3),TestNumGreater-Num(3,2,4),If-Num(4,4,5),SubmitNum-Num(2,11,5),Return(12,12,7),Close(8,11,13),SubmitNum-Num(3,6,0)]"
PROBLEM_smallest__ARGS_NUM__MUT_075,5230,smallest,Numeric,0.075,0,True,8,343,192,"[TestNumLess-Num(2,3,11),Div-Num(2,11,3),TestNumLess-Num(0,3,11),Div-Num(0,11,3),SubmitNum-Num(3,11,14),TestNumGreater-Num(3,1,14),While-Num(14,1,6),SubmitNum-Num(1,11,4)]"
PROBLEM_smallest__ARGS_NUM__MUT_075,5231,smallest,Numeric,0.075,0,True,16,239,164,"[TestNumLessTEqu-Num(0,1,5),SubmitNum-Num(0,13,11),IfNot-Num(5,7,4),SubmitNum-Num(1,14,7),SwapMem-Num(1,0,10),Close(7,11,7),Close(7,0,0),TestNumLessTEqu-Num(0,2,5),TestNumLess-Num(0,3,9),IfNot-Num(5,3,5),SubmitNum-Num(2,0,11),LoadNum3-Num(0,3,9),Set-10-Num(9,1,7),Close(14,9,13),IfNot-Num(9,4,2),SubmitNum-Num(3,5,12)]"
PROBLEM_smallest__ARGS_NUM__MUT_075,5232,smallest,Numeric,0.075,0,True,12,394,273,"[TestNumLess-Num(3,2,11),IfNot-Num(11,5,13),SwapMem-Num(3,2,14),Close(11,10,8),TestNumLess-Num(3,1,6),IfNot-Num(6,5,15),SwapMem-Num(3,1,9),Close(13,13,5),TestNumLess-Num(3,0,13),SubmitNum-Num(3,1,7),IfNot-Num(13,5,4),SubmitNum-Num(0,1,0)]"
PROBLEM_smallest__ARGS_NUM__MUT_075,5233,smallest,Numeric,0.075,0,True,12,476,336,"[TestNumGreater-Num(2,0,8),Set-5-Num(7,4,5),IfNot-Num(8,7,15),LoadNum3-Num(0,9,0),Close(13,12,9),Countdown-Num(7,14,5),SubmitNum-Num(1,10,15),TestNumGreater-Num(3,1,8),IfNot-Num(8,3,14),CopyMem-Num(3,1,7),Close(12,7,0),SwapMem-Num(0,3,2)]"
PROBLEM_smallest__ARGS_NUM__MUT_075,5234,smallest,Numeric,0.075,0,True,15,245,145,"[SwapMem-Num(0,14,14),Add-Num(13,2,15),TestNumLess-Num(3,14,2),If-Num(2,6,9),LoadNum4-Num(14,3,1),Close(15,9,7),TestNumLessTEqu-Num(14,15,3),SubmitNum-Num(15,8,12),TestNumLess-Num(1,15,2),If-Num(2,5,6),TestNumLessTEqu-Num(14,1,3),SubmitNum-Num(1,10,0),Close(11,15,6),If-Num(3,9,1),SubmitNum-Num(14,2,11)]"
PROBLEM_smallest__ARGS_NUM__MUT_075,5235,smallest,Numeric,0.075,0,False,NONE,NONE,NONE,"NONE"
PROBLEM_smallest__ARGS_NUM__MUT_075,5236,smallest,Numeric,0.075,0,True,15,343,178,"[SubmitNum-Num(1,10,6),Close(14,7,14),TestNumLess-Num(2,1,9),If-Num(9,15,12),SubmitNum-Num(2,11,3),Close(12,7,4),TestNumLess-Num(0,1,9),If-Num(9,3,7),LoadNum1-Num(1,5,7),SubmitNum-Num(0,13,5),Close(12,8,12),TestNumLess-Num(3,1,9),Countdown-Num(9,6,4),LoadNum4-Num(1,4,12),SubmitNum-Num(1,4,12)]"
PROBLEM_smallest__ARGS_NUM__MUT_075,5237,smallest,Numeric,0.075,0,False,NONE,NONE,NONE,"NONE"
PROBLEM_smallest__ARGS_NUM__MUT_075,5238,smallest,Numeric,0.075,0,True,10,213,71,"[Close(3,8,4),TestNumLessTEqu-Num(0,1,9),Div-Num(2,9,1),SubmitNum-Num(0,12,4),TestNumLessTEqu-Num(0,1,9),Div-Num(3,9,1),TestNumLess-Num(1,0,15),SwapMem-Num(1,0,4),IfNot-Num(15,15,1),CopyMem-Num(9,11,11)]"
PROBLEM_smallest__ARGS_NUM__MUT_075,5239,smallest,Numeric,0.075,0,True,14,475,427,"[LoadNum2-Num(15,13,7),TestNumLess-Num(3,1,12),Close(6,12,5),If-Num(12,15,15),LoadNum4-Num(15,5,15),Close(4,14,8),TestNumLessTEqu-Num(15,0,11),If-Num(11,3,0),CopyMem-Num(15,0,3),Close(3,4,2),SubmitNum-Num(0,14,14),LoadNum3-Num(15,7,2),Countdown-Num(12,9,4),TestNumLess-Num(2,5,7)]"
PROBLEM_smallest__ARGS_NUM__MUT_075,5240,smallest,Numeric,0.075,0,False,NONE,NONE,NONE,"NONE"
PROBLEM_smallest__ARGS_NUM__MUT_075,5241,smallest,Numeric,0.075,0,True,13,462,435,"[TestNumLess-Num(3,0,13),Close(3,4,8),SubmitNum-Num(0,13,10),While-Num(13,9,4),LoadNum4-Num(0,10,9),Break(5,13,11),Close(12,12,14),Add-Num(8,2,7),SwapMem-Num(2,1,2),TestNumGreaterTEqu-Num(0,7,13),While-Num(13,6,1),SubmitNum-Num(1,14,1),TestNumLessTEqu-Num(7,2,13)]"
PROBLEM_smallest__ARGS_NUM__MUT_075,5242,smallest,Numeric,0.075,0,True,13,493,390,"[Close(12,8,12),SubmitNum-Num(3,12,3),SwapMem-Num(10,3,6),TestNumLessTEqu-Num(1,2,13),LoadNum1-Num(3,0,5),Div-Num(1,13,2),TestNumGreater-Num(2,10,6),TestNumLessTEqu-Num(10,3,14),Countdown-Num(14,13,3),If-Num(6,13,6),Return(4,6,1),Close(6,4,7),SwapMem-Num(3,2,7)]"
PROBLEM_smallest__ARGS_NUM__MUT_075,5243,smallest,Numeric,0.075,0,False,NONE,NONE,NONE,"NONE"
PROBLEM_smallest__ARGS_NUM__MUT_075,5244,smallest,Numeric,0.075,0,True,12,434,407,"[Set-5-Num(10,11,9),While-Num(10,15,5),SubmitNum-Num(3,3,14),TestNumLessTEqu-Num(1,3,7),While-Num(7,4,8),SwapMem-Num(1,3,6),Break(13,11,11),Close(4,0,1),LoadNum1-Num(1,6,12),IfNot-Num(5,3,7),TestNumEqu-Num(8,15,5),LoadNum3-Num(1,10,14)]"
PROBLEM_smallest__ARGS_NUM__MUT_075,5245,smallest,Numeric,0.075,0,True,14,238,185,"[SubmitNum-Num(0,13,5),CopyMem-Num(0,12,11),LoadNum2-Num(6,9,4),TestNumGreater-Num(2,3,13),Close(1,7,5),SwapMem-Num(6,3,10),IfNot-Num(13,12,5),LoadNum3-Num(6,8,0),Close(10,7,8),TestNumGreater-Num(12,3,2),While-Num(2,9,8),SubmitNum-Num(3,14,4),LoadNum2-Num(12,5,6),Break(9,6,8)]"
PROBLEM_smallest__ARGS_NUM__MUT_075,5246,smallest,Numeric,0.075,0,True,20,471,374,"[Set-15-Num(4,10,10),Countdown-Num(4,9,13),TestNumLessTEqu-Num(1,2,15),TestNumNEqu-Num(13,7,9),LoadNum4-Num(1,2,15),TestNumGreater-Num(2,0,14),SubmitNum-Num(2,9,11),Add-Num(15,14,7),Countdown-Num(9,4,13),TestNumLessTEqu-Num(0,3,7),SubmitNum-Num(3,11,14),Countdown-Num(7,3,9),LoadNum1-Num(3,5,15),SubmitNum-Num(0,11,10),Close(12,2,11),LoadNum2-Num(0,4,11),Set-4-Num(13,3,6),TestNumLess-Num(10,1,14),TestNumLess-Num(11,8,9),LoadNum3-Num(9,3,13)]"
PROBLEM_smallest__ARGS_NUM__MUT_075,5247,smallest,Numeric,0.075,0,False,NONE,NONE,NONE,"NONE"
PROBLEM_smallest__ARGS_NUM__MUT_075,5248,smallest,Numeric,0.075,0,True,15,432,317,"[Set-16-Num(8,15,15),Close(14,13,2),Countdown-Num(8,14,5),TestNumLess-Num(2,1,8),SubmitNum-Num(1,1,11),SwapMem-Num(1,2,4),Close(11,2,10),TestNumGreaterTEqu-Num(2,3,13),Countdown-Num(13,2,14),LoadNum4-Num(2,3,7),SubmitNum-Num(3,15,9),Close(9,13,10),LoadNum1-Num(3,12,13),Countdown-Num(11,9,7),Set-6-Num(1,11,15)]"
PROBLEM_smallest__ARGS_NUM__MUT_075,5249,smallest,Numeric,0.075,0,True,17,457,362,"[LoadNum2-Num(3,6,4),Close(10,13,8),SubmitNum-Num(3,9,15),TestNumGreater-Num(3,2,5),If-Num(5,1,3),LoadNum3-Num(3,3,6),SubmitNum-Num(2,13,5),Close(5,7,10),LoadNum4-Num(2,11,11),TestNumLessTEqu-Num(3,0,14),TestNumGreater-Num(3,2,5),If-Num(5,9,9),SubmitNum-Num(2,2,1),Close(9,14,12),Add-Num(0,4,3),If-Num(14,7,15),Set-14-Num(3,13,7)]"
PROBLEM_smallest__ARGS_NUM__MUT_075,5250,smallest,Numeric,0.075,0,True,13,370,316,"[LoadNum2-Num(7,6,10),TestNumLess-Num(1,0,15),TestNumGreaterTEqu-Num(3,2,2),IfNot-Num(15,10,3),CopyMem-Num(0,7,11),Close(8,13,11),If-Num(2,7,4),LoadNum3-Num(3,4,0),Close(4,4,8),SubmitNum-Num(7,9,4),TestNumGreater-Num(3,7,14),IfNot-Num(14,7,9),SubmitNum-Num(3,14,6)]"
PROBLEM_smallest__ARGS_NUM__MUT_1,5001,smallest,Numeric,0.1,0,True,34,439,406,"[LoadNum2-Num(3,9,15),LoadNum1-Num(10,10,5),Close(2,15,8),Set-7-Num(12,2,4),Set-8-Num(15,8,9),LoadNum4-Num(15,5,15),Dec-Num(7,12,14),Add-Num(15,8,6),If-Num(3,5,1),SwapMem-Num(15,1,7),SwapMem-Num(15,10,9),Mod-Num(7,9,6),LoadNum3-Num(9,7,4),SubmitNum-Num(2,11,9),Close(1,5,10),Set-6-Num(9,0,1),TestNumLess-Num(10,6,3),Set-4-Num(11,4,4),TestNumLessTEqu-Num(15,2,1),While-Num(1,1,3),Set-1-Num(2,1,2),Set-0-Num(13,8,2),Inc-Num(8,14,14),Dec-Num(8,7,13),SubmitNum-Num(15,13,1),Not-Num(13,2,7),Set-7-Num(14,10,14),LoadNum1-Num(2,11,8),TestNumGreaterTEqu-Num(8,4,1),Set-2-Num(4,14,14),Set-9-Num(7,2,0),Floor-Num(4,8,1),Set-0-Num(1,5,7),Set-7-Num(0,12,8)]"
PROBLEM_smallest__ARGS_NUM__MUT_1,5002,smallest,Numeric,0.1,0,True,39,382,382,"[Close(15,0,2),SubmitNum-Num(3,9,10),Dec-Num(3,4,11),LoadNum2-Num(13,4,15),Mod-Num(11,12,13),Set-5-Num(7,15,1),While-Num(7,2,8),TestNumGreaterTEqu-Num(3,2,4),SwapMem-Num(13,2,3),Set-4-Num(7,3,2),TestNumGreater-Num(0,3,10),IfNot-Num(10,2,5),LoadNum1-Num(2,5,1),TestNumLessTEqu-Num(10,6,7),LoadNum1-Num(10,4,3),TestNumGreater-Num(2,1,4),LoadNum3-Num(2,9,15),TestNumEqu-Num(2,5,11),SubmitNum-Num(0,2,12),Set-15-Num(7,7,8),LoadNum3-Num(3,4,13),Dec-Num(7,8,10),Close(15,4,6),Countdown-Num(4,2,0),Floor-Num(8,14,14),TestNumGreater-Num(14,7,5),IfNot-Num(9,7,5),Set-2-Num(3,4,1),TestNumEqu-Num(9,11,10),Set-8-Num(9,9,4),TestNumGreater-Num(9,13,10),Set-11-Num(10,5,13),Set-2-Num(5,15,5),LoadNum3-Num(3,12,15),Set-0-Num(1,15,0),Set-2-Num(14,0,12),LoadNum2-Num(0,11,14),IfNot-Num(10,3,3),Mult-Num(4,1,2)]"
PROBLEM_smallest__ARGS_NUM__MUT_1,5003,smallest,Numeric,0.1,0,True,12,303,228,"[SubmitNum-Num(0,5,9),Close(9,11,8),TestNumLess-Num(2,0,7),If-Num(7,5,3),SubmitNum-Num(2,15,4),CopyMem-Num(2,0,7),Close(11,5,7),TestNumGreater-Num(0,1,7),LoadNum4-Num(2,4,3),While-Num(7,5,6),SubmitNum-Num(1,2,5),Break(11,1,8)]"
PROBLEM_smallest__ARGS_NUM__MUT_1,5004,smallest,Numeric,0.1,0,False,NONE,NONE,NONE,"NONE"
PROBLEM_smallest__ARGS_NUM__MUT_1,5005,smallest,Numeric,0.1,0,False,NONE,NONE,NONE,"NONE"
PROBLEM_smallest__ARGS_NUM__MUT_1,5006,smallest,Numeric,0.1,0,True,14,389,263,"[SubmitNum-Num(0,9,3),LoadNum1-Num(9,6,1),TestNumLess-Num(9,3,0),IfNot-Num(0,11,7),LoadNum4-Num(9,0,3),SubmitNum-Num(9,4,14),Close(13,9,13),TestNumLessTEqu-Num(1,2,7),IfNot-Num(7,5,8),LoadNum3-Num(1,15,6),Close(3,15,12),TestNumLessTEqu-Num(9,1,15),IfNot-Num(15,8,1),SubmitNum-Num(1,7,12)]"
PROBLEM_smallest__ARGS_NUM__MUT_1,5007,smallest,Numeric,0.1,0,True,14,487,457,"[Close(11,7,2),Sub-Num(0,1,9),TestNumGreaterTEqu-Num(9,10,12),TestNumGreater-Num(2,3,10),SubmitNum-Num(3,11,5),IfNot-Num(10,15,4),LoadNum3-Num(3,1,9),Close(0,12,7),If-Num(12,15,13),LoadNum2-Num(0,7,6),Close(0,11,7),TestNumLessTEqu-Num(0,3,9),If-Num(9,8,2),SubmitNum-Num(0,14,1)]"
PROBLEM_smallest__ARGS_NUM__MUT_1,5008,smallest,Numeric,0.1,0,True,11,108,75,"[LoadNum2-Num(13,13,11),TestNumLessTEqu-Num(1,3,10),IfNot-Num(10,1,8),LoadNum4-Num(13,7,3),Close(5,8,6),TestNumGreater-Num(0,2,14),Div-Num(2,14,0),SubmitNum-Num(0,2,14),TestNumGreater-Num(0,13,5),Countdown-Num(5,11,0),SubmitNum-Num(13,9,13)]"
PROBLEM_smallest__ARGS_NUM__MUT_1,5009,smallest,Numeric,0.1,0,False,NONE,NONE,NONE,"NONE"
PROBLEM_smallest__ARGS_NUM__MUT_1,5010,smallest,Numeric,0.1,0,False,NONE,NONE,NONE,"NONE"
PROBLEM_smallest__ARGS_NUM__MUT_1,5011,smallest,Numeric,0.1,0,False,NONE,NONE,NONE,"NONE"
PROBLEM_smallest__ARGS_NUM__MUT_1,5012,smallest,Numeric,0.1,0,False,NONE,NONE,NONE,"NONE"
PROBLEM_smallest__ARGS_NUM__MUT_1,5013,smallest,Numeric,0.1,0,True,14,203,90,"[TestNumGreaterTEqu-Num(2,3,0),IfNot-Num(0,15,9),LoadNum3-Num(3,12,4),Close(15,11,14),LoadNum2-Num(6,8,7),SubmitNum-Num(6,5,4),Set-6-Num(15,14,2),While-Num(15,13,0),TestNumGreaterTEqu-Num(6,3,7),If-Num(7,7,8),CopyMem-Num(3,6,13),SubmitNum-Num(3,5,12),Close(4,3,15),LoadNum1-Num(3,10,6)]"
PROBLEM_smallest__ARGS_NUM__MUT_1,5014,smallest,Numeric,0.1,0,False,NONE,NONE,NONE,"NONE"
PROBLEM_smallest__ARGS_NUM__MUT_1,5015,smallest,Numeric,0.1,0,True,12,485,351,"[SubmitNum-Num(1,5,7),LoadNum1-Num(13,9,8),Close(0,10,0),TestNumGreater-Num(1,13,14),Countdown-Num(14,11,4),Add-Num(13,7,1),SubmitNum-Num(13,14,4),Close(10,8,2),TestNumGreaterTEqu-Num(3,13,7),LoadNum4-Num(13,10,12),Countdown-Num(7,6,13),LoadNum3-Num(13,9,9)]"
PROBLEM_smallest__ARGS_NUM__MUT_1,5016,smallest,Numeric,0.1,0,True,30,497,399,"[Set-3-Num(11,3,9),Close(12,6,10),TestNumLessTEqu-Num(2,1,8),TestNumLess-Num(2,0,14),Set-10-Num(5,2,11),Set-16-Num(10,13,9),SubmitNum-Num(0,4,8),Div-Num(2,8,1),Close(11,7,0),Set-10-Num(12,11,14),TestNumLessTEqu-Num(3,1,8),Div-Num(4,8,11),Set-3-Num(11,9,9),Set-5-Num(3,7,0),Set-0-Num(10,7,5),Set-5-Num(6,15,6),Set-14-Num(12,1,1),Break(6,12,3),Set-12-Num(12,6,6),TestNumEqu-Num(4,7,13),TestNumLess-Num(10,3,11),Add-Num(0,9,3),SubmitNum-Num(1,9,6),While-Num(8,12,15),Set-13-Num(4,15,3),Countdown-Num(11,2,9),Close(12,6,7),LoadNum4-Num(1,6,0),Countdown-Num(14,1,13),SubmitNum-Num(1,8,0)]"
PROBLEM_smallest__ARGS_NUM__MUT_1,5017,smallest,Numeric,0.1,0,False,NONE,NONE,NONE,"NONE"
PROBLEM_smallest__ARGS_NUM__MUT_1,5018,smallest,Numeric,0.1,0,False,NONE,NONE,NONE,"NONE"
PROBLEM_smallest__ARGS_NUM__MUT_1,5019,smallest,Numeric,0.1,0,True,11,405,333,"[TestNumLessTEqu-Num(1,2,15),If-Num(15,8,12),LoadNum2-Num(2,5,13),Close(0,8,0),Close(10,10,1),TestNumGreaterTEqu-Num(2,3,8),Div-Num(3,8,2),SubmitNum-Num(2,10,10),LoadNum1-Num(3,1,7),IfNot-Num(1,11,6),LoadNum1-Num(9,15,10)]"
PROBLEM_smallest__ARGS_NUM__MUT_1,5020,smallest,Numeric,0.1,0,False,NONE,NONE,NONE,"NONE"
PROBLEM_smallest__ARGS_NUM__MUT_1,5021,smallest,Numeric,0.1,0,True,20,470,470,"[LoadNum4-Num(6,13,15),SubmitNum-Num(4,11,14),Set-12-Num(3,14,13),Floor-Num(15,15,10),Countdown-Num(3,0,12),Set-16-Num(8,0,1),TestNumNEqu-Num(5,11,7),Div-Num(0,11,1),TestNumNEqu-Num(0,5,5),SubmitNum-Num(1,9,13),TestNumGreater-Num(1,0,11),Set-15-Num(5,11,9),While-Num(7,6,14),LoadNum3-Num(0,5,0),TestNumEqu-Num(3,11,7),TestNumGreater-Num(0,6,10),Div-Num(6,10,0),If-Num(15,10,9),Set-16-Num(6,1,8),Set-15-Num(1,3,4)]"
PROBLEM_smallest__ARGS_NUM__MUT_1,5022,smallest,Numeric,0.1,0,True,11,186,151,"[Set-2-Num(5,2,15),TestNumLess-Num(3,2,13),LoadNum3-Num(6,1,4),Div-Num(3,13,6),Countdown-Num(5,8,10),TestNumGreaterTEqu-Num(6,0,3),Countdown-Num(3,10,10),SwapMem-Num(6,0,12),Close(15,12,4),LoadNum2-Num(0,10,7),SubmitNum-Num(6,1,8)]"
PROBLEM_smallest__ARGS_NUM__MUT_1,5023,smallest,Numeric,0.1,0,False,NONE,NONE,NONE,"NONE"
PROBLEM_smallest__ARGS_NUM__MUT_1,5024,smallest,Numeric,0.1,0,True,12,183,123,"[Set-9-Num(5,12,13),LoadNum4-Num(8,6,9),SubmitNum-Num(2,11,10),Countdown-Num(5,2,9),Div-Num(0,14,8),TestNumLess-Num(8,2,7),If-Num(7,8,10),Sub-Num(8,11,2),SubmitNum-Num(2,11,11),Close(9,15,10),TestNumEqu-Num(8,1,14),LoadNum2-Num(8,13,15)]"
PROBLEM_smallest__ARGS_NUM__MUT_1,5025,smallest,Numeric,0.1,0,False,NONE,NONE,NONE,"NONE"
PROBLEM_smallest__ARGS_NUM__MUT_1,5026,smallest,Numeric,0.1,0,True,9,48,28,"[TestNumLess-Num(0,1,11),Div-Num(0,11,1),Close(7,3,12),TestNumLess-Num(2,1,11),Div-Num(2,11,1),SubmitNum-Num(1,1,7),CopyMem-Num(3,2,0),While-Num(4,13,10),Mult-Num(7,10,0)]"
PROBLEM_smallest__ARGS_NUM__MUT_1,5027,smallest,Numeric,0.1,0,False,NONE,NONE,NONE,"NONE"
PROBLEM_smallest__ARGS_NUM__MUT_1,5028,smallest,Numeric,0.1,0,False,NONE,NONE,NONE,"NONE"
PROBLEM_smallest__ARGS_NUM__MUT_1,5029,smallest,Numeric,0.1,0,False,NONE,NONE,NONE,"NONE"
PROBLEM_smallest__ARGS_NUM__MUT_1,5030,smallest,Numeric,0.1,0,False,NONE,NONE,NONE,"NONE"
PROBLEM_smallest__ARGS_NUM__MUT_1,5031,smallest,Numeric,0.1,0,False,NONE,NONE,NONE,"NONE"
PROBLEM_smallest__ARGS_NUM__MUT_1,5032,smallest,Numeric,0.1,0,True,16,370,337,"[Set-14-Num(15,12,4),Add-Num(2,6,8),LoadNum1-Num(2,9,5),SubmitNum-Num(0,0,13),TestNumLessTEqu-Num(1,2,12),Countdown-Num(15,12,8),IfNot-Num(12,13,11),SwapMem-Num(1,8,5),Close(11,14,1),LoadNum4-Num(8,14,9),TestNumLessTEqu-Num(1,2,11),If-Num(11,6,7),SubmitNum-Num(1,14,10),LoadNum3-Num(1,3,0),LoadNum2-Num(2,12,7),TestNumLess-Num(1,8,12)]"
PROBLEM_smallest__ARGS_NUM__MUT_1,5033,smallest,Numeric,0.1,0,True,16,498,460,"[Set-10-Num(7,2,9),TestNumGreaterTEqu-Num(0,1,12),Countdown-Num(12,4,14),LoadNum2-Num(0,13,4),Close(9,5,14),SubmitNum-Num(0,2,11),LoadNum3-Num(12,9,15),While-Num(7,3,12),Inc-Num(12,13,4),TestNumGreaterTEqu-Num(0,12,2),LoadNum4-Num(12,2,9),Countdown-Num(2,4,4),SubmitNum-Num(3,15,7),LoadNum3-Num(3,10,2),LoadNum3-Num(12,5,4),LoadNum4-Num(0,4,3)]"
PROBLEM_smallest__ARGS_NUM__MUT_1,5034,smallest,Numeric,0.1,0,False,NONE,NONE,NONE,"NONE"
PROBLEM_smallest__ARGS_NUM__MUT_1,5035,smallest,Numeric,0.1,0,False,NONE,NONE,NONE,"NONE"
PROBLEM_smallest__ARGS_NUM__MUT_1,5036,smallest,Numeric,0.1,0,True,8,158,47,"[TestNumGreater-Num(2,1,9),Div-Num(1,9,2),TestNumGreater-Num(2,0,9),Div-Num(0,9,2),SubmitNum-Num(2,2,14),TestNumGreater-Num(2,3,14),While-Num(14,12,3),SubmitNum-Num(3,12,13)]"
PROBLEM_smallest__ARGS_NUM__MUT_1,5037,smallest,Numeric,0.1,0,False,NONE,NONE,NONE,"NONE"
PROBLEM_smallest__ARGS_NUM__MUT_1,5038,smallest,Numeric,0.1,0,True,11,207,174,"[SubmitNum-Num(1,12,15),Set-11-Num(15,11,0),Countdown-Num(15,2,0),TestNumGreaterTEqu-Num(0,1,15),IfNot-Num(15,12,1),Set-7-Num(15,11,11),Add-Num(13,0,1),SubmitNum-Num(0,8,10),Close(1,1,5),SwapMem-Num(2,0,3),LoadNum4-Num(2,3,7)]"
PROBLEM_smallest__ARGS_NUM__MUT_1,5039,smallest,Numeric,0.1,0,True,7,147,118,"[TestNumGreaterTEqu-Num(14,12,3),While-Num(3,3,7),SwapMem-Num(1,2,8),SubmitNum-Num(0,12,11),TestNumLess-Num(1,0,7),Div-Num(1,7,0),LoadNum4-Num(1,12,7)]"
PROBLEM_smallest__ARGS_NUM__MUT_1,5040,smallest,Numeric,0.1,0,True,13,426,348,"[Close(6,1,1),TestNumGreaterTEqu-Num(3,1,14),Countdown-Num(14,15,9),LoadNum2-Num(3,10,5),Close(0,12,0),SubmitNum-Num(3,10,12),TestNumGreaterTEqu-Num(3,2,4),Countdown-Num(4,0,3),SwapMem-Num(2,3,3),Close(11,3,3),LoadNum1-Num(2,1,4),Countdown-Num(13,5,2),Add-Num(12,6,1)]"
PROBLEM_smallest__ARGS_NUM__MUT_1,5041,smallest,Numeric,0.1,0,False,NONE,NONE,NONE,"NONE"
PROBLEM_smallest__ARGS_NUM__MUT_1,5042,smallest,Numeric,0.1,0,True,19,160,80,"[SubmitNum-Num(1,2,8),Set-10-Num(2,4,11),LoadNum2-Num(15,7,5),LoadNum3-Num(9,5,2),While-Num(2,13,9),TestNumLess-Num(15,0,5),Countdown-Num(5,7,8),SwapMem-Num(3,9,4),TestNumGreaterTEqu-Num(9,1,5),LoadNum3-Num(0,2,10),Close(7,7,3),LoadNum3-Num(15,14,14),TestNumGreaterTEqu-Num(0,3,2),TestNumLess-Num(15,0,5),Countdown-Num(5,0,6),Set-3-Num(2,1,8),Close(10,10,12),SubmitNum-Num(0,5,9),LoadNum4-Num(0,15,1)]"
PROBLEM_smallest__ARGS_NUM__MUT_1,5043,smallest,Numeric,0.1,0,True,10,307,245,"[SubmitNum-Num(14,9,14),Close(2,3,7),Div-Num(2,6,0),TestNumEqu-Num(15,7,6),TestNumLess-Num(0,3,5),Div-Num(0,5,3),TestNumLess-Num(1,3,5),SubmitNum-Num(3,0,13),Countdown-Num(5,14,15),LoadNum2-Num(3,4,13)]"
PROBLEM_smallest__ARGS_NUM__MUT_1,5044,smallest,Numeric,0.1,0,False,NONE,NONE,NONE,"NONE"
PROBLEM_smallest__ARGS_NUM__MUT_1,5045,smallest,Numeric,0.1,0,False,NONE,NONE,NONE,"NONE"
PROBLEM_smallest__ARGS_NUM__MUT_1,5046,smallest,Numeric,0.1,0,True,8,413,355,"[TestNumGreaterTEqu-Num(3,2,10),Div-Num(2,10,3),SubmitNum-Num(1,15,11),TestNumGreater-Num(3,0,10),Div-Num(0,10,3),TestNumGreater-Num(1,3,4),Countdown-Num(4,1,10),SubmitNum-Num(3,14,4)]"
PROBLEM_smallest__ARGS_NUM__MUT_1,5047,smallest,Numeric,0.1,0,False,NONE,NONE,NONE,"NONE"
PROBLEM_smallest__ARGS_NUM__MUT_1,5048,smallest,Numeric,0.1,0,True,13,322,286,"[TestNumLess-Num(3,1,14),Div-Num(3,14,1),TestNumGreater-Num(2,0,15),SubmitNum-Num(2,15,13),LoadNum1-Num(3,6,7),TestNumGreater-Num(1,3,0),TestNumLessTEqu-Num(1,2,4),If-Num(4,10,11),SubmitNum-Num(1,10,8),Close(2,9,9),Countdown-Num(0,12,5),While-Num(15,12,11),SubmitNum-Num(3,13,10)]"
PROBLEM_smallest__ARGS_NUM__MUT_1,5049,smallest,Numeric,0.1,0,True,8,360,341,"[Close(14,1,1),SwapMem-Num(2,1,5),TestNumNEqu-Num(10,1,7),TestNumLessTEqu-Num(2,0,4),SubmitNum-Num(0,15,0),Countdown-Num(7,1,7),Div-Num(2,4,0),LoadNum4-Num(2,11,14)]"
PROBLEM_smallest__ARGS_NUM__MUT_1,5050,smallest,Numeric,0.1,0,True,8,325,155,"[TestNumGreaterTEqu-Num(1,3,10),Div-Num(3,10,1),TestNumGreaterTEqu-Num(1,2,10),Div-Num(2,10,1),SubmitNum-Num(1,8,6),TestNumGreaterTEqu-Num(1,0,10),While-Num(10,9,12),SubmitNum-Num(0,2,7)]"
PROBLEM_smallest__ARGS_TAG_BF__MUT_0001,8151,smallest,Tag-BitFlips,0.0001,0,True,16,438,303,"[SwapMem-Tag(1001100001011110,0000000100011100,1100101000011110),TestNumLess-Tag(0110011101111010,0101010000011100,1100100000111001),IfNot-Tag(1100111000010000,0001111111010110,0011110011101100),LoadNum4-Tag(1110100111001110,1111000010101101,0100101101111001),Close(1010010111100001,0110110111010011,0011110010101010),LoadNum2-Tag(0100110111000111,0111010010100100,0001111111001110),Close(1010010111100001,0110110111010011,0011110010101010),TestNumLess-Tag(0110011101111010,0101010000011100,1100100000111001),IfNot-Tag(1100111000010000,0001111111010110,0011100011001100),LoadNum3-Tag(1110111111010110,1100101011011100,0001111010011111),Close(1010010111100001,0010110111010011,0011110010101010),SubmitNum-Tag(1111101111001001,1110010010011111,1100101001110100),LoadNum3-Tag(0101010000000100,0110011011010001,1100100001011011),IfNot-Tag(1100111000010000,0001111111010110,0011100011101100),LoadNum2-Tag(1110110100011100,1100111000100010,1100110110010000),Break(0100011110000011,1111011010010011,1111001110001100)]"
PROBLEM_smallest__ARGS_TAG_BF__MUT_0001,8152,smallest,Tag-BitFlips,0.0001,0,False,NONE,NONE,NONE,"NONE"
PROBLEM_smallest__ARGS_TAG_BF__MUT_0001,8153,smallest,Tag-BitFlips,0.0001,0,True,22,389,381,"[SubmitNum-Tag(0101001001110000,1110001100100111,0011010001110101),Set-4-Tag(1011010010111000,0000001101010100,1111000010111110),Set-14-Tag(1001111111011100,0011110110010110,1100010010001100),LoadNum1-Tag(0111000100111000,0001001101110001,0000101011111110),Countdown-Tag(0101111101011110,1000010111001111,1111001000100110),LoadNum3-Tag(1111111001100111,1010001100100001,0110111100001010),TestNumGreaterTEqu-Tag(0000010101011110,0101101100010011,0010010000010101),TestNumGreaterTEqu-Tag(0111101101011100,1011000000100001,1011111001010101),Countdown-Tag(0111000100010000,1010011110011101,1011100010111101),SubmitNum-Tag(1001001011110011,1001101110110100,1001111001000011),Set-15-Tag(1010011111110010,1010101001010010,1100101111110001),Close(0000001100101010,1011001111111101,0001001111010001),LoadNum3-Tag(0011000110100011,1110010100111011,1010111011010110),LoadNum2-Tag(0101100001110110,1100110001101101,1101101000010011),While-Tag(1010101000010010,1001110010000001,1101000110110011),LoadNum1-Tag(0110111010000100,1011000100100111,1100101100001011),SwapMem-Tag(0010110010010000,0101110001101110,1100011101010110),Dec-Tag(0111010011000111,1111010011111111,0110011111100011),LoadNum4-Tag(0110100010110011,1100001001100011,1111110101101010),SwapMem-Tag(0011100100100101,0100111001100011,0100000000111100),TestNumGreaterTEqu-Tag(0111101001110111,0111001000110111,1011110101100111),Break(0011000101100101,0000001001000000,0011111000100001)]"
PROBLEM_smallest__ARGS_TAG_BF__MUT_0001,8154,smallest,Tag-BitFlips,0.0001,0,False,NONE,NONE,NONE,"NONE"
PROBLEM_smallest__ARGS_TAG_BF__MUT_0001,8155,smallest,Tag-BitFlips,0.0001,0,False,NONE,NONE,NONE,"NONE"
PROBLEM_smallest__ARGS_TAG_BF__MUT_0001,8156,smallest,Tag-BitFlips,0.0001,0,True,27,252,226,"[LoadNum4-Tag(0111101110110110,1001111110110001,1100101011000011),TestNumGreaterTEqu-Tag(0001001100011100,0101111001111011,0011101000010110),Close(1010011101101100,0111100010111011,1011101010100000),Div-Tag(1000011110011011,0000011000110010,0110011100000100),TestNumGreater-Tag(0010100011011110,0101111011111001,0110111011011001),Set-1-Tag(1110110100111001,0101001100001011,1101111100010010),Inc-Tag(1100111101010111,0101000010100101,0011100111000101),Countdown-Tag(1110000100001001,1010101011111111,1101011001110111),LoadNum1-Tag(0010101110011100,1111110111010011,0111010001010100),Floor-Tag(1010110000011111,1111010111100010,0111100110111010),TestNumNEqu-Tag(1110110110001010,0001111111101001,0101011010000111),LoadNum1-Tag(1010010111111011,1000011100101110,1010001101001011),TestNumLess-Tag(1101010011000110,0001011111011110,1110011011001110),CopyMem-Tag(1101000100010010,0111000010011101,1111111001110101),TestNumEqu-Tag(0100010110111000,1110101010110101,0000011000011010),Set-2-Tag(0111001110000010,0100101110010011,0011110111100110),LoadNum3-Tag(1100001010001010,1001011010011100,0111010101000111),If-Tag(1110101011110110,1001101111001100,1000000111101001),Mult-Tag(0100010110111000,1100101010110101,1000011000011010),TestNumGreaterTEqu-Tag(1100101110100010,0001100001001111,1111100001110110),Dec-Tag(1011000011101101,1111111011111001,0111111001100101),SwapMem-Tag(1011100000011101,0001010110010110,1111011101011011),Close(1111110110011011,0010100101011000,0100010111011111),Add-Tag(1000011110000100,0011001111011111,0111101101011000),SwapMem-Tag(0111010101110001,1010001111000110,1000110010010110),TestNumNEqu-Tag(0100011001001110,1011010110010111,0110000001110010),SubmitNum-Tag(0010101110011100,1111110111010010,0111010001010100)]"
PROBLEM_smallest__ARGS_TAG_BF__MUT_0001,8157,smallest,Tag-BitFlips,0.0001,0,False,NONE,NONE,NONE,"NONE"
PROBLEM_smallest__ARGS_TAG_BF__MUT_0001,8158,smallest,Tag-BitFlips,0.0001,0,False,NONE,NONE,NONE,"NONE"
PROBLEM_smallest__ARGS_TAG_BF__MUT_0001,8159,smallest,Tag-BitFlips,0.0001,0,True,46,371,273,"[LoadNum4-Tag(1011111000010001,0011011110110001,1110101100011110),Close(1111010011001111,1101011111111011,0011101110100100),TestNumLessTEqu-Tag(1011101000000011,1110011011000101,1010000111010110),Close(1111010101000100,0100100111010010,0001010010101000),Set-6-Tag(0010110111111000,1100111110111101,0110001100001100),Set-4-Tag(0111000111011111,0111110010010010,1010100110000100),LoadNum1-Tag(1110000111001001,1000000110100100,1001110001010000),LoadNum1-Tag(0110110010101101,1101111101000110,0101001000010011),SwapMem-Tag(0100100001101011,0000001110011011,0110100001011101),Set-3-Tag(0000000011001110,0010111110001111,0100001111011000),Sub-Tag(1001010111001101,0011111001001011,0110111100111100),Floor-Tag(1101101100000110,1011001111011110,1101011100111011),Floor-Tag(0111110000011110,1001110111011001,1001010101111011),Set-5-Tag(0000001101111010,1100100011111101,0110011100111101),Set-1-Tag(0010111101100111,0000100010001001,1010011111000000),CopyMem-Tag(1111001000010110,1111010001011010,0011111011011011),CopyMem-Tag(1011111010011101,0010101101110000,0010011101010101),Floor-Tag(0010111011001011,0011000011101101,1111111010000010),TestNumLess-Tag(1110101101001101,1011001011100010,0110000101101100),If-Tag(0010100011110000,0000110000011101,1001011010001011),Set-8-Tag(1001110111111101,1111101100000010,1011010011100001),TestNumEqu-Tag(1001001000010010,0001001001100101,1101110000011111),LoadNum2-Tag(1010011111011000,0000011010101011,1111010011100011),LoadNum3-Tag(0010110110110111,1001010100000000,0000100000100100),LoadNum3-Tag(1010101010111110,0100001101100001,1100001101010000),LoadNum1-Tag(1001010111001101,0011111001001010,0110111100111100),Close(1111001001110110,1111010001011010,0111111011011011),SubmitNum-Tag(1011111010011101,0010101101110000,0010011101010101),SwapMem-Tag(0000011000110110,1010010101110100,1000101010011010),Break(1011111000010001,0011011010110011,1110101100011110),IfNot-Tag(0000100001101011,0010001110011011,0110100001011101),Close(1001100011001110,1001011100000011,1110100000001011),TestNumLess-Tag(1100101001001101,1011001011100010,0110000101101100),If-Tag(0010100111110000,0000100000111101,1001011010001001),LoadNum4-Tag(0010001100011110,0001001110001000,0001000101010001),SubmitNum-Tag(1010000010100010,0011010100001110,1011000110001010),Close(1111001001110110,1111010001011010,0111111011011011),SubmitNum-Tag(1000010101111101,0110001010110101,1011101011100100),If-Tag(0010100111110000,0000100000101101,1001011010001001),Not-Tag(0000000001011100,0110100111110010,1110111101110010),Set-15-Tag(0000000111110100,0001010101110101,1011100000111011),Dec-Tag(1010111000110101,0111111000011100,1110101011110111),SubmitNum-Tag(1101100000011011,1010001000011100,0100111001100111),Set-1-Tag(1110011110011011,0001000110001011,0000011011011111),Floor-Tag(0100111010110110,1101111010111110,1111100011110001),Break(1110111101000110,1010111101011101,0010100101001001)]"
PROBLEM_smallest__ARGS_TAG_BF__MUT_0001,8160,smallest,Tag-BitFlips,0.0001,0,False,NONE,NONE,NONE,"NONE"
PROBLEM_smallest__ARGS_TAG_BF__MUT_0001,8161,smallest,Tag-BitFlips,0.0001,0,False,NONE,NONE,NONE,"NONE"
PROBLEM_smallest__ARGS_TAG_BF__MUT_0001,8162,smallest,Tag-BitFlips,0.0001,0,False,NONE,NONE,NONE,"NONE"
PROBLEM_smallest__ARGS_TAG_BF__MUT_0001,8163,smallest,Tag-BitFlips,0.0001,0,False,NONE,NONE,NONE,"NONE"
PROBLEM_smallest__ARGS_TAG_BF__MUT_0001,8164,smallest,Tag-BitFlips,0.0001,0,True,17,481,462,"[SubmitNum-Tag(0100001011010100,1000000000001111,1000111100000010),Close(1111011110000100,1001101111111111,0011010001111010),LoadNum2-Tag(1010010010001110,0101001100010110,1101110000001000),TestNumLessTEqu-Tag(1111110100101110,1010010111010011,0000101100000111),LoadNum1-Tag(0110010011011011,1100111111000010,1010011001011111),TestNumLess-Tag(1110101100011000,0110111011011001,1010100001101111),If-Tag(1010010100001011,0001110101100110,1000100011101100),SubmitNum-Tag(1111001011100110,0100001001110011,1000111001101110),LoadNum3-Tag(1010011100110101,1010001101011110,1010110001000000),Close(1011110110111000,0000110011010010,0100001010100100),If-Tag(0100101111101101,0111110101010010,1100101101111010),LoadNum4-Tag(1100110011111101,0011111000110101,0111010011101010),Close(1101000001010001,1101001101110101,1100110101001110),TestNumGreater-Tag(1101011111110000,1010000001100110,1111100001100001),If-Tag(0100101111101101,0111110101010010,1100101101111010),LoadNum3-Tag(0111110100101110,1111010011110011,0001100010010111),Break(0010110001111111,0101001001001101,1101101101110001)]"
PROBLEM_smallest__ARGS_TAG_BF__MUT_0001,8165,smallest,Tag-BitFlips,0.0001,0,True,30,396,336,"[SubmitNum-Tag(1101100111110101,1110101111111000,1111101000010100),Set-10-Tag(1011100010000010,1100000000111111,1001100000101010),Set-6-Tag(1010111011100111,1110000010001110,1010100100000110),Add-Tag(0011001000000111,1100011110001111,0100111100111101),LoadNum3-Tag(1001110101000110,0001010011101110,0100111110111101),Set-10-Tag(1010001101101110,1000100010010000,0010000110001010),LoadNum3-Tag(1110011110110111,0011111010011010,1001110110101000),Mod-Tag(0011001000000111,1100011110001111,0100111100111101),While-Tag(1001110001000110,0000010011101110,0100111110111101),Add-Tag(1111111111011110,0110111000101111,1110110111100000),TestNumLessTEqu-Tag(1010001101101110,1001100010010000,0010000110001010),TestNumGreaterTEqu-Tag(0001100011000001,0111010010110000,1111001010010111),IfNot-Tag(0001011001110010,0011111011101111,0100110111110011),Add-Tag(0000100100111101,0001000011100100,0100110001010111),Close(1000110100000000,1100001001110001,1000100111000000),LoadNum2-Tag(1001100000011010,0101010010101101,0010010011011110),TestNumLessTEqu-Tag(1010001101101110,1000100010010000,0010000110001010),TestNumGreaterTEqu-Tag(0001100011000001,0111010010110000,1111001010010111),IfNot-Tag(0001011001110010,0011110011101111,0100110111110011),Div-Tag(0011111000011001,1110011010010010,0001110110100010),SubmitNum-Tag(0000100100111101,0001000011100100,0100110001010111),Set-7-Tag(0101011110100001,1010100111000101,0101110010111011),CopyMem-Tag(1110011110110111,0011111010011010,1101110110101000),Close(1000110100000000,1100001001110101,1000100111000000),LoadNum2-Tag(1001100000011010,0101010010101101,0010010001011110),Set-10-Tag(1110000010101010,0100001011110110,1101111111110011),SubmitNum-Tag(1001000001010000,0010010001100010,1001001111000100),Sub-Tag(0101000011010010,1010110100001011,0111110001110110),LoadNum1-Tag(1110100010010000,0101101111101111,1010110100011000),Div-Tag(1111001001111000,0110110010110101,0000110001011110)]"
PROBLEM_smallest__ARGS_TAG_BF__MUT_0001,8166,smallest,Tag-BitFlips,0.0001,0,False,NONE,NONE,NONE,"NONE"
PROBLEM_smallest__ARGS_TAG_BF__MUT_0001,8167,smallest,Tag-BitFlips,0.0001,0,True,47,473,473,"[Close(0010011011101111,0000010100001010,0111010101101110),SubmitNum-Tag(1001010010001001,0100100101110001,1100001100010100),Not-Tag(0000110111101000,1100101000000101,1000101100111010),Close(1011100011101001,1010011100101001,1001101110111100),Add-Tag(1101111100100011,1111000110101001,0001110111001111),Inc-Tag(1010000000011001,0001000101010110,0010101111001010),Sub-Tag(0101101000011101,1011010111110011,0110110000110111),LoadNum1-Tag(0100001111100110,0100011001100100,1110101100101111),Set-10-Tag(0011011101000010,1111001001100010,0100010001100010),Mod-Tag(0101010110101101,1010010000000100,1110000111000010),CopyMem-Tag(0000001011110110,0101100111100111,0000010011100111),Mult-Tag(0001101101000111,0000110010010010,1101111001111011),Div-Tag(0111110101110001,1100000000001100,1100101011000111),TestNumGreaterTEqu-Tag(0000111111010000,0100011100001010,0111011110010100),LoadNum3-Tag(1011011010111101,1001101011111100,0100111001000110),IfNot-Tag(0100000100110111,1001111101000001,1011010010100111),Add-Tag(0101011110000011,1000111010100000,0101101101101111),Set-1-Tag(0111010011001110,0010001110001001,0101000001011100),Set-8-Tag(1110111000110111,0100001110010100,0100101011010010),LoadNum2-Tag(0100010010100101,0001001111111101,1100110110111101),SubmitNum-Tag(0010111111101000,1011010001011101,0110100100110111),TestNumGreaterTEqu-Tag(1001011111001001,1101000011001000,1111100110001100),Close(1111011011000101,0010111110000101,0010111111110000),Set-6-Tag(0111011001100011,1110110101100100,0011000101000011),Close(0010111111000111,0010101111000011,0101000110001100),Set-8-Tag(1011001110100111,0100011100111011,1001101111101011),Set-4-Tag(1011001001001100,1001111101010011,0000010100110010),LoadNum3-Tag(0110000101001010,0010101100111100,1001100111101001),Sub-Tag(0101101111000010,0000011101111010,1011001011100010),TestNumGreater-Tag(0111000111100001,1110000110111111,0110101110100011),Countdown-Tag(0110011000100011,1100100100001001,0111011001011110),Sub-Tag(0101101011001100,1011100101011100,1101000101111101),Dec-Tag(0010001010111001,0011100011000001,1100000011010110),SubmitNum-Tag(1111000111111000,1101011010001100,1100111010010000),Not-Tag(0010101001011101,1110000110001101,0110011111001010),TestNumLessTEqu-Tag(1111101001111110,1011110100100111,0101000101100010),Mod-Tag(0010011010111001,0011100011000001,1101000011010110),TestNumGreater-Tag(0001111001101101,0001101011011100,1010000010110001),Set-13-Tag(1001000110011100,1010010001100011,0101100100010100),Dec-Tag(1010100110111101,0010000101000001,0110010000001101),TestNumLess-Tag(0100001100100001,0110010100010010,1101011110100000),Not-Tag(1110010101000011,0010111110000100,1100111101011101),Set-16-Tag(0100100011100000,0111111111000100,1001110001011001),LoadNum2-Tag(0110100110010001,0101110100101011,0010111101110111),TestNumNEqu-Tag(1110001001111100,1110110010101101,0011001111010011),IfNot-Tag(1011100001100000,1000111100000101,0011010101110011),Set-3-Tag(0000010111001101,1011000011010110,0000001100010001)]"
PROBLEM_smallest__ARGS_TAG_BF__MUT_0001,8168,smallest,Tag-BitFlips,0.0001,0,False,NONE,NONE,NONE,"NONE"
PROBLEM_smallest__ARGS_TAG_BF__MUT_0001,8169,smallest,Tag-BitFlips,0.0001,0,False,NONE,NONE,NONE,"NONE"
PROBLEM_smallest__ARGS_TAG_BF__MUT_0001,8170,smallest,Tag-BitFlips,0.0001,0,True,20,350,231,"[Add-Tag(1111100010100101,1011000110110110,1101011011101000),LoadNum4-Tag(0001101111000101,0011001001101101,0111111011011000),TestNumLess-Tag(0001000000111010,1000100101011010,1001100001000010),Div-Tag(1101011001100010,1011010111010011,0101000010011011),While-Tag(0000110001010100,0011110101100110,0110000111100000),TestNumGreater-Tag(1011110110010001,1101111110011101,0010010101011011),LoadNum2-Tag(0000110010111001,1010110110110000,1011010100100111),SubmitNum-Tag(1010101110111111,1101000000000010,1010110001100111),Close(1100001111000100,1110010100001000,0110011111110010),LoadNum4-Tag(0111001100000111,1101010001010111,0010111010101010),Close(1100000111000100,0110000100001000,0110001101110010),TestNumNEqu-Tag(1110100010101101,0011010111101011,1101011100000110),SubmitNum-Tag(0101111111100001,0010110100011111,1110011111101101),LoadNum2-Tag(1101000110110000,1011101011110011,1000011101010010),TestNumGreaterTEqu-Tag(0001000000111010,1000100001011011,1001100001000010),While-Tag(0000110001010110,0011110101110110,0110001111100000),LoadNum3-Tag(1010111100111000,0010101000001110,1101011101010001),CopyMem-Tag(1000100101011110,0101101100100101,0110000010101000),TestNumGreaterTEqu-Tag(1011100110010101,1101111110011101,0010010101011011),SubmitNum-Tag(1010101110111011,1101000000000010,0010110001100111)]"
PROBLEM_smallest__ARGS_TAG_BF__MUT_0001,8171,smallest,Tag-BitFlips,0.0001,0,True,25,266,266,"[Close(0000111101001100,0101000001111100,1000100101111110),SubmitNum-Tag(0001010011111011,0100111101011100,1001011100110001),Add-Tag(1010110000000111,0001000000010101,0001101101000100),Dec-Tag(1100011010000101,0001011111100000,0011010000010101),Countdown-Tag(0110010110000110,1111011110111001,1010001000111010),TestNumGreater-Tag(1110100100011011,1110010011101010,1000001100100100),TestNumEqu-Tag(1000101110000010,1000010011000100,0110011100110000),LoadNum3-Tag(0010000001011011,0111111110000011,1110110100000011),Countdown-Tag(1011010100101011,1011111100110000,1010100000000000),LoadNum4-Tag(0011110111011100,0011101111111110,1111101110001110),Close(1000101110000010,1000010011000100,0010001100110000),TestNumGreaterTEqu-Tag(1111010101000110,1001110011110110,0001100100001100),Sub-Tag(0000001011101101,0000101010110101,0100110100000101),TestNumGreater-Tag(1110100100011011,1110011011100010,1000001100100100),SubmitNum-Tag(1111010011111010,0100110000111000,0000001100001101),TestNumEqu-Tag(1000101110000010,1000010011000100,0010011100110000),LoadNum3-Tag(0000100000100110,1110010100011111,1101111111000001),LoadNum4-Tag(1110100010011000,0100111101011111,0000111001111010),Countdown-Tag(1011010100101010,1011111000110000,1010100000000000),Set-15-Tag(1101010101100000,0000101000101110,1000010110001001),Countdown-Tag(0110000101011111,0000011010100111,1000011010100000),TestNumGreaterTEqu-Tag(1101111100111010,0010101011011010,0010110110000000),Dec-Tag(0111001010110001,0011111111001100,0011001010101010),Not-Tag(0100000001010011,1000000101100000,0111011101101000),LoadNum2-Tag(1111010011111011,0110110001111000,0000001100001101)]"
PROBLEM_smallest__ARGS_TAG_BF__MUT_0001,8172,smallest,Tag-BitFlips,0.0001,0,False,NONE,NONE,NONE,"NONE"
PROBLEM_smallest__ARGS_TAG_BF__MUT_0001,8173,smallest,Tag-BitFlips,0.0001,0,True,21,338,321,"[LoadNum2-Tag(0010000110001011,0001100001011111,0101001001100001),SubmitNum-Tag(0100000001100100,1000100001111111,0000110010010000),LoadNum4-Tag(1111011100100111,0010110000001110,1101001101111111),TestNumNEqu-Tag(0000111010110011,0011110110010010,0110000101010100),Sub-Tag(1000101101011010,0111010100000001,0011010001111101),LoadNum3-Tag(0101100010011100,1101100010111011,0010001011111111),TestNumGreaterTEqu-Tag(0110111111010011,0111101101110000,1001110100111111),Countdown-Tag(1111011100100111,0010110000001110,1101001101111111),LoadNum2-Tag(0001000101011000,0001100110011111,0000101000000011),Close(0111011011100000,0111101011100011,0010100011010001),Set-16-Tag(0010010001110011,0000100110111010,1011101101100010),Countdown-Tag(0010101000100000,0001000000101100,0100011100001000),Countdown-Tag(1111011100110110,0010110000001110,1101001101111111),LoadNum1-Tag(0101100000011100,1101100010111011,1010001011111111),Dec-Tag(0000011110000010,0001101110010010,0100111111110101),SwapMem-Tag(0000011110000010,0001101110000010,0100111111100101),Close(0111011111111111,0110100011111001,0001001111110111),SubmitNum-Tag(0100000001100100,1000100001011111,0000100010010000),SwapMem-Tag(0101100000011100,1101100010111011,0010001011111111),TestNumGreaterTEqu-Tag(0001011100100100,1001110110000100,0101111011111101),Set-2-Tag(0110011100101101,0000101001011010,1100001001000010)]"
PROBLEM_smallest__ARGS_TAG_BF__MUT_0001,8174,smallest,Tag-BitFlips,0.0001,0,False,NONE,NONE,NONE,"NONE"
PROBLEM_smallest__ARGS_TAG_BF__MUT_0001,8175,smallest,Tag-BitFlips,0.0001,0,False,NONE,NONE,NONE,"NONE"
PROBLEM_smallest__ARGS_TAG_BF__MUT_0001,8176,smallest,Tag-BitFlips,0.0001,0,False,NONE,NONE,NONE,"NONE"
PROBLEM_smallest__ARGS_TAG_BF__MUT_0001,8177,smallest,Tag-BitFlips,0.0001,0,False,NONE,NONE,NONE,"NONE"
PROBLEM_smallest__ARGS_TAG_BF__MUT_0001,8178,smallest,Tag-BitFlips,0.0001,0,True,11,218,187,"[Close(0101001100100111,0011010001001001,1100010100101011),SwapMem-Tag(0001011000110101,1101111110100010,0111100111000100),SubmitNum-Tag(0000010001010110,1101110011110000,1000000100001110),SwapMem-Tag(0010000100011101,1100011110011100,0001100111110111),CopyMem-Tag(1101100010101011,1111011101101101,1110011111100101),LoadNum3-Tag(1000101010111000,0101000000111010,0000111010101011),TestNumGreaterTEqu-Tag(1111000111110011,1110000010111000,1101001001010110),Countdown-Tag(0100010001001101,1111100000001011,0011110000101001),CopyMem-Tag(1101100010101011,1111011101101101,1110011111100101),TestNumGreaterTEqu-Tag(1111000011110011,1110010010111000,1101001001010111),LoadNum2-Tag(1001001010111000,0111100100100100,0011101000100011)]"
PROBLEM_smallest__ARGS_TAG_BF__MUT_0001,8179,smallest,Tag-BitFlips,0.0001,0,True,46,458,458,"[LoadNum4-Tag(1000011010101101,0011111010101110,1100010001101011),TestNumGreater-Tag(0110000101010011,1001010010000111,0000110011111001),TestNumGreaterTEqu-Tag(0000110000010101,0010011101100000,1100000110000100),SubmitNum-Tag(1100010001111101,0000011110001111,1110001000001010),While-Tag(0000001111101101,1100111110110000,0001011001101000),LoadNum4-Tag(0101010001110110,1111000010001101,1111010100100100),If-Tag(1101011010100111,1110111101011111,1000101010111101),Close(1101001011100011,1101100001100000,0010100000001011),SubmitNum-Tag(1001010111011010,0110011011111000,1100111011011110),CopyMem-Tag(1000101110011011,0110111111000011,0011001110001001),TestNumNEqu-Tag(0001010011101111,1000010111001100,1001001101011110),Not-Tag(0001000111101110,0000101010000110,1000010100001100),Close(1111111001000010,0100100010011011,0000101001010001),Not-Tag(0100101010010001,0001110011101101,1110010100111111),LoadNum1-Tag(1100001101110110,1001010011101100,0111011111100000),Inc-Tag(1011110001101111,0011001001000001,1101010001110110),Close(0001011000010110,1110010110111000,1010111011010001),CopyMem-Tag(1111111001000010,1100100010011011,0000111001010101),LoadNum2-Tag(1111101011111111,1111010001001000,0001001101011101),TestNumGreaterTEqu-Tag(0110000100000011,0110101001011101,1110101110011001),LoadNum1-Tag(0000110100111100,0001111000011000,0111011110011111),Set-5-Tag(0011101011101100,1000111110110011,0001100101011101),Set-1-Tag(1100110010000110,0000011010011000,1100011010111111),LoadNum1-Tag(1100011010001001,1000111101110110,0001100101100001),Mult-Tag(0111001101010111,0100101111010111,1011011011110010),Set-4-Tag(0101101111011000,1110101101111010,0011001010001001),TestNumGreater-Tag(0001111100010000,1100011011101011,0000110110011010),Sub-Tag(1010011101111010,1101111100000111,1010011011001001),Set-3-Tag(1110011010011011,0111110000101101,1010110010010111),Dec-Tag(0011001101001110,0010000001100000,1101000101010101),Sub-Tag(1000011100101011,1010101000011010,1001101010110110),LoadNum3-Tag(0010010111000010,1110100001011101,1101000110100100),TestNumEqu-Tag(1111110111110110,0011111000001110,1110101011100111),TestNumNEqu-Tag(1101111000011110,1110011000101100,0111100001111010),TestNumGreater-Tag(1010000110011101,1100101100010111,1111111110110000),LoadNum3-Tag(1001001011001110,1011101010011111,1100000101000010),While-Tag(1101100110011001,1001110001010010,1000110111011001),TestNumGreater-Tag(1101111101000001,0110001000100110,1000110110001010),Set-2-Tag(1000000110000110,0101111110111010,0011001111100110),Div-Tag(1111111111011110,1010001111101101,0110011111011111),Set-6-Tag(0111001101011110,0001011100000111,0011110001000111),SubmitNum-Tag(1111010011010011,0110000101110101,1101100111001001),Set-5-Tag(1100011101000010,0000000100110111,0110010001011000),Mult-Tag(0101110100100011,0110101100100000,0100001101100000),SubmitNum-Tag(0001101010100010,1011101101000110,0011001011100011),Mult-Tag(1100101001000000,1100111100011111,0111011110000100)]"
PROBLEM_smallest__ARGS_TAG_BF__MUT_0001,8180,smallest,Tag-BitFlips,0.0001,0,False,NONE,NONE,NONE,"NONE"
PROBLEM_smallest__ARGS_TAG_BF__MUT_0001,8181,smallest,Tag-BitFlips,0.0001,0,False,NONE,NONE,NONE,"NONE"
PROBLEM_smallest__ARGS_TAG_BF__MUT_0001,8182,smallest,Tag-BitFlips,0.0001,0,False,NONE,NONE,NONE,"NONE"
PROBLEM_smallest__ARGS_TAG_BF__MUT_0001,8183,smallest,Tag-BitFlips,0.0001,0,True,15,477,226,"[Close(1111010010110001,0011101001000011,0100001000001110),SubmitNum-Tag(0100111100010000,0000101001110100,0110100110101100),Add-Tag(0001110010110110,1001000101000111,1000110101111010),TestNumLess-Tag(1011001111111100,1101111000110000,1011110100100110),While-Tag(1010000101001100,1001010101101000,0101001100001100),SubmitNum-Tag(1110110011101100,1011001011110010,1111101100010101),SwapMem-Tag(0000100110011011,1110111011101101,0001000110111011),TestNumLessTEqu-Tag(0011001111111100,1111110000011000,1011110100100110),CopyMem-Tag(0011000110000011,0100100101010011,0010001000110101),Close(1101000111110001,0111000001101100,1011111001100101),CopyMem-Tag(0010001101000111,1011011111010111,1110101110011111),LoadNum4-Tag(0011111101010010,1000001001010110,1001001111000101),SwapMem-Tag(0001100110000011,1101001001111111,1110110100001010),If-Tag(1110010010000111,0100100010101001,0101100000001110),Set-3-Tag(0011000011001000,0101111001001010,0001010010000110)]"
PROBLEM_smallest__ARGS_TAG_BF__MUT_0001,8184,smallest,Tag-BitFlips,0.0001,0,False,NONE,NONE,NONE,"NONE"
PROBLEM_smallest__ARGS_TAG_BF__MUT_0001,8185,smallest,Tag-BitFlips,0.0001,0,False,NONE,NONE,NONE,"NONE"
PROBLEM_smallest__ARGS_TAG_BF__MUT_0001,8186,smallest,Tag-BitFlips,0.0001,0,False,NONE,NONE,NONE,"NONE"
PROBLEM_smallest__ARGS_TAG_BF__MUT_0001,8187,smallest,Tag-BitFlips,0.0001,0,False,NONE,NONE,NONE,"NONE"
PROBLEM_smallest__ARGS_TAG_BF__MUT_0001,8188,smallest,Tag-BitFlips,0.0001,0,False,NONE,NONE,NONE,"NONE"
PROBLEM_smallest__ARGS_TAG_BF__MUT_0001,8189,smallest,Tag-BitFlips,0.0001,0,False,NONE,NONE,NONE,"NONE"
PROBLEM_smallest__ARGS_TAG_BF__MUT_0001,8190,smallest,Tag-BitFlips,0.0001,0,True,30,408,369,"[SubmitNum-Tag(1011111111101000,0011111100001100,1110001110110000),Sub-Tag(1111100101010001,0110100000001100,1100000000000001),TestNumLessTEqu-Tag(0010101110111110,1110110101000010,1100100111110100),IfNot-Tag(1101100100111110,1000001100000101,1100010100001101),Sub-Tag(0101011001011111,0010100000101110,0000001100100011),SubmitNum-Tag(1101001100100011,0101011110110100,1100011001001011),Close(1000000111001011,1111011111101010,1010101110011101),LoadNum3-Tag(0001010111011110,1011001101100010,0010011011101010),LoadNum2-Tag(1110111111110110,1011001001110101,0001011000100100),Sub-Tag(1111100101010001,0111100000001100,1100001000000001),Close(0010100110111111,0011100110000000,0110100101010001),Add-Tag(1101110110110111,1100011100111001,1111101101101001),LoadNum1-Tag(1101101111110011,1000000110010000,0011100101100011),TestNumLessTEqu-Tag(0011101110111110,1110100101000010,1100100111110100),IfNot-Tag(1101100100111110,1000001100000101,1101010100001101),Sub-Tag(1111100101010001,0110100000001100,1100000000000001),TestNumLessTEqu-Tag(0010101110111110,1110110101000010,1100100111110110),IfNot-Tag(1101100100111110,1000001100000101,1100010100001101),Sub-Tag(0101011001011111,0010100000101110,0000101100100011),SubmitNum-Tag(1101001100100011,1101011110110000,1100011001001011),LoadNum4-Tag(1011111100100011,1110010111011010,1111010000111000),Close(1001000111001011,1111011111101010,1010101110011101),Close(1101001100100011,0101011110110100,1100011001001011),TestNumLessTEqu-Tag(0001011110100000,0101000101110011,0111100000100010),If-Tag(1001011000010010,0011010111111000,0100111101011011),LoadNum4-Tag(1101110001000000,0101001001111010,0000011011110001),Sub-Tag(0111100100010001,0101100000001100,1110001000000001),LoadNum2-Tag(1101001011110110,1110111110011011,0101011111110010),IfNot-Tag(1101100100111110,1000001100000101,1100010100001101),Break(1001111101010001,0001101100100001,1110110001100111)]"
PROBLEM_smallest__ARGS_TAG_BF__MUT_0001,8191,smallest,Tag-BitFlips,0.0001,0,True,23,433,311,"[SubmitNum-Tag(0101110101111001,1010010100011101,0100101011000010),LoadNum1-Tag(0010110010001100,0001111001110100,1111100011100100),Set-0-Tag(1110011011100110,0000111011111111,0111111010010000),LoadNum2-Tag(1100111001100011,0101111010100001,1000000010100000),TestNumGreater-Tag(1001100000100110,0000011111011011,0110100011100101),TestNumLessTEqu-Tag(0110000111001000,1010110001101110,1111111011001011),TestNumGreaterTEqu-Tag(1001000001011010,0110101110110011,0001111001000011),Countdown-Tag(1111101100111000,0110001100110010,1101100111110110),SwapMem-Tag(0011100000011010,0001000111011000,0100011001110101),TestNumGreater-Tag(1100000110011001,0101001000010110,0110101110111111),Close(1000111000000010,0011000011100010,0101000100101111),LoadNum1-Tag(0010000100111101,0110000011000101,0001000010110110),SubmitNum-Tag(0100111100100000,0111001001000011,0111001001001101),LoadNum4-Tag(1001100001000100,0111010000000011,1010011000011011),LoadNum3-Tag(1110011011100110,0011111011111011,0111111010010000),IfNot-Tag(0011111111000111,0011100100111010,1011000111001111),LoadNum4-Tag(1110011011100111,0010011011111101,0111101010010010),Close(0111011001100000,1101101010110110,0010100111001100),Close(1001001011110011,0111101011111010,1011101100111100),TestNumGreaterTEqu-Tag(0011100101100011,1100101000010100,1100000010000100),Add-Tag(1111110110000110,1011110000101111,1011101011100000),If-Tag(1010010100000111,0101001101101111,1100010100011000),SubmitNum-Tag(1111111010010010,0111100010000010,1111010100000111)]"
PROBLEM_smallest__ARGS_TAG_BF__MUT_0001,8192,smallest,Tag-BitFlips,0.0001,0,True,14,188,150,"[Close(0010011111001100,0000010101111001,0001010001110111),LoadNum1-Tag(1000101011000100,0001110101010110,1110000101100110),TestNumGreater-Tag(1011100010111010,0111000110000100,1110100110110011),SubmitNum-Tag(0011000101000000,1101101100100111,0001111001110100),IfNot-Tag(1000010000100010,1110000001101110,0110100100011000),SwapMem-Tag(1011010101001101,1010000100011100,0100010001000110),Close(0111111111111101,1100110101110000,1000110001111011),TestNumGreater-Tag(1011000010111010,0111000110000100,1110100110110011),Sub-Tag(1000101011010101,1011111100000101,1001001111011011),IfNot-Tag(1000010001100010,1110000001101110,0110100100011000),LoadNum3-Tag(0110011001110101,1010100010011101,1000000000110001),Close(1000011111111110,0000000010110010,0101001000001101),Countdown-Tag(0000100111101000,0010011101111011,1010011010000011),TestNumGreater-Tag(1001101101110011,1110011000010010,0101000001001010)]"
PROBLEM_smallest__ARGS_TAG_BF__MUT_0001,8193,smallest,Tag-BitFlips,0.0001,0,True,17,130,112,"[LoadNum1-Tag(1011100100100011,0111100111101010,1101000001001101),Set-5-Tag(0011101111110111,0110101111100010,1000110100001001),Sub-Tag(0100110111000001,1010000010001111,0001111101000011),While-Tag(1111011111001110,1001100010100111,1011101000111011),TestNumLess-Tag(0000011101101010,0010001111111000,0000000111111000),SwapMem-Tag(0011101110010010,0001011110110100,0101011010100110),IfNot-Tag(0101010010111110,1001101010100101,0110100011111000),LoadNum4-Tag(0011101110010010,0001011110110100,0101011010100110),Sub-Tag(0100110111000001,1010000010001111,0001111101000011),While-Tag(1111011111001110,1001100010100111,1011101000111011),TestNumLess-Tag(0000011101101010,0010001111111000,0000000111111000),SwapMem-Tag(0011101110010010,0001011110110100,1101011010100110),SubmitNum-Tag(1111011100000001,0000101110010000,1010010100010111),IfNot-Tag(0101010010111110,1001101010100101,0110100011111000),SwapMem-Tag(0011101110010010,0001011110110100,0101011010100110),LoadNum3-Tag(0010111100101100,1010100101101101,0000101010100010),LoadNum3-Tag(0101000100000101,0111111001101111,1101011100010000)]"
PROBLEM_smallest__ARGS_TAG_BF__MUT_0001,8194,smallest,Tag-BitFlips,0.0001,0,False,NONE,NONE,NONE,"NONE"
PROBLEM_smallest__ARGS_TAG_BF__MUT_0001,8195,smallest,Tag-BitFlips,0.0001,0,False,NONE,NONE,NONE,"NONE"
PROBLEM_smallest__ARGS_TAG_BF__MUT_0001,8196,smallest,Tag-BitFlips,0.0001,0,False,NONE,NONE,NONE,"NONE"
PROBLEM_smallest__ARGS_TAG_BF__MUT_0001,8197,smallest,Tag-BitFlips,0.0001,0,True,16,252,213,"[Close(1001011100010011,0101010001101101,1100110001100011),SubmitNum-Tag(0101000101011110,0110110110100010,1110011011000001),LoadNum3-Tag(0100001111011011,0100010010011000,0101100110011011),LoadNum2-Tag(0110000100101010,1001000110100010,1001010101111101),LoadNum1-Tag(0001110100011001,1101010001110010,1001000011101110),Sub-Tag(1010001011000000,1101110100100111,0101010101101100),TestNumLess-Tag(1110001101101000,0101110000011100,1100000011111010),LoadNum4-Tag(1100001100110011,1101101000111010,1000110110101010),SwapMem-Tag(1010101100101011,1000100001101101,0100011110110001),Div-Tag(0000000100101011,0000011011111011,1111000111010001),TestNumLess-Tag(1110001101101000,0101110000011100,1100000011111010),SwapMem-Tag(1010101100101011,1000100001101101,0100011110110001),Div-Tag(0000000100101011,0000011011111011,1111000111010001),TestNumGreaterTEqu-Tag(0001000101001110,1101110110101001,1000000111110011),If-Tag(1100111101100011,0111010101111000,1011001101101110),SubmitNum-Tag(1001101111101001,1011011001100101,0110100111011100)]"
PROBLEM_smallest__ARGS_TAG_BF__MUT_0001,8198,smallest,Tag-BitFlips,0.0001,0,False,NONE,NONE,NONE,"NONE"
PROBLEM_smallest__ARGS_TAG_BF__MUT_0001,8199,smallest,Tag-BitFlips,0.0001,0,True,31,398,211,"[Set-9-Tag(0110011111001010,1000011000110001,1111010000111101),Close(1100011111110110,1001111011111000,1010110000000110),LoadNum4-Tag(0010111110100110,1111010101101000,1001111011000010),CopyMem-Tag(1100111111111001,1011000010111000,0000011101011001),Floor-Tag(1111100011011011,1100011110001001,1101010101001000),CopyMem-Tag(1011110100010010,1100101110110001,1110001001011110),TestNumLess-Tag(1011110100010010,1100101110100001,1110001001011110),Set-15-Tag(1100100110110011,1110110101111100,1000111010100110),Add-Tag(0011000111010010,0111000011110111,1001110110001010),Mod-Tag(1010100010010101,1000010001000110,1111011001001101),SubmitNum-Tag(0011000110110111,1011010011100011,0000101101000011),TestNumLess-Tag(0011001101011101,0011111000010110,0111111101011010),While-Tag(0111011101111101,1000110101100110,1000010000100010),LoadNum2-Tag(0011101100100010,0101000111101110,0110100101011110),TestNumGreater-Tag(1100010001111110,0000100011111110,1111101111111101),Close(1110101011101001,0100011010110010,0010110011110101),IfNot-Tag(1100001101010111,0000010111000101,1100011000001110),LoadNum1-Tag(0000100000010110,1111101111111001,1011011011011111),Close(0110000111101010,0000110100001101,1000010001000100),SwapMem-Tag(0011100010100000,1000001111101000,1010000001011100),TestNumLess-Tag(0010100100001111,0111001010100010,0010011011001000),Set-0-Tag(0000111000000011,1110001001001000,0001000000000000),Set-13-Tag(1100010110110001,1110001100000011,1111001111111101),LoadNum1-Tag(0101110111000110,1011000110011011,1100001100001010),While-Tag(1011010100000110,0010110111001100,0010111110001110),Set-5-Tag(1101010111011111,0001100001010110,1001110101111111),Set-0-Tag(1010100101100101,0101101010001000,1111001000010111),Countdown-Tag(1011011010111000,1100010001010011,0111000010101010),SubmitNum-Tag(0101110000000110,1101111101111011,1011100011110000),LoadNum4-Tag(0001010110110011,0100100001100001,0100000101011011),Close(1100000010001100,1000000101011001,1010111100001011)]"
PROBLEM_smallest__ARGS_TAG_BF__MUT_0001,8200,smallest,Tag-BitFlips,0.0001,0,False,NONE,NONE,NONE,"NONE"
PROBLEM_smallest__ARGS_TAG_BF__MUT_001,8101,smallest,Tag-BitFlips,0.001,0,False,NONE,NONE,NONE,"NONE"
PROBLEM_smallest__ARGS_TAG_BF__MUT_001,8102,smallest,Tag-BitFlips,0.001,0,True,38,486,447,"[Close(1100001111011100,0100010110011101,1001001000101111),Close(1111110100010000,1010110010010100,1101000110111000),Close(1111101111010111,1000101000100000,0110100010000001),TestNumEqu-Tag(0110000101111010,1101101010001001,0101110100001011),Add-Tag(1110001110111101,0001110100111110,1101000111110100),TestNumLess-Tag(1011111000010011,1010110010010000,0100110000101110),CopyMem-Tag(1001010101100100,1110000001001001,1001010010001111),Mod-Tag(1011001111000101,0010111100011000,1111110000001010),Set-10-Tag(0111111000100100,1000101111010110,0011110001001111),LoadNum2-Tag(0010010100111011,1001000010011001,1111110011000010),SubmitNum-Tag(1000111001111101,1111010101011000,1001101101111010),Floor-Tag(0100000100111001,0100110011000100,1101000100011101),LoadNum3-Tag(1110111001011101,0011000100100100,1011010010000101),Set-6-Tag(1101011011010011,1110100011101101,0010011010000010),Set-12-Tag(0000011010111100,0110011011011001,0101011101100111),Countdown-Tag(0000011110001111,1100101001000101,0001111110110011),SubmitNum-Tag(1100111111011010,1001100100101001,1000101101111110),LoadNum3-Tag(0001100010010010,1101100000010101,1000010001101000),Set-15-Tag(1101111000101101,1011011010111011,1101010010100000),TestNumGreaterTEqu-Tag(0110100110000000,0011101101100010,0111110100001110),LoadNum3-Tag(0110000000100000,0001101100001000,1011000101110101),LoadNum2-Tag(0111101111100011,0000000000011000,0001010000010101),Close(1101100010000101,0101110001011101,1101100000010000),Not-Tag(1111100101010111,0010101101000101,0111010000000110),While-Tag(0001000101101110,0001110010011101,1001010101001001),Set-11-Tag(1000011010101001,1000011010110100,1101111101010101),CopyMem-Tag(0111110001001001,1101100111111010,0011000000000000),CopyMem-Tag(1000111101010111,1010001111000001,0110110000100111),Dec-Tag(1100010011100101,1010110100010110,1101011101100010),LoadNum1-Tag(0110111011110101,0100101100100011,1101111100010111),Set-3-Tag(0100100101111110,0010010011101001,0000110000111110),TestNumLess-Tag(1111101100101111,1011100101110010,1011101011000010),Set-11-Tag(0110111000111010,1000001011101111,1101010111111001),SubmitNum-Tag(1011101010010001,0010001100111101,0100101111001010),Div-Tag(0110000100000100,1001110001001011,0011001000101110),TestNumLessTEqu-Tag(0101001100011110,1011000011001011,1000010100100110),LoadNum1-Tag(1001100001110110,0000000100000010,0011001010100010),Break(1111110100110011,0101110000001011,1000000101101010)]"
PROBLEM_smallest__ARGS_TAG_BF__MUT_001,8103,smallest,Tag-BitFlips,0.001,0,True,9,144,109,"[TestNumGreater-Tag(0111110110110010,1011001110000011,1100000100100010),Div-Tag(0001001010100011,0100101111011010,1110001011111101),LoadNum4-Tag(1011001101000011,0110000011110100,0010011110011011),TestNumGreater-Tag(0111110110110010,1011001110000011,1100000100100010),Div-Tag(0001001010110011,0100101111011010,1110001011111101),SwapMem-Tag(1101010101000100,1001111100100011,1100001111100100),TestNumGreater-Tag(0111110010110110,1011001110000011,1100000101101010),Div-Tag(0001001010100010,0101101111010010,1110011011111111),SubmitNum-Tag(0111001111110110,0000001001010011,0111011100110100)]"
PROBLEM_smallest__ARGS_TAG_BF__MUT_001,8104,smallest,Tag-BitFlips,0.001,0,False,NONE,NONE,NONE,"NONE"
PROBLEM_smallest__ARGS_TAG_BF__MUT_001,8105,smallest,Tag-BitFlips,0.001,0,False,NONE,NONE,NONE,"NONE"
PROBLEM_smallest__ARGS_TAG_BF__MUT_001,8106,smallest,Tag-BitFlips,0.001,0,False,NONE,NONE,NONE,"NONE"
PROBLEM_smallest__ARGS_TAG_BF__MUT_001,8107,smallest,Tag-BitFlips,0.001,0,False,NONE,NONE,NONE,"NONE"
PROBLEM_smallest__ARGS_TAG_BF__MUT_001,8108,smallest,Tag-BitFlips,0.001,0,True,7,195,147,"[Close(1111101111110000,1000010010001011,0110011100100001),SwapMem-Tag(0010001101100011,1111000011010001,0100011101100100),TestNumGreaterTEqu-Tag(0010000000100000,0111011100010000,0100101111000001),Countdown-Tag(1101101011000001,1000110011011110,0100111111100101),SwapMem-Tag(1011001110001011,1001100101101110,0000100011010111),SwapMem-Tag(1011001110001011,1001100101101100,1001010011010101),SubmitNum-Tag(0111010101001101,0101001001011101,1000110011100100)]"
PROBLEM_smallest__ARGS_TAG_BF__MUT_001,8109,smallest,Tag-BitFlips,0.001,0,False,NONE,NONE,NONE,"NONE"
PROBLEM_smallest__ARGS_TAG_BF__MUT_001,8110,smallest,Tag-BitFlips,0.001,0,True,19,489,387,"[LoadNum3-Tag(0000010100100001,1111100101100101,1001110001001101),Add-Tag(0001111011111101,1101001001001001,0010001111101111),TestNumLess-Tag(1111110100111010,0001010100000110,0010011010001010),SubmitNum-Tag(1111111101011011,0010011110110011,1110001100111000),Close(0111000011011111,0111001111011000,1010111101010000),Set-3-Tag(1011100100110001,0001010100001010,0100001001110101),Countdown-Tag(0011011000011001,1000101101111101,1001000101011011),TestNumGreater-Tag(1100101101110110,1001000110111010,0011000101011011),TestNumLess-Tag(1110001010110101,0000001011111001,1111011100101110),TestNumGreaterTEqu-Tag(1000010111101011,0100010101001111,1011000011001000),Close(0101011010000110,0001000100011000,0101101001011011),TestNumGreaterTEqu-Tag(0011101000110110,0011101111000111,0010010010010000),While-Tag(0001111000110001,0101001011101110,0101000001100001),SubmitNum-Tag(1010110100101101,0110000111000110,0001000010101101),TestNumLessTEqu-Tag(1001010001000101,1000010111111100,1010111011001001),Countdown-Tag(1110001001011110,1001000011011111,1000101010100110),Add-Tag(0100000011010100,0110100110000000,1010011011100100),Close(1011001110110110,0100101100101110,0000100111101010),LoadNum4-Tag(0111100001000100,0101110011001010,0100110010010110)]"
PROBLEM_smallest__ARGS_TAG_BF__MUT_001,8111,smallest,Tag-BitFlips,0.001,0,True,10,401,56,"[Close(0010110101010011,0110110011001011,1011000011100001),TestNumGreaterTEqu-Tag(1100010001010100,0000001110110001,1110000111100011),Div-Tag(1010101100011011,1110001010000000,0000010001010101),TestNumGreaterTEqu-Tag(1101011001010100,0001110110110000,1100000011100010),SubmitNum-Tag(0101011110000001,0010111010000100,0100001000001110),Div-Tag(0000100110000011,0010001011001010,0101001101110101),Set-14-Tag(1001010010010011,0000110100110110,1000111001101010),LoadNum1-Tag(0011001011010011,0000100110110011,1100110101000000),Countdown-Tag(0001000010010000,1101000000000010,1100110111001110),Set-9-Tag(1010000000001011,1011010101000110,0000001110110111)]"
PROBLEM_smallest__ARGS_TAG_BF__MUT_001,8112,smallest,Tag-BitFlips,0.001,0,False,NONE,NONE,NONE,"NONE"
PROBLEM_smallest__ARGS_TAG_BF__MUT_001,8113,smallest,Tag-BitFlips,0.001,0,False,NONE,NONE,NONE,"NONE"
PROBLEM_smallest__ARGS_TAG_BF__MUT_001,8114,smallest,Tag-BitFlips,0.001,0,True,17,459,434,"[TestNumGreaterTEqu-Tag(0101000110001000,0101111111110110,1001010101010111),Dec-Tag(0111111001010000,1011000000110110,0001001001100101),IfNot-Tag(1101000100010011,1101111010100011,0000001100010010),LoadNum1-Tag(1100100110110100,0001101001101101,0101010000010010),Close(0000110011100110,0010101000100010,0111101011000110),TestNumGreaterTEqu-Tag(1101011110011000,1001000101110010,0111010100010111),Dec-Tag(0011010001110000,1010000001101110,0001101101100100),IfNot-Tag(1101000100010011,0101101000101101,0000100101001000),LoadNum3-Tag(1001110010011001,1000100110010111,1110111110110110),Close(0111000011111010,1001001111100110,1111101101110011),LoadNum2-Tag(1111001100111011,1110000000010000,1000111111000101),TestNumGreaterTEqu-Tag(1001101100011001,1001000110110010,0011010100010111),SubmitNum-Tag(1101110110000000,0101010101110001,1011111111101101),Dec-Tag(0111010001110000,1011000001001110,0001111101100100),IfNot-Tag(1111010101010011,0001101010101001,0000100001000110),LoadNum2-Tag(0010100101001000,1110100101010010,1010001100110111),SubmitNum-Tag(0110111101100100,1111010111101010,1000101110101001)]"
PROBLEM_smallest__ARGS_TAG_BF__MUT_001,8115,smallest,Tag-BitFlips,0.001,0,True,16,401,212,"[SwapMem-Tag(1000100110001000,0000010001100110,1000110000100101),LoadNum3-Tag(1011110101100100,0001001011010110,1111001001010111),Close(1101101000000001,1100010101011010,0101110111110110),LoadNum2-Tag(1000101111011011,1010101101110001,0100110110101110),TestNumLessTEqu-Tag(1001111110110001,1000100011011111,1111000001111111),If-Tag(1011000000011010,1101000101101010,1100000100110111),SwapMem-Tag(1000000101001001,0110010011111110,1001111100110100),Close(0100111001001101,1000101101001011,1110001001111110),SubmitNum-Tag(0011010001101110,0011001001111110,0110111110000000),TestNumLessTEqu-Tag(1000011110110000,1000100011101111,1011000001011011),If-Tag(1010000000011111,0101011101100000,1010100100111110),SwapMem-Tag(1000000110101110,0100000011100111,1000110001010101),Close(1000000001001001,1010001101011000,0000011010001110),TestNumLessTEqu-Tag(0001011110111110,1000100011001111,1111000001010111),If-Tag(1010000001001110,0001111101100100,1001110110101111),SubmitNum-Tag(1111010111001001,1010010010101011,0110110100011110)]"
PROBLEM_smallest__ARGS_TAG_BF__MUT_001,8116,smallest,Tag-BitFlips,0.001,0,False,NONE,NONE,NONE,"NONE"
PROBLEM_smallest__ARGS_TAG_BF__MUT_001,8117,smallest,Tag-BitFlips,0.001,0,True,26,443,353,"[SubmitNum-Tag(0101010000011010,1111100000110110,0100110100001101),TestNumGreaterTEqu-Tag(1001001100101010,0001100010111011,0000001011100110),LoadNum4-Tag(1111110001011000,0100001000001101,0100111000111010),Close(0111111110110001,0011001110110011,1000101011110010),TestNumLess-Tag(0000001101011101,1111001101111011,0001011011011100),LoadNum1-Tag(1100001001001001,1010001111100110,0111000101011010),IfNot-Tag(1101010111011101,0101110110000011,1001000010100111),SwapMem-Tag(0111000111010100,1001000111111011,1101110011100011),SubmitNum-Tag(0100011000010110,1100100011100100,0011111111011011),Close(0001101010011011,0000011000010101,0001000010000100),LoadNum2-Tag(0110110001011101,1000001000110011,1111100101100011),TestNumLessTEqu-Tag(0100110101001100,1000101011100001,0001110110101100),TestNumLess-Tag(1100111101000001,1011010101111111,0101011111100110),While-Tag(1111101001110111,1110111100100011,1001001000011001),IfNot-Tag(0001100111011001,1101000100101011,0111101010111000),LoadNum1-Tag(1100000001010110,0011100101011000,0011101000101111),SubmitNum-Tag(0111010101010010,0100110010001100,0111000001110101),Close(0110100001000110,0010011010010010,0001011110100011),Break(0011001101110101,1110110000011100,0111111010000101),Close(0011010000010101,1101110101110000,0111010010100100),LoadNum3-Tag(1100111111001111,0110000101000011,1101110001010100),LoadNum3-Tag(0100000101101101,1001100000001001,0000100011001001),SwapMem-Tag(0110101100101100,0001000110011010,0000101000010110),IfNot-Tag(0110000010101110,0110100101111100,1011010010110000),While-Tag(0100000010111000,0110100011011000,0111110010111100),Set-4-Tag(0010011000001101,1001010101101100,1001101110011111)]"
PROBLEM_smallest__ARGS_TAG_BF__MUT_001,8118,smallest,Tag-BitFlips,0.001,0,True,7,371,360,"[Close(0110100000010010,0110100000001000,0001111010111101),SwapMem-Tag(1001011100010111,0011110100110010,1111010110110111),SwapMem-Tag(1101110111000001,0100111111111110,0000010011111101),TestNumGreater-Tag(1001100010110100,1111000110010011,0001111100001100),SubmitNum-Tag(1000100011100001,1111111100100011,1011111011000100),Countdown-Tag(0100101110001111,0010001100010011,1001101011101111),Sub-Tag(0000101100010000,0100110000110111,1000100000010000)]"
PROBLEM_smallest__ARGS_TAG_BF__MUT_001,8119,smallest,Tag-BitFlips,0.001,0,True,22,303,299,"[SubmitNum-Tag(1001111010011000,1000011101000110,1010011010110000),SwapMem-Tag(0001010100000010,0101011110111010,1011111110101000),LoadNum1-Tag(0011110001110011,0011000101100111,0101000000000100),CopyMem-Tag(1011101110110011,0000001011111101,0010010101001101),LoadNum2-Tag(0011110000110011,0110100111000100,1100101101011110),TestNumLessTEqu-Tag(1010100011111100,0110010101110100,0000001011001001),TestNumLess-Tag(0001101010110011,1101100110000010,0100001100100110),Close(1010100101011010,0000101010111101,1011001101100011),If-Tag(1001011110110011,0000110010000110,1111111011011010),SubmitNum-Tag(0011001111101111,1001010111101010,1101000100110101),LoadNum2-Tag(1000010110010011,1110000011001100,0100100011001011),Close(0000100011101100,0010000101110100,0000001111011100),TestNumLessTEqu-Tag(0000010010110111,1001100100000010,0101001100101110),LoadNum1-Tag(0100111001100111,0011110010010101,1001101110100111),LoadNum3-Tag(1101111111111111,1000110110111010,0101001010000110),SwapMem-Tag(1001110000101110,0101000011011011,1011000010100010),If-Tag(1001011110110000,0111110101001101,1111111011010010),Sub-Tag(0110011110100010,1100001010000010,0010100110000000),SubmitNum-Tag(0011110011010101,1110100001010011,0101000101100000),While-Tag(1001001010011111,1111100111101001,0111001000000110),Close(1101011101010010,1100011001000010,1001110011010001),SubmitNum-Tag(1011011100101111,1101000011101010,1101010000100111)]"
PROBLEM_smallest__ARGS_TAG_BF__MUT_001,8120,smallest,Tag-BitFlips,0.001,0,False,NONE,NONE,NONE,"NONE"
PROBLEM_smallest__ARGS_TAG_BF__MUT_001,8121,smallest,Tag-BitFlips,0.001,0,True,17,352,167,"[TestNumLess-Tag(1010100111111111,0011100010110111,1110000011010000),Close(1111000001010011,0101101100001001,0011000001100000),IfNot-Tag(1100001101011111,0011110111100111,0110101010100000),TestNumGreaterTEqu-Tag(0111100101001100,1110010000101010,0001001111110100),Mult-Tag(0000000101110100,0011001101100100,1111111011111111),Close(1110001111111110,1011011100110010,1111110000111010),SubmitNum-Tag(1110111100111011,0101100101001010,0101100010001110),TestNumLess-Tag(1011101111111100,1000101010011110,1100001011010100),IfNot-Tag(1100001101011011,0010010111111111,1111111001101001),Set-7-Tag(0110101111000011,1011000111011001,0001010000001010),LoadNum4-Tag(0111000111111010,1011110110111011,1011000111110110),Close(0001100100100110,0010001001000001,1011110010100100),While-Tag(1010001111001111,0011110111010110,0000010001100110),Add-Tag(0110100000000101,0111100110111110,0111101010010111),LoadNum2-Tag(1001000100100011,0111000111001110,0001010010000001),TestNumGreater-Tag(1010101100111010,1101000011100101,1101011110010011),Break(1000000100001100,0100111110010011,0100101100101001)]"
PROBLEM_smallest__ARGS_TAG_BF__MUT_001,8122,smallest,Tag-BitFlips,0.001,0,True,22,331,265,"[Close(1101010111110101,1101011000010001,0101101110100101),SubmitNum-Tag(0010001000110100,0001011000111000,1111000011101100),Mod-Tag(1100111000101011,1111010101110110,1011100001010000),SwapMem-Tag(1110110101101110,0001000101011111,0011111010010111),TestNumGreaterTEqu-Tag(0111000011110000,1111111110111011,1100100100111011),TestNumGreater-Tag(1011101000111101,0101011010001101,1110110001001010),If-Tag(1111110000100110,0001110101110000,1000001011011011),Add-Tag(1101010100001011,1011011101100011,0001100001110100),SwapMem-Tag(1110110101101110,0001000101011111,0011111010010111),TestNumGreaterTEqu-Tag(0111000011110000,1111111110111011,1100100100111011),TestNumGreater-Tag(1011101000111101,0101011010001101,1110110001001010),If-Tag(1111110000100110,0001110101110000,1000001011011011),Add-Tag(1101010100001011,1011011101100011,0001100001110100),Close(0101100100001001,1100000111010110,1100111001100101),Mult-Tag(0110100001111010,0001010001110111,1111010011011001),Dec-Tag(1100011011011100,1001101001000001,0001111110000111),SubmitNum-Tag(0001110000010100,0110010011101010,1111101100101100),TestNumGreaterTEqu-Tag(0010100010011010,0100111001110100,0111000111111110),While-Tag(0110010111111010,1100101001001000,0010100000010111),Close(0111001111001011,1000111111011011,1011111001001001),SubmitNum-Tag(1000100010111100,1001100101111000,0000110101101110),Return(0100011110010110,1110100101100111,0100100001001111)]"
PROBLEM_smallest__ARGS_TAG_BF__MUT_001,8123,smallest,Tag-BitFlips,0.001,0,True,16,413,374,"[LoadNum1-Tag(1101001101110101,0011000111100110,0000111000111110),LoadNum4-Tag(0110101011011111,1011100001010101,0001111000100010),TestNumGreaterTEqu-Tag(1111101011000110,1000011101010100,0111001101101001),Countdown-Tag(0110010101001000,1111010101011101,1111011001000101),LoadNum1-Tag(1111001111101000,1100110100011010,1100000100010111),Close(1100001001110110,0101011000010111,0110010000011101),LoadNum3-Tag(1011010101000001,0100000111000110,1011000001101100),SubmitNum-Tag(1111111100011100,0000001110011011,1110110000101010),Close(0110010100101110,0101001101101101,1011011100110111),CopyMem-Tag(0100100101010010,0010001100000111,0111000101111100),TestNumGreaterTEqu-Tag(1111101011000110,1000011101011100,0110001101101001),LoadNum2-Tag(0110000110010110,1110001001010111,0100110101010110),While-Tag(0100010100101000,1101010100011001,1110011000100101),TestNumLess-Tag(1000100101001110,1001001011101111,1100100001100001),SubmitNum-Tag(0011001101010000,0000000000011100,0010111110111000),LoadNum3-Tag(1000101101111010,0101100000010100,1001110100001000)]"
PROBLEM_smallest__ARGS_TAG_BF__MUT_001,8124,smallest,Tag-BitFlips,0.001,0,True,13,389,367,"[TestNumLess-Tag(1101000110010111,1011101111111111,0111110011101000),LoadNum4-Tag(1100010100010010,1110101010100001,0110111110011010),Close(0100110011101001,1111111110011000,1010100100110111),SwapMem-Tag(0001010101100011,1100001000111010,0110011011011101),TestNumLessTEqu-Tag(1001110001010010,0100100001000111,1001001110010111),If-Tag(0110001001111010,0010110011011000,0011101000111001),LoadNum3-Tag(0101000011010111,1010111111110011,0000001011100111),SubmitNum-Tag(1000110000100011,1100110010011110,1001111101001100),Close(0110001011100111,0101101011011011,0100100110000000),IfNot-Tag(1111100101000001,1111010010110100,0100011011111100),LoadNum2-Tag(0111110100111000,0001011101000111,1000110010011100),LoadNum1-Tag(1100110001010010,1010000101001001,0010011111000101),Break(1011100010111001,1111010001110100,1011010111100010)]"
PROBLEM_smallest__ARGS_TAG_BF__MUT_001,8125,smallest,Tag-BitFlips,0.001,0,False,NONE,NONE,NONE,"NONE"
PROBLEM_smallest__ARGS_TAG_BF__MUT_001,8126,smallest,Tag-BitFlips,0.001,0,False,NONE,NONE,NONE,"NONE"
PROBLEM_smallest__ARGS_TAG_BF__MUT_001,8127,smallest,Tag-BitFlips,0.001,0,False,NONE,NONE,NONE,"NONE"
PROBLEM_smallest__ARGS_TAG_BF__MUT_001,8128,smallest,Tag-BitFlips,0.001,0,False,NONE,NONE,NONE,"NONE"
PROBLEM_smallest__ARGS_TAG_BF__MUT_001,8129,smallest,Tag-BitFlips,0.001,0,True,15,298,264,"[SwapMem-Tag(0101001101100101,1101000100011001,0110010100111000),LoadNum1-Tag(0000101110010000,0001111000001101,0011111110010101),Close(0010010000110001,0000011110011011,0011010100011010),Sub-Tag(1101000011110000,1001100111101001,1110001101010101),TestNumGreaterTEqu-Tag(1000101010010100,0001001000000101,0011110111100101),Countdown-Tag(1000010010100010,0011101011001101,0001010011001110),SwapMem-Tag(0101011101100000,1101000100011011,0110001100111100),Close(0001000000111001,0001000110001011,0110011010000011),LoadNum3-Tag(0101110100001011,0100101011101100,1000111010011011),CopyMem-Tag(1111010101100101,0010100001011101,1011000100000010),LoadNum2-Tag(1011100010011011,1111010100000001,1011101101001010),SubmitNum-Tag(0100010011000001,0101111110100000,1000100100001111),TestNumGreaterTEqu-Tag(1010101010010100,0001111100001101,0011100111100101),Countdown-Tag(1000010010101110,0011001100001101,1001000011101110),LoadNum3-Tag(0100000000011101,0101111110100110,1001100100010100)]"
PROBLEM_smallest__ARGS_TAG_BF__MUT_001,8130,smallest,Tag-BitFlips,0.001,0,False,NONE,NONE,NONE,"NONE"
PROBLEM_smallest__ARGS_TAG_BF__MUT_001,8131,smallest,Tag-BitFlips,0.001,0,False,NONE,NONE,NONE,"NONE"
PROBLEM_smallest__ARGS_TAG_BF__MUT_001,8132,smallest,Tag-BitFlips,0.001,0,True,19,400,282,"[SubmitNum-Tag(1101110010011011,1111001011011001,0110100011101010),LoadNum2-Tag(1001001001101100,1110111000010110,1101110100110110),TestNumGreater-Tag(1000111110010101,1011001010110100,0100101001111000),If-Tag(1011100101100001,1111001110111000,1110011110000101),SubmitNum-Tag(0011111110010000,1101011110111000,0101010011010011),CopyMem-Tag(1001001110110010,1000100110101000,0001010011111001),Close(0110010010000011,1000011001010110,0000100111110011),Set-5-Tag(0011000100010110,0101001100010001,1001111001111000),Countdown-Tag(0001001100100101,1100100011010111,1011011001010100),TestNumGreater-Tag(1001111110010001,1011011000101000,0101101101111000),LoadNum2-Tag(1100101110000110,1111110100100100,0111110100111000),LoadNum1-Tag(0011001011101001,1011001110110000,0000111010011110),While-Tag(1011110101101001,0011110101100100,1001100110000000),Mult-Tag(1100101101010110,0010101101111001,0111011100000100),LoadNum1-Tag(1100100111000001,1001001010000111,1000010111001000),SubmitNum-Tag(0101000000111100,0101101111011100,1011111110111001),TestNumLessTEqu-Tag(1001101000101000,0110010100010111,1001000000010011),IfNot-Tag(0100101100111010,1011111011000011,0111000011010111),Return(1101010010000011,0111010010100100,0010100010001011)]"
PROBLEM_smallest__ARGS_TAG_BF__MUT_001,8133,smallest,Tag-BitFlips,0.001,0,True,19,454,283,"[CopyMem-Tag(0000101110010011,1111101010011100,1100110001000010),Set-3-Tag(1000100001001111,1111010010000000,0110101011101110),While-Tag(0010110110010110,0111001010011110,1010011000110011),SubmitNum-Tag(1101011000111111,1011001100000011,1010001100100110),Add-Tag(1000010001001100,0111000000110011,0000100001100001),LoadNum1-Tag(0110011011011101,0000110101000101,1000010001111011),TestNumLessTEqu-Tag(1110011010011100,1000101111111101,0100111101000010),If-Tag(0000011000101110,1111100011010010,1111001011100010),SubmitNum-Tag(0100011110111101,0000110001000000,0010100001100101),Close(1001100100011100,0100001010101110,1011111010111001),TestNumLessTEqu-Tag(1111100001111011,0011010100010100,1100011100001011),TestNumGreaterTEqu-Tag(1000100000101100,0110100010000000,0110000010000010),While-Tag(0010110100000110,1001000000001010,1010000111101000),Div-Tag(1101011111010011,0001110101011001,0001111000111110),Close(0000100011100111,0110001100010011,0101001010101111),LoadNum2-Tag(1101111000101111,1000111010010110,1110001110000110),SwapMem-Tag(0111011001011110,1001110000111101,0011000001001110),LoadNum4-Tag(0011101000110111,1010000001011011,0101111011100110),Set-8-Tag(0000010000000110,1000010101001011,0011100111111000)]"
PROBLEM_smallest__ARGS_TAG_BF__MUT_001,8134,smallest,Tag-BitFlips,0.001,0,False,NONE,NONE,NONE,"NONE"
PROBLEM_smallest__ARGS_TAG_BF__MUT_001,8135,smallest,Tag-BitFlips,0.001,0,True,35,388,244,"[Set-5-Tag(0011000010010110,1010101110001101,0101001101100011),While-Tag(0000101100010000,1101011101001100,1000001101100110),LoadNum3-Tag(0100010110000011,1000100100111000,1111001110000000),SubmitNum-Tag(1111111011010110,1110110100011010,0001111011010011),LoadNum4-Tag(1100101100001101,0100010000011011,0100111010111101),LoadNum1-Tag(1001111000101001,0111010101010101,1100001000010101),TestNumGreater-Tag(0000000100101110,1100000011000000,0111000110101011),Set-0-Tag(1010000101001100,1111110000110101,0010101101101111),LoadNum4-Tag(1110000100010110,1101010000111001,0011010101100101),Set-1-Tag(1110011000011111,0000001111000110,0101001101111100),TestNumGreater-Tag(0111001001001101,0100100011000010,1111011111011110),LoadNum1-Tag(0100111100110100,1101000000000010,0000100011111011),TestNumGreater-Tag(0100000100100110,1100101101100000,0011001010100010),Set-8-Tag(1110100010101100,1011011010000000,1011111111001000),Set-1-Tag(1010100110011011,0101111000110110,0010101100101111),Div-Tag(1010001111010001,1111100101111110,0001110100111101),Sub-Tag(0000011010011011,0011100100110110,1001110100111101),TestNumGreaterTEqu-Tag(0101100100000101,0000011010000110,0000110100011001),TestNumGreaterTEqu-Tag(0110010011111010,1111010010100100,0000010011011000),Set-5-Tag(0111110000110111,0100110001010000,0101001011000010),LoadNum3-Tag(1100011101111011,0011001001100001,0100001011010101),LoadNum2-Tag(1000100101000010,1101010000101010,0001110011100110),TestNumLessTEqu-Tag(1100001111001101,0101011110111010,1101111000000010),Set-6-Tag(0110010010110110,0110001101011000,1111110101101000),LoadNum1-Tag(1010011100000111,1111101001000000,1111101001010000),Set-12-Tag(0111010111110000,1111001011000001,1000010110110011),Set-12-Tag(1000010000010100,1001010000010101,1111100111101010),Countdown-Tag(1011010100011001,1111110101001100,1101000001111110),LoadNum4-Tag(0000011101000010,1100100111101101,0000001000110010),SubmitNum-Tag(0011101000001101,1001001011100001,0100001000110000),Close(0110000100111110,0110010001011111,1000110000100001),If-Tag(1000010001110000,0101101101111000,1110110100000000),TestNumGreater-Tag(0000110100000110,1010101111000000,0001101111100011),LoadNum2-Tag(1101100001011000,1101101011001000,0101101110000001),CopyMem-Tag(0010100110011011,1010111011101011,0010100000100110)]"
PROBLEM_smallest__ARGS_TAG_BF__MUT_001,8136,smallest,Tag-BitFlips,0.001,0,True,13,276,163,"[Add-Tag(0101101010100100,1001111101010010,0001001011110001),TestNumLessTEqu-Tag(1100000101010000,0001001000101010,1111100001110111),Div-Tag(0011000001011101,1001110111111101,0011001100010101),LoadNum3-Tag(1001110010101100,1001010011110010,1010000001000001),Close(0100111001100001,0110111100011001,1100110010001111),TestNumLessTEqu-Tag(1000100101000001,0001001000101011,1111101100010111),CopyMem-Tag(1001100001011000,0000000000011010,0100100000100011),Div-Tag(0010100001111111,1101110110101111,0010001100010101),SubmitNum-Tag(1011111100100001,0100011100010101,1111010000100011),LoadNum4-Tag(1011101010111111,1011111111000011,1110111100011100),SwapMem-Tag(0111011111100010,0001100100101001,0111111001001011),IfNot-Tag(1011100101100110,1100001100000011,0001010011001011),Mod-Tag(1101100110011011,1111100001111100,1100011111111111)]"
PROBLEM_smallest__ARGS_TAG_BF__MUT_001,8137,smallest,Tag-BitFlips,0.001,0,True,37,421,365,"[LoadNum3-Tag(1100010010001010,0011000001011100,0010111101100001),LoadNum4-Tag(0100011011001111,1011111100010001,1101010001001000),Close(0011000010101110,0100010000010000,1010111010101100),CopyMem-Tag(0101010111100001,0100010010111100,1111011110110001),Set-14-Tag(0001100000001000,1010101100100110,1000101000100100),Close(0111010110100001,1101010011100111,1001010000010110),SubmitNum-Tag(1111111000010110,1000010011000101,1111110100111101),TestNumLessTEqu-Tag(0011111111011001,1101011011000011,1110011101010100),Mod-Tag(1011100001111001,0111001111111101,0110001010000110),TestNumGreaterTEqu-Tag(0100111101101111,0001111000111010,0000001110000100),IfNot-Tag(0000111101110100,0011110110011111,0111111011010111),SubmitNum-Tag(1010111100110010,0111100100001101,1111001111111011),Sub-Tag(0010110011010011,0000111000111110,1000111011001000),Close(1101001110100001,1001001101000110,1101100110111110),SwapMem-Tag(1001001101110011,0011100110100111,1100000001011011),Close(0010000110001110,0110111011011010,0010001101111000),Sub-Tag(1000100111101111,0110110101111011,0100000110000001),LoadNum3-Tag(0111111101100001,0110000001001111,0111110000000101),TestNumLessTEqu-Tag(0011111101011001,1100011011010111,1100111101010100),Set-5-Tag(1001100001011100,1111101111110110,0010001010000100),Set-0-Tag(0100101001101000,0101110010100010,0100011111000010),IfNot-Tag(0000111101110100,0011110110011101,0101110101010111),Sub-Tag(0110111010100111,0000111100111110,1000110011001010),LoadNum2-Tag(0111111100011110,1101001110010000,1001010011100110),SubmitNum-Tag(0011000011011101,0110001011001110,0000101010110100),Set-13-Tag(1100011000011111,1000001001101001,0010010111110111),Add-Tag(0101000111011101,0101001011101111,0000101010110001),Set-16-Tag(0100010001110100,0110000110110101,0000110100011110),TestNumGreater-Tag(0100011101111111,1000011011010001,0110000000010110),Inc-Tag(0011101000010111,0110010101011101,0101000110100010),Close(1100001100100001,0001011101000111,1101111111111111),SwapMem-Tag(0001001101100011,0001100110100101,1100101001011011),Sub-Tag(0000100111101111,0100110101101010,0100010110000001),LoadNum4-Tag(1001010101111101,1010001111010010,0110110001001010),If-Tag(1001011000111011,0100000000001000,1001011010001111),LoadNum3-Tag(0110011111101011,1100011111001111,1110110101101011),Break(0011111100100010,1000011000000011,1100001001110010)]"
PROBLEM_smallest__ARGS_TAG_BF__MUT_001,8138,smallest,Tag-BitFlips,0.001,0,True,40,500,485,"[CopyMem-Tag(1111011010111111,0111001000100010,0001000010011000),Set-6-Tag(0000111100010111,1111001001011111,1110000100100100),Set-6-Tag(1010000100000001,1000001111001011,1111010100101100),LoadNum2-Tag(1111011011110011,0100001010001010,1011101101011001),Set-13-Tag(1010000100000001,0000001111000011,1111010100101110),LoadNum1-Tag(0011101001001101,0101011011011010,0111111000001001),SubmitNum-Tag(0110001101110111,1010001101010101,0110011010100100),TestNumGreater-Tag(1111111111110001,1011001000000011,0101111110101010),While-Tag(1110100111100110,0000100000100010,1100101011111110),TestNumLessTEqu-Tag(1100101001010100,1101010110001010,0000111000110101),While-Tag(0101110100101010,1111110011000101,0110111110110110),LoadNum3-Tag(1110101100011001,1010110011000111,1101111001010000),Break(0010010001111101,1101001011001001,1100100101110001),Close(1110110011101111,1110001010010100,0100011100011110),Mult-Tag(1100111100101011,0111010111111111,1110111011111100),Close(1110100000000111,1111011011011101,0000010100100100),LoadNum2-Tag(1000101101100100,1100001010110011,0101011101111101),TestNumLessTEqu-Tag(1100101001010100,1101010110001010,0000111000100001),While-Tag(0101110100101010,1111110011000101,0111110110110100),LoadNum3-Tag(1110101100011001,0110100011010111,1101110011010000),Break(0010010001111101,1101001011001001,0100100101110001),Set-1-Tag(1110011011000100,1101011111010000,0001110110011000),Close(1110100010000111,1111011010011001,0000010100000100),SubmitNum-Tag(0001001111010110,0111011101010000,1001111011100100),IfNot-Tag(1000111000111010,1001110101111101,1101001000001010),Set-3-Tag(1110010000110000,0111000110110001,1001011101001110),TestNumLess-Tag(0101101100011100,1100100110101101,1001111100001100),Set-8-Tag(1000111011000100,0100110111111011,1001100000101001),While-Tag(0001111101001000,1011010110001101,1110110110001100),TestNumGreaterTEqu-Tag(1110010101011101,1001101001010001,0010001011111010),Close(1000100010010111,1010111010100001,0100011010111111),LoadNum3-Tag(0101010000011000,1111110011001111,0000101110100111),Close(1011010100111100,0010111010111001,1101110111000110),SubmitNum-Tag(0001001101010001,1111000100111010,1011010010110101),Set-10-Tag(1110011011110100,0100101111111111,1101111001001001),TestNumLessTEqu-Tag(0101101001010110,0101100111001010,0001011110000111),Set-16-Tag(0101001111001000,1101101101101011,1110100001011001),While-Tag(0000001100001010,1111100111001111,1100110001101011),Close(0101110001100101,0111010111111100,0100001001101111),SubmitNum-Tag(0101100111011010,1011000000111101,1011010001111110)]"
PROBLEM_smallest__ARGS_TAG_BF__MUT_001,8139,smallest,Tag-BitFlips,0.001,0,True,11,322,306,"[Add-Tag(0101110000010100,0000000000001010,0001100000011001),SubmitNum-Tag(1101011011100111,1100000100001001,1001000010011001),TestNumGreaterTEqu-Tag(0000110010011101,1111000100111011,1111100011111101),Div-Tag(0010100111110010,1101011100011010,0101100111001000),LoadNum4-Tag(1010001100101000,1000101100110111,0001110110000001),LoadNum1-Tag(1110000100001010,1010101101100110,0000000100110000),TestNumGreaterTEqu-Tag(0000110010011101,0111000100111011,1111100011111101),Div-Tag(0010000111110010,1101011100011010,0101100111001000),TestNumGreater-Tag(1111110100001011,1101000010001000,0010011010100001),If-Tag(1001010010100100,1110110111010111,0001010111011010),SubmitNum-Tag(1001100010011000,1111111000001000,1111110001000001)]"
PROBLEM_smallest__ARGS_TAG_BF__MUT_001,8140,smallest,Tag-BitFlips,0.001,0,False,NONE,NONE,NONE,"NONE"
PROBLEM_smallest__ARGS_TAG_BF__MUT_001,8141,smallest,Tag-BitFlips,0.001,0,False,NONE,NONE,NONE,"NONE"
PROBLEM_smallest__ARGS_TAG_BF__MUT_001,8142,smallest,Tag-BitFlips,0.001,0,False,NONE,NONE,NONE,"NONE"
PROBLEM_smallest__ARGS_TAG_BF__MUT_001,8143,smallest,Tag-BitFlips,0.001,0,False,NONE,NONE,NONE,"NONE"
PROBLEM_smallest__ARGS_TAG_BF__MUT_001,8144,smallest,Tag-BitFlips,0.001,0,True,27,423,412,"[Close(1011100101101000,0100101101011101,1100111111011111),TestNumLessTEqu-Tag(0001110000000101,1111101111011101,1001001111110010),Set-4-Tag(1110010100010101,1100001111100100,0011100011100100),LoadNum4-Tag(0001011111001111,0110111011011000,0010011000101111),Break(0110111010101111,0000101100000110,1101101010110101),LoadNum3-Tag(1101100001000100,0010010110000010,1101000111001001),If-Tag(0011111110010000,1011110000111001,1101001111010011),LoadNum2-Tag(1111110100111000,1011001001110110,1011111010101111),Close(0001000100110001,1111010100100100,0000110110000101),TestNumLessTEqu-Tag(1001110000000101,1101001111011101,1011011110000010),SwapMem-Tag(1111010100110001,1001100111100101,0011010001100110),SubmitNum-Tag(1111111001010111,0100100000011110,1001100111100111),If-Tag(0011111100010001,1011110010111101,1101101111010111),LoadNum2-Tag(1000100101100111,0011001001001100,0001101010010100),LoadNum2-Tag(1111011100111100,1011000010111110,1010010010101111),Close(0101000100100001,1111010100100101,0000110110000101),TestNumLessTEqu-Tag(1001110000000111,1101001111011101,1011011110000010),LoadNum3-Tag(1110111000101111,0000101100010110,0101001010110101),If-Tag(0011001100010000,1111011010111101,0101101110001011),SubmitNum-Tag(1111011111111000,1001000000010011,1110011100001111),TestNumLess-Tag(0000110001100101,1100101011111001,1001011110010010),Set-13-Tag(0110110110010110,1011000000101100,0001100111011110),Set-0-Tag(1100011001010101,0011011010101010,1111101110011111),While-Tag(0011010100110011,1000110100100110,1101000000001001),Countdown-Tag(0011011000101110,0110001110100010,1111111001011011),While-Tag(0100111101100101,0001001100100110,0001100100110110),SubmitNum-Tag(1000111111001110,0110001010011011,1111110000110011)]"
PROBLEM_smallest__ARGS_TAG_BF__MUT_001,8145,smallest,Tag-BitFlips,0.001,0,True,43,491,326,"[LoadNum2-Tag(1011100001000000,0110010010111110,1111010101000000),SwapMem-Tag(1111101011111101,1000101110101000,0010011111010100),Close(0000101111000010,1000101011101101,0001010111110110),Set-7-Tag(1000100010111101,0110011011010110,0001101110101000),SubmitNum-Tag(1001101001111100,1010101011111000,0100011001000101),LoadNum1-Tag(1011100100100100,1000110101001111,1111011101000101),TestNumGreaterTEqu-Tag(1111010001010111,0101111111011101,1001001000010010),LoadNum3-Tag(1000011100000010,1100001101101111,0001101101110000),LoadNum2-Tag(1100010101011111,0000111000001001,0110011101011101),If-Tag(1111001101110010,1010110111100111,1001100101010001),Mult-Tag(1111110111100110,0000001101110111,1010011100011111),Close(1000101111010010,0110011011101010,0001001110111110),TestNumGreaterTEqu-Tag(0110000101000101,0001011000001011,1011001100110111),While-Tag(1010100010011000,0000110011100100,1110001011001110),Set-3-Tag(1010000001001000,0011001000110001,1000011100010100),Set-14-Tag(0101110110011100,1010110110010011,0110011001000110),Floor-Tag(0011100100011000,1100000010011011,1110011011101001),Mod-Tag(1010010111000111,1010001100000111,1001011010110001),SwapMem-Tag(1010011101000111,1010000101011001,1000110100000000),Set-9-Tag(1000011010101011,0000001111010110,1011111110010011),Inc-Tag(1000010011000001,1001110000110101,1011000000101011),TestNumLess-Tag(0111101110011001,0010001110100100,0110111101000100),Set-2-Tag(1100010001111111,0101101100010101,1100010101000110),Set-9-Tag(1001111010110000,0010100101110110,1001010110110101),Floor-Tag(1000101101101110,1001101010001001,0000000100111100),TestNumLess-Tag(1000001101001011,0111111000000010,1111011001001100),Set-0-Tag(0100011001000010,0000100010000100,0100100010010010),Not-Tag(1101111100001010,1111011011001011,0010100010100110),If-Tag(0110100110010011,1110000110101101,1011000001010100),Set-7-Tag(0010011010011011,1110111001111001,1110011001011110),Floor-Tag(0110110101100100,0101111101100010,0001100100110011),Set-13-Tag(0100101010000101,0111111110001110,1010001010010101),CopyMem-Tag(0110111100110010,1001101110010000,0101111011111101),SubmitNum-Tag(1111110101010111,0100011101011001,1011111000010011),SwapMem-Tag(1111001111111110,0011111110011001,0000101001000111),Countdown-Tag(1101010101100011,0010000000010100,0110110110100011),Sub-Tag(1101000011011001,0000100000110010,0011010011101100),Close(0111000011001100,0010111010001011,1110111001010100),LoadNum3-Tag(1010000001010111,1011100000011001,0100111001010110),Close(0110101110000110,1100001111100011,1001011000011000),TestNumLessTEqu-Tag(1000010100000001,1000101101111101,1001100000000000),Set-8-Tag(0001101000011010,0011111111100000,0010011000100010),LoadNum1-Tag(1011111110101111,1100110010110000,1001000011110111)]"
PROBLEM_smallest__ARGS_TAG_BF__MUT_001,8146,smallest,Tag-BitFlips,0.001,0,False,NONE,NONE,NONE,"NONE"
PROBLEM_smallest__ARGS_TAG_BF__MUT_001,8147,smallest,Tag-BitFlips,0.001,0,False,NONE,NONE,NONE,"NONE"
PROBLEM_smallest__ARGS_TAG_BF__MUT_001,8148,smallest,Tag-BitFlips,0.001,0,False,NONE,NONE,NONE,"NONE"
PROBLEM_smallest__ARGS_TAG_BF__MUT_001,8149,smallest,Tag-BitFlips,0.001,0,False,NONE,NONE,NONE,"NONE"
PROBLEM_smallest__ARGS_TAG_BF__MUT_001,8150,smallest,Tag-BitFlips,0.001,0,False,NONE,NONE,NONE,"NONE"
PROBLEM_smallest__ARGS_TAG_BF__MUT_0025,8451,smallest,Tag-BitFlips,0.0025,0,True,13,444,444,"[SubmitNum-Tag(0010101011001101,1100001001001010,1110110101001000),Set-4-Tag(1000101011011000,0001100001000110,1000101101001100),While-Tag(0001001110001100,0100100011001110,0000001110011011),SwapMem-Tag(1010001100000011,0011010101011000,0011110011100110),SubmitNum-Tag(0011000000110000,1011111001011101,1111010101101000),TestNumLess-Tag(0100010000111101,0001001110100001,1001001110001001),IfNot-Tag(0101100010111000,0010101111000010,1000110011011110),LoadNum1-Tag(0001001101011101,1111001101110010,1010000110101111),TestNumLess-Tag(0100010111111001,0011000110000001,1101101100011001),Add-Tag(1011001111000000,0001000100111111,1010011001011110),LoadNum4-Tag(1111000100111010,0110101101011000,0100101100111101),IfNot-Tag(0001100011001001,0100111100001111,1010000111001110),TestNumLess-Tag(0010101010100011,0011101011011101,1000101010101011)]"
PROBLEM_smallest__ARGS_TAG_BF__MUT_0025,8452,smallest,Tag-BitFlips,0.0025,0,True,39,411,401,"[SubmitNum-Tag(0001100100000011,0000000111110110,0101001101011111),TestNumGreaterTEqu-Tag(0111110000000101,0111001100111000,1011010110010100),Set-8-Tag(1101111010000101,1110111001100100,0010111111011100),LoadNum4-Tag(1001111000001110,1110110101101111,0111101101000001),TestNumGreater-Tag(1101110010011101,0110110111001111,1101110110101100),TestNumGreaterTEqu-Tag(0010001111110010,0000111010101101,1000010011110111),Add-Tag(1001110111110110,0000101101101001,0000110100011011),Floor-Tag(1011101101000111,1100100010010110,0010000111100111),Close(0110110101010001,1111100011010001,0110110100001101),Add-Tag(1001010001000010,0001110110110101,1101001110000001),TestNumGreaterTEqu-Tag(0101101000111011,0000000101110101,0111111011100100),Set-16-Tag(1110111011010011,1100110001001100,0101011011110100),Div-Tag(1000001001100010,0001000011101000,1001001001110011),Set-3-Tag(0000001010010000,0000001011110110,0111100011000100),CopyMem-Tag(1100101011100101,0111101110010111,1011100101111011),SwapMem-Tag(0101101001001101,1101101111100011,1110010110000011),LoadNum1-Tag(1100000101010100,0101101000110011,0110001101110101),Set-13-Tag(0011010111000111,1010000111000111,1001111011011001),LoadNum1-Tag(1001010010100110,1001100110011000,0010101010011010),Set-13-Tag(1111100100101100,0101100001110010,0001010011001001),If-Tag(1100010011101011,0000000101110101,0100001101101110),Set-3-Tag(0100111010000000,1000101000011000,1101101101101111),Set-5-Tag(1010100011111011,1001001001000011,1111111010000000),Countdown-Tag(0100110000001101,1010100100001110,1111001000111111),LoadNum2-Tag(1111101100010010,1111110011011001,1110101111110000),LoadNum1-Tag(1110100110001100,1100101001010011,0010111101111001),SubmitNum-Tag(1010000110111011,0001111000111000,1110011011111011),Close(1101011011101000,1000011001111010,1011110000000000),If-Tag(1111000001101001,1100001010101001,0010110000010000),Mod-Tag(0010000111011011,1100110010001010,0111011110110101),Add-Tag(0011111100011101,0010110110001001,0010111111001111),SwapMem-Tag(0001001111100001,0000000111101011,0100011000101001),SubmitNum-Tag(1011100110010101,1000111100101110,1011011001011010),SwapMem-Tag(0011011010110001,0000110010101100,0011000111001100),Mod-Tag(0110101110100000,1000000010100010,1100101110101101),Set-1-Tag(0111111101110100,0100011010100110,1000001011101100),LoadNum2-Tag(0100010001011011,0110011000000001,0100010010111101),Close(0001010101101100,0110011000101111,0111110000110101),Break(0111101010001000,1011010101001111,0010110101011100)]"
PROBLEM_smallest__ARGS_TAG_BF__MUT_0025,8453,smallest,Tag-BitFlips,0.0025,0,True,27,377,353,"[SubmitNum-Tag(0000110001000100,1111110011011100,0111110101100110),Set-16-Tag(0101100010111110,1011101000001101,0001011101101110),LoadNum2-Tag(1000100100000110,0000011001101101,1011001011001000),Countdown-Tag(0101100001111111,0111010001111000,1111011001010110),TestNumGreaterTEqu-Tag(0011010110001000,0011110110111111,1011010011010001),SubmitNum-Tag(1001110010000101,0111111110000010,1101001101111110),Add-Tag(1110011000110011,0010101111011010,0011100110001001),IfNot-Tag(0101110011000110,0001100001101100,1011110110100100),TestNumLess-Tag(0011101111100001,0101001101011011,1110101100011001),LoadNum3-Tag(0111000111010101,1000000001111101,0010101000110001),Div-Tag(0001010100010001,1001101010010001,1000011000011011),LoadNum4-Tag(0101011011010001,0010101110000011,0000111011000100),TestNumLessTEqu-Tag(0011110100010000,1010110000011110,1011000010111100),While-Tag(1110101110010000,1111110010110101,0110011000100010),Close(0101111010100110,0011111100001111,1010101110011000),TestNumEqu-Tag(0100101011110101,0110111010111011,0001000010011001),IfNot-Tag(1100010110011010,1010010110001000,1100110111011110),Return(0001001101010101,0110101000100011,0110001010101010),Close(0110111111100011,1010001011101011,0001110011001000),LoadNum2-Tag(1001001100001001,1001001011010111,0001000101001010),Set-12-Tag(1011101110101110,0010011001001101,0010011011100001),TestNumLess-Tag(1001000001001110,1001110001100000,0001010101001100),Close(0010010000000111,0001000001111100,1011000101001011),Add-Tag(0100001010110011,0110000010010010,1100110111010111),LoadNum2-Tag(0001011111000001,0111001111101110,0110110110010101),LoadNum2-Tag(1010100100110110,0110110101100001,1110110001010100),TestNumLess-Tag(1100100101011011,0100000101011100,1000011010010001)]"
PROBLEM_smallest__ARGS_TAG_BF__MUT_0025,8454,smallest,Tag-BitFlips,0.0025,0,False,NONE,NONE,NONE,"NONE"
PROBLEM_smallest__ARGS_TAG_BF__MUT_0025,8455,smallest,Tag-BitFlips,0.0025,0,True,17,412,317,"[SubmitNum-Tag(1101010101000111,0010000000010011,0111101100111101),TestNumGreater-Tag(0111001111110010,0000010000000000,1010001000000001),IfNot-Tag(1000101101010001,1001100011000011,1000110000001011),SubmitNum-Tag(1110001100101011,0011110110101110,0000110100110010),Close(0001011001001110,1111011111100100,0010000110000101),Sub-Tag(1010011111110011,0010111000000000,0100010000000000),TestNumGreater-Tag(1001111100111000,0100010100011000,1000101001010111),IfNot-Tag(1000001100010101,1111000011111011,1100111001011000),LoadNum4-Tag(1101111011111011,1010100100101110,0101111110011010),Close(1001110111000110,1000011010101111,0101101101100100),TestNumGreater-Tag(0110001100110001,0001111001110110,1100001111001111),If-Tag(1110001111010000,1010000001110100,0101100100010110),LoadNum2-Tag(1100100110000111,0100011100100011,1101001010111101),TestNumGreater-Tag(0110111001011110,1010101010000010,0101010011000101),TestNumEqu-Tag(1000010111000100,0111010100111000,0110000011001011),If-Tag(1100000101000000,1111011100101110,1010001111000111),SubmitNum-Tag(1001101111010110,0011001000010011,0111111000011110)]"
PROBLEM_smallest__ARGS_TAG_BF__MUT_0025,8456,smallest,Tag-BitFlips,0.0025,0,True,19,456,307,"[LoadNum1-Tag(1011000001111010,1111001100011000,0011110110010110),Set-14-Tag(1111110111111000,0011010011011001,0100111010001011),Countdown-Tag(1100011111101110,1001010101001001,0101000101011011),SubmitNum-Tag(1000001100110111,0110101000011010,0111011100011001),LoadNum3-Tag(0100110101011010,1010111011010101,0011111111100110),TestNumLessTEqu-Tag(0111001100111001,0101011101011010,1111001111110111),TestNumGreaterTEqu-Tag(0010101101011011,1110100110011100,1001000010101100),Mod-Tag(1100010000100110,1101100001111001,0011110111111110),IfNot-Tag(0110111110111011,1001100100001000,0000101101111101),SubmitNum-Tag(1101001100110100,1101011001001011,1010101000100101),LoadNum4-Tag(0011000010101010,0101101101001111,0110001100110110),SwapMem-Tag(0000000111110010,1001100011011011,0011011110101101),Set-3-Tag(1001111001110111,0011000100101000,1110000010010101),Close(1100100000100001,1111111001010101,0011101000100111),Mod-Tag(1100000000000111,1101110100011011,0111011011101100),LoadNum2-Tag(1001100000001101,0001111101110011,0101000010010111),TestNumGreaterTEqu-Tag(1000110101011001,0101010001011010,0001110110000101),IfNot-Tag(0001010010010111,0001101101000111,0010110000000000),SubmitNum-Tag(0011000010011001,1010101011111111,0100010000101010)]"
PROBLEM_smallest__ARGS_TAG_BF__MUT_0025,8457,smallest,Tag-BitFlips,0.0025,0,True,12,241,215,"[SubmitNum-Tag(1111101110011101,1111000011101110,1100101010110011),TestNumGreaterTEqu-Tag(1001101000001100,0100110101000100,0111101011010110),IfNot-Tag(1011111111100111,1000101000001111,1110110101110111),LoadNum4-Tag(0111001001010111,0001010000011110,1111110111111010),Close(1001011000111100,1000100100101101,0011111000111001),TestNumGreaterTEqu-Tag(0101011000000000,1011000010100011,1111111110011110),SwapMem-Tag(1010100110111101,0011000000111100,0000110101110010),LoadNum1-Tag(1001101100100110,0110111010001000,0010011111001010),Div-Tag(1001100110001111,1111101001110111,0000110111010110),TestNumGreaterTEqu-Tag(1100110110010101,1111011000110011,1111111111010010),IfNot-Tag(0101011111111110,1111100100110001,0110101011101101),SubmitNum-Tag(1001000001110100,1001111000001101,1101101111001110)]"
PROBLEM_smallest__ARGS_TAG_BF__MUT_0025,8458,smallest,Tag-BitFlips,0.0025,0,True,13,285,219,"[SubmitNum-Tag(0001011000010100,1011101101111000,1101111100011111),TestNumGreaterTEqu-Tag(1110100010101101,1100001111110001,1110010001011101),While-Tag(0011010010010101,1111010000101100,0010101100011001),TestNumLess-Tag(0101111110011110,0001000010010000,0101100001100110),LoadNum2-Tag(1100001110100000,0111000100110101,0001010001010011),SwapMem-Tag(1010100010011011,1110011011101011,0110100111010010),IfNot-Tag(0111101011101101,0000100000110110,1011010001001011),TestNumGreater-Tag(1000001111010111,1110111101010111,0110001100100100),SwapMem-Tag(1000100111000001,0101111111010111,0010000110010011),TestNumGreaterTEqu-Tag(1000101010110100,0101001000011011,0110101000010011),LoadNum3-Tag(0111111001111011,1100101111110011,0111001101101001),IfNot-Tag(0011011010110100,0111101000110001,1001101101010011),SubmitNum-Tag(1000111110011011,0010101001101110,0010110011110011)]"
PROBLEM_smallest__ARGS_TAG_BF__MUT_0025,8459,smallest,Tag-BitFlips,0.0025,0,True,15,262,242,"[SubmitNum-Tag(1111111110101000,0000111000011100,1000101101001100),Close(0010100110011000,1100111001110101,1111000011111000),TestNumLessTEqu-Tag(0110100110111111,0011101000011011,1001110110100101),IfNot-Tag(1010011111010000,0111011100101001,0110001110101010),SubmitNum-Tag(1001000100111110,0010000101111100,1110011111111111),Sub-Tag(0001101110010110,0110011001101001,1111111001001010),Close(1011100010111011,1000110101111000,1011111001011001),LoadNum2-Tag(0011000100000001,1111100010110101,0001110111100110),TestNumLessTEqu-Tag(0110111110110110,0011101000011011,1100010110000001),IfNot-Tag(1000010010110000,1011011000100011,0110111010101010),SubmitNum-Tag(1001000100111110,0001010101111100,0010000101011110),Close(1010100111110010,1010010001110101,1001101001001101),LoadNum4-Tag(1010000100010110,1000000001011011,1100110000101111),IfNot-Tag(1011010111011100,0101111100111110,1110111100111110),TestNumNEqu-Tag(0100000000001000,0111000000101011,1100001010010010)]"
PROBLEM_smallest__ARGS_TAG_BF__MUT_0025,8460,smallest,Tag-BitFlips,0.0025,0,True,18,494,350,"[Set-3-Tag(1110101010010001,0110010101101000,1010001011101111),Close(1100100101011110,1100100001001111,0011110001110011),SubmitNum-Tag(0010111010111110,0001001100000100,1100010000110000),TestNumGreater-Tag(1011101100000011,0111111101010100,0001011010000011),Div-Tag(1101010100111001,0011111011011010,0111100001110010),TestNumGreater-Tag(1111011100101101,0010111100110110,0011111000110011),If-Tag(0010010000110000,0010001111100111,1001011000010011),LoadNum3-Tag(1110010101010010,1001011100111110,1000100111101111),LoadNum4-Tag(1011100111100110,1000010010100110,1011001110000100),Countdown-Tag(0011111011010101,1001101011111010,1101110100101110),TestNumGreater-Tag(1110011101101110,0101100001110100,0011100001010111),SubmitNum-Tag(0100110110010100,0010111100111101,1100100101101101),LoadNum2-Tag(1110100111110110,1001011110100010,1111111100011001),Close(1111101010100101,0011111001110110,0100011100110010),Close(0101101001001010,0010110011100100,0101111011111001),LoadNum4-Tag(0001000100001011,0011100001011010,0110111010000100),Countdown-Tag(1111010011100001,1011100001110010,0100000100100111),TestNumGreaterTEqu-Tag(0101111000100110,1100110101000010,0000011101101000)]"
PROBLEM_smallest__ARGS_TAG_BF__MUT_0025,8461,smallest,Tag-BitFlips,0.0025,0,True,26,477,453,"[LoadNum3-Tag(1011100101010110,1110110110110101,1010110010110110),Sub-Tag(0010000111010101,1100001111001100,1110001010000010),Inc-Tag(1100000000000110,1100011010001001,1101011101100110),SubmitNum-Tag(1011111110011111,0101110001000111,1101110101000001),While-Tag(1111101010000111,0010000010011101,1110010001001110),TestNumGreater-Tag(1110110111110111,0010001001000001,0100110001000100),Div-Tag(1001001010010111,1100101000111001,1010001110001110),TestNumLessTEqu-Tag(1010011111110101,1010100101001100,0001100011110111),LoadNum4-Tag(1000011110111101,0101011011001001,0100110111100000),Set-16-Tag(0001111000111010,0100110010111101,0010100011000101),Div-Tag(1010101000111100,1000010100010110,0111101110110111),Set-8-Tag(1000001011111110,0111000110100010,0110101111000010),LoadNum4-Tag(0010001000010111,1001011111100100,1010100001000101),Set-3-Tag(1001101110011111,1110110100010010,0101010001000110),SubmitNum-Tag(0100000101100011,1101011100100101,1010000110001011),Mult-Tag(0111111000011100,0001010010001001,1100100001100000),TestNumNEqu-Tag(1110111111111101,1010110010111100,1100110011010001),TestNumGreater-Tag(1011111010011011,0110001110001011,0000011111110100),Mult-Tag(1011000111101011,0111011001001111,1010100000110001),Inc-Tag(1001010001100100,0100000100001010,0101110111000000),Mod-Tag(0100100111110011,0111010111011100,1001100110011111),SwapMem-Tag(1110011001110101,0001011100101011,0100111000001101),Countdown-Tag(0101101100001001,0010100000011100,1011111111011111),SubmitNum-Tag(1001011111101111,1110101010000010,1100100100101100),Set-0-Tag(0000001001010010,1001100001000101,0110000100100110),Set-2-Tag(1010000101001111,1001010010000001,1001110000110100)]"
PROBLEM_smallest__ARGS_TAG_BF__MUT_0025,8462,smallest,Tag-BitFlips,0.0025,0,False,NONE,NONE,NONE,"NONE"
PROBLEM_smallest__ARGS_TAG_BF__MUT_0025,8463,smallest,Tag-BitFlips,0.0025,0,False,NONE,NONE,NONE,"NONE"
PROBLEM_smallest__ARGS_TAG_BF__MUT_0025,8464,smallest,Tag-BitFlips,0.0025,0,True,11,362,344,"[TestNumGreaterTEqu-Tag(1011100100010000,0101001110010111,1110010011100010),TestNumGreater-Tag(0110011101111010,0011100100010111,0110110101000000),LoadNum4-Tag(1110101100100110,1100101000010110,1110010101011111),Close(0010011110000000,0100111100001001,0010000000100110),Div-Tag(0111001101010110,0111010010100000,1100010111111111),TestNumGreater-Tag(1101111010111000,0100001101000100,0011010110000101),SubmitNum-Tag(1110001110110110,0100111101111011,1010001111010000),LoadNum3-Tag(1101010010000001,1000010100001001,0001010111011010),IfNot-Tag(0110100001100001,0010011000001000,0100111101101011),LoadNum1-Tag(1100010101010010,1000010100011111,0100110011111010),Break(0001011100011111,1011001111111101,1001001000000111)]"
PROBLEM_smallest__ARGS_TAG_BF__MUT_0025,8465,smallest,Tag-BitFlips,0.0025,0,True,12,362,221,"[Set-8-Tag(0001110101111001,1000110001110111,1111110001001001),While-Tag(0101000100011100,1100000011111000,0100000001000111),SubmitNum-Tag(1110011111110000,0010001101010111,1000001111011101),Sub-Tag(0111110110110110,1101000101101001,1110011101000000),Add-Tag(0011110100100010,0000111110011111,1110110001111101),TestNumGreater-Tag(1110011101001011,1101111110010110,0101011100000001),IfNot-Tag(0101010110011111,1111010010110011,1000011001101110),LoadNum2-Tag(0111001000111010,1000110001010110,1010111010011011),TestNumGreater-Tag(1101001101001000,0101001110110010,0101111101010101),IfNot-Tag(0101010110000010,0100010010110111,0101011111000111),LoadNum4-Tag(0101010110101011,0011111011011001,1101111101001011),TestNumGreater-Tag(1101001011001100,1101111001100111,0001110101111101)]"
PROBLEM_smallest__ARGS_TAG_BF__MUT_0025,8466,smallest,Tag-BitFlips,0.0025,0,True,21,262,83,"[LoadNum3-Tag(0001100010001101,1111010010010011,0101101011110001),SwapMem-Tag(1001100010011111,1001110111101110,1001101011101010),Close(1011011101101000,1100111001010011,1011110011011000),Add-Tag(0110010000101010,0010100010011110,1100000101111001),SubmitNum-Tag(1011010101111010,0101001101000111,0110101001000000),SwapMem-Tag(1011110100010111,1101001010011001,0000100011000011),TestNumLessTEqu-Tag(1001100001011110,1111111110110110,1010110000111100),SwapMem-Tag(1000000001011010,1010101100011001,0000110011110000),Close(1100111011011000,1000110100100000,0111110100010101),Dec-Tag(1010000110110000,0010100011000110,0111100110111100),If-Tag(0010010110000010,1111011100100001,1111011100110100),LoadNum1-Tag(0000110011011010,1010110010001111,1001111010010001),SubmitNum-Tag(1111011111111101,1000100011100001,0101110000110110),Close(0110110011011010,0010100101000110,0011000111110111),SwapMem-Tag(1110110101010110,1101010100001000,1001101000011000),TestNumLessTEqu-Tag(1000000000110110,1111011011111101,0010110100110101),LoadNum4-Tag(0000111110011001,0100100000000100,0001011110010100),LoadNum4-Tag(0100010101010001,1101111010100010,0001011101111100),IfNot-Tag(1110000010100101,1011100010001100,1010101110110100),While-Tag(0110010011101010,0101110100011111,0111010101010110),Inc-Tag(0101011010101100,0010110001100111,1011100111111101)]"
PROBLEM_smallest__ARGS_TAG_BF__MUT_0025,8467,smallest,Tag-BitFlips,0.0025,0,True,24,350,350,"[SwapMem-Tag(0001100110101110,1101011001011111,0110010001100100),TestNumGreaterTEqu-Tag(0001110110001000,0000001101100111,1101011100111001),SubmitNum-Tag(1111111000100001,1101110011100110,0110101011101011),LoadNum3-Tag(1000010100001011,1000110000101111,1011001110001001),Set-1-Tag(1100001000001010,1010111110010100,0010111111110011),SwapMem-Tag(1110011001110001,1001011001110001,0000100110101001),IfNot-Tag(0010101011010110,1110100101011110,1000110001101100),LoadNum1-Tag(0000101100011010,1001010000001111,0000101110011100),LoadNum1-Tag(1011001001111011,1111111010011000,1011000110010000),Close(0011101011110101,1110110111000000,1100010100100000),TestNumLess-Tag(0011101100111101,0101011100111110,1001101100111101),Sub-Tag(1111111000110111,1000100110110000,0001010111000000),While-Tag(1000001000000011,1001100000110001,1101111101000000),IfNot-Tag(0100110111001000,1111001010111101,0000101010110111),Dec-Tag(1010100110001111,0110000101000000,1111010110100101),SubmitNum-Tag(1010001100101010,0011111101011100,0010100111001101),LoadNum2-Tag(0011001110111001,1001000110011111,1010000001001111),If-Tag(1100100100111100,0000101110011110,0010110111101110),LoadNum4-Tag(1101000011100100,1101000011110101,0110001000110010),SwapMem-Tag(0110101010100010,0100001100000110,1010001001110011),SubmitNum-Tag(0111110100011000,0010101011101101,1110010111011111),Close(1000101000110100,0000111010111011,0000110101101000),LoadNum2-Tag(0101000001010100,0000000100010011,1100110010000001),TestNumLess-Tag(0001111100000000,1001011001010101,0110100101110101)]"
PROBLEM_smallest__ARGS_TAG_BF__MUT_0025,8468,smallest,Tag-BitFlips,0.0025,0,False,NONE,NONE,NONE,"NONE"
PROBLEM_smallest__ARGS_TAG_BF__MUT_0025,8469,smallest,Tag-BitFlips,0.0025,0,False,NONE,NONE,NONE,"NONE"
PROBLEM_smallest__ARGS_TAG_BF__MUT_0025,8470,smallest,Tag-BitFlips,0.0025,0,False,NONE,NONE,NONE,"NONE"
PROBLEM_smallest__ARGS_TAG_BF__MUT_0025,8471,smallest,Tag-BitFlips,0.0025,0,True,42,452,368,"[Set-13-Tag(1100101010101010,1011100101110101,0010000101010011),While-Tag(0100000011100001,1100111110101110,1111100111110011),Set-13-Tag(0000001011101101,1111011000100100,1101101000000111),LoadNum3-Tag(1100000101111011,0000111100101010,0100001000101010),Set-15-Tag(0101101010001100,1001111011101000,0010110011000010),LoadNum4-Tag(0011100001010111,1010101001000011,0100101100110010),TestNumLessTEqu-Tag(1011100111010110,0011010001111011,0011100011011001),LoadNum1-Tag(1010011010000110,0100101001100010,1001101000011111),LoadNum4-Tag(1011101100111000,0010101111010010,0000111101100000),Set-1-Tag(1011010110100001,1110000111010000,1000000000100010),SubmitNum-Tag(1101101011101111,1001110111100110,0011110111100000),IfNot-Tag(1011101110001010,1010110000100110,1011010000001100),TestNumLess-Tag(1100010100000100,1100111111000100,0001110000000101),Div-Tag(0010011110011110,0000101101111011,0010110001010111),LoadNum2-Tag(1110111111111110,1011010001101011,0000101101100000),Close(0001001101111011,0011000110000010,1110001001110100),LoadNum4-Tag(0111100010010010,0001011000100111,0110100001111011),Set-3-Tag(0000101010011101,1000000000100000,0100110111000001),Set-16-Tag(0010011110101101,0111000110100111,0000100010010010),TestNumLess-Tag(1000101101011000,1011000000110110,1000110100011101),TestNumLess-Tag(1111101101110110,0101001101111010,1011000010011000),Not-Tag(1011001110100000,0000111010111100,0000110000100010),Sub-Tag(0001110100000101,1100000000110011,1001001100100010),SubmitNum-Tag(1111001111110001,1010110010001001,1011110011001000),Dec-Tag(0101001001100100,1110010001001001,1000000111010010),Mult-Tag(0001001000011010,1010100010101110,0101110110000010),TestNumGreaterTEqu-Tag(1001010111000101,1000000100001010,0100100000000101),Set-2-Tag(1110010001010011,1100111101001010,1101110000010101),IfNot-Tag(1100101010011001,0001110011101100,1110000010011110),TestNumLess-Tag(0011010100011101,1010011001000101,0101111101000000),Close(1100000100011000,1000010010100011,1110010011110010),LoadNum2-Tag(1100000101011010,0001010010001100,0011011110101100),IfNot-Tag(0100001101110111,0101011101100110,0011010100010111),LoadNum4-Tag(1111111101100000,1101110000010100,0111100010010000),TestNumEqu-Tag(1010010110110010,0111101011110001,0100010100000011),LoadNum3-Tag(1111010111100001,0001111110010110,1100010000100001),LoadNum1-Tag(0011100110110100,0101101011010001,1000001101110100),Set-5-Tag(0001110010100000,0111110011110011,1110100001110100),SubmitNum-Tag(1101110100111110,1010101000011000,0001100111111101),LoadNum4-Tag(0101001011111111,0001011000001000,0000011100011001),TestNumGreater-Tag(1000100011110110,1010000110000101,1001101011100010),LoadNum3-Tag(0100110111100110,0111010010011111,1000001100000100)]"
PROBLEM_smallest__ARGS_TAG_BF__MUT_0025,8472,smallest,Tag-BitFlips,0.0025,0,True,15,284,210,"[Set-11-Tag(1111110000110100,1100110111001110,0101100100110011),TestNumGreaterTEqu-Tag(1111111110100001,0001100100010110,1001011001100100),SubmitNum-Tag(1010110100010001,0011000010100101,1010011101100100),Add-Tag(0001110101100101,0000011111101001,1100011010011001),TestNumGreaterTEqu-Tag(0010000100100000,1010100100001011,1100101101111011),While-Tag(1100111010101010,0111100000011101,0001100010110000),Div-Tag(1100100010101001,1111011010111010,0011011011011101),SwapMem-Tag(0001010111110101,0001000110100011,1011100011101000),LoadNum1-Tag(0100000101011101,1000110000011101,1010011111010110),TestNumLessTEqu-Tag(1000110101110010,0000000001010011,1001110010101111),TestNumGreater-Tag(0111011011001011,0001111000110001,1011110100001100),If-Tag(1011110010101000,1101001111101001,1110011001001111),SubmitNum-Tag(0011101010011011,0101110111010101,0000010011111000),LoadNum3-Tag(0101000100111001,0011001011001010,1101100110101011),Mult-Tag(0000001101111001,0000100110100000,1010011100011001)]"
PROBLEM_smallest__ARGS_TAG_BF__MUT_0025,8473,smallest,Tag-BitFlips,0.0025,0,True,13,482,234,"[LoadNum1-Tag(1110011001101010,1100101110000100,0100010101010011),TestNumGreaterTEqu-Tag(1001011000010110,0111000110111010,0101111101011110),IfNot-Tag(1111111010001111,0100100011011001,0001111010101110),LoadNum2-Tag(0111111100100011,1101110110110111,1000000001010111),Close(0000111100111101,1000110001101100,1011000111110000),TestNumGreaterTEqu-Tag(1101011001000000,1001100100011001,1110001011110111),IfNot-Tag(1111101110101011,0101111101110111,1110100001101110),LoadNum1-Tag(1101100110100001,0000010101110010,0111000000001011),Close(0011110010111111,0110101011110100,0011001101001001),TestNumGreater-Tag(1011000000111001,0101100110011111,1111100110111100),SubmitNum-Tag(1011101010011010,1010110011011001,1001101001011000),IfNot-Tag(1110010011101110,1011000011100010,0010011001101110),SubmitNum-Tag(0001101100010010,0001000111100101,0111100110011100)]"
PROBLEM_smallest__ARGS_TAG_BF__MUT_0025,8474,smallest,Tag-BitFlips,0.0025,0,False,NONE,NONE,NONE,"NONE"
PROBLEM_smallest__ARGS_TAG_BF__MUT_0025,8475,smallest,Tag-BitFlips,0.0025,0,False,NONE,NONE,NONE,"NONE"
PROBLEM_smallest__ARGS_TAG_BF__MUT_0025,8476,smallest,Tag-BitFlips,0.0025,0,True,57,500,498,"[Close(1100010100011001,0010001011001001,1000000000100000),Sub-Tag(1111101101011001,0011001001110000,0100010001111011),LoadNum4-Tag(1110101001010000,0011111011111000,1011110110010111),Set-5-Tag(1011101100001000,0000111001110000,0100111011010101),TestNumLessTEqu-Tag(0010100001101100,0000001111101101,0001010010000001),LoadNum4-Tag(1100101011000000,0010001110110000,1110100100110000),Countdown-Tag(1001011111011000,1000000111110001,1001000101000110),SubmitNum-Tag(0101011001011001,1100101100100110,0100000011100011),TestNumLessTEqu-Tag(1100011110100011,0101100101100101,1000111000010010),TestNumGreater-Tag(1101001101010000,0110001100011110,0011011010101000),LoadNum1-Tag(1000100111000111,1000100011000111,1011001100101010),Div-Tag(0001000100101111,1100011011011000,0100000111011010),TestNumLessTEqu-Tag(0001000011001000,0011001110010011,0000100101111111),If-Tag(1110110110110011,0001001100100111,1100011101100001),Sub-Tag(0000110011011101,1110010100111100,0101110010011100),Set-11-Tag(0011101111011000,0101100000000111,0111110000100010),TestNumGreaterTEqu-Tag(0100100010001110,0110000001111100,1000010000011110),LoadNum2-Tag(0101100010101011,1010011011100101,1111101001111010),Mod-Tag(0101110011110110,0010011001001001,1000000001100001),Add-Tag(0001100000011011,0001001001010010,1010010101010010),LoadNum1-Tag(1110000010110010,0111001000100101,1101011001111111),Set-5-Tag(1000011000000111,1101000011010111,1111010101101100),LoadNum3-Tag(1110101100100101,1111010111000111,0110011100100000),LoadNum4-Tag(0001010101000111,0111000101000010,1011000001101000),SubmitNum-Tag(1100000101110101,1000011010010000,1010110001010111),TestNumLessTEqu-Tag(0011011111101111,0000010101010000,1001100010101110),TestNumLessTEqu-Tag(0001101101110101,0111001101011000,0111101010010110),Set-16-Tag(0100101001100001,0001100001001110,0101011001110010),Mult-Tag(1111010011101001,0010100100001100,0010111011101111),TestNumGreater-Tag(0001100010100010,1100001000101110,0110001001011000),Mod-Tag(0100010110110111,1010110011000111,0000111110010000),LoadNum3-Tag(0101111101000111,1110111101110101,0111101110001110),Set-10-Tag(0110101011111001,1000000001010000,1111001000100101),Set-8-Tag(0011111001111101,0000100010010000,1111010001001001),If-Tag(1000100110000110,1110011110010101,0111010101110111),LoadNum1-Tag(0001100111110100,0010101100000100,0001111001110111),Set-10-Tag(0110101010010000,1000100101101010,1011000111100001),Set-12-Tag(0011011011101101,1001000111101000,1010011000100101),Not-Tag(1010010101110110,1100101000100000,1100001011011011),TestNumLessTEqu-Tag(1101011001111101,1111011110110100,1011111110011100),LoadNum3-Tag(1011100111111000,0101000001011110,0101110101101100),LoadNum3-Tag(0000011011111001,0100100011011001,0001100010111111),CopyMem-Tag(1110000100111100,0110000011111101,0010111000101001),Break(0101010010010001,1001111100010100,1111100100000110),Set-2-Tag(1110010010000001,1011011111010111,0011100011011100),Return(1111101010000001,0110000111001010,1000111011011000),Set-5-Tag(1010100100101100,1101010000101011,0110000010110010),Set-2-Tag(0111001110010011,0110011001100001,0111101101010000),Add-Tag(1011100001010100,0101110110100011,0100110101011000),Set-10-Tag(1000011000111100,0110000110011101,0000100110011101),Floor-Tag(0100000101000001,0110010011100101,1101001010100101),Set-10-Tag(0100001010101111,1111011001100001,1010100011011100),Set-13-Tag(0010000111000110,1000001000001001,1010100000000101),Set-2-Tag(0001010100001110,1011101011101101,0111010101000011),LoadNum2-Tag(1001000100110010,0000011010111100,0101101100110001),TestNumEqu-Tag(0001111000110011,0011101000011001,0010100000010010),LoadNum2-Tag(0101101011110010,0001000101101111,1101100101100000)]"
PROBLEM_smallest__ARGS_TAG_BF__MUT_0025,8477,smallest,Tag-BitFlips,0.0025,0,False,NONE,NONE,NONE,"NONE"
PROBLEM_smallest__ARGS_TAG_BF__MUT_0025,8478,smallest,Tag-BitFlips,0.0025,0,False,NONE,NONE,NONE,"NONE"
PROBLEM_smallest__ARGS_TAG_BF__MUT_0025,8479,smallest,Tag-BitFlips,0.0025,0,True,11,170,122,"[LoadNum4-Tag(0000111110000111,1010001110011100,1110100000011010),TestNumLess-Tag(0000010001000101,1011011101111010,0000010010101101),Div-Tag(0000110000010100,1000011010110101,0111111111100000),TestNumLess-Tag(0001001001110111,1000111101100111,1011110011010101),IfNot-Tag(0010100001010110,1000011100001110,1010011010100101),LoadNum4-Tag(1001001110010011,1101100111111000,0001001111101110),Close(0110011111000000,0111100111100111,1110011011100010),TestNumLessTEqu-Tag(1101001110110011,1101111101100111,1011100001011100),SubmitNum-Tag(0111101001111010,1010011000101000,1011101111100001),Countdown-Tag(1010101001001100,0100001011100110,0101111010101001),SubmitNum-Tag(1011011110000011,1111100111011110,1100001010000100)]"
PROBLEM_smallest__ARGS_TAG_BF__MUT_0025,8480,smallest,Tag-BitFlips,0.0025,0,False,NONE,NONE,NONE,"NONE"
PROBLEM_smallest__ARGS_TAG_BF__MUT_0025,8481,smallest,Tag-BitFlips,0.0025,0,True,13,472,245,"[SubmitNum-Tag(1101111101000100,1111011111010100,0011110000111101),LoadNum2-Tag(1000011100111111,0100010111111010,1000101100001110),TestNumGreater-Tag(0010001011110000,1010110101111101,0001110110110101),IfNot-Tag(0001110001011001,0100100000110101,1101100001101011),LoadNum3-Tag(1111011110010101,0110100011110101,0100111110011011),Close(1100111111100100,0101101101001110,1001110100100001),TestNumGreater-Tag(1011011110011001,0111100001110110,0001000111110001),IfNot-Tag(0100110001010000,1100011100011101,0111101011001000),LoadNum4-Tag(1000101111111100,1100011001001011,1001001101100100),Close(0001101100110111,1010110000011111,1101011111011000),TestNumGreaterTEqu-Tag(1110011110111101,1010011000001011,1000111101000100),IfNot-Tag(1001111000010111,0000101010000100,0001110001110001),SubmitNum-Tag(1111010010111111,0110110100101011,0011010100100010)]"
PROBLEM_smallest__ARGS_TAG_BF__MUT_0025,8482,smallest,Tag-BitFlips,0.0025,0,False,NONE,NONE,NONE,"NONE"
PROBLEM_smallest__ARGS_TAG_BF__MUT_0025,8483,smallest,Tag-BitFlips,0.0025,0,True,13,439,378,"[LoadNum3-Tag(1000111101011100,1000110101101111,0000010001000000),TestNumGreater-Tag(1001110111101000,0000111101011011,1011011011000010),TestNumGreaterTEqu-Tag(0101110111101101,0111100000010001,1010011111010000),If-Tag(1010011110010111,0011101011101000,1001010011110101),LoadNum2-Tag(1001110011101110,0110110010110011,0001101111101001),Close(1000000110011110,1101100011011101,0001001100100011),Div-Tag(1100001100001111,0011111110000001,1001100111011000),Sub-Tag(0000100001011000,1010001111001101,0100011001110100),SwapMem-Tag(1000100101111000,0110110101001100,0001001010100100),TestNumGreaterTEqu-Tag(0100010000100100,0110111111101101,1010001110100100),SubmitNum-Tag(0110100010001011,1111011010100011,1010010011100001),Countdown-Tag(1010110110010100,0110111011000110,0011110100100011),SubmitNum-Tag(0111000111111111,1111100110101110,1101000001101101)]"
PROBLEM_smallest__ARGS_TAG_BF__MUT_0025,8484,smallest,Tag-BitFlips,0.0025,0,False,NONE,NONE,NONE,"NONE"
PROBLEM_smallest__ARGS_TAG_BF__MUT_0025,8485,smallest,Tag-BitFlips,0.0025,0,False,NONE,NONE,NONE,"NONE"
PROBLEM_smallest__ARGS_TAG_BF__MUT_0025,8486,smallest,Tag-BitFlips,0.0025,0,True,24,166,134,"[Add-Tag(1101010001101100,1011010001010111,1011001001110110),LoadNum2-Tag(0010101110010100,1011001100111100,0010000100001110),SubmitNum-Tag(1110101000010000,0011001110001011,1101001101001111),Set-16-Tag(1100011010010101,0110101011100010,0001101011011101),TestNumLess-Tag(1111111110001100,0011101110100011,1001001001000011),LoadNum3-Tag(1111101000110010,1111010011011101,1000000011110011),While-Tag(1110001110111001,0000010110100111,1101000000110000),While-Tag(1101001010001011,0011010100001110,0101100001010010),SubmitNum-Tag(1110110111110100,1010011110010111,1011000100110001),Add-Tag(1101110001111101,0000011011001011,0011000111001100),Sub-Tag(0100000001001001,1110100011110011,1101100011000111),Close(1010001000000011,0000001110101100,1011000111111101),TestNumLessTEqu-Tag(1001101100110000,1001000111010110,0010110111101100),TestNumNEqu-Tag(1100011110101000,1011100000111111,1010011001000010),While-Tag(1101001010001010,0011010101001100,0101110101000011),Add-Tag(0001101001000011,0011000100101000,1010011110101000),SubmitNum-Tag(1010110111101100,1010111110000111,1011000101010001),TestNumGreater-Tag(1111101001011011,1110100110100000,0100001111011011),Add-Tag(1101110111101101,0010011011000011,0001000111001100),LoadNum3-Tag(1111010100111010,0110101111000000,0001000000101000),Close(1011001000000011,0010000110100100,1101010011111111),LoadNum4-Tag(1010111010111101,0010111110010111,1000111100111101),TestNumLessTEqu-Tag(1000101110110000,1001010111010010,0010110011100101),TestNumNEqu-Tag(1100011010000100,1011000001101111,1010001001000010)]"
PROBLEM_smallest__ARGS_TAG_BF__MUT_0025,8487,smallest,Tag-BitFlips,0.0025,0,True,13,409,253,"[TestNumLessTEqu-Tag(0011000111010011,1100110011011000,0110011001011000),Div-Tag(0001100000110011,0110011000111000,1010101110001010),SubmitNum-Tag(1001100110000010,1110111101100010,0001001001111110),TestNumLessTEqu-Tag(0111011111111001,1001100100101010,0110011000011101),SwapMem-Tag(1110011110100011,0111100110111001,1001101011011101),TestNumLessTEqu-Tag(1000010101011001,1111110011101000,0010001000101011),Countdown-Tag(0110101010010011,1110100011111001,0011011100001111),SubmitNum-Tag(1111101011101010,0101000010001000,1101001110011111),Close(0001101100011100,1001110110100011,0111110011101101),Countdown-Tag(0011111100011010,1011100111010110,0111000100011010),TestNumLess-Tag(1110010101000110,1000010110110100,0110010010011000),Countdown-Tag(0110001000010000,1110000001101100,0011001110110011),SubmitNum-Tag(0001000101001011,1100111101000111,0110111101010000)]"
PROBLEM_smallest__ARGS_TAG_BF__MUT_0025,8488,smallest,Tag-BitFlips,0.0025,0,True,24,417,294,"[Sub-Tag(0011010101011110,0101010010111010,1111110110001000),TestNumGreaterTEqu-Tag(0001100100110111,1111010100110101,1000001101010101),LoadNum1-Tag(1010110100101100,0011010000101110,0011100010000111),Dec-Tag(1101001001101010,1101111000111010,1001111111000001),SubmitNum-Tag(1000001100010111,0000110011100000,0100110101110000),SwapMem-Tag(1101110010101010,0011000100010010,1111101100101101),TestNumLess-Tag(0110101111011110,0100100110001001,0110000110100011),If-Tag(0110000110110011,1101101001111111,0010101111001100),TestNumLessTEqu-Tag(1101110000000111,1000000110101100,1101111011111011),SwapMem-Tag(0001111111101000,0000011110011100,0110101100011011),Add-Tag(0011111111010100,0000100100000110,0110111001111000),LoadNum1-Tag(1001110111011011,1101010111010110,1001001111101101),Close(1001111000001001,0110011100000111,0011110000101011),LoadNum4-Tag(0101011010001010,0101010101010010,0101001010011101),TestNumGreater-Tag(1010100001000111,0110010101101001,0101011100100010),LoadNum3-Tag(0001111110001111,0001111000111110,1010000111001100),If-Tag(0000000000100010,1000000110010101,0010010111011011),SubmitNum-Tag(1000001110011101,0101111001000010,0101011100100111),Close(0000010100011111,1001011010100001,1111111110110011),TestNumGreater-Tag(0000101000001000,0110001010111101,0011000000101011),If-Tag(0010101101100011,0110001110110110,0001111010000111),TestNumGreater-Tag(0010101110011000,0100011010111101,0010001100101101),If-Tag(0010001101110111,1111100010111010,1001011000100000),SubmitNum-Tag(0111001110011100,0110101010101111,1110111001010001)]"
PROBLEM_smallest__ARGS_TAG_BF__MUT_0025,8489,smallest,Tag-BitFlips,0.0025,0,False,NONE,NONE,NONE,"NONE"
PROBLEM_smallest__ARGS_TAG_BF__MUT_0025,8490,smallest,Tag-BitFlips,0.0025,0,False,NONE,NONE,NONE,"NONE"
PROBLEM_smallest__ARGS_TAG_BF__MUT_0025,8491,smallest,Tag-BitFlips,0.0025,0,True,17,341,117,"[CopyMem-Tag(1111111010011110,1110000010100011,1111001100100001),Set-2-Tag(1001001111111010,0110010001011001,0001110000101001),Close(0111011101100011,0000011010010010,0111101100000111),Sub-Tag(1001100111010011,0011000001101011,0011011011101001),TestNumLessTEqu-Tag(1010010001111101,0001000101001101,1010110000010110),SubmitNum-Tag(1010001110110110,0000011010111101,0011001101111101),LoadNum2-Tag(1101111010110101,0111011010100101,1111100010001010),While-Tag(1101111101101101,0000111001110100,0011110100001110),If-Tag(1010000001110000,0111010011001110,1001111100101100),LoadNum1-Tag(0101100110100111,0010110010100011,1111111000000110),Close(0111011000010001,0011101111010101,1111010111100011),TestNumLessTEqu-Tag(1000001000101100,0011101100001100,1111111110111011),If-Tag(1111010101111011,1111000000001011,1010010011100011),LoadNum4-Tag(0001001110111001,0011011110010101,1011101011000000),Close(1101011011010011,1101000001011110,1101100011100011),SubmitNum-Tag(0001101101100101,1110100111000001,0000011100000001),TestNumLessTEqu-Tag(0101100010000011,1001101100110000,1111101111101010)]"
PROBLEM_smallest__ARGS_TAG_BF__MUT_0025,8492,smallest,Tag-BitFlips,0.0025,0,True,20,484,473,"[Close(1000011111110111,0011010111010011,0111100100010110),SubmitNum-Tag(1100010011000000,1111001100101001,1001110110010101),IfNot-Tag(1010001111000100,1011010110001000,1000010100011101),Add-Tag(0001001110001001,0111100111000000,0000110010000011),SubmitNum-Tag(0100000100110001,1001010101011111,0101110011010110),LoadNum3-Tag(1000010100000011,1001101000101001,1110010000101111),LoadNum1-Tag(1001010100010100,1110000011010101,1011011010100010),LoadNum3-Tag(1100111000111011,1101000101100010,1001011010001111),Not-Tag(1101001001101100,1101011000100110,0001000000111101),While-Tag(1001011000000010,0101000101001100,1101111000000001),LoadNum2-Tag(1000000010010110,1000101010000011,1111100010110111),TestNumGreaterTEqu-Tag(0100000010011110,1101110111111000,1010010110011111),CopyMem-Tag(1000111000010011,0110001110000001,1101000011010001),LoadNum4-Tag(1100011111111010,0101101110101110,0000010011100111),SwapMem-Tag(0010101110101101,1110111100101010,0010000000011010),TestNumLessTEqu-Tag(0011100010000010,0100010110000000,0001101100101000),While-Tag(1010110011110101,1000011110001001,0100000001011100),TestNumLess-Tag(0100101111000011,0101101101000101,1001011010100111),Countdown-Tag(0001001100011000,1100111011001010,1111101110010001),LoadNum4-Tag(0000010101010000,0011100100001111,1010000101001011)]"
PROBLEM_smallest__ARGS_TAG_BF__MUT_0025,8493,smallest,Tag-BitFlips,0.0025,0,True,14,390,139,"[SubmitNum-Tag(0111000110100010,0010011000100011,1101100110100111),TestNumGreater-Tag(0010000000110001,0101010011000101,0111001110000100),If-Tag(0101101010111001,1001101000100010,0000110000011010),SubmitNum-Tag(0010011101010100,0101100001100111,0111101100110010),SwapMem-Tag(0000001010110001,1000110111010101,1001010001100101),Close(0000001111001111,1100111100100101,1111000011010100),TestNumLessTEqu-Tag(0101001000101011,1101111011011001,0000000001011010),TestNumLessTEqu-Tag(1101010010011001,0010101110110101,0101001011100110),TestNumLessTEqu-Tag(1000001011011111,0101111000100111,0100000010010001),While-Tag(0111011000111000,1010111111000000,0011101111011000),SubmitNum-Tag(1111111110011100,0101000111100111,0111001011110001),TestNumGreaterTEqu-Tag(1111011111001100,1100110110010000,0001100011010110),If-Tag(1000110001111100,0110111101111010,1011101110101010),LoadNum4-Tag(0101111101111101,0110010010101011,1110000100010001)]"
PROBLEM_smallest__ARGS_TAG_BF__MUT_0025,8494,smallest,Tag-BitFlips,0.0025,0,True,41,500,496,"[Dec-Tag(1001001011000100,0111001111101101,1110001101100010),Break(0011111011110011,1010111011010111,1001110111000110),Mult-Tag(1000010101100110,1001111101110111,1110101001110101),LoadNum2-Tag(0000111100100101,1110000110110100,0101001111000011),LoadNum3-Tag(0110011010010101,1110001001110111,0001000000001111),Set-3-Tag(1111011001111110,0001011000100001,0011100100010101),TestNumLess-Tag(1010110101011001,1000101001101110,1101101011010101),Set-3-Tag(0101010011111100,1000111011110100,0000111000010001),SubmitNum-Tag(0011011000001101,1011100001000001,1101001110101111),Mult-Tag(0001110010100101,1011100001110110,1111010111001100),Set-13-Tag(0011110110010011,0010110010001010,1010111110101011),TestNumNEqu-Tag(0011111011010001,1011101011101101,0111111010001000),Set-5-Tag(1101011101010111,1010001110011110,1000011110010101),TestNumLess-Tag(1011011111011011,1100011011010001,0011111011010000),Set-7-Tag(0100010101001001,1001010101000001,1100011100000101),LoadNum2-Tag(0001100001100100,0000010111011110,0000001101000110),While-Tag(1110010010010000,0111000000000000,1111101001101111),TestNumGreaterTEqu-Tag(0101101100000111,1011001101110011,1001111110000001),Not-Tag(1100000100111110,0011100110011001,1110011010110000),LoadNum3-Tag(0111111101010111,1101001001111110,1001001111101000),Add-Tag(1111110010011000,1100001001010100,1101010001000111),TestNumLess-Tag(1100110101101110,1000111001100111,1001111011001101),LoadNum1-Tag(0011111000110000,1001001000010011,1001000011011100),TestNumNEqu-Tag(1011111010101011,0110111101100111,0011110111001100),TestNumLess-Tag(1101010111101101,0011110101011010,1111011100010111),LoadNum4-Tag(1001100111000111,1111001001111001,1111000100011011),While-Tag(0001010001011100,0100101010100101,1010010001100110),Set-9-Tag(1001110010110111,1111010010010000,0111010001010100),TestNumGreater-Tag(0110010010111000,0111111111101001,1010001000101001),SubmitNum-Tag(1000100011011000,1010101010111011,0110001000000101),LoadNum3-Tag(1010100100010101,0111111010100111,0111001101010010),TestNumGreater-Tag(1111100111000001,0011001100111100,1101111111101001),Set-10-Tag(0001101001001001,1001001100000000,0110000111010100),If-Tag(1110111011101110,0101100001000000,0010111100110111),SubmitNum-Tag(0001001111110000,0001001100001101,0010111111000010),TestNumLess-Tag(1010101000010000,1111101100100011,0001000101110101),SwapMem-Tag(1110101110010100,1000000100111011,0011111011100010),Set-2-Tag(1100110111111000,1100110010011001,0101100010110000),TestNumNEqu-Tag(1001001110010000,0111100010111101,0111100110100000),Close(0110111100100111,1110110100001110,1010111111000101),LoadNum3-Tag(0011011100101111,0100110001001000,1011011110110110)]"
PROBLEM_smallest__ARGS_TAG_BF__MUT_0025,8495,smallest,Tag-BitFlips,0.0025,0,False,NONE,NONE,NONE,"NONE"
PROBLEM_smallest__ARGS_TAG_BF__MUT_0025,8496,smallest,Tag-BitFlips,0.0025,0,True,16,334,307,"[LoadNum4-Tag(1101010110100101,1011110100111100,0110010001000000),SubmitNum-Tag(1111010010010100,1111011011010000,1011001000111010),TestNumLess-Tag(1111001110111001,0111110110000101,1000110100101000),Set-11-Tag(1000011111111011,1010100110010000,1011110010100110),Countdown-Tag(1100000110001001,0011000011110001,0011001101110100),LoadNum1-Tag(0100110101011111,1001000101010011,0110101000101001),SubmitNum-Tag(1000010001011100,0000100100100010,0000111011101111),Close(1000001111000000,1000110110001011,1000000011110010),Countdown-Tag(1101111011001100,1010001011011010,0101000000110001),LoadNum3-Tag(0000110011011010,0111000110001101,1110111000101111),TestNumLess-Tag(1000011010100111,0101010110001111,0101110110111001),Countdown-Tag(1001010010001101,1011111011101011,0101111110110101),TestNumGreater-Tag(0011011110000101,0000010011001110,1001111101110100),SubmitNum-Tag(1110000100110100,1000100100101111,1010101011011100),Close(0101110111010000,1011010010110001,0000010110110010),LoadNum3-Tag(1000000010100100,1100101001110111,0010000000110100)]"
PROBLEM_smallest__ARGS_TAG_BF__MUT_0025,8497,smallest,Tag-BitFlips,0.0025,0,False,NONE,NONE,NONE,"NONE"
PROBLEM_smallest__ARGS_TAG_BF__MUT_0025,8498,smallest,Tag-BitFlips,0.0025,0,True,26,360,311,"[TestNumGreaterTEqu-Tag(1010100110000011,1111011111111100,0001100000101100),Set-10-Tag(1001110101001110,1110110000001111,0001001110011001),Set-7-Tag(1110011110101100,0011100111100000,0101110111111110),Set-16-Tag(0110100011101011,0010011001010011,0101100010101001),Countdown-Tag(1010010000010000,1001001110111011,1011001110110001),SubmitNum-Tag(0011011010100011,0010011110010100,0011100101010011),LoadNum3-Tag(0111110110100001,0101110010100110,0000010001111001),LoadNum2-Tag(0110101100010000,0000001000100111,1101011010110100),TestNumLess-Tag(0111111111111110,1010010010000101,0101010010000011),Mult-Tag(0011111000001101,0100100100000000,1100000010001111),Set-7-Tag(0010000010010101,1100100100111110,0100000110010110),LoadNum3-Tag(1011111000010110,1110111010000110,0111000000000010),Inc-Tag(1100111100111001,1010101000110010,1100010111010010),LoadNum3-Tag(0101100101100110,1000000110111110,0100100001010110),While-Tag(0111100000011011,1011101001001111,1110100100001000),IfNot-Tag(0000001001011101,0100111100000000,0001101000110100),Set-3-Tag(1111101111010011,1101101011001100,1011011011000010),Countdown-Tag(1011011111111010,0110011000100011,1011110010000000),TestNumEqu-Tag(1100011000100111,0011110010100011,1111011100111101),SwapMem-Tag(1010101001001110,0011001111010011,0111000011101011),SubmitNum-Tag(1101101000001000,0100111111001100,0110110010001000),TestNumLess-Tag(0101000111010111,1010001101110100,0010100101100000),TestNumGreaterTEqu-Tag(0101001100010011,1001100000010000,1101001001101111),Set-9-Tag(1100110010111000,0100001100111010,0001110111101100),Countdown-Tag(0101101110100111,1000001000010001,0011001110011111),LoadNum1-Tag(1011110111011001,0010000010100001,1001111110101110)]"
PROBLEM_smallest__ARGS_TAG_BF__MUT_0025,8499,smallest,Tag-BitFlips,0.0025,0,True,10,473,341,"[LoadNum2-Tag(0101000011101011,0001000100110101,0011101001010010),TestNumGreaterTEqu-Tag(1110101100111110,1100100010111111,1010110010111101),Div-Tag(0101110101001001,1111010010100100,1111111011011101),TestNumGreaterTEqu-Tag(1011100101011110,1010101010100011,1010010110001110),LoadNum4-Tag(0101010101010011,0011101100110010,1110001100001011),Div-Tag(0001010100111011,1101110110100100,0111011111011110),TestNumGreater-Tag(1001111011110101,0111010100011101,1011010001001110),SubmitNum-Tag(0111010110110110,1010011001011101,1100010001111101),If-Tag(1001000000001010,1110110001111110,1000101101010010),SubmitNum-Tag(0001000110010100,0111011110111111,0010010101010000)]"
PROBLEM_smallest__ARGS_TAG_BF__MUT_0025,8500,smallest,Tag-BitFlips,0.0025,0,True,13,464,256,"[LoadNum1-Tag(1110010010110011,1110100011100100,0110100100011011),LoadNum3-Tag(1110011011101101,1010000011001110,1000111000001101),TestNumGreaterTEqu-Tag(1000100100101010,1101110101101110,1100011100100001),Set-3-Tag(1010111101110001,1101101110100110,0100100010011000),Div-Tag(0010000110110111,0010010010110000,1011101111011000),Countdown-Tag(1001111001011101,0100100100100101,0111100010000101),SwapMem-Tag(0001010101000110,0101110000100010,1010001111100110),SubmitNum-Tag(1100100101011010,1011001010011010,1010111001000011),TestNumGreater-Tag(1001111110010000,0101010100100001,0000110100111110),While-Tag(0010111101000000,1111010011001011,0101101110100000),SubmitNum-Tag(0101000100111110,0001110011001101,0011100011111011),LoadNum2-Tag(0100101110011100,0101000000001001,1110000010110010),Countdown-Tag(0010011100001100,0011011101111001,0111001100001110)]"
PROBLEM_smallest__ARGS_TAG_BF__MUT_005,8401,smallest,Tag-BitFlips,0.005,0,True,25,500,444,"[CopyMem-Tag(0010000101110101,1010101000011011,1111011001100010),SubmitNum-Tag(0111010001111001,1000011110101110,0110100111010011),Close(0001000011111010,1010111100001001,1011111001010011),TestNumLess-Tag(1111101110101111,1011001011010100,0111010111011001),While-Tag(0111110110000100,0001011011011100,0110101010101111),SubmitNum-Tag(1110111010000110,1001101110000001,0000000111010111),TestNumLessTEqu-Tag(1110111111000101,0100001100100010,0001110100110111),Mult-Tag(1100000010110000,0101011100100000,1110001111111100),LoadNum3-Tag(1010001000110100,0111010011101011,1001011011110010),Countdown-Tag(1011010001011011,0101100110100101,1101101000100100),Close(0110100000011010,0111000111011100,1100100000000101),TestNumLessTEqu-Tag(0001100101000100,1111111011111110,0100011101011100),LoadNum3-Tag(1110100011111010,0100101001110100,1010101101110111),Close(0100110001010101,1011000110110111,1011010001000011),LoadNum4-Tag(1101001110110000,1001100001110111,1001110010111110),LoadNum1-Tag(0110000111100010,1111011100010010,0101111110001110),TestNumLess-Tag(0011011110101000,1010001000011111,0001010100011101),LoadNum3-Tag(1110111010010111,0110011011010110,1011101001010101),While-Tag(0110011101110000,1101110000101000,1001110100100100),Countdown-Tag(0101111001010011,1011011000011110,1011101111111111),Close(0011101010011000,0000111011111010,0100001111100000),LoadNum4-Tag(1011111101111011,0111001010011010,1100010110110100),SubmitNum-Tag(0011011111010011,0111111100000101,1111110101011010),Add-Tag(1000110000100000,0101101111111101,1010100001010101),Add-Tag(0101110001011000,1110000101000000,1111001111101000)]"
PROBLEM_smallest__ARGS_TAG_BF__MUT_005,8402,smallest,Tag-BitFlips,0.005,0,True,19,393,287,"[Set-5-Tag(1000010001001110,0101111111100001,0000011000000010),LoadNum1-Tag(1100100111000011,0111001000111101,0000111000000011),Close(0101111111111111,0010100000011111,1001010110011100),SubmitNum-Tag(0001100100011101,1111110000101100,1000100111000100),Close(0100000000101100,1011011111000011,1000101111101101),TestNumGreaterTEqu-Tag(1000111111111011,1011110010001100,0000000010011110),CopyMem-Tag(1100111100010101,0111111010101110,1010010101111101),IfNot-Tag(1010100011111111,0011111110001010,1001101111001001),SubmitNum-Tag(0011101110101110,0110010000000011,1000011010101100),TestNumGreater-Tag(1001001111000110,0001001111101010,0000111111101011),Close(0001111010000101,1100111011100000,0001110011101100),LoadNum3-Tag(0101001111110101,1110000110001110,0000010100011000),LoadNum2-Tag(1000101011000001,1010000011001111,0111100111001110),IfNot-Tag(0000111110001100,0011111100110000,1011000111001100),LoadNum2-Tag(1001101110111000,1101100110100011,0000001110101010),LoadNum1-Tag(1111011111111100,1111111111001011,1001101010010011),TestNumLess-Tag(1000001011001001,1011010001110110,0100110001100101),IfNot-Tag(0100010011000101,1000001110010100,0110101111011100),SubmitNum-Tag(1011011111110001,1100010110000001,0010100011110000)]"
PROBLEM_smallest__ARGS_TAG_BF__MUT_005,8403,smallest,Tag-BitFlips,0.005,0,True,14,257,129,"[LoadNum4-Tag(0111000100110110,1010111000101111,1001100111111110),TestNumLess-Tag(1011101011111110,0101010100111110,0011000110001100),LoadNum3-Tag(1011010100001101,1111000111100011,0100100011110000),IfNot-Tag(0000100010111001,0001001110011111,0110010101101001),SwapMem-Tag(0000010101010001,1111010100110111,1110111010000001),Close(0000011110101100,1001101110001011,1011001010001101),TestNumLess-Tag(0010001100011111,1110011110101000,1100100110101100),IfNot-Tag(1000000110110001,0000111011101101,0110000111100001),CopyMem-Tag(1110111010100101,1011001100100000,1100100011011110),Close(0111001100110111,1001010100101010,0001111010011101),TestNumLess-Tag(1010001111111001,0010011101100000,0000101010011010),SubmitNum-Tag(1111010011101110,0111000001100001,0101011100011100),IfNot-Tag(1010000100011001,0101110110010111,1010101110110101),SubmitNum-Tag(0011000000100100,1011110000111110,0100010001101111)]"
PROBLEM_smallest__ARGS_TAG_BF__MUT_005,8404,smallest,Tag-BitFlips,0.005,0,False,NONE,NONE,NONE,"NONE"
PROBLEM_smallest__ARGS_TAG_BF__MUT_005,8405,smallest,Tag-BitFlips,0.005,0,False,NONE,NONE,NONE,"NONE"
PROBLEM_smallest__ARGS_TAG_BF__MUT_005,8406,smallest,Tag-BitFlips,0.005,0,False,NONE,NONE,NONE,"NONE"
PROBLEM_smallest__ARGS_TAG_BF__MUT_005,8407,smallest,Tag-BitFlips,0.005,0,True,9,257,92,"[Set-4-Tag(1110001000100010,0110101110101111,0111101011011010),While-Tag(0110001110110110,1001011010111100,1111001010001111),TestNumLessTEqu-Tag(1111010001111110,0100111101000101,1110110011110010),Div-Tag(0111111101111101,1100111100110111,0111101101010100),LoadNum4-Tag(1011010001111110,1001000000000111,0001111100110000),TestNumGreaterTEqu-Tag(1011101111101000,0110000101010001,1010101010001100),SubmitNum-Tag(0101100001010100,0000101001100110,1010011011100011),If-Tag(0010100000011100,1001111101111101,0101110111110000),LoadNum3-Tag(1111001111011111,0111110000110001,1011100100101010)]"
PROBLEM_smallest__ARGS_TAG_BF__MUT_005,8408,smallest,Tag-BitFlips,0.005,0,False,NONE,NONE,NONE,"NONE"
PROBLEM_smallest__ARGS_TAG_BF__MUT_005,8409,smallest,Tag-BitFlips,0.005,0,False,NONE,NONE,NONE,"NONE"
PROBLEM_smallest__ARGS_TAG_BF__MUT_005,8410,smallest,Tag-BitFlips,0.005,0,False,NONE,NONE,NONE,"NONE"
PROBLEM_smallest__ARGS_TAG_BF__MUT_005,8411,smallest,Tag-BitFlips,0.005,0,False,NONE,NONE,NONE,"NONE"
PROBLEM_smallest__ARGS_TAG_BF__MUT_005,8412,smallest,Tag-BitFlips,0.005,0,False,NONE,NONE,NONE,"NONE"
PROBLEM_smallest__ARGS_TAG_BF__MUT_005,8413,smallest,Tag-BitFlips,0.005,0,True,13,493,50,"[SubmitNum-Tag(1000100000011001,0110010111101011,0001011111000101),Close(1001001000101110,1110000001011000,1011110101001010),TestNumLess-Tag(1101000001000100,1000000010010001,0100001101100011),SwapMem-Tag(0111110101010100,1010001100100011,1111011111111110),LoadNum3-Tag(0001110111000010,0001111001000110,0111000000010110),TestNumLessTEqu-Tag(0111100111010010,1110010011110110,0001001011011110),If-Tag(1101000010000010,0100011110100000,1111110111001000),LoadNum2-Tag(0001000011011001,1111100110100110,1111010011000010),SubmitNum-Tag(0010000000110111,0100100001000001,0101011111001010),Close(0010010101100100,0101101111001101,0110000010111100),LoadNum1-Tag(0001100000110000,0111100011010100,0110001101010000),Countdown-Tag(0000001011100111,0010000010100101,1110001101010000),LoadNum2-Tag(1011001100000101,1110001111011001,0101011011100110)]"
PROBLEM_smallest__ARGS_TAG_BF__MUT_005,8414,smallest,Tag-BitFlips,0.005,0,False,NONE,NONE,NONE,"NONE"
PROBLEM_smallest__ARGS_TAG_BF__MUT_005,8415,smallest,Tag-BitFlips,0.005,0,True,14,364,142,"[TestNumLess-Tag(1010011111111001,1101111101010000,1111100111111000),If-Tag(1110001011111010,0001101010100000,1110110111011011),LoadNum1-Tag(0011110111001010,0001110001010100,1000100100100111),SwapMem-Tag(1011110101000010,0011110101010001,0110100101011011),Close(1001101100111110,0011100101110001,0110111100000101),TestNumLess-Tag(1001101100101100,0010011111110010,1010111011101111),While-Tag(1011111111011011,1111000001010011,0011111001001000),SubmitNum-Tag(0011100110000001,1111000110000010,1101101100001000),TestNumGreaterTEqu-Tag(0101010000001000,0001100110010101,1111010101110111),Close(1001110010101101,0101100101000100,1111011100001011),TestNumLess-Tag(0011101001100010,0101010100110101,1100111100101110),SubmitNum-Tag(0100011101000001,1110111010101111,1100101100110000),While-Tag(1100101100101110,1010011011111100,0000111010110101),SubmitNum-Tag(0011001000110011,0101000000001110,1101010001010101)]"
PROBLEM_smallest__ARGS_TAG_BF__MUT_005,8416,smallest,Tag-BitFlips,0.005,0,True,56,494,494,"[SwapMem-Tag(0110110101001010,0101010001101101,0100101001101000),TestNumLess-Tag(0111111111100011,0011100101101100,0001110111110000),Dec-Tag(0010000110000000,1000111011001101,0000111010111100),Add-Tag(0101001110011011,0010011010000101,1010110001001101),Set-12-Tag(1000001101001101,1001001111011100,1101001111001100),Countdown-Tag(1010100010101101,1110010100111001,1000111111011111),TestNumLess-Tag(0101101011111010,0101101100011000,1001001101011010),LoadNum4-Tag(1111000011101101,0001110010011101,0011000001000100),TestNumNEqu-Tag(0100011101101110,0010100110101101,0010010110000010),Set-12-Tag(0011110001100001,1101000010001000,0110011101001010),SubmitNum-Tag(0111001101101001,1010101100000011,0000100011001010),While-Tag(0000110111001010,0010100001111001,1111001001101010),CopyMem-Tag(0110101101000000,1111011100101001,0010010010111000),While-Tag(1011001110110000,1110001111111000,0111000011001110),Set-14-Tag(0101111100001010,1001101000111110,0010011001010111),Set-9-Tag(0110001110011101,0001100011101100,0011000001111110),SwapMem-Tag(0000110011011111,0011101101001010,0011011111110100),TestNumGreater-Tag(0010111011101100,1010111101010111,1000011110101101),If-Tag(0100000001010100,1001011100110111,0010101101110001),SubmitNum-Tag(1111111100011000,0010101001111110,1101110101000000),Mod-Tag(1100010111101101,0010111101110001,0110111100000011),TestNumNEqu-Tag(1001010100011101,1111100101101101,1001001010001001),Close(0100000011110110,0001001011111011,1101001000100001),Set-10-Tag(1101100011000111,1101011010101010,1011010110011111),LoadNum2-Tag(0110101101100110,1011110011110101,1100011000100101),Close(1000010010110111,1101110010001101,0001111001101111),LoadNum3-Tag(0111101110011110,1111111101101010,0001101000010000),If-Tag(1010010000100010,1000110100011110,0010011000100111),Set-8-Tag(0101111011010001,0111010010110111,1110001011100010),Inc-Tag(1111100010100100,0101110100011000,1110110000101000),TestNumGreater-Tag(0000101001100000,1011000100011110,1011010111110101),TestNumGreater-Tag(0110100110100110,0110110001110010,1000110011110011),TestNumNEqu-Tag(1111010010110010,0000011101011001,0011010110011101),LoadNum4-Tag(0010100101000011,0110111100010010,1000111011110000),Set-4-Tag(0010000100010010,0110001100111110,1111000110100101),TestNumLess-Tag(1111101111011000,0011010001101000,0001111110010110),Break(1001000100001011,0010010000101000,0111011100000100),Div-Tag(0100010110110101,1100000100100110,1010111111101001),IfNot-Tag(0100001000011010,1001001010000110,0010100000110001),Div-Tag(0101000001100100,1000001000001110,0010100100010010),Add-Tag(0000110110011100,1001010111001010,0100011110101000),Set-4-Tag(0000111011110110,0011100001110111,1101010101110111),Return(0011101111101010,1100000010101010,1011000001010100),Set-8-Tag(1000110011011101,1011100101010111,1110111011101111),TestNumGreater-Tag(0000001101111111,0001100111110101,1110110100000111),If-Tag(1001110001000110,1000111100110000,1110000000101000),Set-3-Tag(1010000100011000,0011101100011011,1111100101110010),Countdown-Tag(1110100100011110,1111001100111001,0001100000011010),Not-Tag(1100001111101111,1101111010110001,1000011001100010),Set-9-Tag(0110101111101110,0101011101011000,1011101000100101),SubmitNum-Tag(0000110010001111,0100011110010101,0001111110010111),Set-4-Tag(1011101110010111,1100100010001000,1111010110001000),Set-4-Tag(0010100011000010,0011101111111011,1001101101110100),Add-Tag(0100100000100010,0010110011000111,0011100000010101),Set-5-Tag(0100011000101010,1000010000111100,0110110000000001),Set-10-Tag(1110001100110101,0101001110011011,0000101100001110)]"
PROBLEM_smallest__ARGS_TAG_BF__MUT_005,8417,smallest,Tag-BitFlips,0.005,0,True,24,433,433,"[LoadNum1-Tag(0000111110001000,0011010100011110,1111001110011011),SubmitNum-Tag(1111100100010010,0001010111111001,0100010001111111),Sub-Tag(0000110000101110,0001101101100001,1110010010010100),LoadNum2-Tag(1001000111000011,1000100011001111,1000001000100010),TestNumGreater-Tag(0100000100101111,0010001010100000,1111011100101010),LoadNum1-Tag(0011100011010011,1001110101101110,0111110111000101),IfNot-Tag(1110101110110011,0110100111001110,0110011011010101),SubmitNum-Tag(0110110011000001,0010011010110011,1000001010110011),Not-Tag(0110010110110001,0011011110000111,0011001100000001),Close(0111100110111100,0010001101000010,0100100111000111),Sub-Tag(1000111101001110,1011100011100101,1111000011010001),Set-15-Tag(0010101111001111,0111001011000001,1110001110110001),Set-4-Tag(1010000000101101,1000111111110011,1010100000010110),While-Tag(0000111000011011,0110100000000011,0000011110100001),TestNumGreaterTEqu-Tag(1111000100010001,1001100101101101,1010000010011011),Div-Tag(0100001101010000,1011010000100110,1111111000011111),TestNumLessTEqu-Tag(1101101101000001,0001000001000110,0101111100001001),LoadNum2-Tag(1011010110010110,1011010000000111,1101110111001100),Set-16-Tag(0101000101011011,0001010111010011,1010110010101101),While-Tag(1001110010010101,0011000010010110,1111111010001000),While-Tag(1111011101011011,0101011110010011,1111110101100001),SubmitNum-Tag(1110111110100100,1101011010001011,1111010011000111),LoadNum4-Tag(0010110110110001,0101000011111010,0011001000010011),TestNumLess-Tag(1110010110001100,1100001011110001,0001111110111111)]"
PROBLEM_smallest__ARGS_TAG_BF__MUT_005,8418,smallest,Tag-BitFlips,0.005,0,True,15,499,476,"[SubmitNum-Tag(1110001100100110,0001110001111011,1100010001010111),LoadNum3-Tag(1010110111100110,1001011001011000,0101001010011001),TestNumLessTEqu-Tag(0100110100011101,1101111010111001,0001111100101111),IfNot-Tag(1000011100001001,1001001000000010,0101011000011011),SwapMem-Tag(0001010111100001,1100110110011111,0101001110110010),Close(0101100010101100,1100001110101110,1101001010111010),LoadNum3-Tag(0111110101110111,1110110100010111,0111100011100001),TestNumLessTEqu-Tag(1100101111101110,1000100111111001,1011111100000100),IfNot-Tag(1110011100001110,0100111000110000,0011000101011001),SubmitNum-Tag(1000000000011100,1011110011011100,1001011011110100),LoadNum4-Tag(1010001110000000,1101110110101011,1001111111000001),Close(0011100011101001,1001101100101000,1100000011001000),TestNumLessTEqu-Tag(0010010101100001,0101010111000111,1101111011111100),IfNot-Tag(1101111001011101,0001111001111100,1001100110010111),SubmitNum-Tag(0101011101011100,1101000000100110,0100101110101111)]"
PROBLEM_smallest__ARGS_TAG_BF__MUT_005,8419,smallest,Tag-BitFlips,0.005,0,True,11,222,159,"[TestNumGreaterTEqu-Tag(1111011001111101,1101001001011100,0000111000101110),Set-10-Tag(1101111001101011,1001111100010101,0110011000100000),Countdown-Tag(0100100100111111,0011001011111111,1110001101101001),LoadNum2-Tag(1011101111110101,1011111111001101,1010000110110101),Close(1011101111000011,0100000110000001,1101111111000001),Countdown-Tag(1101001100101000,0110110111100010,1100110000100001),SwapMem-Tag(1100011100111111,0001100110000110,0001001001010010),TestNumGreaterTEqu-Tag(0111101100111101,0001101111011101,0001010000001011),Countdown-Tag(0010101000001100,0101011011111101,1000111000101101),LoadNum3-Tag(1110111111110001,1101111001011010,1110101101101101),SubmitNum-Tag(1000000110011001,0110011001101111,1001101011011101)]"
PROBLEM_smallest__ARGS_TAG_BF__MUT_005,8420,smallest,Tag-BitFlips,0.005,0,True,12,276,97,"[Set-6-Tag(0110100101011000,0100011000110001,1111011101111000),Countdown-Tag(1110100001011000,1111100010011100,1100001010010110),TestNumLess-Tag(1000010101110000,1011010100110011,1101001010100011),If-Tag(1000011011000111,1001111101000010,1001011010100001),SwapMem-Tag(1010001100110111,0101000001100100,0011110010011100),Close(0111110110101001,0011111000011011,0100001111111011),SubmitNum-Tag(0011011010111010,0101001100010100,0001011110011110),TestNumLess-Tag(1101010110011011,1011101101111111,1110011011010010),LoadNum1-Tag(0001110101110000,1101000111110100,1011010110010111),If-Tag(1100101011000011,1010000011100101,1000010011111101),LoadNum4-Tag(0110000000110101,1000100001101000,1101111100100001),Set-4-Tag(1101110010000001,0111111000111111,1110001000111111)]"
PROBLEM_smallest__ARGS_TAG_BF__MUT_005,8421,smallest,Tag-BitFlips,0.005,0,False,NONE,NONE,NONE,"NONE"
PROBLEM_smallest__ARGS_TAG_BF__MUT_005,8422,smallest,Tag-BitFlips,0.005,0,False,NONE,NONE,NONE,"NONE"
PROBLEM_smallest__ARGS_TAG_BF__MUT_005,8423,smallest,Tag-BitFlips,0.005,0,True,30,280,237,"[SwapMem-Tag(0111100100100111,1011100010010001,1011011010010010),Sub-Tag(0100001101001010,1111010001100110,0000110001101011),Close(1000011010011101,1100100000000001,0110010110110001),Close(0000101010001011,1101010111100000,1011010101000010),LoadNum2-Tag(0000000111010111,0110100101000011,0011101101001101),Set-10-Tag(0010100111111011,0011111100011011,0101000110001001),Set-14-Tag(0111100000001101,1000110110110100,1100110000111011),Sub-Tag(1011110101110101,0000110001001110,0011100111101010),CopyMem-Tag(0011100110000100,1100010110101100,1000000101101010),Set-7-Tag(1011011011101100,1111110010100101,0100011011101000),TestNumLessTEqu-Tag(0000010000111000,0110011111010010,0101001110000010),TestNumGreater-Tag(0111101100001000,1100000011000000,1100110010110111),TestNumLess-Tag(0010000000101011,0010100001111001,1001010111010001),SubmitNum-Tag(1110010110011110,1101101101000101,0101011101011000),Inc-Tag(1001100011010110,0110011010100001,0110010101011100),SubmitNum-Tag(1111001010111010,1011011100101101,0101110110100010),TestNumLess-Tag(0010110110010101,0110101110101110,1111001011001011),LoadNum2-Tag(1011011000010011,0010110100011010,1000101101111101),Div-Tag(1010110101000000,1100101110100000,1101010100100100),Countdown-Tag(0001111001010101,0100111110010011,0101110000101011),TestNumGreater-Tag(0101011111111011,1000010011111010,0001111000010000),Not-Tag(1110011011110101,1110001010000100,0111000011000001),Set-3-Tag(0001100111011001,0101100000100010,1010100110101110),TestNumLessTEqu-Tag(0001100110111000,1011111101011100,1000101111010000),SubmitNum-Tag(0100011001111111,0100010001101010,1001001111110010),LoadNum4-Tag(0011111100111111,0111111111101001,1011111010100110),LoadNum3-Tag(0011101001101011,1010111110100010,1111100110000000),TestNumGreaterTEqu-Tag(0010000000111000,1111101101010110,1111001100100000),IfNot-Tag(0010111100110100,0100111010111111,1111000001111111),LoadNum3-Tag(1111010101101010,1101110010101010,1100010111000010)]"
PROBLEM_smallest__ARGS_TAG_BF__MUT_005,8424,smallest,Tag-BitFlips,0.005,0,True,8,394,306,"[Close(1110101011100001,1101010101110100,1111011010110111),SubmitNum-Tag(1110011100100010,1010111110101100,0000100011100100),SwapMem-Tag(0100010110010000,1001100100101010,1011010101011010),Sub-Tag(0101001100010101,0001000100010010,1011101000110100),SwapMem-Tag(1010111011011011,1101000001010111,1100011101111010),TestNumGreaterTEqu-Tag(1000110101111010,1010110001010111,0111001010001001),Countdown-Tag(0010010010011010,0111000010010101,0001101011001110),CopyMem-Tag(1010011111111111,0111001000101010,0010010010100100)]"
PROBLEM_smallest__ARGS_TAG_BF__MUT_005,8425,smallest,Tag-BitFlips,0.005,0,True,14,298,161,"[TestNumGreater-Tag(0011001110011100,1101100100001101,0101101111110001),Div-Tag(1001101111010001,0001001010000110,0011010001110011),Dec-Tag(1001010100100001,1001001000110100,0000001101101111),While-Tag(1110011000100101,1110010001000000,1000000000111010),LoadNum2-Tag(1010100010101011,1101010001101011,1101100111000110),SubmitNum-Tag(0101010101111000,1000001111101111,0001010011010011),Set-15-Tag(1111011010011001,0111011101010101,0001000111111011),TestNumLess-Tag(1011111111000100,0111101000110010,0000001011100011),Countdown-Tag(0010011010111100,0110010100110001,0100101011110100),TestNumLess-Tag(1001111010011011,0000101100010001,1010011010011101),CopyMem-Tag(1011000010100011,0110110110010101,0101001110011010),Countdown-Tag(1100100101000011,0000001110011110,1101111100100010),LoadNum2-Tag(0011011100111010,0011001000100010,0001001111001110),LoadNum1-Tag(1001010000011100,1011100011010001,0010000011001000)]"
PROBLEM_smallest__ARGS_TAG_BF__MUT_005,8426,smallest,Tag-BitFlips,0.005,0,True,15,171,80,"[Sub-Tag(0011000100100011,1111111000011111,0111010111001010),Set-8-Tag(1110011111111011,1101100101101001,1101100101111110),Countdown-Tag(1101111111101111,1100001011011001,1010111100010000),SubmitNum-Tag(0000011101111100,1110000011101011,0011111010010010),LoadNum3-Tag(0100000100111100,1110001101110110,0101001111110101),TestNumLessTEqu-Tag(0001100001000000,0000000001110011,1110101110101011),IfNot-Tag(1111101111010010,1001110000111100,1000001110110111),LoadNum1-Tag(0100000101110110,0010010011101110,0001010101101010),Close(0000000011000010,1101011101011101,1011111100001011),LoadNum2-Tag(1110010110111100,0100110101000101,0001000000000001),TestNumGreater-Tag(1001011111100100,0010010001110100,1101101011101010),TestNumGreater-Tag(1010101110001001,0011011111010000,0101001011000101),IfNot-Tag(1101101110000101,1011100010011110,0010110001011101),LoadNum4-Tag(0101011101100100,0000001100110111,0110100111001101),TestNumLessTEqu-Tag(1101000100011100,0010011110111100,0011101111111111)]"
PROBLEM_smallest__ARGS_TAG_BF__MUT_005,8427,smallest,Tag-BitFlips,0.005,0,True,9,236,55,"[Set-10-Tag(0101011100100110,1111101001011110,1000011001010100),LoadNum2-Tag(1100010110100000,1101010101001000,1101101110011011),Countdown-Tag(0011110100110101,0110000011101011,0110100111010000),TestNumGreaterTEqu-Tag(1101101111011010,1010010101100101,0110010110001001),Div-Tag(0010010110110101,0111111010011001,1101111111011010),LoadNum4-Tag(1010111100100001,1101100101100011,0001101010010011),TestNumGreaterTEqu-Tag(0111011111110011,0000111100110010,0100011110101001),Div-Tag(1010000101110011,0111011010011000,1110111101001110),SubmitNum-Tag(1110101001111010,1011001010111101,1011100010111010)]"
PROBLEM_smallest__ARGS_TAG_BF__MUT_005,8428,smallest,Tag-BitFlips,0.005,0,False,NONE,NONE,NONE,"NONE"
PROBLEM_smallest__ARGS_TAG_BF__MUT_005,8429,smallest,Tag-BitFlips,0.005,0,False,NONE,NONE,NONE,"NONE"
PROBLEM_smallest__ARGS_TAG_BF__MUT_005,8430,smallest,Tag-BitFlips,0.005,0,False,NONE,NONE,NONE,"NONE"
PROBLEM_smallest__ARGS_TAG_BF__MUT_005,8431,smallest,Tag-BitFlips,0.005,0,False,NONE,NONE,NONE,"NONE"
PROBLEM_smallest__ARGS_TAG_BF__MUT_005,8432,smallest,Tag-BitFlips,0.005,0,True,15,359,162,"[Set-4-Tag(1000011100100110,1000110110011010,0010100001011110),While-Tag(0001111000101101,1110110000101000,0111110000100100),Add-Tag(0001000010000111,0011011101011100,0010101110101000),SubmitNum-Tag(0101000101010011,1010011011010011,1111100010000111),TestNumLess-Tag(1000000110011101,0111000101010101,0100100000101111),Add-Tag(0101100011000010,0001100011001001,0101001111001100),Close(1011110011100101,1110011010010000,0010100100001111),Add-Tag(1101111100000111,0111111111011000,0101010101000101),Close(0110000111111111,0110111010101000,1001000110000111),TestNumGreater-Tag(0111100101111000,1011001101111011,1010011111011011),SwapMem-Tag(1011010100110011,0101001001010100,0000000001010001),Add-Tag(0100011010101001,1001111111000110,0101111101001110),While-Tag(0100111100111111,1011110101001110,0010001001100000),SubmitNum-Tag(0001011010010111,1010111001110010,1000010101110001),TestNumLess-Tag(1100100101011100,1000001100110111,0000111100000000)]"
PROBLEM_smallest__ARGS_TAG_BF__MUT_005,8433,smallest,Tag-BitFlips,0.005,0,True,23,468,418,"[TestNumLessTEqu-Tag(1101111101110000,1100010100010000,1011010010110000),TestNumEqu-Tag(1010010000100001,0001011001101010,1110001101011000),SubmitNum-Tag(1100000100110101,0111111101001111,1011010101000101),Set-12-Tag(1100011001110100,1101000101111010,1000001011000001),CopyMem-Tag(0011100110011001,1011111000111110,1011000011111001),While-Tag(0100010111010000,0011110111111010,1100001100010101),LoadNum2-Tag(1110100000110011,1010010011010101,0110110111011101),While-Tag(0110101111000101,0010110101010000,1100001000101010),TestNumLess-Tag(1110010001010010,0010000110001010,1100001010001101),CopyMem-Tag(1010100111110011,1010001100011111,0101100110110100),Close(0011011111000000,0000001101010000,1100110001010101),LoadNum1-Tag(1011111001010001,1101010111000100,1100011000000000),LoadNum3-Tag(0010011110001010,1110111000101001,0001110110101110),TestNumLess-Tag(0000110000001011,1100111111111111,0101010010010101),SubmitNum-Tag(0010010100001111,1011100101110111,1000001001000100),Sub-Tag(1000100010001000,1000100101110100,0110011111110001),LoadNum1-Tag(1111100001111010,1110000000011111,1101011100101111),Close(0111111001110011,1100010011111000,0001101101001011),SubmitNum-Tag(1100011111111101,1110000000000000,0100011101010010),TestNumLessTEqu-Tag(0001101010010110,0110011110001000,1011011110000100),While-Tag(0010010010100100,0101101111101110,1000101101110101),Close(0010111001110010,1100110001011001,1011100110100001),SubmitNum-Tag(0001101010011010,1000100111011010,1111100101010100)]"
PROBLEM_smallest__ARGS_TAG_BF__MUT_005,8434,smallest,Tag-BitFlips,0.005,0,True,32,468,253,"[LoadNum4-Tag(0010010111100111,0010000011000110,1111100000000001),Set-12-Tag(1110000111010010,0110111001001000,0010001001001101),Close(0011001100110001,0101000101110010,0111010011011101),LoadNum4-Tag(1001011111001001,0110000011100111,1000111100111011),While-Tag(1111010111000011,1011011001101100,1010011111010000),LoadNum1-Tag(1001011110101110,0111010100010010,1111101011010101),CopyMem-Tag(1100001100011010,0010111101001111,1010101101011000),CopyMem-Tag(0011111110010100,0110111111011100,0010001011111111),Set-0-Tag(1011001000011110,1011110100011000,1000100101010001),TestNumLessTEqu-Tag(0011001101111011,1111001011111101,1011100110000100),Set-16-Tag(0111000001000010,0001000011010100,1000110111000110),SubmitNum-Tag(0010011001110111,1110111001100111,1010101000101001),Sub-Tag(0110011010100100,0101000000111110,0010001010111011),TestNumLess-Tag(0010111011010011,1100111000101001,1001001010000010),TestNumLessTEqu-Tag(0011011101110100,0001001110110010,0000111101111100),LoadNum1-Tag(1000010111110111,0001001010101110,0100110010001011),LoadNum2-Tag(1111101101110010,0110110110000000,0001111000000010),LoadNum4-Tag(0101010101111100,1010101110010110,1101000101010001),LoadNum3-Tag(1110001101010101,1101000100010101,1000000001001101),Dec-Tag(1011000000111100,1000111011011000,0001010101001000),If-Tag(1000100100011100,1110000010001000,1110100011101010),LoadNum2-Tag(1010110111011111,0001111000010110,0100001110100101),Sub-Tag(1001111001110100,0100001101101100,1101011111011011),Close(1010111001011001,0010110000100000,1000000010110110),TestNumLess-Tag(1100100011011001,0000001111011111,1111101001010011),If-Tag(1000100100000110,0100001010110100,1000110110101000),LoadNum2-Tag(0000101000110001,1011100010110001,1000100111101001),Close(1111011010011101,1011100110001001,0101001100101010),TestNumGreaterTEqu-Tag(1111100111111001,0111101100010000,1100001001010011),Set-2-Tag(1001101111000100,0100101010011111,1110000010010101),Sub-Tag(1110101101000000,1100100001100010,1110111000000111),Break(1101000100001101,0001111010110011,1101101001101010)]"
PROBLEM_smallest__ARGS_TAG_BF__MUT_005,8435,smallest,Tag-BitFlips,0.005,0,False,NONE,NONE,NONE,"NONE"
PROBLEM_smallest__ARGS_TAG_BF__MUT_005,8436,smallest,Tag-BitFlips,0.005,0,True,13,162,116,"[TestNumGreater-Tag(1011011101011100,0011001000011001,0010110111111001),SubmitNum-Tag(1101010101010010,0110101101000010,1111000010011110),Not-Tag(0110100101000010,0101010101111010,1110001101001001),TestNumGreater-Tag(0101010000110101,1000010110111001,1110110111000101),Div-Tag(0100110111110110,0100101101110000,0000001101101010),TestNumGreater-Tag(1001101010110011,0001010101000011,1111000100111100),IfNot-Tag(0011100000001101,0110110000010111,1000010110011001),SubmitNum-Tag(0011001001111000,0011001101100101,1101111001111100),Close(0101010011110111,0001001011011111,0011011001100001),TestNumGreater-Tag(0011001011010010,1101110100111000,1101011010100100),Countdown-Tag(0010010110111001,0100010010111110,1110000001001010),Countdown-Tag(0001111010100001,0000100010110001,1101010110011000),SubmitNum-Tag(1101101000010000,1000011101101100,1000010101010001)]"
PROBLEM_smallest__ARGS_TAG_BF__MUT_005,8437,smallest,Tag-BitFlips,0.005,0,True,16,362,106,"[Close(1110100110110101,0101110101110001,1101011000000011),SubmitNum-Tag(0000010001001101,0100011000011101,0110111000010111),Countdown-Tag(1101001000111111,0010001011101001,0101000010001101),LoadNum4-Tag(1001011111000101,1010001011111100,0101011100001100),Close(0100011110001000,1000110111011111,0001110010100010),TestNumGreaterTEqu-Tag(0011000001100100,1001111011111100,0010001000110000),Countdown-Tag(0011101001110001,0011000010110101,0000111111111100),Set-6-Tag(1110000100001011,1011111011100100,1010010010010000),CopyMem-Tag(0011111110101101,1101100111011001,1111001011000110),LoadNum1-Tag(0110010101110000,0011001110101101,0100111011111111),Close(0101011001101010,0111001101111001,1100100110100101),LoadNum3-Tag(1111110111001110,1111010110010010,1000111110111010),TestNumGreater-Tag(1001000001110100,1001110010011011,0111000100111000),While-Tag(0011000110111101,0111111001111101,0110011101011101),Not-Tag(0011010100101110,0000101101011101,0000010010000001),LoadNum3-Tag(1100010100010100,0000001101101011,0100101111110100)]"
PROBLEM_smallest__ARGS_TAG_BF__MUT_005,8438,smallest,Tag-BitFlips,0.005,0,False,NONE,NONE,NONE,"NONE"
PROBLEM_smallest__ARGS_TAG_BF__MUT_005,8439,smallest,Tag-BitFlips,0.005,0,True,16,398,213,"[SubmitNum-Tag(1100111101101010,0111000000001111,0101111000110101),TestNumLess-Tag(0000101111001001,0100010101010011,0001011110010011),If-Tag(0001011010110110,0001100001101110,1111110111001110),LoadNum4-Tag(1111010100011000,1010000111110011,0110111101100010),Close(1110101000000111,0010001000101001,1010111011101101),LoadNum3-Tag(1110000110110101,1010011100110011,0011110000001110),TestNumGreaterTEqu-Tag(0011111111101010,1010000100101100,0000101001110010),While-Tag(1011001000000000,0000100000010110,1010010011111010),SubmitNum-Tag(1011111110100101,1100100100001011,1011110001100011),Dec-Tag(0000101100111010,0101011000100001,1110110101000110),Close(0110101011101011,0010110111100100,0001000000010010),TestNumGreaterTEqu-Tag(1110010011010111,0100100101010110,0000001110010110),While-Tag(0110001101100111,1111110001111111,0110001001000100),TestNumGreaterTEqu-Tag(1011010101100001,1101010011000111,0011100110100010),While-Tag(0111001010100010,1101101111000011,1010101010101001),SubmitNum-Tag(0001000101100101,1011110000010111,0100110001101101)]"
PROBLEM_smallest__ARGS_TAG_BF__MUT_005,8440,smallest,Tag-BitFlips,0.005,0,True,14,500,426,"[Close(1010111010100110,0001011100011000,1000000110111001),TestNumLessTEqu-Tag(1100010101010000,1001110000001100,1011111111100110),LoadNum1-Tag(1010010100000111,1000100011000110,1010010100001110),Not-Tag(1110101100011010,1010111100111001,1010000110100010),While-Tag(1101101010011111,0101110010111100,0110101111100001),SubmitNum-Tag(0000100100111101,1101000000100110,0100001010000110),TestNumGreaterTEqu-Tag(1111000110101100,1001110000111001,1101101111011111),Sub-Tag(0001100000110011,1001011001101111,1010011110110101),Close(1001101000110111,0100011010111001,0000011000101000),LoadNum1-Tag(1000000010011000,1000110010011111,1011101101001000),SubmitNum-Tag(0000010001011001,0000000000010110,0001011110010010),SwapMem-Tag(0100100110111100,1011010100010011,1010011010111101),IfNot-Tag(0001010110110101,0011000001011100,0100000001110001),Break(0000110001110010,0001001100101001,1010111010101111)]"
PROBLEM_smallest__ARGS_TAG_BF__MUT_005,8441,smallest,Tag-BitFlips,0.005,0,True,12,417,179,"[TestNumLessTEqu-Tag(0100001001000101,1111111000011101,1111001000110110),Div-Tag(0100000101001100,0011000111010011,0001111111100110),TestNumLessTEqu-Tag(1001101010010001,1011001010111101,0110100111101001),Countdown-Tag(0110110110111001,1101100010011000,0000100010011011),LoadNum4-Tag(1110100110111111,1010101010011110,0001101110001001),Close(1101000111000000,0010010011111001,0010110101101100),LoadNum3-Tag(0001101110010101,0100101011101101,0011110001001110),SubmitNum-Tag(1110110110011001,1001010111010000,0010101000110000),TestNumLessTEqu-Tag(1011000110011111,1000111111111011,0110100010101000),TestNumGreaterTEqu-Tag(1101100000111111,0111000001111000,0110111010111011),While-Tag(0110010010011111,1000010110111000,1100011001001101),SubmitNum-Tag(0101011111111010,1000011100100011,0100111111101001)]"
PROBLEM_smallest__ARGS_TAG_BF__MUT_005,8442,smallest,Tag-BitFlips,0.005,0,False,NONE,NONE,NONE,"NONE"
PROBLEM_smallest__ARGS_TAG_BF__MUT_005,8443,smallest,Tag-BitFlips,0.005,0,False,NONE,NONE,NONE,"NONE"
PROBLEM_smallest__ARGS_TAG_BF__MUT_005,8444,smallest,Tag-BitFlips,0.005,0,False,NONE,NONE,NONE,"NONE"
PROBLEM_smallest__ARGS_TAG_BF__MUT_005,8445,smallest,Tag-BitFlips,0.005,0,False,NONE,NONE,NONE,"NONE"
PROBLEM_smallest__ARGS_TAG_BF__MUT_005,8446,smallest,Tag-BitFlips,0.005,0,True,21,433,288,"[LoadNum3-Tag(1010011111100100,0100100010110011,0110110001000101),SubmitNum-Tag(1010000100100101,0111001011000101,1101100100111110),Add-Tag(0010110011011100,1011001011011111,0111011001000010),LoadNum4-Tag(0100001001000001,1100001000011100,1101000000000110),TestNumGreaterTEqu-Tag(1010000010000001,1101110111011111,1000010010100001),Set-11-Tag(0101111001000010,0000000111011000,1101100100011110),Countdown-Tag(0001110010000111,0110100100110101,1100100100110100),TestNumGreater-Tag(1101100101011100,1101000101001010,1111100101011000),LoadNum3-Tag(0100100000001110,0110001011001110,0001011110001101),If-Tag(1110010110000000,0110110010101100,0011001110110001),TestNumLessTEqu-Tag(1101011101011110,1000011011001010,1000110011011011),SubmitNum-Tag(1101011100010000,1011010011010010,0100100111101110),Not-Tag(1100100010001100,0010011101100000,0110011110010011),CopyMem-Tag(0100111001110100,1100001011100111,1100001010000111),SwapMem-Tag(1000011101010000,1101111111010011,1001000111001011),LoadNum2-Tag(0010101100011101,1111000000011000,0101101000000110),Close(0110111010101101,1010101110110010,0101001101111111),If-Tag(0001101110111100,1110000110011000,0001110110101110),LoadNum4-Tag(0101010000101100,1101010101000110,0001110111110110),Close(1111001111100100,0100011010101011,0101100110001110),TestNumLess-Tag(1001010100110101,1010111101000111,1111011000100100)]"
PROBLEM_smallest__ARGS_TAG_BF__MUT_005,8447,smallest,Tag-BitFlips,0.005,0,True,46,496,468,"[SubmitNum-Tag(0001110001110111,0100001011010111,0010101111001100),Set-0-Tag(1011101001101001,0001111001001011,0111011111110001),Set-9-Tag(1001011001111000,0101010000000000,0101010101110111),Set-13-Tag(0010000101010000,0001000001011010,1010011110000110),Set-4-Tag(1010000001101110,0000111111001110,0100100000100110),Close(0100100110000101,1101100001100110,0111110011011000),TestNumGreaterTEqu-Tag(0101000100010001,1111110010000001,0101011000111100),SwapMem-Tag(1010000100101010,1000101101111110,1001010000000100),TestNumLess-Tag(1011101111101101,1001000011010001,1010001010100110),TestNumLess-Tag(1111100100111100,1011101100110111,0110001010111011),Set-12-Tag(1101011011010010,0101001000110111,1111100010100101),LoadNum2-Tag(1100101010001010,1010111111000111,1101101110010100),LoadNum2-Tag(0101010100000001,1110101010011001,0111001001111011),Set-0-Tag(0100111001011101,1001111011001011,0001001010011110),TestNumGreaterTEqu-Tag(0110011111000111,1101101110111110,0011100100001110),LoadNum4-Tag(0101110011011111,1000000111011100,0111001001001011),LoadNum4-Tag(0110001001101101,0000101111101001,1011010011111110),Inc-Tag(1101011010101001,1110011011100001,1011101101111111),Set-11-Tag(0000110111100011,0011101100011101,0101010010110101),Countdown-Tag(0000110000111100,1101110000110111,0101110100101010),Set-3-Tag(0101110000111110,0100111110011100,0010001010010001),LoadNum3-Tag(1110001000000011,1001000100000111,1110110110111101),Dec-Tag(1101110001111000,1110011011100110,0100011000001011),SubmitNum-Tag(1000001101100010,1110011100101000,1101000100111010),If-Tag(0000010110100111,1110000010010000,0011111101000010),LoadNum4-Tag(1111000011010110,0010000100100110,0000101101011101),Inc-Tag(0100110110110000,1100110110001011,1001111001001010),Not-Tag(0001000011111010,0000110001110010,0010000101001010),Set-0-Tag(0011010001010010,1101010000000101,1111000111101000),Set-6-Tag(1001001100111100,0011000001000100,0111000010101110),Set-13-Tag(0010110000000101,1100110110110011,1110000011110101),Set-6-Tag(0000100000101011,1110110001110101,0110010010011000),TestNumLessTEqu-Tag(1001010000100101,1101000000100101,1100010110011111),SwapMem-Tag(0011011011111001,1001110000101111,1110101111101001),Set-14-Tag(0001001000110001,1000001001100110,0101000100010001),Set-15-Tag(0011100011000111,0001100110001011,0110011100111100),LoadNum1-Tag(0000100001100011,0110111101011001,1101001100110001),Set-4-Tag(0011100010110010,1100001010100010,1111101000100110),Set-14-Tag(1011010100000101,0101101011100111,1101000101001101),TestNumNEqu-Tag(1001100001001110,0011101000001000,1010001110110111),Mult-Tag(1100000101010010,1000000100011110,0100100011110111),SubmitNum-Tag(0011110001111001,1001011100111000,1010110100010000),Dec-Tag(1000111011110010,1111001010101111,0101000010010101),Close(0110101101101001,1001010011001010,0101001111010111),SubmitNum-Tag(1110100101011011,0101101111001011,0001011000100101),LoadNum3-Tag(1101010011110100,0110111101001010,0100001001001000)]"
PROBLEM_smallest__ARGS_TAG_BF__MUT_005,8448,smallest,Tag-BitFlips,0.005,0,True,21,458,448,"[Set-7-Tag(1101100001101011,0001100111010111,1001100100111001),While-Tag(0111100000101000,0100101011110001,1101010000100000),SubmitNum-Tag(1011111111110111,1000111011101001,0011010100111011),TestNumLessTEqu-Tag(0110001100100010,0100110111011111,0000000001101010),Set-13-Tag(0110111000000001,1010111111110010,1011100001001010),SwapMem-Tag(0001010000010000,0101100011111000,0000101100110101),Add-Tag(0000101111111010,0001100100010101,1001001101100111),While-Tag(0001000001001111,0000010111111111,0011000010110010),If-Tag(0000010010011101,0010010101010100,0110011111011101),LoadNum2-Tag(0101100010000001,0111000001111000,0001011100101000),Set-8-Tag(1101001101001111,0110000010101100,1100011011110010),SubmitNum-Tag(0000110010111000,0010100101011010,1111010110000101),Close(0000000101001000,1111100110110001,1011110001110110),LoadNum3-Tag(1110111111111011,0100000111110111,0010011000110000),Set-5-Tag(0010000110101111,1011111111110000,1110011101111010),TestNumLess-Tag(0101100000000101,1001110101110111,0110000011110010),TestNumGreater-Tag(0011111001000101,0010110010001111,1101110111010000),LoadNum4-Tag(1001010101110111,0000000101011011,1001011001101110),If-Tag(0001100001111101,0111001100011000,0111110101001010),TestNumLess-Tag(0100100000000101,1001110101010011,0110000011110010),LoadNum2-Tag(1011100000011101,0001011010111000,1001010110001010)]"
PROBLEM_smallest__ARGS_TAG_BF__MUT_005,8449,smallest,Tag-BitFlips,0.005,0,True,16,464,361,"[TestNumGreater-Tag(1100100010010100,1011110100110111,1111001001110100),Div-Tag(1111101010101110,1110101001000101,1010100010101000),LoadNum2-Tag(1011010010111110,0010001000101111,0001001011110010),TestNumGreater-Tag(1110100110010101,1011010101110111,1010100001010001),Set-1-Tag(0101010100010101,0111011110010010,1001100101001110),Close(0100100101100100,0011011010110010,1100010110010000),Div-Tag(1111001110101011,1000101001011110,1001000010111000),SwapMem-Tag(1101000100011000,0001010000110010,1000111000110101),SwapMem-Tag(1010111101111011,1101110110010000,1000111111000111),TestNumGreaterTEqu-Tag(1011101011101110,0011000110010001,1101010011001000),SubmitNum-Tag(0111111001110101,1100111111011011,1110100110000100),SwapMem-Tag(1010110101011101,0111000101000101,1111101000011000),While-Tag(0001000001001000,1110100110000100,1011011111000101),While-Tag(1110110100011110,0100000110110001,0000110000101010),LoadNum2-Tag(1010111110011011,0001111101101110,0100110000011110),Break(0111000110010000,0001101100001010,1100110100110001)]"
PROBLEM_smallest__ARGS_TAG_BF__MUT_005,8450,smallest,Tag-BitFlips,0.005,0,True,16,458,376,"[Sub-Tag(1010011100101010,1000111100000010,1110001110110101),LoadNum1-Tag(1010110101001001,0010111110110010,1000000111110111),TestNumGreater-Tag(1001011010011010,1010010100000100,1111110000100011),Close(0100100100101010,0001111010110010,0010001011101110),SubmitNum-Tag(0011010101010100,1110101001011001,1000001001010111),TestNumLessTEqu-Tag(0011100111100000,0001110001100101,1111001111111111),SwapMem-Tag(0111101001001000,1001110110001000,0111000101110000),If-Tag(1110010010110010,1011001110011101,1001001011100101),LoadNum3-Tag(0100100000101001,1110111111100100,1110011001101011),Close(1000010000011101,1010100100011100,1100111101110111),If-Tag(1111010111100111,0101010111110001,1001100101001001),SubmitNum-Tag(1111100011101000,0101111110101010,0111111111111010),TestNumLess-Tag(0001100010001111,0110110101100000,1111110101111111),If-Tag(1110111110100010,1001010111111011,0000000001100001),SubmitNum-Tag(1101100010011101,0000000001101111,1100101101011101),Close(1011000111111100,1110010001001111,0110011110111111)]"
PROBLEM_smallest__ARGS_TAG_BF__MUT_0075,8351,smallest,Tag-BitFlips,0.0075,0,False,NONE,NONE,NONE,"NONE"
PROBLEM_smallest__ARGS_TAG_BF__MUT_0075,8352,smallest,Tag-BitFlips,0.0075,0,False,NONE,NONE,NONE,"NONE"
PROBLEM_smallest__ARGS_TAG_BF__MUT_0075,8353,smallest,Tag-BitFlips,0.0075,0,False,NONE,NONE,NONE,"NONE"
PROBLEM_smallest__ARGS_TAG_BF__MUT_0075,8354,smallest,Tag-BitFlips,0.0075,0,True,21,195,172,"[TestNumLessTEqu-Tag(0101001001110101,1001001000111110,0111101101110010),LoadNum2-Tag(0000001101001111,1101010101101000,1110010110000111),SwapMem-Tag(0011011101110000,1000011111111011,1011010000010110),SubmitNum-Tag(0001011100011111,0000111100010111,0110100110010000),LoadNum1-Tag(0111110000100011,1111111001011110,0111000010110000),Close(1110001101100001,0000010100100110,0011100011110101),IfNot-Tag(1101101011110111,1001101011000000,0000001110010001),SubmitNum-Tag(1100001100110111,0101000011110111,0101001010110010),LoadNum3-Tag(0001001101111111,0110101000011101,1000000111000111),SwapMem-Tag(1101110101100010,0110101000101111,0100000010001111),Sub-Tag(1000001000110111,1010110110101011,0110110000110010),Close(1000110000100010,0110010001001111,0000110011110100),TestNumLess-Tag(0000101011001110,0011001010000001,1011100101111111),IfNot-Tag(1011101111011111,0111010000010010,1110010011010011),SubmitNum-Tag(0011111100110110,1010001000100001,0011111100000010),Close(1011101100101010,1111101110000001,0100001110110100),LoadNum4-Tag(0011101000110101,0111001100110110,1011110110000101),IfNot-Tag(1101101001111100,0000011100101111,1011110010101110),Add-Tag(1100110011110101,1100011101000110,0010011101001010),Set-10-Tag(0111110111110110,1001010000111111,0110111001110010),Break(0011111111001100,1111111010111011,0011100010111101)]"
PROBLEM_smallest__ARGS_TAG_BF__MUT_0075,8355,smallest,Tag-BitFlips,0.0075,0,True,13,406,310,"[Set-9-Tag(0011000001110101,0000110001011110,1001010011010100),TestNumGreaterTEqu-Tag(1001001110011100,1100011001011110,0110111010011000),Dec-Tag(0100110010011001,1000110010110011,1011010010011010),LoadNum2-Tag(1101000110001000,1100000110111101,0010111010101101),LoadNum4-Tag(0100101101110011,0100010110110110,1010010000111000),Countdown-Tag(0101100100000001,0001111111010000,1001110010110000),IfNot-Tag(0100001000011001,0110101111100101,1110110010011100),CopyMem-Tag(1001111111101010,0011111101110001,1011110011011100),Close(0100100111000011,1000010101011111,0101010011001101),SubmitNum-Tag(0011011100011011,1110111110101000,0010010010011101),CopyMem-Tag(1011110010001001,1010111111101011,1001000110101110),LoadNum3-Tag(1101100111111001,0101011001110101,1011100000111000),TestNumGreaterTEqu-Tag(0111101101011111,0000001100101011,1110011010011000)]"
PROBLEM_smallest__ARGS_TAG_BF__MUT_0075,8356,smallest,Tag-BitFlips,0.0075,0,False,NONE,NONE,NONE,"NONE"
PROBLEM_smallest__ARGS_TAG_BF__MUT_0075,8357,smallest,Tag-BitFlips,0.0075,0,True,16,244,134,"[LoadNum1-Tag(1101100001101010,1010011101010111,0100000101011101),Set-1-Tag(1001010011100010,0101101100110011,0011100001100100),While-Tag(0110110011000110,1100110110101110,1100010010100110),SwapMem-Tag(0001110001011100,0000100000011010,0111111111101000),TestNumGreater-Tag(1010110000001000,1101010101100101,0111010111001010),Close(1100011111100011,0110101111000101,1100010000000010),Not-Tag(0010111011010011,0111101101000101,0110000001110001),While-Tag(1101110101000101,1100111101001101,1100101100111110),SwapMem-Tag(0011100001111001,1010100111011000,0010000111111111),TestNumGreater-Tag(1011100110000010,0111110101100000,0110110101010011),Close(0111010111111110,1010100101010010,0110100100000111),SwapMem-Tag(0011101000010001,0110011011101110,1000000110011100),While-Tag(0001110011000110,0101010100101011,0101001100000010),SwapMem-Tag(1011111110011111,0101101110010001,0011000011111011),TestNumGreater-Tag(0001000110011101,1110100111111111,0111010001100010),SubmitNum-Tag(0011000110001000,1111111011111100,0101010011001010)]"
PROBLEM_smallest__ARGS_TAG_BF__MUT_0075,8358,smallest,Tag-BitFlips,0.0075,0,True,14,499,217,"[LoadNum4-Tag(0000111100000000,1010000110001101,1111101101001001),TestNumGreater-Tag(1001011010010100,0011001101100110,1101100101110110),LoadNum1-Tag(1011100111010101,0001011110001101,0111011000111100),TestNumLessTEqu-Tag(1011000111010000,0001111100000101,0100100001000100),IfNot-Tag(0100010101000010,0011000001010101,0110010101001001),LoadNum4-Tag(1000100101011000,1111000100000111,0010111011100011),Close(0111110001101011,1100100011110001,0111111111110111),IfNot-Tag(1110110111001110,0111111000100101,1110100110100101),LoadNum2-Tag(0011011010100011,1010110001011101,0000111111011001),Close(1010000100001110,1011100100000011,0101010000100110),TestNumGreater-Tag(0011000010011001,0010001101100010,1110110110011100),SubmitNum-Tag(0011000110100001,0010110000001100,0101111000001001),IfNot-Tag(0111101111111101,1110110001010111,0101101010100100),SubmitNum-Tag(1001100010001100,1010111110100101,1110111001000011)]"
PROBLEM_smallest__ARGS_TAG_BF__MUT_0075,8359,smallest,Tag-BitFlips,0.0075,0,True,15,167,129,"[SubmitNum-Tag(1001110110111100,1000111111100111,0110001110100010),TestNumGreaterTEqu-Tag(1001010011011010,0110001110110000,0110110111000101),Countdown-Tag(1001010111001100,1000110101011100,0000111101101010),SubmitNum-Tag(1001001000110100,1011111010111001,1100001011101100),Add-Tag(0011000101110001,1010011010011101,0000100010001100),Close(1100100001110011,1000000010001100,1000000001100001),LoadNum2-Tag(0111101100011011,1010000001001100,0101010110000101),TestNumGreaterTEqu-Tag(1001000010010001,1011000100111010,0101010011001101),Countdown-Tag(1101011100000101,0100110110010000,0101111100111000),SubmitNum-Tag(1011000011110010,0111010100001011,1101000001001110),Add-Tag(0011100000110010,0110000110001111,1001000111101000),Close(1111101001100010,1011111110011011,1011110110100111),TestNumGreaterTEqu-Tag(0000100111010011,1001001111111010,0100110110010100),Countdown-Tag(1101010101001001,0010111101110111,0111100111110010),SubmitNum-Tag(0010111101110110,0101101010000111,0010100000001101)]"
PROBLEM_smallest__ARGS_TAG_BF__MUT_0075,8360,smallest,Tag-BitFlips,0.0075,0,False,NONE,NONE,NONE,"NONE"
PROBLEM_smallest__ARGS_TAG_BF__MUT_0075,8361,smallest,Tag-BitFlips,0.0075,0,True,10,141,33,"[LoadNum3-Tag(0000100000011111,0000110000101111,1000011010000101),TestNumLessTEqu-Tag(1000000000011001,0010101100000101,0101100010101110),Div-Tag(1000100100001001,0101111000101000,1100100100101111),LoadNum2-Tag(1000101010111101,1011100110100110,0101100110101110),SubmitNum-Tag(0101011111111100,0010011000011101,0010100110110100),TestNumLessTEqu-Tag(1011000110001001,0000111100001101,0101001011000100),Div-Tag(0001000110101101,0101111010010110,1110111100001000),TestNumLessTEqu-Tag(0100011010000110,1110101111111000,0111101010110000),While-Tag(1101101010101011,0011101010001010,1101101101110100),SubmitNum-Tag(0100001000001101,1101010110010000,0001110110000110)]"
PROBLEM_smallest__ARGS_TAG_BF__MUT_0075,8362,smallest,Tag-BitFlips,0.0075,0,False,NONE,NONE,NONE,"NONE"
PROBLEM_smallest__ARGS_TAG_BF__MUT_0075,8363,smallest,Tag-BitFlips,0.0075,0,True,24,311,242,"[TestNumLess-Tag(1101000001110000,1010011001111111,0010001010110010),LoadNum4-Tag(1011010110000000,0101111101011000,1001101111010010),SubmitNum-Tag(0000010111001100,0110101101110001,1111010010010010),LoadNum3-Tag(0010101111111001,1101001010111110,1000101000101110),TestNumGreaterTEqu-Tag(1000110101011000,1010111101111100,0010100111011100),LoadNum4-Tag(0001101100011111,0100100101100110,0010100001110111),While-Tag(1011110010101000,0100000110110010,1010010011110110),LoadNum1-Tag(1011000111101100,0110110010100100,1101000001011000),Mult-Tag(1100010001000010,0010100111100110,0100000110111001),Close(0111011110110010,0001110000000011,1001110000111101),TestNumGreaterTEqu-Tag(1011010110101101,0110110101101111,1010001101000011),While-Tag(0000000111000011,0010111010110011,0011000110001101),LoadNum3-Tag(0010111010100111,0001111110111000,1101010110100100),Break(1101110011010100,1001000110110101,1111000110010100),Close(0110101001101111,0110001001010110,1011100001011100),TestNumGreaterTEqu-Tag(1100110010001111,0010000101010101,0011101110001101),While-Tag(1000100100101100,1111010010101000,0001101010000010),Mult-Tag(0110000101110011,0011001101010110,0101100000111000),Close(1111111010010110,0100011010100110,0000010100111101),While-Tag(1100000101001010,1011101000100111,0001101100000011),LoadNum3-Tag(1001110100100101,0110000101001100,1110001100000111),Break(1100100000110111,1111010101110111,1011111000000001),Close(1101100010011000,0111011001111011,0000000000000100),SubmitNum-Tag(1010000111101011,0100001011000000,1101011110110111)]"
PROBLEM_smallest__ARGS_TAG_BF__MUT_0075,8364,smallest,Tag-BitFlips,0.0075,0,False,NONE,NONE,NONE,"NONE"
PROBLEM_smallest__ARGS_TAG_BF__MUT_0075,8365,smallest,Tag-BitFlips,0.0075,0,True,17,338,124,"[SubmitNum-Tag(0111000101010111,0010110111101101,1010111111111101),Sub-Tag(1101010111000111,1011011010001000,0001011110100010),Close(0000010111100011,0111110000100101,0100010100110110),LoadNum3-Tag(1100000001010011,1101001001111000,1110101111010010),Not-Tag(0011011101101000,0001011101100111,0110100111100001),TestNumGreater-Tag(1100101110110110,0100001010000110,0101000011010101),If-Tag(0000010101010010,0101001101000110,1010000010111100),LoadNum3-Tag(1110110100101110,1110101001111010,1000100000110100),Close(1011000010001111,0010001011101100,0010110110101100),TestNumGreater-Tag(1110101111101110,0110001100100000,0110011100010110),IfNot-Tag(0101001101010101,1010110010001000,1010011100111001),SubmitNum-Tag(1010011111111000,0111000101011011,1100011111011110),Div-Tag(0101011100111110,1101011001111100,0001001111110001),Close(1111111100110100,0010010100010100,1111111001010101),LoadNum4-Tag(1110001101011110,1110011101110011,1000001110101001),Countdown-Tag(1110111001110001,1110010010111000,1000100111101001),LoadNum3-Tag(0011101001100010,1111010111011101,0111001001000100)]"
PROBLEM_smallest__ARGS_TAG_BF__MUT_0075,8366,smallest,Tag-BitFlips,0.0075,0,True,20,282,171,"[SubmitNum-Tag(0010101000101010,1111011100111000,0111010011011111),Not-Tag(0000101101110011,1010100001101101,0001100011000010),Close(1110001111100000,1101111000011001,1110100100010000),TestNumNEqu-Tag(1111100001000000,1101101110011001,1110000001101000),LoadNum3-Tag(0000100110010011,0111111010011001,1101000101010010),TestNumLess-Tag(0001010001100100,1011101100111100,1111101000001101),Div-Tag(0100110100010001,0111001000001101,1001110110010101),TestNumGreaterTEqu-Tag(0100100011011001,1101111001111010,1011100110011000),Countdown-Tag(1000111101011000,1100010001100000,0100101011110001),SubmitNum-Tag(0011111101011110,0011011011011101,1111000101100101),LoadNum1-Tag(0101011111010111,0000101100110101,1010011001110110),Close(1100101000101010,0100110110011010,1011001110110111),SwapMem-Tag(0011101100000010,1110100101100001,0110111110000011),LoadNum4-Tag(0100100100100110,1000010110010111,0011010101011100),Dec-Tag(1111100100101011,0100111000111011,0110010010111000),LoadNum2-Tag(1111011111010001,0100011100001000,0000011000111000),Mod-Tag(0001111100000010,1011000100100000,1111010000100110),IfNot-Tag(1111000000100110,0000001001010010,0101101101110110),CopyMem-Tag(0000111100101110,1111110111111010,1111000000011000),Break(0000000000001111,0100111101101111,0110111101111010)]"
PROBLEM_smallest__ARGS_TAG_BF__MUT_0075,8367,smallest,Tag-BitFlips,0.0075,0,False,NONE,NONE,NONE,"NONE"
PROBLEM_smallest__ARGS_TAG_BF__MUT_0075,8368,smallest,Tag-BitFlips,0.0075,0,False,NONE,NONE,NONE,"NONE"
PROBLEM_smallest__ARGS_TAG_BF__MUT_0075,8369,smallest,Tag-BitFlips,0.0075,0,False,NONE,NONE,NONE,"NONE"
PROBLEM_smallest__ARGS_TAG_BF__MUT_0075,8370,smallest,Tag-BitFlips,0.0075,0,False,NONE,NONE,NONE,"NONE"
PROBLEM_smallest__ARGS_TAG_BF__MUT_0075,8371,smallest,Tag-BitFlips,0.0075,0,True,19,311,267,"[SwapMem-Tag(0101110101100001,0001111111110100,0010100111001010),SubmitNum-Tag(1111110101110111,0010011110100010,0011111101010111),LoadNum3-Tag(0110011111011100,1001110110000100,0111111000111011),TestNumLess-Tag(1011110101101101,0001110110000001,1001001010110011),Set-6-Tag(1010100100100111,1100100100011011,1111101101010101),Close(0010111001011001,1000100101111100,0111010000110100),IfNot-Tag(0011001001110101,1001110110101000,0011000100000101),SubmitNum-Tag(0100100110011011,0011110101100000,0110000010111010),CopyMem-Tag(1000000100001101,0111111111011011,0101101110001010),Close(0110000000101100,0011011011101001,1010011100011001),TestNumLess-Tag(1001011010010111,0111011011010000,0011000100100010),Inc-Tag(0011010011110010,1000011100100001,1000110100001001),If-Tag(1110010111100100,1101011100011110,0111000111011000),IfNot-Tag(0011100100010010,0010101010011001,1111001100110101),SubmitNum-Tag(0110111011111001,0111100111100111,0011100111000000),Close(1001111010101111,0001011001110011,1100010001010000),LoadNum1-Tag(0101110010001000,1101001001100111,1100101000000101),TestNumLessTEqu-Tag(1100011101110110,1011110100111000,0011101100000010),Break(0100001100011100,1101111100101010,1011001100000111)]"
PROBLEM_smallest__ARGS_TAG_BF__MUT_0075,8372,smallest,Tag-BitFlips,0.0075,0,True,20,429,293,"[LoadNum3-Tag(1100100101111001,0100111010110010,0000011000111100),Close(1100100100001011,0111000011111010,0001011010010100),SubmitNum-Tag(1100101101001000,0100111100001001,0000011010001000),IfNot-Tag(1010011110100110,0011001100001100,0100000101110001),SubmitNum-Tag(0100110101111001,0110101101100101,1100000111011001),LoadNum2-Tag(0011001000110101,1101001100011010,1010100111000011),LoadNum1-Tag(1000101110000011,1111000011101000,0101001010000011),LoadNum4-Tag(1110001111010110,1000110101010111,1111110101101100),If-Tag(0001110010010001,1100001011011001,1000000111010000),Close(1001011001011000,1100010111111001,0110101001010011),TestNumGreater-Tag(1111110110001101,1110100011000000,0110110000100100),IfNot-Tag(0010001111100101,0011001110110110,0011101001011010),LoadNum1-Tag(0100001001101011,1000100011000110,1001000111101110),Close(0011111110011100,1101101101111101,0101111111110100),Close(0010111010000100,0000101101011010,1101000000001111),TestNumGreater-Tag(0110100011100111,1100011111000001,0010110011110101),TestNumGreaterTEqu-Tag(0010001100100010,0110011101101100,0011100010011110),IfNot-Tag(1000101110001001,1110010000100011,1011010011101011),SwapMem-Tag(1010110001001000,0011101110101000,0111110101000001),Break(0100101110100010,0010000000110011,1101011110111010)]"
PROBLEM_smallest__ARGS_TAG_BF__MUT_0075,8373,smallest,Tag-BitFlips,0.0075,0,False,NONE,NONE,NONE,"NONE"
PROBLEM_smallest__ARGS_TAG_BF__MUT_0075,8374,smallest,Tag-BitFlips,0.0075,0,False,NONE,NONE,NONE,"NONE"
PROBLEM_smallest__ARGS_TAG_BF__MUT_0075,8375,smallest,Tag-BitFlips,0.0075,0,False,NONE,NONE,NONE,"NONE"
PROBLEM_smallest__ARGS_TAG_BF__MUT_0075,8376,smallest,Tag-BitFlips,0.0075,0,False,NONE,NONE,NONE,"NONE"
PROBLEM_smallest__ARGS_TAG_BF__MUT_0075,8377,smallest,Tag-BitFlips,0.0075,0,False,NONE,NONE,NONE,"NONE"
PROBLEM_smallest__ARGS_TAG_BF__MUT_0075,8378,smallest,Tag-BitFlips,0.0075,0,True,14,344,344,"[SubmitNum-Tag(0110010101011111,0111000110000011,0110101001101111),Close(0110100100110010,0001011100100010,1010101000011100),TestNumLess-Tag(0101010101001101,1001111110101001,0101111111010111),Sub-Tag(1011101010101000,1110110000000100,1010100100101110),Not-Tag(1001111111111010,0111001110101000,1011001101010010),LoadNum1-Tag(0001100110011000,0000100100110101,0111001000011111),Countdown-Tag(1111110100101111,0100110101010110,0101101000111111),Add-Tag(0000111101110111,1010001011101000,0101010100110000),Close(1101010000001111,1101001101110100,1010011001001100),TestNumLessTEqu-Tag(0111110001011000,1110001001110011,1111101111001001),Not-Tag(0111110111011010,0010010000101001,1101001111101100),SubmitNum-Tag(0000010000010101,1100111110110010,1111010111011100),Countdown-Tag(0101101111111001,1110110001010111,1000101001110100),SubmitNum-Tag(1000000110110011,0110011010010101,1000110011100110)]"
PROBLEM_smallest__ARGS_TAG_BF__MUT_0075,8379,smallest,Tag-BitFlips,0.0075,0,False,NONE,NONE,NONE,"NONE"
PROBLEM_smallest__ARGS_TAG_BF__MUT_0075,8380,smallest,Tag-BitFlips,0.0075,0,False,NONE,NONE,NONE,"NONE"
PROBLEM_smallest__ARGS_TAG_BF__MUT_0075,8381,smallest,Tag-BitFlips,0.0075,0,True,14,416,240,"[LoadNum2-Tag(0000111100101101,1000110011001011,0011000111111011),SwapMem-Tag(1001001111010001,1110111001100010,1110001101100100),TestNumLessTEqu-Tag(1111011101110101,1101110001010011,0001100110100000),IfNot-Tag(0000101111011010,1100100011010111,0001111111000000),LoadNum4-Tag(0111111100011110,1000110000100101,0111110100011000),Close(0000000011100010,0011001101101001,1101111000010100),TestNumLess-Tag(1111111100111111,1011011010010010,0010100110110011),IfNot-Tag(1000001100100110,0000111111111111,1011101110010110),LoadNum3-Tag(0011110111101111,0111101000111000,1100110011111101),Close(0010011001111011,1001110110100010,1010010011111011),SubmitNum-Tag(1000011101011111,0001101101001011,0000110011110000),TestNumLessTEqu-Tag(1110011001111011,1000111100001011,1101011001010111),Countdown-Tag(0101110011010000,1110010111101000,1000101000100011),SubmitNum-Tag(0110101011111110,1100101010110010,1101011000001110)]"
PROBLEM_smallest__ARGS_TAG_BF__MUT_0075,8382,smallest,Tag-BitFlips,0.0075,0,True,16,413,376,"[LoadNum2-Tag(1110000110100111,1100100101000000,0110100001110101),TestNumGreater-Tag(0011101010110010,1001110101011010,0100011100011001),TestNumGreater-Tag(1010110110010111,1111100011110000,1111001000110000),Set-3-Tag(1011100100001111,1000001111011111,1010011001011001),If-Tag(0011111101110011,1010011101101010,1010011111011111),LoadNum1-Tag(1010011111101100,1100011000010100,0110100000111111),Close(0010100101011011,1001011100110111,0100000100101101),While-Tag(0011000000001101,1000010011111011,1001010100001011),SubmitNum-Tag(1010110010101000,0110000011011000,1100011000101011),TestNumGreaterTEqu-Tag(1001101101011000,1110011110000001,1111111100010001),LoadNum4-Tag(1100011011100000,0101010001001001,0011010010101010),LoadNum3-Tag(1001110100101001,0100000111111011,0101011101110101),IfNot-Tag(1101101110110010,1101010001000011,0111010011000111),LoadNum3-Tag(1011010100000111,0000100101100110,0000101010100110),SubmitNum-Tag(1100001001001110,0111000101110100,0110001110010110),While-Tag(0011010010111001,1111011110110101,1110000101101111)]"
PROBLEM_smallest__ARGS_TAG_BF__MUT_0075,8383,smallest,Tag-BitFlips,0.0075,0,False,NONE,NONE,NONE,"NONE"
PROBLEM_smallest__ARGS_TAG_BF__MUT_0075,8384,smallest,Tag-BitFlips,0.0075,0,False,NONE,NONE,NONE,"NONE"
PROBLEM_smallest__ARGS_TAG_BF__MUT_0075,8385,smallest,Tag-BitFlips,0.0075,0,False,NONE,NONE,NONE,"NONE"
PROBLEM_smallest__ARGS_TAG_BF__MUT_0075,8386,smallest,Tag-BitFlips,0.0075,0,True,20,372,350,"[SwapMem-Tag(0001010010010101,1111011101111111,0001110110101110),Inc-Tag(1100001110110111,0110001111111001,0010011011100001),Inc-Tag(0011110000010101,1011010100010001,0101110111000000),Close(0000101111101010,0110011010100000,0001101100100010),TestNumLessTEqu-Tag(0101000101010101,1011100110110111,0101101100010001),SwapMem-Tag(1111001110010110,1101110001011100,0101010100111110),IfNot-Tag(0010111111100111,0100111000000000,1010001110101001),SubmitNum-Tag(0101011110000101,1011001100010100,1111001000011100),TestNumLessTEqu-Tag(0111100001011100,0010000001100010,0011111111101111),Inc-Tag(0000111100001101,1010101011111100,0101011011101001),IfNot-Tag(1110101111110000,1000110011100010,0101010010101111),Div-Tag(0010100100110000,1001011110000111,1111010100011101),SubmitNum-Tag(0001101100010010,1000101110101100,1000000010001010),Close(1101011001110000,1100010010101010,0001010000100011),Mult-Tag(0010111100000101,0110010101011101,1111111101000011),TestNumGreaterTEqu-Tag(1011100110111100,1111101110101101,1100000101011010),Close(1111011101110011,1101000011000001,1010011111000101),LoadNum1-Tag(1000011111111011,0010101001101011,1000000001111001),IfNot-Tag(1100110111010011,0101100111111101,1110011010011110),SubmitNum-Tag(1000100100111001,0011101011011000,1011011010100100)]"
PROBLEM_smallest__ARGS_TAG_BF__MUT_0075,8387,smallest,Tag-BitFlips,0.0075,0,False,NONE,NONE,NONE,"NONE"
PROBLEM_smallest__ARGS_TAG_BF__MUT_0075,8388,smallest,Tag-BitFlips,0.0075,0,True,12,197,169,"[Close(1000010001000111,1010111101110010,0111111001011010),Close(0001111011100000,1111101100011000,1100001111101111),SubmitNum-Tag(1001110011111000,1111001001010000,0101001111010001),TestNumLess-Tag(0000111111111010,0000011111010101,0010010111111010),Div-Tag(1101101100111110,0100110011111110,0000100101010001),TestNumLess-Tag(0101000101001100,1111000110000000,0111110101101000),LoadNum3-Tag(1011011111011101,1000100011000011,1110110011010011),Set-8-Tag(0110011000000010,1001111110001111,0111011011010000),While-Tag(0010100011101011,1100000101111011,0000001100011111),Countdown-Tag(1100011011111001,0111111110001101,1000100111000011),Mult-Tag(1000000101001011,0101000010000011,0000100000100001),SubmitNum-Tag(0101010111000101,0000110011101100,1111010010110110)]"
PROBLEM_smallest__ARGS_TAG_BF__MUT_0075,8389,smallest,Tag-BitFlips,0.0075,0,True,16,152,116,"[Set-13-Tag(0100001011100010,1011011100110001,1001001110000000),LoadNum4-Tag(0100110101100101,0111010001001100,1001100110111000),SubmitNum-Tag(1001100110000011,1100110101010000,0110100011010010),LoadNum2-Tag(1101110011101011,1011000101001110,0000101011001100),TestNumGreater-Tag(0001110011010100,0000000101100010,1011011001101110),If-Tag(1101001011111000,1000100101000011,1011110011110101),LoadNum3-Tag(0101111100010111,0010010011100101,1100101110011111),SubmitNum-Tag(0101001110010011,1011101000111000,1110111100000111),Close(0101110001110011,1110001101010000,0100101101000101),While-Tag(1000011010010011,0010010111111110,1010101100011101),TestNumGreater-Tag(1011010001010111,0001111110110110,1001011111101100),If-Tag(1000111101111000,0011100011111111,0001000110101010),SubmitNum-Tag(1001111110100011,1010011100100011,1000011010000100),LoadNum2-Tag(1110011101010001,1011100001111010,1010100011100110),Close(1100110010100001,0111110111000000,0111000111100101),LoadNum1-Tag(0011111011110110,0100101101101011,0100110101110110)]"
PROBLEM_smallest__ARGS_TAG_BF__MUT_0075,8390,smallest,Tag-BitFlips,0.0075,0,False,NONE,NONE,NONE,"NONE"
PROBLEM_smallest__ARGS_TAG_BF__MUT_0075,8391,smallest,Tag-BitFlips,0.0075,0,True,19,432,387,"[TestNumGreaterTEqu-Tag(0100110100100100,1111101011101001,0001001010101101),TestNumLessTEqu-Tag(0001100100100000,1101110111001001,1101010110100110),SubmitNum-Tag(1001111110001000,0111001000011010,0101110000101011),While-Tag(0101101000101100,0000001100101001,1000000100000100),Not-Tag(0000101010000100,0100000111000001,0100110100101001),SwapMem-Tag(0100000001110100,1110111010010110,0101001000011001),Close(0011100111110000,0001100011111001,0110101011111000),TestNumLessTEqu-Tag(1010000010100111,1001101010101101,1111100100111011),Close(0101001111110001,1010111010111101,1110110111001011),TestNumLessTEqu-Tag(0101010110101101,0011100010011100,0001011010100100),Set-12-Tag(0010001100000001,0010101011111110,0000100010110011),Countdown-Tag(0011001110111000,1100101111011100,1110110111101111),Countdown-Tag(1101101110100000,1110111011101011,1101110010000011),SubmitNum-Tag(0100110101010010,0111110100100001,0100000100011111),Close(0011010011101011,0000111111000110,0000111010101011),IfNot-Tag(1110101011111111,0001011001111111,1000011111101101),LoadNum3-Tag(0000110110111011,1111010010011011,1010000101011101),Set-10-Tag(0010111111111100,0011111010100001,1100000101100000),SubmitNum-Tag(1011100010010101,1111110010001000,0101000110111001)]"
PROBLEM_smallest__ARGS_TAG_BF__MUT_0075,8392,smallest,Tag-BitFlips,0.0075,0,True,17,484,309,"[LoadNum4-Tag(0110110010110010,1111001101000111,0000010110011101),LoadNum3-Tag(1111110111011011,1010010000000111,0001100000010000),LoadNum1-Tag(1101101010010000,1111001101111100,0001000011001001),TestNumGreater-Tag(1010010000110011,0010001100010001,1001000110110011),IfNot-Tag(0111101100111011,0000010001111111,0110101011111010),LoadNum4-Tag(0111111111011111,0000001001011010,1001101101000100),Close(1111001000011110,1010101111101001,0100001100100010),TestNumGreater-Tag(0110101001111110,1100100111011001,0001001110001110),SubmitNum-Tag(0110011101111111,0010101000111111,1010111111100000),TestNumGreaterTEqu-Tag(0011010101100000,1011011001111110,0001001100111111),Set-2-Tag(0011101001111110,1010001011100111,0010011010010011),Div-Tag(0000100000001111,0001001010110110,0111110101110111),Countdown-Tag(1111111000111011,1111110110100110,1010000100010000),SubmitNum-Tag(0111100110011001,0000001111101010,1011100010101111),TestNumGreater-Tag(1111010101011101,1011100111110001,0001110000111110),LoadNum2-Tag(1001100111101100,1011011010001001,1000001001111011),While-Tag(0001101111000110,1111001101000111,1110110110110110)]"
PROBLEM_smallest__ARGS_TAG_BF__MUT_0075,8393,smallest,Tag-BitFlips,0.0075,0,True,52,478,477,"[LoadNum3-Tag(1110100100100100,0011001011010110,0111110011111011),LoadNum4-Tag(1010011101010111,0011010100001000,1011101000111000),Not-Tag(0101110100110011,0010101110001010,0000101001111011),Mod-Tag(0111010001000011,0001101010010110,1001011011101100),Sub-Tag(0111100100111111,0000001010111101,0011000100110110),TestNumNEqu-Tag(0001001100111011,0001010100011000,0101111111111110),Close(0101111010110010,0100101011011001,0101110011110010),Inc-Tag(0110001010110000,0101011010111110,0101111100010100),SubmitNum-Tag(1011000111100100,0110010001000111,1001001001011100),LoadNum4-Tag(0011001010011100,1001011000010100,1101100101101011),Add-Tag(1100011000101100,1001011110100110,1001100101011001),TestNumLess-Tag(1101100001010111,1000100010000100,0111001111101001),Set-13-Tag(1101101111011010,1110111110100111,1010011000010110),Floor-Tag(0011010011000110,1010000010110000,1001010110110001),SwapMem-Tag(0110010100000000,1011101111100101,0000011011111101),Set-3-Tag(1010100110011100,0111011110010010,0110011000111110),LoadNum4-Tag(1011001111110110,1000111100000100,0110000010101110),Not-Tag(1010111001011000,1101001111011000,1100110110011111),While-Tag(0101011111100101,0000101001001011,0011000001010100),CopyMem-Tag(1111011101100011,1110011000000000,0010001001100111),Floor-Tag(1001011011000010,1011000010000011,1000100001110110),Set-11-Tag(1111010100110100,0111101000100000,1111011100101111),LoadNum3-Tag(1101001000011110,1111010011111000,0001001010010001),Sub-Tag(1101011100000011,1110111110000010,0010010001010101),LoadNum2-Tag(0000111110011011,1100011011110001,1001010010110001),Mult-Tag(0011110001111011,1110011111101101,0100101010100011),Mult-Tag(0101110011111001,1111001001100011,0011110111011000),TestNumGreater-Tag(0110011011111110,0011001100001011,1111100010110000),SubmitNum-Tag(1010111110100110,1110000111100100,1110110010110010),If-Tag(1001100100001110,1101010101101010,0111011101010100),LoadNum1-Tag(0011011010001001,0101011010101110,1101100001110001),LoadNum2-Tag(0001000110001110,1010111001010011,1101010001010001),Not-Tag(0011110010110111,0000111111111100,0111010000110000),Close(0111011101110000,0110100111011100,1111101011101111),Dec-Tag(0110010001001111,0001111100100001,0100110000010110),TestNumGreater-Tag(0011001010001101,1000011011001111,0101000110001101),Div-Tag(0100110100000001,0100100101001000,0000001011000100),Dec-Tag(0101100010010110,0001101000001010,1101001100110111),Set-12-Tag(0100010000000100,1011111110101010,1110000010011011),LoadNum2-Tag(1101111100011111,0110101110010001,1001111110011000),IfNot-Tag(1101100011100010,1000001001001010,1010000111111100),LoadNum2-Tag(0010110000000001,1000011010110100,1101100000000111),SubmitNum-Tag(0010011010001011,1101001110000010,1110011110010110),TestNumLessTEqu-Tag(0110011000111001,1110011001100101,1000110000010111),SwapMem-Tag(1011111001100010,0010001010011110,1001101100000111),Set-11-Tag(0001100110101011,0001110100101000,0001011010111111),Set-4-Tag(0101101101110111,1001101000101110,1101101110101111),TestNumNEqu-Tag(1101001111111011,0001010011010011,0000110101111000),Countdown-Tag(1101110000010110,0000001101100101,1001010101110011),Set-3-Tag(0001011111011010,1111111001011001,0000100111100100),Return(0110110011010111,1011110011110000,1010010110000001),Mult-Tag(1001100000010101,0001000111111101,0011100101111101)]"
PROBLEM_smallest__ARGS_TAG_BF__MUT_0075,8394,smallest,Tag-BitFlips,0.0075,0,True,41,500,485,"[TestNumLess-Tag(1101001100111010,1011110011111001,1011100111001000),SubmitNum-Tag(1010001101111000,1010010100110010,0111001101111110),Floor-Tag(1100110011010101,1110000100110101,0011100000011010),TestNumNEqu-Tag(1100100110011010,1101111100100010,1010110101001100),LoadNum2-Tag(0110101101111000,0000010111100001,1011100101100101),TestNumGreaterTEqu-Tag(1000110010100110,0000000010100111,1011000100000101),Add-Tag(1100001110110010,1101001011101001,0101011111100011),CopyMem-Tag(1001110110101101,0111101001010111,0011011001101000),TestNumLessTEqu-Tag(0011011101101010,0011110001110100,0100101011011010),Set-5-Tag(0110101010010001,1100111011010000,0100000001101001),While-Tag(1001100100110001,0011011110001101,1111101011001101),Set-16-Tag(1000100111100110,0100110001110110,0010010001111001),SwapMem-Tag(1111000011100011,1011101010000001,1101001110101110),TestNumLess-Tag(0100010110111011,1000111100101110,1110001001000001),TestNumLessTEqu-Tag(1010110100100100,0001001000010010,0100011011111010),LoadNum3-Tag(1000001000111110,1011100001110110,1010000101101111),LoadNum4-Tag(1100110000001100,0000010001001101,0000000011001101),Close(1111011001001001,0110110111011110,1110100000100001),Set-9-Tag(1000000101110101,1011101001110001,0000101100100000),Mult-Tag(1100110110101011,1100101111110000,1100000100000110),LoadNum2-Tag(1011011111100001,1101010111011101,0000000100111000),LoadNum4-Tag(1011001110000011,0110001111101001,1100101101111001),LoadNum2-Tag(0000011110011110,0100110101101000,0001101000010000),TestNumLessTEqu-Tag(0010011100110001,0010110100110101,0001010101010000),SubmitNum-Tag(0010001100100000,1101111100010100,1011001000011101),TestNumLessTEqu-Tag(1000110100100110,1111110010101001,0101100010010100),Break(1010101111111011,0001100111011101,1000110000110001),TestNumLessTEqu-Tag(0111111000101100,0110010101010001,1101100110010100),TestNumLessTEqu-Tag(0110000010110010,0111110110101010,0100001011011011),While-Tag(1100100010010001,1011010000101000,0000010010010000),LoadNum3-Tag(1011011110010111,0010101001011100,1110111111101100),LoadNum1-Tag(0010110000001111,1101111010110110,1001100111101110),SwapMem-Tag(1000011111010010,1001000111101000,1000111100010011),Close(0110011000010111,0000000000100000,0010110011110010),Set-1-Tag(1111001100011000,1111010001011011,1100101011111001),Set-2-Tag(1101111110011110,1100010000101011,0101101111110100),Set-10-Tag(0101000000111000,1010010111001010,0101110111011000),TestNumNEqu-Tag(0111001000001000,0110101001101000,1001100100110110),Set-11-Tag(1100111111111101,1100111011111110,1100101110000111),SubmitNum-Tag(1010100101001110,0110001111010101,1101111110001010),Set-5-Tag(0110100010000110,0100000101001100,1001011110001011)]"
PROBLEM_smallest__ARGS_TAG_BF__MUT_0075,8395,smallest,Tag-BitFlips,0.0075,0,True,14,215,202,"[TestNumLessTEqu-Tag(1000100000010001,1111101100011010,1000110001011000),Close(0110111011110001,0011001111001110,1111000001000111),TestNumLess-Tag(1111001100100000,0111001111011011,0111010001111101),IfNot-Tag(0100110111000101,1001001000010000,1011000110011111),SubmitNum-Tag(1111001111011011,1001000100010010,1111100011100100),Close(1111110101011001,1011010010111111,0001001101001101),LoadNum2-Tag(1011101100100110,1111000110101010,1011100010100000),If-Tag(0111011001010101,0010100010000110,1111001000101001),SubmitNum-Tag(0001010100100011,0001110011101100,1110110111010110),LoadNum3-Tag(1111111001100100,0100111011011001,0101111001110000),Close(1001001111001111,1001011011100001,0111000110101000),Countdown-Tag(0001010010001001,0110111100101000,0110101010001010),Add-Tag(1001010010101000,1011111100011010,0011001000011100),LoadNum4-Tag(1011110001111010,1011011010011111,0011011100011101)]"
PROBLEM_smallest__ARGS_TAG_BF__MUT_0075,8396,smallest,Tag-BitFlips,0.0075,0,False,NONE,NONE,NONE,"NONE"
PROBLEM_smallest__ARGS_TAG_BF__MUT_0075,8397,smallest,Tag-BitFlips,0.0075,0,False,NONE,NONE,NONE,"NONE"
PROBLEM_smallest__ARGS_TAG_BF__MUT_0075,8398,smallest,Tag-BitFlips,0.0075,0,True,19,476,360,"[Close(1111010110100110,0111000001010001,1011110011101110),Add-Tag(0010001110100000,0000011001101000,1110110000101011),TestNumLessTEqu-Tag(0111000101011101,0011000000000000,0101110101000101),SubmitNum-Tag(1101101001011000,1010110111101011,0101010011001110),TestNumLess-Tag(1001100010101100,1110001100011011,1111101110111110),Set-5-Tag(0100010000111000,0011111011110001,1111111011100011),Add-Tag(1100010100011111,1111100111111010,0100011001011111),LoadNum1-Tag(1000110110000010,1011011111010110,0101001100001110),Dec-Tag(0011111111001101,0111010110101101,0111100001101111),Countdown-Tag(1101111010010110,1101011010001010,1101111100111010),SubmitNum-Tag(0011101000010010,1001010000010010,1101000100001010),CopyMem-Tag(0110000010101001,1111111000110111,0111110000100101),Close(0000110010100011,0100010011101110,0110110110001101),LoadNum2-Tag(1110110101100000,0110101000110101,0110101111101000),LoadNum4-Tag(1001110000111011,0100011011000000,0010101110111001),While-Tag(0111000001110101,0010010011010010,0001010101010000),TestNumLessTEqu-Tag(1100111100110000,1110110001001100,0011000101010100),LoadNum2-Tag(0011001001010010,1010001010000000,1000000110000011),LoadNum1-Tag(0010100011101011,0101010110101111,1001110001010011)]"
PROBLEM_smallest__ARGS_TAG_BF__MUT_0075,8399,smallest,Tag-BitFlips,0.0075,0,True,11,158,120,"[Close(0100000110100100,0010111000000010,0001011110110111),TestNumLess-Tag(0001101100011011,1000100100001000,0111010110010100),SubmitNum-Tag(0101101010011011,0111001000011001,1000001110111110),While-Tag(0111000101100101,0000001001101001,0100011101100011),SwapMem-Tag(1111011100110010,0101100000011000,1011111011010100),Mult-Tag(0110000111001110,1011011100100100,0001010101001001),Close(0000000011100101,0110001010011010,0101000000001000),SwapMem-Tag(1111011111010110,0110001010110011,0110111011000100),LoadNum2-Tag(1110111100111011,0010100010000101,1101010010001100),While-Tag(0000010011010101,1010111111010000,1111011001111011),SwapMem-Tag(0001111000010101,0101000101111000,1111011011101010)]"
PROBLEM_smallest__ARGS_TAG_BF__MUT_0075,8400,smallest,Tag-BitFlips,0.0075,0,False,NONE,NONE,NONE,"NONE"
PROBLEM_smallest__ARGS_TAG_BF__MUT_01,8051,smallest,Tag-BitFlips,0.01,0,True,9,298,288,"[TestNumGreaterTEqu-Tag(0001000100011010,1101100111110101,0100111001101110),Close(0010011101011101,1000000010110001,1010001010100011),Div-Tag(0011111000111100,1001011100001010,0010000110110111),SwapMem-Tag(0111110011111111,1100110100000101,0000010111011001),LoadNum4-Tag(0011011111000101,0101111111011100,0001011101100001),SubmitNum-Tag(0001001010110000,0111111110100101,0111111001100101),TestNumGreater-Tag(0000000100100011,1001011111110100,0010111100001010),While-Tag(1001011100101011,1111010101001111,0100000000100010),SubmitNum-Tag(0000110011110001,1011001111111100,0010101011000110)]"
PROBLEM_smallest__ARGS_TAG_BF__MUT_01,8052,smallest,Tag-BitFlips,0.01,0,True,10,335,123,"[TestNumLess-Tag(0001001000000000,1111101011111000,0101010010001000),IfNot-Tag(0110010011011101,1010111100101011,0111100011000001),LoadNum1-Tag(0101001000101010,1001100010000000,0011011010011101),Close(1011001101010011,1001010000100011,1011001111111011),TestNumLess-Tag(0011101000110010,0000110110010101,0110011010111001),Div-Tag(0001001101111110,1110111100011001,0000010001011101),SubmitNum-Tag(0001100110101011,0110010010110010,1011001010011001),TestNumLessTEqu-Tag(1011100110010011,0111110110000100,1001110000001000),IfNot-Tag(1001101010011001,0011110011000011,1100001010111100),SubmitNum-Tag(1101001101010000,0100100001111001,0000100110101010)]"
PROBLEM_smallest__ARGS_TAG_BF__MUT_01,8053,smallest,Tag-BitFlips,0.01,0,True,13,216,205,"[SubmitNum-Tag(0001110110011010,0000001010001001,0011011000101011),Close(0110101001001001,1100011110001110,1000001011111001),Close(1100100110100111,1000001110001000,1101111111110000),TestNumLess-Tag(0001011111001100,1001001010111010,1111110101111011),If-Tag(0110110111001111,0011001011100010,1110110110101010),Sub-Tag(1101110111010101,1100110111100001,0011000000110110),Close(0010101111110110,0000110011101010,0010011100011110),Set-4-Tag(1111101101010100,1111010010111110,1011111110011001),LoadNum1-Tag(0100010000011101,0000000000101111,0001010000011000),Countdown-Tag(1010111011001101,1111001100110101,1101000110101110),TestNumLess-Tag(1101001101110011,1001101101111000,1101100011101010),If-Tag(1110001001111111,0011001100001010,0001000010001010),SubmitNum-Tag(0010011001110010,0010100011001101,1110011010110011)]"
PROBLEM_smallest__ARGS_TAG_BF__MUT_01,8054,smallest,Tag-BitFlips,0.01,0,True,13,300,267,"[LoadNum4-Tag(1101110011111101,1000100010110110,1111010110110001),LoadNum1-Tag(0110001011100001,1110111000010111,0010101100101011),TestNumLess-Tag(1110101010111111,0010001011110000,0000100011011010),IfNot-Tag(0111000011100111,1011110011111101,1100100011010000),LoadNum3-Tag(1111110110111011,1100111110011000,1000101011100010),Close(0011101010111001,0011111100111110,0001101001010000),TestNumLessTEqu-Tag(0111111101111010,1100001011010010,0011000100101110),LoadNum1-Tag(1111010100000010,0001011111001001,0101111101011100),Div-Tag(1101011011011110,0010010000110110,1011011010001110),LoadNum2-Tag(0111011111100011,1111011011101001,1000010010111101),TestNumLessTEqu-Tag(1101111110011100,1111000000010101,0000011000100010),Div-Tag(1101001110111010,0011111100010000,1101000000000111),SubmitNum-Tag(1111000000010110,0000110011111011,1111010110101101)]"
PROBLEM_smallest__ARGS_TAG_BF__MUT_01,8055,smallest,Tag-BitFlips,0.01,0,True,18,360,349,"[LoadNum2-Tag(0110100100101111,0110100101110101,1000011111110011),SubmitNum-Tag(0101001100000110,1011101001001101,1000111110101101),LoadNum4-Tag(0000110101100011,0111110001000100,1111100001101000),Set-15-Tag(1100100011011010,0111110101110010,0001010111100100),LoadNum1-Tag(1111011100100010,1000111000011010,0010101101011110),Close(0010101110000011,1001010101001000,1100101010110001),TestNumGreaterTEqu-Tag(0100111101101000,0010000110100010,0011011011111100),Mod-Tag(0000111110100001,1001111101011100,1001101111010000),IfNot-Tag(0011101010011100,0100011110111010,0111011111100001),SubmitNum-Tag(0001111110100010,0101001100110100,1111010001011111),LoadNum1-Tag(0110100110111010,0001111000101011,1111010010100011),Close(1110011010000010,1110110111101010,1011111101111000),LoadNum3-Tag(0111001101110011,0110101111010101,0101110011011011),TestNumGreaterTEqu-Tag(0100111100000111,0011001011110000,1111011100111000),Set-3-Tag(1010000111111001,1001010101101101,1001011011110110),IfNot-Tag(1100110111001101,1001111111110110,0101100101100010),CopyMem-Tag(0010110000001100,1010011100111010,0101101100110000),Break(0010010001110111,0010001111010010,0100011011100101)]"
PROBLEM_smallest__ARGS_TAG_BF__MUT_01,8056,smallest,Tag-BitFlips,0.01,0,False,NONE,NONE,NONE,"NONE"
PROBLEM_smallest__ARGS_TAG_BF__MUT_01,8057,smallest,Tag-BitFlips,0.01,0,False,NONE,NONE,NONE,"NONE"
PROBLEM_smallest__ARGS_TAG_BF__MUT_01,8058,smallest,Tag-BitFlips,0.01,0,True,11,429,207,"[SubmitNum-Tag(0010111101110110,0110100000011111,0000001111011111),TestNumGreaterTEqu-Tag(0010011111110011,0011100101110101,0111001101010000),Countdown-Tag(1101010111000111,1101011010100001,1011001001101000),LoadNum2-Tag(0111111100100011,0001100000011000,0000110000101010),Close(1011100011101101,0110010000111001,1111110110010111),Close(1100111011101011,1101110110000010,1111101001000100),TestNumGreaterTEqu-Tag(1011101110101110,1001110010011100,0011010000000100),SwapMem-Tag(1011011100100110,0001000110011110,0111100100110100),Countdown-Tag(0001010000111100,1101001000100100,1000100110111100),SubmitNum-Tag(1010011100000010,0001010000110101,1001000010001111),TestNumGreaterTEqu-Tag(1000100111111000,1011011000110001,0111011101010000)]"
PROBLEM_smallest__ARGS_TAG_BF__MUT_01,8059,smallest,Tag-BitFlips,0.01,0,False,NONE,NONE,NONE,"NONE"
PROBLEM_smallest__ARGS_TAG_BF__MUT_01,8060,smallest,Tag-BitFlips,0.01,0,False,NONE,NONE,NONE,"NONE"
PROBLEM_smallest__ARGS_TAG_BF__MUT_01,8061,smallest,Tag-BitFlips,0.01,0,True,16,206,152,"[TestNumGreater-Tag(0111011001110101,1011110111010000,0001001111110010),IfNot-Tag(0001111000110011,1000010101010101,1010001100100011),CopyMem-Tag(0001010100000110,1101010010001001,0111000001110111),Set-9-Tag(0011000001100010,1110110100011010,0010011111010101),Close(1101111000101011,1101111001100011,0110100111111000),LoadNum3-Tag(0010011111111000,1101011001100100,0000010110010000),TestNumLessTEqu-Tag(1110011010010011,1000100110111010,0100111111100110),Countdown-Tag(1011101110100001,1011000000111111,0101001010011010),If-Tag(1111011101110010,0111101001101010,1011010100100001),LoadNum3-Tag(1010000110011000,1111101001100010,0100101110111110),Close(1111101000101111,0011101000010010,0001010100101000),SubmitNum-Tag(1111101100011000,0011101110111111,1110000010100001),Mod-Tag(1111101010100010,1011011110111000,1110110101001111),Add-Tag(1101101000111000,1011011111010110,1101010001111101),LoadNum1-Tag(1101110010001001,0101011111110110,1000110010010100),TestNumLessTEqu-Tag(1001100011111000,1001011001010110,0001001000110010)]"
PROBLEM_smallest__ARGS_TAG_BF__MUT_01,8062,smallest,Tag-BitFlips,0.01,0,False,NONE,NONE,NONE,"NONE"
PROBLEM_smallest__ARGS_TAG_BF__MUT_01,8063,smallest,Tag-BitFlips,0.01,0,True,44,142,137,"[Add-Tag(0101101100000001,0101000101111111,0010001110100100),Sub-Tag(1100011000101101,1011110010001111,0110111000111011),Set-4-Tag(0110010001110111,0110101011010101,1110000000110011),Set-12-Tag(1011000010101010,0111000100010001,1101000010111100),SubmitNum-Tag(1001111110001110,1100101010010110,1011101001001000),LoadNum1-Tag(0000110001101100,0010000100101100,0111000110001010),Set-11-Tag(0010000010111000,1111101010000101,1111101000111010),LoadNum2-Tag(1100111011111010,1110001010011000,0101010110111000),CopyMem-Tag(1101000001001001,1001100101011101,0111101010100000),While-Tag(1101011001010101,0100001101101101,1001101100011001),SubmitNum-Tag(0011001101001010,0100111000011011,1111101100101101),TestNumLessTEqu-Tag(1010010000100000,0100100010100110,1001111111101100),TestNumLess-Tag(0100101101001101,1111001101100000,0101010010001011),SwapMem-Tag(0010001101110110,0010111101000011,1000100111100011),IfNot-Tag(0000111010010000,1110011111011000,0010011110100010),TestNumNEqu-Tag(0100111111100011,1110101000001011,1001101100110100),While-Tag(1101011000011100,0110001110011000,1011101000111010),SubmitNum-Tag(0011101000010011,0001110110001100,1000101011110101),TestNumLessTEqu-Tag(1011111100100011,1000001111101100,1000100111001010),TestNumLess-Tag(0000101111000100,1001001100100011,0110010000011110),Div-Tag(0100101010001000,0001011111000010,1100011100000101),SwapMem-Tag(1010011101010010,0010101101000111,1001011010000001),LoadNum4-Tag(1100110111001011,1111100101100110,0100000100100000),SwapMem-Tag(0011111000001110,1101101111000011,0011001110000101),IfNot-Tag(1001001011011000,1111011010101000,1010111001011001),SubmitNum-Tag(1110010010010110,1011001101000000,1111001011110010),While-Tag(1001100110101001,1011100011011111,0100010011001110),TestNumNEqu-Tag(0011101010010110,0011000011010001,0000110001010000),Inc-Tag(1111101100011001,0110111010100111,0000011000111110),Set-16-Tag(1000111100001111,1000110001111101,0001010111110011),Set-14-Tag(1111110110111110,0010110111101101,1011010111100110),Set-1-Tag(1010110110000101,0100000110001010,0011101100010000),Set-5-Tag(1011011111100111,0000111100000010,1111100010101000),Break(1111100101100100,0001111101111110,1111110000111011),TestNumLessTEqu-Tag(0011101110011010,1000001111101001,0111111110111011),IfNot-Tag(0100111111110010,0111000001010110,0010011000101100),Not-Tag(1110111101101100,0101000101100100,0010110110010010),Return(1011110110011100,1110101001010111,0001011000110001),SwapMem-Tag(0110100000101111,0110110011000111,0101110111111101),While-Tag(1110101110101011,0011010001100001,0110000110001101),Set-6-Tag(0110101011111000,1011001111010011,1000011100011111),If-Tag(1001111111110011,1101010110101011,0110011000010101),Set-14-Tag(1111111110011010,0111001001000010,1010100001110100),Dec-Tag(1001000000111101,1100001000011001,0000000011011101)]"
PROBLEM_smallest__ARGS_TAG_BF__MUT_01,8064,smallest,Tag-BitFlips,0.01,0,True,10,216,58,"[Close(0110110010010101,0111101100010111,1111110000011001),TestNumGreaterTEqu-Tag(1000100010000000,1010111110101111,0010010110110101),Countdown-Tag(0110010010110101,0001000001010110,1111111001111111),SwapMem-Tag(1101101011001000,0101101001011110,1001111001000101),Close(1110000101010000,0010110111001000,1101010011011001),CopyMem-Tag(1001001000100110,1111111010110011,1100000010010100),SubmitNum-Tag(0000100010011011,1010011110101111,1101001111111011),LoadNum2-Tag(0010001010100000,1000010111011001,0100011011001111),Countdown-Tag(1000111110000111,0001010110001000,0100101001100000),SubmitNum-Tag(0001110001110111,0011001011101101,0010011000111110)]"
PROBLEM_smallest__ARGS_TAG_BF__MUT_01,8065,smallest,Tag-BitFlips,0.01,0,False,NONE,NONE,NONE,"NONE"
PROBLEM_smallest__ARGS_TAG_BF__MUT_01,8066,smallest,Tag-BitFlips,0.01,0,True,13,214,126,"[Close(1000101101000110,0100110011101111,1111101110110110),TestNumGreater-Tag(1110111011110111,0001011100111010,0111011010111001),Countdown-Tag(1101011010011010,1000110001110110,1011111001111110),LoadNum3-Tag(1011111011100110,1000011100100010,1100110000011111),Close(1101111110011000,0100011100101111,0001101111001010),TestNumGreater-Tag(1001110111111100,0100110101010011,0110001010011011),Countdown-Tag(0110010010010011,0001001000101011,1010101011100011),SwapMem-Tag(0001101111010101,1100111110101011,1100000100100100),Close(0000011010100110,1010100100110011,0011111111100000),Add-Tag(1001110100111000,0001101100101101,1100011001010100),SubmitNum-Tag(1011101011011111,1110011100011010,1001010110011011),If-Tag(1010101011011100,1001010100110111,0010111000101001),Mult-Tag(0101010111101011,1011011000001001,0001110011011001)]"
PROBLEM_smallest__ARGS_TAG_BF__MUT_01,8067,smallest,Tag-BitFlips,0.01,0,False,NONE,NONE,NONE,"NONE"
PROBLEM_smallest__ARGS_TAG_BF__MUT_01,8068,smallest,Tag-BitFlips,0.01,0,True,20,481,266,"[TestNumGreater-Tag(0001110010010001,1111001100010010,1111011010000010),TestNumGreater-Tag(1011010110011000,0101010110110111,0010000111000110),SubmitNum-Tag(1101100100101010,0100111101010001,1001010101101110),TestNumLessTEqu-Tag(1111111101101111,1010100010001010,0111010110000100),If-Tag(0001110110010101,0000011011001000,1011100110001110),SubmitNum-Tag(0111111111100011,0000100011000101,1010100001101010),Close(1011011000010011,1011001101100000,0010111010000101),LoadNum2-Tag(1001101100000101,0010111000101010,1000101000100101),LoadNum3-Tag(0111111011011000,0011010000111111,0010100010110101),TestNumLessTEqu-Tag(0001011111011110,1000100010000010,0100110101000000),If-Tag(1110111010000011,0101011110000001,0101011100111010),Set-16-Tag(1000110100100101,0011100010011010,1101101101000101),Close(0001100111001010,1111101111101001,0001111110111111),Countdown-Tag(1110100111100101,1111111101110101,0010010010000101),TestNumGreater-Tag(1011001111100111,0010111111011001,0000110010100100),TestNumLessTEqu-Tag(0110011001010101,1000010011101100,1100010101110101),If-Tag(1101010001000001,1011110011010010,0100101001011100),SubmitNum-Tag(0000000110101000,0011101110100001,1101111011010110),LoadNum2-Tag(1010101111101100,0001101011010001,0110000100010010),LoadNum3-Tag(1011000011011011,1100111110100001,1100100010100000)]"
PROBLEM_smallest__ARGS_TAG_BF__MUT_01,8069,smallest,Tag-BitFlips,0.01,0,True,13,415,235,"[Close(0100100000101110,0010111100010010,1100000101001111),SubmitNum-Tag(0011010101001101,0000001011111100,1000111101001000),TestNumLessTEqu-Tag(1110011010111111,0101111001011101,0011011100101100),While-Tag(1111001100100101,1100000100011010,1011010100111110),TestNumGreater-Tag(0001110100011000,0101111111011101,0001001101101011),SubmitNum-Tag(1011111001110011,0111110000111101,0111001010000011),LoadNum3-Tag(1001100110101001,1110100000111110,1001011100110000),Close(1001110000011101,1111000111110011,1011100100111110),LoadNum3-Tag(0001000110000001,0010010011011001,0001011001011111),TestNumGreaterTEqu-Tag(0100011011010111,1001100100101100,0011100100011110),LoadNum4-Tag(1001111101111110,1001100101010010,1000011110000010),Countdown-Tag(0010010100101010,1101110000110010,1111100101100001),LoadNum3-Tag(0111010001011011,0000000000100100,1011101100100110)]"
PROBLEM_smallest__ARGS_TAG_BF__MUT_01,8070,smallest,Tag-BitFlips,0.01,0,False,NONE,NONE,NONE,"NONE"
PROBLEM_smallest__ARGS_TAG_BF__MUT_01,8071,smallest,Tag-BitFlips,0.01,0,True,10,83,48,"[Close(0111001101000000,0110111001110110,0111000010010010),SwapMem-Tag(0111111100101110,0001111111010101,1011011011000101),TestNumGreaterTEqu-Tag(0100101100111011,0100110111011100,1010010110000100),Countdown-Tag(1110000010100110,1111000100000010,0100101011111111),SwapMem-Tag(0101010010011100,1011011100100011,1010101010001000),Close(0111011011000000,0011101011110110,0100111110101110),LoadNum4-Tag(0000011101111101,0011111101110010,1000000100010010),SubmitNum-Tag(0010111100110000,0010010101110010,0010101101100101),Countdown-Tag(1010000010100111,1111111001000100,0000101010010011),SubmitNum-Tag(0100110111010000,0011101001101101,1010011101001010)]"
PROBLEM_smallest__ARGS_TAG_BF__MUT_01,8072,smallest,Tag-BitFlips,0.01,0,True,14,443,208,"[TestNumLess-Tag(0011100110011010,1111011011111000,1000011101001000),If-Tag(1000011001101101,0001000001000001,0111011100000001),SwapMem-Tag(1111100100111101,0101100010011010,0000100100001111),Close(0000101111011100,0000101010101001,0011010001000101),TestNumLess-Tag(0111101100011001,0011001111101100,1001111001111000),If-Tag(1001000101100000,0011100101110011,0110010000010010),SwapMem-Tag(1101111011110000,0001000110110001,1101100010110111),Close(1001100101101001,0111100101110101,0011101110001010),TestNumLess-Tag(0101010111010000,1111011010110010,0101011001101000),If-Tag(1111011000100000,1100110010100010,0100110111000101),SubmitNum-Tag(0101010010000100,1011000111100001,0100101111010110),Return(1010001110101100,0000001011110010,1111101101101101),Close(1110010001000101,0001110111000110,0000001110010000),SubmitNum-Tag(1101111110111011,1010011000011100,0110001110100011)]"
PROBLEM_smallest__ARGS_TAG_BF__MUT_01,8073,smallest,Tag-BitFlips,0.01,0,True,21,287,248,"[Set-7-Tag(1110010001100100,0000010001011001,1110000011110101),Close(0001010111011110,1000101111110111,0001001000101010),SubmitNum-Tag(1001110110101101,0111000000110100,1110110000000110),While-Tag(1010010110111001,0110000000111100,0101101001011101),SwapMem-Tag(0101001111100100,0001011000110000,1111100100010000),SwapMem-Tag(1010001001110011,0101101101011101,1110100000001000),TestNumLessTEqu-Tag(0101110010100101,0000100000011011,0001101001001110),LoadNum1-Tag(0000001101010100,0011001000001100,0111010111001111),While-Tag(1010101000001010,0001101111000000,1110100110110001),LoadNum2-Tag(1010101110110111,1111101000100101,1111001001110110),LoadNum3-Tag(0111000011110111,1000111010010110,1100001111011110),SubmitNum-Tag(0001101010010111,1011111101100101,0000110010100000),LoadNum3-Tag(1001101110011110,0000011111101011,0001111111110010),LoadNum2-Tag(1011010000110111,0100000101111110,0111011010111011),TestNumLessTEqu-Tag(0001010111011010,1110101011111010,1000001101001110),While-Tag(1110111100000000,0011000010101010,0010111100101100),Dec-Tag(0010100001010010,1101000100111001,1111101111101101),SubmitNum-Tag(0000100101010111,0010001011011000,1000000110000000),TestNumLessTEqu-Tag(0111011110000100,1010001001111110,1110111110101010),If-Tag(1110111110001010,1111100001001000,0110100000011110),Set-7-Tag(1010011011100110,0011000011000010,0110001111000101)]"
PROBLEM_smallest__ARGS_TAG_BF__MUT_01,8074,smallest,Tag-BitFlips,0.01,0,False,NONE,NONE,NONE,"NONE"
PROBLEM_smallest__ARGS_TAG_BF__MUT_01,8075,smallest,Tag-BitFlips,0.01,0,False,NONE,NONE,NONE,"NONE"
PROBLEM_smallest__ARGS_TAG_BF__MUT_01,8076,smallest,Tag-BitFlips,0.01,0,True,22,497,295,"[TestNumLess-Tag(0001110010010001,0100100001010101,0100111111101110),Close(1111110000001000,0010010001100001,1000000001111001),Countdown-Tag(1110101011110011,1111000000110101,0110111011000001),LoadNum4-Tag(0101110101111101,1101101001100111,0110000101111101),Close(0111011010000001,1101000100011010,1010100001101111),TestNumLessTEqu-Tag(1101011101100100,1010001100011011,0110011111001000),Mod-Tag(1100010011000011,1001100001011010,1101010100001011),Set-0-Tag(1010011101111111,0010011111010011,1001001110101000),LoadNum1-Tag(1000100011000111,0100111100111110,0000101000110110),CopyMem-Tag(1111011001001001,1111111100101110,0101111101110111),SubmitNum-Tag(0001110101010101,1011101100011100,1010000100001000),TestNumLess-Tag(0110010101100101,1100001010000100,1001100101010101),Set-14-Tag(1010100111011001,0010000001101111,0000000010110110),Set-15-Tag(1000011101100000,1100100010001001,0100111101000110),Div-Tag(0010011010111011,0011000101100111,0011100010000011),While-Tag(0101100011010000,0101101100100110,1111111010101110),TestNumNEqu-Tag(1111110101000110,0101001010001001,0101011000110111),Close(1011110111011000,0101110010001010,0010110100010110),SwapMem-Tag(1000001100111011,0001010100010000,1111110011001111),SubmitNum-Tag(1101001110000000,0000111110010011,1011010010010110),If-Tag(1001111110011100,0101010011101001,0010101101100001),Break(0000111000010000,0111101011011010,1010000001001110)]"
PROBLEM_smallest__ARGS_TAG_BF__MUT_01,8077,smallest,Tag-BitFlips,0.01,0,True,23,493,457,"[TestNumLessTEqu-Tag(0101000000111100,1110010011011110,1000111000000110),LoadNum4-Tag(1001001101111111,1111100101110000,1010000011010111),SubmitNum-Tag(1111011100010010,1010110010001000,0001100000111010),Dec-Tag(1111010001100001,1001111010101001,0011100111001000),Close(1011010001111110,0010100111001000,0001001100101000),TestNumGreater-Tag(1101001101001100,1011011111110100,1111100001011110),LoadNum1-Tag(0000100101101010,1010101010011000,1010001010111010),Close(1111110010111101,0000011001101011,0100101010101001),While-Tag(0100001100001010,0000010000011110,0001010100101100),LoadNum2-Tag(1110110111001000,1111010011000111,0010001000110111),Break(0010010100100000,0110111001111100,1010101101110001),Close(1000111010010110,0101011000000110,0001110101000100),LoadNum3-Tag(1001110101100100,1100001000010001,0100010011001011),LoadNum4-Tag(0000110100100111,0111110010011010,0011101100001011),TestNumLessTEqu-Tag(0110100101001101,0010101101011010,1011010101001111),While-Tag(1001011101011000,1100111010100010,1110000001000100),Countdown-Tag(1111101010000110,1010101111110101,1010000100101000),SubmitNum-Tag(0000011001011010,1011001001000011,1001100111110010),While-Tag(0100011001000000,1010101111001011,1110111111000111),TestNumLessTEqu-Tag(0001111000001101,0100100111101000,0110010101011011),Add-Tag(0001001101000110,0001110111100101,0101111101101111),Close(1110111001111010,0011010011001000,0101110100101110),SubmitNum-Tag(0010110101111011,0100011100010010,0011100101011001)]"
PROBLEM_smallest__ARGS_TAG_BF__MUT_01,8078,smallest,Tag-BitFlips,0.01,0,False,NONE,NONE,NONE,"NONE"
PROBLEM_smallest__ARGS_TAG_BF__MUT_01,8079,smallest,Tag-BitFlips,0.01,0,False,NONE,NONE,NONE,"NONE"
PROBLEM_smallest__ARGS_TAG_BF__MUT_01,8080,smallest,Tag-BitFlips,0.01,0,True,10,494,345,"[Set-8-Tag(1110110000110011,0101001101101000,1010000001001100),While-Tag(1101110001110010,1110010001101110,0111111000101111),TestNumGreater-Tag(0001001101100001,0101000111111000,1001111011001110),While-Tag(0010111111011101,1001010011111100,1111101101101110),Not-Tag(1000111111110100,0010100011000110,1100100100100010),CopyMem-Tag(0000010100010100,1111001100100010,1011110000110101),Close(0100000100101010,0110110001110001,0001101001000111),CopyMem-Tag(1000101110111001,0101011001001111,0111000010101001),LoadNum1-Tag(0001100011011000,0100011011100100,1101000100111011),SubmitNum-Tag(0010011001110000,0101101000111010,0100110001111100)]"
PROBLEM_smallest__ARGS_TAG_BF__MUT_01,8081,smallest,Tag-BitFlips,0.01,0,True,14,353,174,"[TestNumGreaterTEqu-Tag(0011010100000100,0001110111111110,1111100011101110),TestNumGreater-Tag(1011010000011000,1011001100111001,0000001110111101),SubmitNum-Tag(0011011011110000,1011101111111100,1110000010111111),If-Tag(1010100111111011,0001000111010000,0100110110000110),LoadNum1-Tag(0101011101000000,0001011110100011,0100001011100110),Close(0010010011001110,1010001011111100,1100010100101001),TestNumGreater-Tag(0001101101010100,1011100000101001,0100111110001001),TestNumGreater-Tag(0100001100100010,1101010111010010,0110010100101100),TestNumLessTEqu-Tag(0110000011001110,1010010110111000,1101011001111000),While-Tag(1001011111101000,0001101111110101,0110001111001101),SubmitNum-Tag(0110010100010110,0000100010101011,1101001101100001),LoadNum4-Tag(0000110101010101,0010011011000110,0101110101010000),Dec-Tag(1001110100001111,0110011101000110,1110101111010111),While-Tag(0011011000001110,1110011000010101,1111110010111101)]"
PROBLEM_smallest__ARGS_TAG_BF__MUT_01,8082,smallest,Tag-BitFlips,0.01,0,True,28,418,353,"[Close(0100101100101010,1100101101100011,1001111110100110),Set-16-Tag(1111010111111101,1011111000110010,0000100110100001),SubmitNum-Tag(0100000100011100,0011010000111000,1101110101010000),LoadNum4-Tag(0011111100001010,0001110001110101,0010001001100111),LoadNum4-Tag(1011100110011001,0101111000000001,0001110111111010),Set-5-Tag(0110111110110110,1001001100110011,1010110000001111),TestNumLessTEqu-Tag(0001010101001100,0111000000100001,0111010001111111),IfNot-Tag(1110111111111101,0110100110101110,1000100011100011),LoadNum1-Tag(1011100010010101,0100101001111000,0001011011100000),LoadNum3-Tag(0001110100011101,1111111100010010,1111101001001110),Close(0000100100011010,1110000110100110,1110010101000101),Floor-Tag(1110100101100001,1010001111101010,1100001100101010),Add-Tag(1100100110001000,1101010010101101,0100011010101110),Sub-Tag(0110111000101101,0111111111101100,1010110010000110),SubmitNum-Tag(1001110110111011,1010000000011111,1101110111001011),TestNumGreaterTEqu-Tag(0101100011010100,1101100100111000,1111010101101101),LoadNum1-Tag(0011101100110011,0100110110011100,1000100111011001),While-Tag(1011010111111100,0110001101011101,0010110010011111),TestNumLess-Tag(1111101001100100,1100100110100001,1010000110110111),Set-8-Tag(0110101010101001,0010010011010100,0001100111010001),Mod-Tag(1101100000001001,0010001100000011,0110010111110011),Set-7-Tag(0010011111011100,1101110001010011,1000000100111011),Not-Tag(1100100010110101,0110010101100001,1100100100111101),Floor-Tag(0001001101000000,1100001101011011,1111000001111001),Add-Tag(1011101010001100,1100101010100001,1001000001001101),Set-15-Tag(0100011101011000,0010100010010010,0101111010011001),LoadNum1-Tag(0111010101100001,1111101111111111,0101011100110110),TestNumGreater-Tag(0001000001010101,1011000110010101,0110111101111110)]"
PROBLEM_smallest__ARGS_TAG_BF__MUT_01,8083,smallest,Tag-BitFlips,0.01,0,False,NONE,NONE,NONE,"NONE"
PROBLEM_smallest__ARGS_TAG_BF__MUT_01,8084,smallest,Tag-BitFlips,0.01,0,False,NONE,NONE,NONE,"NONE"
PROBLEM_smallest__ARGS_TAG_BF__MUT_01,8085,smallest,Tag-BitFlips,0.01,0,True,14,307,284,"[SubmitNum-Tag(0001101001011000,1110101101100001,0011001111001101),Close(0100100001001001,1000101100011001,1100011001101110),LoadNum4-Tag(0100111000000001,1110000001010010,0011101101001010),Add-Tag(0001001111001011,0001001001010101,1000000000011001),TestNumLess-Tag(1000000111011101,0100111100000000,0100000011110000),SwapMem-Tag(1010010101010110,1001101111111010,0000011000111100),While-Tag(0001010011011010,0010010100111010,0111100011011110),SubmitNum-Tag(1111101101111010,0010011111011110,0101011011010111),Sub-Tag(1010111100011011,1101101110101010,1100101011010011),Break(0000101010101111,1011010001110110,1101000000010101),Close(0101100011000001,0001100100010101,1101011001101110),LoadNum3-Tag(1010110101111110,1110001000010110,1100111000001100),While-Tag(0001010011010010,1110011011110001,1101101111001110),Set-14-Tag(0111101101110110,0000011000011010,1000001011011111)]"
PROBLEM_smallest__ARGS_TAG_BF__MUT_01,8086,smallest,Tag-BitFlips,0.01,0,True,14,422,400,"[Close(1011100101110011,0000010001101101,0110101111101111),Dec-Tag(0000111100010010,1101110101010100,1110011101001011),Break(1100111111111110,1100100100001011,1110101001010100),CopyMem-Tag(1011110011011110,1111100001011110,0111100110000000),Close(1011011110101010,0110010110011001,1001111010100000),TestNumLess-Tag(1101000111000100,0001001001111010,1001100100010011),Div-Tag(0111010000010110,1001100011110001,0010000110011011),TestNumGreaterTEqu-Tag(1111100011001110,0000000110010010,1101000111111111),SubmitNum-Tag(1111101001001011,0111001100111010,0101111100101111),LoadNum4-Tag(0111000110011101,0111000100010000,0011100100010111),While-Tag(0111011110011111,1010010111110010,1100111110111001),SubmitNum-Tag(0110000000110001,0110011000011000,1101001010010101),If-Tag(1101001100001011,1001101110000010,1100101001100000),Dec-Tag(0100000101100111,1000011010111101,0001111011100010)]"
PROBLEM_smallest__ARGS_TAG_BF__MUT_01,8087,smallest,Tag-BitFlips,0.01,0,False,NONE,NONE,NONE,"NONE"
PROBLEM_smallest__ARGS_TAG_BF__MUT_01,8088,smallest,Tag-BitFlips,0.01,0,True,9,392,392,"[SubmitNum-Tag(0111010111011000,0001110111000010,1100010110110011),Close(0000010001110100,0010101110111111,1111010101101110),TestNumGreater-Tag(0011011011010100,0101100000001001,0000101101101100),SwapMem-Tag(0011101101111110,1001100010010101,0110100110101010),SwapMem-Tag(0111101111101010,1010111100100011,0011011011101100),Countdown-Tag(1001111000001111,0101010100011010,0101101101011000),SwapMem-Tag(1001110000000001,0001111100111000,0001001000001011),SubmitNum-Tag(0001001010011001,0100100000100000,0100100011110001),CopyMem-Tag(0001110010001001,1100000101010100,1010001110001101)]"
PROBLEM_smallest__ARGS_TAG_BF__MUT_01,8089,smallest,Tag-BitFlips,0.01,0,True,13,259,205,"[LoadNum3-Tag(0011010101010110,0111111001001011,1011110001101110),Set-7-Tag(0001001010110010,0011010010110000,1110011011000011),Countdown-Tag(0000001000110100,0100110100010001,0001010000000011),SwapMem-Tag(1100111111011100,0011000101111100,1011100000001100),TestNumGreaterTEqu-Tag(1011110101111111,1101010101000010,0010111010100101),If-Tag(1011110010100000,1000011001100100,1010001110110001),TestNumGreater-Tag(0111110001001100,0000100100011000,0010010011010110),SubmitNum-Tag(0111000001010100,1111010111001101,0111001011101100),While-Tag(0000010011110010,1110111011010001,0010101010100001),SubmitNum-Tag(1100100011011001,0100001100111100,1010000010010011),Mod-Tag(0100001101101000,0111101100110110,0000110011110000),Close(0011100100000011,1010010111011101,0110010000010101),LoadNum2-Tag(1011011111111000,1010011111100100,0111010111010110)]"
PROBLEM_smallest__ARGS_TAG_BF__MUT_01,8090,smallest,Tag-BitFlips,0.01,0,True,19,451,347,"[TestNumGreater-Tag(0100010101011010,1111011111110000,0100010000011011),LoadNum1-Tag(0000100010111010,1011100000110100,0111010011000000),Close(1100100100100100,0101110011001010,1101110000010100),Not-Tag(1101011110001101,0000001101001000,0101010001010110),TestNumGreater-Tag(0001000010001010,0000100010101110,0111110000001101),SubmitNum-Tag(1001000100000001,1101101011001110,0111111010000000),IfNot-Tag(0100010000010011,1101101100001011,1000100110101010),LoadNum2-Tag(1000011011111100,1111110010010111,0011010001001101),TestNumGreater-Tag(1101100010011010,0000101100100000,1111000010111110),Close(1011000100010110,1111000000010100,1010001000011010),If-Tag(0111001001001110,1010010010111111,1100010011011111),SubmitNum-Tag(0000100011011110,1100000110110110,0001011010000101),Set-7-Tag(1111101101111111,1100111011101000,1001001001001001),LoadNum3-Tag(1011100100111001,1001000000100111,1010101000101110),Mult-Tag(1011101000100001,1101001010001100,0101110010101000),Close(0110001110001000,0011101110011011,1001001000110110),CopyMem-Tag(1110110011111110,1000011000111010,1101100001111010),If-Tag(1100011000111101,1000101011111000,0001111001000101),Break(0101111100000111,0100001100010101,1001110100000001)]"
PROBLEM_smallest__ARGS_TAG_BF__MUT_01,8091,smallest,Tag-BitFlips,0.01,0,False,NONE,NONE,NONE,"NONE"
PROBLEM_smallest__ARGS_TAG_BF__MUT_01,8092,smallest,Tag-BitFlips,0.01,0,True,36,477,460,"[TestNumLessTEqu-Tag(1111011100111100,1001010000010101,1011010011000010),LoadNum1-Tag(1101000101000110,0000101110110101,1111111100100000),LoadNum2-Tag(0000100010100011,1110110011110011,1111110100001101),TestNumEqu-Tag(1000000100011000,0101000110010111,1000011101110000),Close(0000010101110001,1011011001110101,0101010010011111),TestNumLessTEqu-Tag(0101010001100100,0011001101010001,0111000111111100),Set-7-Tag(1100101100110011,0110101001111011,1101100001001010),Floor-Tag(0011011010011110,1110011011010111,0001010100011001),Div-Tag(1001100010110000,1101000000011110,0000101101001001),Close(1001111000011110,0111100011001101,0110001001001000),IfNot-Tag(0111110011001011,1100110110101001,0010011111111011),Set-8-Tag(1100111000011000,0110000111011110,1011010001011000),LoadNum2-Tag(1111010001110101,1011001110000011,0001001110100110),TestNumGreater-Tag(1010000101111101,1101001101001001,0011101010100100),TestNumGreater-Tag(0000000000111010,1001001100010010,1011010010010010),Close(0110011100011100,0100100111100100,1010110100100111),Floor-Tag(1000001100001111,0100000100100000,0010000111110011),Not-Tag(1011110000001110,1111011110011011,1011111111111101),Floor-Tag(1110100010011111,1111010111111011,0010011100111011),Floor-Tag(0111000010110110,0100100110001100,0011111010001110),Floor-Tag(1110000001001001,1100111100110000,1000100000111111),IfNot-Tag(1010110011000010,1110100010101100,1001100010111010),Set-7-Tag(1100110011111110,1111011101001101,1001000000010110),Close(0000111011100100,0100011010000111,1101010001000111),SubmitNum-Tag(0101010010110101,1000101000011110,1111100101110001),Add-Tag(1111011011110101,0101000000101001,1000111101100000),LoadNum4-Tag(0111001100001010,0001110111011011,1010010010110010),TestNumLess-Tag(1101011101100101,1000110111001100,0100010000010000),While-Tag(0111001111111001,1110010110011110,0010100111110001),SwapMem-Tag(0100000101110001,1100101110011111,0110111001111010),Close(1011001111111001,1101010110100010,1100101110100101),TestNumNEqu-Tag(0000000101001010,1001110010001001,1011010011000011),LoadNum3-Tag(1101010000010101,0101011110110101,1101101111011010),SubmitNum-Tag(0111001110100010,1011010000110001,1001001111010110),Countdown-Tag(0101000010100110,1101000011100010,0000000001111100),Set-0-Tag(1001000111110011,1011110101011101,0001010011001001)]"
PROBLEM_smallest__ARGS_TAG_BF__MUT_01,8093,smallest,Tag-BitFlips,0.01,0,True,16,359,284,"[SubmitNum-Tag(0001101101111110,1000010010101000,1011101100110111),TestNumLess-Tag(0111010011011101,1101100110111100,1101101001111110),If-Tag(0110111010110111,0110100000010010,0101011111111110),LoadNum2-Tag(1101001100011001,0100111110101111,1110011000010011),Close(0011110001111011,1010011001000000,1010110011111000),LoadNum1-Tag(1001010100010110,0011111000110110,1001011000001000),LoadNum3-Tag(0101101011110000,1011011000111011,1101001111100001),TestNumLess-Tag(0101100010010100,0000000101110100,1101110011011101),If-Tag(1101110101111000,0001100110101101,1111011001111000),SubmitNum-Tag(0011001100000010,1100010000110011,1101110011110011),Close(1110110010101001,1110101000110000,0011110101010001),TestNumLess-Tag(0001011110011000,0000011111010000,1111110111001111),TestNumLessTEqu-Tag(0011100110010001,0011101010000000,0100001000111110),If-Tag(1011111101111100,1101110101101010,1011111110111001),While-Tag(1001010011111111,0111001110011011,0001100011000010),SubmitNum-Tag(1101001010011001,1000110100001011,0111111010111000)]"
PROBLEM_smallest__ARGS_TAG_BF__MUT_01,8094,smallest,Tag-BitFlips,0.01,0,False,NONE,NONE,NONE,"NONE"
PROBLEM_smallest__ARGS_TAG_BF__MUT_01,8095,smallest,Tag-BitFlips,0.01,0,False,NONE,NONE,NONE,"NONE"
PROBLEM_smallest__ARGS_TAG_BF__MUT_01,8096,smallest,Tag-BitFlips,0.01,0,False,NONE,NONE,NONE,"NONE"
PROBLEM_smallest__ARGS_TAG_BF__MUT_01,8097,smallest,Tag-BitFlips,0.01,0,True,11,417,244,"[LoadNum4-Tag(0011001100100000,1010010101010010,0100100001001101),TestNumLessTEqu-Tag(1110110011011111,1010110000011001,0011000011000010),Div-Tag(0111111011111100,0010111011000110,1111001100010001),LoadNum3-Tag(1101101111111110,1011100001100011,1100001110011111),Close(1110111101010010,0100000010010011,1011000111110000),TestNumLessTEqu-Tag(1111011011111111,1010001101111010,0010010010000011),Div-Tag(1111010111011111,1011011011010010,1011001110001010),LoadNum2-Tag(1110101010101111,0000101011001010,1110000101111100),SubmitNum-Tag(0001001100110000,0010111111101101,1011011101100011),IfNot-Tag(0101011101110011,1100001100011011,0101010001000100),Break(1100011000001101,1111010010110010,1000100111100111)]"
PROBLEM_smallest__ARGS_TAG_BF__MUT_01,8098,smallest,Tag-BitFlips,0.01,0,False,NONE,NONE,NONE,"NONE"
PROBLEM_smallest__ARGS_TAG_BF__MUT_01,8099,smallest,Tag-BitFlips,0.01,0,False,NONE,NONE,NONE,"NONE"
PROBLEM_smallest__ARGS_TAG_BF__MUT_01,8100,smallest,Tag-BitFlips,0.01,0,True,15,415,381,"[Add-Tag(0100111000101000,0101001100010000,1011110000000101),TestNumLessTEqu-Tag(1101111010001000,1010011011110000,0011000100000010),LoadNum1-Tag(0111000101110111,0011001110010111,0011011000111110),LoadNum3-Tag(0111000001001111,0001000110110011,1111000111111110),If-Tag(0111000110110110,1000001011100010,1000111011100010),LoadNum4-Tag(1000010000100111,1100110001011011,1101101001001010),Close(0100100101011101,0100100010110000,0000000000100011),TestNumLess-Tag(1101010001001010,1010010110010110,1000001100110100),If-Tag(1011001000100001,1000101000001110,0011011110101100),LoadNum3-Tag(0010000110110101,0111000101011000,1011010011111011),Close(0011100011011011,0010000101010110,1111011110101011),TestNumLess-Tag(0101010001001101,1100011110100001,0101001000011010),SubmitNum-Tag(1110110111100101,1111010001100100,0000010110000110),If-Tag(0001101110010111,0111110011000110,0001000110000101),SubmitNum-Tag(0100110101111101,0101101011000100,0000100110001001)]"
PROBLEM_smallest__ARGS_TAG_BF__MUT_025,8301,smallest,Tag-BitFlips,0.025,0,True,7,399,144,"[Set-9-Tag(0010011100011110,1000000101100100,0010010101100101),While-Tag(0100111101000110,0001001011001000,0011111001111110),TestNumLess-Tag(0011001000111011,0101010101000011,1010110000100111),SwapMem-Tag(0010001000110111,1001101111000001,1000101101110011),Div-Tag(1010110010011010,0010111011100101,0110000011010100),SubmitNum-Tag(0111000101011101,1110010001110111,0011001111010000),LoadNum1-Tag(1001000110011001,1110100111000011,1101001100010000)]"
PROBLEM_smallest__ARGS_TAG_BF__MUT_025,8302,smallest,Tag-BitFlips,0.025,0,False,NONE,NONE,NONE,"NONE"
PROBLEM_smallest__ARGS_TAG_BF__MUT_025,8303,smallest,Tag-BitFlips,0.025,0,True,11,302,253,"[LoadNum2-Tag(1001001101101001,0110111000011100,0001010100111111),Close(1000001001101110,1110100111000011,0101111001000011),SubmitNum-Tag(1000001100110001,0100000101100110,0110001111111101),SwapMem-Tag(0001111001101100,1110010101011110,0000001101110000),TestNumLessTEqu-Tag(0001011100110011,0110111111100010,0101100111010100),IfNot-Tag(0101100100000111,0011000111111011,0100010111001001),SwapMem-Tag(1010001100110001,1110101001111011,1011111011000010),Close(1101100110111111,1110111101111011,1100011000111100),LoadNum4-Tag(1101111111110101,1010111101101101,1111000100010001),IfNot-Tag(0100100100011001,1100011000100111,0000111110111000),Break(1100001001011000,1000010110011110,0110111100000001)]"
PROBLEM_smallest__ARGS_TAG_BF__MUT_025,8304,smallest,Tag-BitFlips,0.025,0,True,46,314,195,"[Set-9-Tag(0011101000111101,0011100001101010,1101011100110000),TestNumGreater-Tag(0101100101111111,0110001011110110,1110101100000100),SubmitNum-Tag(1001110110011100,1011101010101000,0111000001101001),Set-0-Tag(0110101010000101,1001101101000111,1000000101000010),Countdown-Tag(0111101110010011,0110101011101111,1100101110111110),TestNumGreaterTEqu-Tag(0110110111100110,1001000111111101,1010000011011010),IfNot-Tag(0000110111111100,1000010110011011,0110001111101000),Dec-Tag(0010000001101111,1101000111110000,0100101011010001),SubmitNum-Tag(1101011110110011,0001110100000000,0111101101111101),Set-10-Tag(1101101011010111,1010100001010000,0011010010010100),Set-14-Tag(0111110011011010,0001110011001001,0010110000110111),LoadNum3-Tag(0011111000101011,1110101100101010,1011100111110011),TestNumNEqu-Tag(1100100011101001,0110111100000001,1001100001100111),Set-12-Tag(1010010011001000,0010110001001111,0011100000110000),CopyMem-Tag(0101000111011000,1100100111001100,1100010000010010),TestNumGreater-Tag(1000000111101111,1011110001011001,0111011011010010),LoadNum3-Tag(0010111101111100,1110011110010000,0001001001010101),Set-0-Tag(1000110111010101,0110001111011011,1101100101001001),TestNumLessTEqu-Tag(1001001010010101,0101001100001010,0111001110010101),Set-11-Tag(1111010010001100,0001000011101111,0001111100001011),Dec-Tag(0001101000110111,1111100101110010,1110100000011101),TestNumLess-Tag(0100010010100011,1000001000100000,0101110000111110),Set-1-Tag(0011110100000010,0111010101100011,0110110100110100),Set-14-Tag(1100111100100001,0010110000111001,1110010100000000),Set-9-Tag(1111100011000001,0101111110111100,1101000011110000),Add-Tag(1001011001110101,0100101111101101,0010000010111001),Mod-Tag(1101001010010010,0100000111111011,1001010011011000),Floor-Tag(0101011011100001,1110100110100100,1001011100100111),TestNumGreater-Tag(1010110011010011,0100110100111010,1000011001111000),Set-2-Tag(1011001011000100,0010110100001010,0010010000001010),Set-0-Tag(1101001110001001,0001010010101011,0110001100000101),Floor-Tag(0010001111111111,1100000110111111,0000001000010000),Set-9-Tag(0010111100110110,1000000010000010,0101010110110001),LoadNum1-Tag(0000100110110000,0111011010110000,1111110110010101),TestNumLessTEqu-Tag(0001001110110001,0111010010011000,0000011110101101),Set-9-Tag(0100100000000001,0001110100000101,1010010011100001),LoadNum1-Tag(1111110111100000,1110101111010101,0001101110101001),Close(0000001110111111,0001011011011100,1101010111010000),LoadNum2-Tag(1110100011111111,1011111110101100,0100111101100000),Sub-Tag(0111010111100100,0000111101101011,0000001101001111),IfNot-Tag(0100001101001110,1110100011111001,1101110110001111),Set-7-Tag(0101101100111000,1110111110011011,1100010101100101),LoadNum3-Tag(1101101011111010,0000101101001010,1010110111100010),Set-11-Tag(1100110010011010,0001001000110101,0011110101101110),Dec-Tag(0000010100100101,0000010101100001,1110010101111100),LoadNum3-Tag(1000011001001001,1011001111010010,1000010111010000)]"
PROBLEM_smallest__ARGS_TAG_BF__MUT_025,8305,smallest,Tag-BitFlips,0.025,0,False,NONE,NONE,NONE,"NONE"
PROBLEM_smallest__ARGS_TAG_BF__MUT_025,8306,smallest,Tag-BitFlips,0.025,0,False,NONE,NONE,NONE,"NONE"
PROBLEM_smallest__ARGS_TAG_BF__MUT_025,8307,smallest,Tag-BitFlips,0.025,0,True,38,498,468,"[LoadNum4-Tag(0010000100000010,0011100111110011,0100101000001100),Mod-Tag(1111111101111001,1111110100101111,0001101010111111),Close(1111010110000100,1000010110110001,0101000101101001),Set-3-Tag(0111001001000001,0001111011110010,0110000010000100),CopyMem-Tag(0000011111101100,0100001000001001,0000001010001010),LoadNum3-Tag(0110010110011001,0001001010111000,1000011011110001),Floor-Tag(0111100101101000,0000000010111000,1001000000010010),TestNumLessTEqu-Tag(0111101100110111,1101111100010111,1000111100010111),SubmitNum-Tag(0100111111101111,0000110101110000,1101000010001100),LoadNum2-Tag(0011111100110010,0100011000010001,1010101001000111),Close(0011011000001110,1000000111111101,1001011101110000),Floor-Tag(0101010100000111,1001110011001010,1110110100011111),If-Tag(0000110111000110,0100101100110011,1010000010001001),Sub-Tag(0111100100101000,1111100111011110,1101110100001100),LoadNum4-Tag(0011111110110101,1011101101100110,0100000011000110),SubmitNum-Tag(1010001100000010,0010101011011101,1100100111100010),Set-16-Tag(1001011010100110,0110000001000110,1010101000111111),Set-15-Tag(1110000111110000,0000011000111101,0001000011000101),Set-12-Tag(1011011000000001,1001000101001100,0010111010000100),Dec-Tag(0000000101011100,1011010001100111,1110011101001001),TestNumGreater-Tag(0000100100000010,1000001100000111,0100000110011010),Set-13-Tag(1101010110010100,0010011000010010,1101110001111111),LoadNum4-Tag(1010001011010110,1001111000110001,1101110101011100),Mod-Tag(0010111010010010,0100100101010000,1000001111001000),Close(0110000000110010,0001000000101101,0111111111001101),CopyMem-Tag(1101000100001111,0110111011011011,0011001000001000),LoadNum3-Tag(1111001001001100,0001011101110000,1010101001010111),TestNumLessTEqu-Tag(0110001110010001,0000101000111000,0100011110101110),Close(0000011110010010,0000011001101011,1100111111111100),Floor-Tag(1010110000010100,0110101010001101,1001011010111001),Set-9-Tag(1011110100000111,0111101000001010,1001111101011000),Set-15-Tag(0111110001001101,1010001110000010,0011000110111000),Set-3-Tag(0000100011000000,0011011111000000,0010100111011001),Close(0001101000101110,1110001111101100,0001011110111001),Set-13-Tag(1100100000011100,0000101001000101,1011100110111101),TestNumGreaterTEqu-Tag(1111001101100101,0111010000000110,1001111101001001),Countdown-Tag(1011011011100000,1011110101101001,0110100010011010),LoadNum3-Tag(0111101111000110,1111110001011111,0111010001100000)]"
PROBLEM_smallest__ARGS_TAG_BF__MUT_025,8308,smallest,Tag-BitFlips,0.025,0,False,NONE,NONE,NONE,"NONE"
PROBLEM_smallest__ARGS_TAG_BF__MUT_025,8309,smallest,Tag-BitFlips,0.025,0,False,NONE,NONE,NONE,"NONE"
PROBLEM_smallest__ARGS_TAG_BF__MUT_025,8310,smallest,Tag-BitFlips,0.025,0,True,14,427,247,"[Close(1001011001000110,1110000011011011,1011111001100101),TestNumLess-Tag(1001101010011111,1011101110100000,1100000111000011),IfNot-Tag(1000001111010100,0000110100110010,1001101110101100),LoadNum3-Tag(1010000010001001,0011100110001110,0111100001111110),Close(0000111000001000,1101010001111101,1000101100101010),TestNumLess-Tag(1010101100001000,1011101011101111,1001001001000111),SubmitNum-Tag(1100111110001000,0011000011000000,1001101111111001),TestNumGreaterTEqu-Tag(1011000000011000,0111010111000000,0111101010101001),LoadNum2-Tag(1001110100011010,1001010000101110,0010001000100011),IfNot-Tag(0101001011000110,1111010110110000,0101110011100110),SubmitNum-Tag(1101111001100110,1010000110010001,0001011001100001),Close(1010110001010100,0001011110100001,1110101001010101),IfNot-Tag(0101111010101011,0111110000110110,1001011110111110),Dec-Tag(0011011101010101,0110111011100101,0000111011111001)]"
PROBLEM_smallest__ARGS_TAG_BF__MUT_025,8311,smallest,Tag-BitFlips,0.025,0,False,NONE,NONE,NONE,"NONE"
PROBLEM_smallest__ARGS_TAG_BF__MUT_025,8312,smallest,Tag-BitFlips,0.025,0,True,11,270,146,"[Close(0101100011100010,1101000011111001,0010000001000111),Sub-Tag(1100000001000011,1010001101011100,1100010001110111),TestNumGreater-Tag(0111111110110101,1101110001010000,1010010011010011),Countdown-Tag(0011110001001011,1100010010110000,0111000110001000),SwapMem-Tag(1010101111001110,0100110001000100,0011110000100010),Close(1111000100011001,0001010011001001,1101111111101010),Set-10-Tag(0110001011000001,1010110001110100,1101001101100101),LoadNum4-Tag(0111010001100000,1101000010000010,0010110001010011),Countdown-Tag(1000111100110011,0010100110010000,1110001100101001),SubmitNum-Tag(1111100111001111,1010011100001001,0010101100010001),LoadNum3-Tag(0101101101011101,1110000111110001,1010101101100100)]"
PROBLEM_smallest__ARGS_TAG_BF__MUT_025,8313,smallest,Tag-BitFlips,0.025,0,False,NONE,NONE,NONE,"NONE"
PROBLEM_smallest__ARGS_TAG_BF__MUT_025,8314,smallest,Tag-BitFlips,0.025,0,False,NONE,NONE,NONE,"NONE"
PROBLEM_smallest__ARGS_TAG_BF__MUT_025,8315,smallest,Tag-BitFlips,0.025,0,True,52,500,459,"[Set-16-Tag(1110100000111010,0011111100010001,0011001001000010),TestNumLess-Tag(0101001101010100,0011101011110100,1111000000011110),Dec-Tag(1001111010001111,0000011010011100,0111110110110100),Inc-Tag(0100011010010001,1100010010101001,1011101011101111),Close(1010000001101111,0100100101000100,0011011011101101),Set-3-Tag(0011010010000000,0111011100110101,0011001010001001),Sub-Tag(1001011000110100,1101111011000110,1011000011010010),Floor-Tag(1001010101110100,1101100111100000,0010010110100111),LoadNum3-Tag(0000001000110110,0010011011001110,1100100000010100),TestNumLessTEqu-Tag(0111011101110101,0001111111110100,0011000010101111),SubmitNum-Tag(0101011010111111,1010100100110011,1100100010000000),LoadNum4-Tag(0010010001010101,0110111101010011,0100010010010010),While-Tag(1010000011101011,0010101001111010,1000001100100101),Set-9-Tag(1011100110001111,0101011101011010,0011000100011011),LoadNum4-Tag(0101101011100000,0101110000010111,0110101011111001),Set-14-Tag(0000101100011000,1111000101000110,1011000010000100),Add-Tag(0011111110011010,0111001010100010,1110000001110100),TestNumGreaterTEqu-Tag(0111101100111001,1000010101010101,1111101100001001),Set-16-Tag(0010101011011110,1110111111101011,1010001010011000),Set-10-Tag(0111001110111110,0001000101010101,0110010110010100),SubmitNum-Tag(1010110010010111,0010101111100011,0110101101010111),Countdown-Tag(1001000010000001,1111111001101111,0000010000001110),Add-Tag(1001000001000001,1011010100010100,0101001000110111),Close(1110000010000101,1000111101100000,0000001110110011),SubmitNum-Tag(0000011000100010,0010111101000110,1111110100001100),Set-7-Tag(1010101111010110,1110110100110010,0110101000011111),LoadNum4-Tag(0100010110001010,1001100010110010,1101001110000100),Set-2-Tag(1110101101111110,0110011110110001,0001111001111001),Set-11-Tag(1001100100101100,1001000111010010,0110101111110010),TestNumLessTEqu-Tag(1101001010101010,0110010011010111,1001100000001110),Add-Tag(0100111100111111,0001000111010111,0001100011000000),LoadNum2-Tag(1001110110110101,0010100001100000,1100010101000110),Set-16-Tag(0000111000111001,1111110110010110,1101101001110001),Set-16-Tag(0010110010101110,0001110000001000,0100011100110101),Set-2-Tag(0101010100111000,0101010000011000,1010111101010001),Set-4-Tag(0110111100100100,1110101111010100,0010100110111010),LoadNum2-Tag(0100111101011001,1011111101001100,0111011011101111),LoadNum4-Tag(1010011011111100,1010000011101000,0001001001001000),Set-13-Tag(0000011011011010,0100010100110100,1101110000110000),Dec-Tag(1010100110101001,1101110010011110,1100111001100010),Mod-Tag(0100100101011100,1000011000001101,1100101010000010),Close(0111011111000111,1010100000101111,1000011010010001),CopyMem-Tag(1001100100101100,0111010001001101,0100110111101000),SwapMem-Tag(1111000001110010,1100001111110011,0101010001000110),Set-8-Tag(1100000000111011,0001111111000110,0101001001000010),Set-8-Tag(1111001000001001,0000111101011001,1001011100100110),CopyMem-Tag(1100111000101011,0000101110110101,1010010010100101),LoadNum3-Tag(1001100011001000,0100000000100010,0100010000101000),TestNumEqu-Tag(1001001011111110,1000001011011010,1011000000001101),IfNot-Tag(0110110000110010,0011000101001101,1011101011010110),Set-10-Tag(0100001001011011,0001101011110010,0010001011110000),Set-3-Tag(1000010000010011,0101100110100010,0010111111010111)]"
PROBLEM_smallest__ARGS_TAG_BF__MUT_025,8316,smallest,Tag-BitFlips,0.025,0,False,NONE,NONE,NONE,"NONE"
PROBLEM_smallest__ARGS_TAG_BF__MUT_025,8317,smallest,Tag-BitFlips,0.025,0,True,10,299,236,"[TestNumLessTEqu-Tag(1111010001010101,0111100110111100,1100111001001011),Div-Tag(0111010111010000,1100111100001010,0111101111111110),LoadNum3-Tag(0100010101011101,0111101000011011,0111101100000000),TestNumLess-Tag(0101111111000101,1110110110111110,0000111001101011),Div-Tag(0000010101010000,0101111110000011,1111111101110010),LoadNum4-Tag(0101010100001000,1111011010011111,1010101011101010),TestNumLess-Tag(1001110111010101,1101100001111110,0101001101111011),SubmitNum-Tag(0101001101110111,1111001101001011,0001100110100011),IfNot-Tag(0011001110101110,0000000101001101,0110101100110110),SubmitNum-Tag(1110110011111001,0100010111011011,1111111000011011)]"
PROBLEM_smallest__ARGS_TAG_BF__MUT_025,8318,smallest,Tag-BitFlips,0.025,0,False,NONE,NONE,NONE,"NONE"
PROBLEM_smallest__ARGS_TAG_BF__MUT_025,8319,smallest,Tag-BitFlips,0.025,0,True,43,395,381,"[Set-16-Tag(1000001011011111,0100101000000011,0011011001110101),LoadNum4-Tag(0111110110011111,0101101001110101,0100110111011101),TestNumGreater-Tag(0001011100011101,0101011011111111,0010101110011011),Dec-Tag(0111111101001110,1100101001100101,1011101110000011),Div-Tag(0000001110011000,1010001110010011,0101000101001010),LoadNum2-Tag(0110100001000110,0111101111000000,1001010110101101),Close(1111101001101010,0000000001110010,0111111001110000),TestNumEqu-Tag(0101101101110001,1100110001111000,1011100111101010),Floor-Tag(1001000101110010,1100100101001101,0011010001100101),Set-7-Tag(1111010110011010,0101001000110001,1001001110110010),Set-13-Tag(0100001110100100,1010111101101001,1101000101100101),Set-15-Tag(0101101001101110,0011001001101101,1101110011110100),Set-11-Tag(0010110001101010,1001101110010110,1111011011101101),Set-3-Tag(1111100111011111,0110000010110100,0010000101110010),Set-10-Tag(0100110011011010,0111000001000010,0011110111111111),Close(1001001010101010,1011011011001010,1110010101010011),TestNumNEqu-Tag(1001011101101000,1010010111111100,0100001100101111),Set-1-Tag(1101110110101000,0011111100000001,0110000001101010),Div-Tag(0101010010011011,0000110110110111,0101011000000100),TestNumNEqu-Tag(0001111001110000,0010111001100011,0100101011111011),LoadNum3-Tag(0000000110010010,1011000000010110,0000011001011100),SubmitNum-Tag(1011001111110011,0111111010110010,0100100011000110),Sub-Tag(0111010001100001,0001000000011101,0000111000011001),Add-Tag(0011101110101100,1110101110100011,0001011101101011),LoadNum1-Tag(1111011010010001,1011110011010100,1001101101111001),Set-14-Tag(1011111011111101,0100000110101110,0000101100101110),TestNumGreater-Tag(1001010011011101,0101011110110010,0001010110100011),LoadNum1-Tag(0101101001110100,1111101001011000,0111100111111010),IfNot-Tag(0011000100100011,1001111000011000,1111100110011011),LoadNum1-Tag(0001001101111000,0111001000000100,1110010101000100),Set-16-Tag(0011011010111001,1110101001000110,1010011000010101),SubmitNum-Tag(1011001000110111,1010101100101011,0010011100000011),Set-8-Tag(0010111001010000,1101000010011010,0110001011000110),TestNumGreater-Tag(0100010100000101,1000001000110001,1011001100000110),LoadNum1-Tag(0010110011011011,1011111010000001,0100100010101011),IfNot-Tag(0011100000100110,1001000000010100,1111101100111000),LoadNum4-Tag(0111100111000110,1001111100010100,0011110110000010),Set-3-Tag(0100101100110001,1110001111101010,1000110000010111),Inc-Tag(0001010000111001,0010101010011000,1100110101111111),SubmitNum-Tag(0101110100110100,1000011011110000,1100001001011111),Return(0001011110000011,0100001001101001,0011001110001110),Set-6-Tag(0111000011000001,0001100000110011,0011010110110110),Close(0111010101111110,0001000001001101,1100101111110000)]"
PROBLEM_smallest__ARGS_TAG_BF__MUT_025,8320,smallest,Tag-BitFlips,0.025,0,True,17,409,344,"[LoadNum4-Tag(1100100101111001,1001001101000011,0011010001101100),Close(1110011000101111,0010100001011110,0110011110110001),TestNumLessTEqu-Tag(1110001111111110,0001010110111101,1011000100100110),While-Tag(1110001100110011,1010001101001101,0011000001001100),Dec-Tag(0010000100101011,1011100101100011,1000111101010110),SwapMem-Tag(0100010000000001,1110111001111110,1100111001110010),Close(0010000010110111,0110011011111111,0111010000110000),TestNumLessTEqu-Tag(1111100100101101,0101110111000100,1011101100110111),SubmitNum-Tag(0101010010010010,0101010100111111,0000111010011000),While-Tag(0011011111100010,0101110001010011,1000000101011101),LoadNum3-Tag(1110011101010000,0101001110100110,1011101001001010),Set-0-Tag(0100001000010010,1000011101100100,0001110011011101),Close(0000010100001101,1111010111111000,1111011001000010),LoadNum3-Tag(0110000100001000,1111001001010110,1110101010011001),LoadNum4-Tag(1101111110101101,0000001100101101,0001011111100011),While-Tag(1101100010100010,1010010000101110,0101111011000010),Set-16-Tag(0111111010101010,1100101010001101,0111111001100000)]"
PROBLEM_smallest__ARGS_TAG_BF__MUT_025,8321,smallest,Tag-BitFlips,0.025,0,True,12,497,399,"[TestNumGreaterTEqu-Tag(0010011100100000,0101000111010100,1000010000100001),If-Tag(0110000010100000,1101010011011110,1100010101011101),SwapMem-Tag(0010001110010010,0101001101010100,0101011000110000),Close(0110100111010011,1110100111100110,0010110110100011),TestNumLessTEqu-Tag(1100101011111100,0011101010011100,1101111111111000),If-Tag(1001011100111110,1010011011010001,1100001000010011),LoadNum1-Tag(1111100010011100,1101011010000111,1010001101111010),Close(0110110100011010,1001010001010000,0000100001111111),SubmitNum-Tag(1010101100011001,0000001010110011,1111111000011000),TestNumGreater-Tag(1000000010010000,1011001000110000,0111111011111010),If-Tag(1111011010100010,0010000010111111,0110010110010100),SubmitNum-Tag(0011001010010000,1010000001100111,0001110010100000)]"
PROBLEM_smallest__ARGS_TAG_BF__MUT_025,8322,smallest,Tag-BitFlips,0.025,0,True,12,278,162,"[TestNumGreater-Tag(0011001001110101,1111111010111110,0000110100010110),IfNot-Tag(0100111101001111,1101000100100011,1011111011101110),SwapMem-Tag(1011101000011011,0111101101111110,0001010110110101),Close(1011101110111001,0011010111010001,1001011101111011),TestNumGreater-Tag(1101101100111001,1111100011111010,0100001100101101),IfNot-Tag(0001111000011110,0011001101100000,1011010100001111),SwapMem-Tag(1001100010010100,0000111111110111,0111110011100101),Close(0011011011011111,0100100101000111,1101101010000101),TestNumGreater-Tag(0000010000010000,1101011111101110,1000110000111101),SubmitNum-Tag(0011011101111110,0010001100101010,0011000001110011),IfNot-Tag(0101010000100011,1011101011101110,0010001110100011),SubmitNum-Tag(0101000101110100,0000010011100011,1110111100001001)]"
PROBLEM_smallest__ARGS_TAG_BF__MUT_025,8323,smallest,Tag-BitFlips,0.025,0,True,12,394,305,"[TestNumLess-Tag(1001110101000100,0110110011011110,1001111100100101),If-Tag(0010111001101101,1001110100110001,0011011111001001),LoadNum2-Tag(1110100110111011,0100000100010110,0100101001011111),Close(0011010001010110,0010101010100101,1111011111111101),TestNumLess-Tag(0101001000111000,1111100111101100,0010101001001011),If-Tag(1010011100001100,0101111011001010,1101010010011111),SwapMem-Tag(1101111100111101,1110011100110000,0110000001110010),Close(1000010010001110,0111000001111000,1001011011010001),SubmitNum-Tag(1000010000011001,0100100110000011,0111011111110110),TestNumLess-Tag(0111011111110111,1000000100011100,1011000011011010),While-Tag(1000010110011100,0110101101011100,0111110001001111),SubmitNum-Tag(0010111111110011,1000101100000100,1111000000000101)]"
PROBLEM_smallest__ARGS_TAG_BF__MUT_025,8324,smallest,Tag-BitFlips,0.025,0,False,NONE,NONE,NONE,"NONE"
PROBLEM_smallest__ARGS_TAG_BF__MUT_025,8325,smallest,Tag-BitFlips,0.025,0,True,14,305,305,"[SubmitNum-Tag(0111101110010001,1110100010011101,0001101100001101),Close(1011110010011110,1111010100010101,1001101001010111),Add-Tag(0101100101111010,1101011100010101,1110110000111000),LoadNum1-Tag(1111000111110011,1110110110010101,1011111000001110),SubmitNum-Tag(0101000101111100,0101110110100001,1100100010001110),TestNumLessTEqu-Tag(0111011101000101,1111110001010110,1010010000100000),LoadNum1-Tag(0101011101110101,1100010101100001,1111111110000001),Countdown-Tag(0110010110101010,0100101011010101,1110101010110010),LoadNum4-Tag(1101000010010100,0111010001101000,0101010111100001),If-Tag(0100101111000001,0111010111001111,1011001010111100),LoadNum3-Tag(0001010001000100,1100110110110001,1010111110011110),Close(1111111111101100,0101011001010100,1110010010000000),Set-16-Tag(1101001101000011,1101011010010111,0101000110011010),TestNumLess-Tag(0100100000010001,0101110100100000,1010010010101100)]"
PROBLEM_smallest__ARGS_TAG_BF__MUT_025,8326,smallest,Tag-BitFlips,0.025,0,False,NONE,NONE,NONE,"NONE"
PROBLEM_smallest__ARGS_TAG_BF__MUT_025,8327,smallest,Tag-BitFlips,0.025,0,True,14,182,121,"[TestNumLessTEqu-Tag(1100101111110111,1001011101110010,0000111110000100),IfNot-Tag(1000110101001010,1111010011111111,1010001010110110),LoadNum3-Tag(0111011110110100,1011011010010011,0101010110101000),Close(0000011011101010,1011011000001010,0111011100101101),Add-Tag(0000001101000100,1010010101101000,1110110011100000),LoadNum4-Tag(1011010101000110,0111110011001111,0100100010110100),TestNumLessTEqu-Tag(1101101111010000,1110011011100100,1010100100000110),IfNot-Tag(1000001100101100,1111110010010000,0111110001011111),LoadNum2-Tag(1101010101110101,1011100010011000,1011001011011010),Close(0101011111011111,0010110000110101,1001111111011001),TestNumLessTEqu-Tag(0000100100010100,1111010111011001,1010100101101111),SubmitNum-Tag(1111111101011001,0100100101001001,0111101111000010),If-Tag(0100110101101011,1111100101101110,1000100100111101),SubmitNum-Tag(0101010100100111,1110010110001010,0100001010010010)]"
PROBLEM_smallest__ARGS_TAG_BF__MUT_025,8328,smallest,Tag-BitFlips,0.025,0,False,NONE,NONE,NONE,"NONE"
PROBLEM_smallest__ARGS_TAG_BF__MUT_025,8329,smallest,Tag-BitFlips,0.025,0,False,NONE,NONE,NONE,"NONE"
PROBLEM_smallest__ARGS_TAG_BF__MUT_025,8330,smallest,Tag-BitFlips,0.025,0,True,14,260,122,"[SubmitNum-Tag(1100111101011001,0100111101110101,0011010101010001),Close(0110101000100100,1101111111000010,0100100110101111),Close(0001110000111110,1100000101100000,1111110100110000),TestNumLess-Tag(1001111010011000,1111110001100110,0101001101110110),If-Tag(0100011101110101,1010110111000010,1110110100011000),SwapMem-Tag(1010101110011010,1100111101111100,1010110000100100),SubmitNum-Tag(1101100101111110,0110001110111101,1101100011100111),Close(0011001100011000,1011101000001000,1101010110110110),LoadNum2-Tag(1001000010101100,1010100000011110,1000101010100111),TestNumLess-Tag(0010011000000010,1110111110111100,0010000111010100),If-Tag(1000010101010111,1110010000010100,0100101110011011),SubmitNum-Tag(0010000100111111,0001010100001100,1111010010101100),If-Tag(1000000001101001,1101111001110100,1101101011010111),Inc-Tag(1000000010010100,1011011111110000,1110101101000100)]"
PROBLEM_smallest__ARGS_TAG_BF__MUT_025,8331,smallest,Tag-BitFlips,0.025,0,False,NONE,NONE,NONE,"NONE"
PROBLEM_smallest__ARGS_TAG_BF__MUT_025,8332,smallest,Tag-BitFlips,0.025,0,False,NONE,NONE,NONE,"NONE"
PROBLEM_smallest__ARGS_TAG_BF__MUT_025,8333,smallest,Tag-BitFlips,0.025,0,False,NONE,NONE,NONE,"NONE"
PROBLEM_smallest__ARGS_TAG_BF__MUT_025,8334,smallest,Tag-BitFlips,0.025,0,True,15,443,165,"[SubmitNum-Tag(1011111111101010,0100010000100101,0001011011000010),TestNumLessTEqu-Tag(1110000111111110,0000101110101000,0001010000010101),IfNot-Tag(0111000001010000,1111101111110100,1000010100100110),SubmitNum-Tag(0001000110001011,1011101101111110,1111001010010001),LoadNum4-Tag(0111111110001010,0100101111011110,1010111011010101),Close(1001010101010011,0011100101010010,0000001010000011),LoadNum2-Tag(1001110110011011,1110011100110000,1110010011000011),TestNumLessTEqu-Tag(1110110101101110,1011001010001001,0011010010010101),IfNot-Tag(0011000101011100,1100101000010011,0001101110001110),SwapMem-Tag(0011100000011001,1101101101101111,0100100101010010),SubmitNum-Tag(1111111110011100,1001011110100111,0111101000110101),Close(1011011111101100,1100100011110100,1001000011010110),TestNumLessTEqu-Tag(0011101110111111,0010100110010010,1110000110000110),IfNot-Tag(1010010101101101,1111101000101111,1010100011100111),SubmitNum-Tag(1011101000111001,0100100111110001,0011101111001101)]"
PROBLEM_smallest__ARGS_TAG_BF__MUT_025,8335,smallest,Tag-BitFlips,0.025,0,False,NONE,NONE,NONE,"NONE"
PROBLEM_smallest__ARGS_TAG_BF__MUT_025,8336,smallest,Tag-BitFlips,0.025,0,True,15,434,370,"[SubmitNum-Tag(1111101111010101,1000000100100110,1001100001110010),TestNumLess-Tag(0001011100010100,1010100111001110,0111100111011111),LoadNum1-Tag(0111000101011010,1011000010101011,0001010101000111),If-Tag(1101011111101010,0110011011011010,0110100100000111),LoadNum2-Tag(0101000111110110,0001111011101011,0100010001011010),SubmitNum-Tag(1001000101000001,1000111001011000,0100100101101000),Close(0000011001011100,0011001001000010,0001010101001000),TestNumLess-Tag(1000000110011001,0110010101110111,0111110110111010),If-Tag(1111111011010001,1001001001111011,1100100001111010),SubmitNum-Tag(1101110010011000,1011100001000010,0010100111001110),LoadNum4-Tag(1001000111110100,0000110011001000,0011110101001000),Close(1101000010011001,0010110001001110,0011000001010000),TestNumLess-Tag(1001001100110111,0001000101100101,0110101111001111),If-Tag(1010111110111010,1001000100101001,0110010100010110),SubmitNum-Tag(1011001110010011,1111001110100100,0010110011000100)]"
PROBLEM_smallest__ARGS_TAG_BF__MUT_025,8337,smallest,Tag-BitFlips,0.025,0,False,NONE,NONE,NONE,"NONE"
PROBLEM_smallest__ARGS_TAG_BF__MUT_025,8338,smallest,Tag-BitFlips,0.025,0,False,NONE,NONE,NONE,"NONE"
PROBLEM_smallest__ARGS_TAG_BF__MUT_025,8339,smallest,Tag-BitFlips,0.025,0,False,NONE,NONE,NONE,"NONE"
PROBLEM_smallest__ARGS_TAG_BF__MUT_025,8340,smallest,Tag-BitFlips,0.025,0,False,NONE,NONE,NONE,"NONE"
PROBLEM_smallest__ARGS_TAG_BF__MUT_025,8341,smallest,Tag-BitFlips,0.025,0,True,8,192,78,"[Dec-Tag(0010000011010110,1001001010000011,0001101000000110),Countdown-Tag(0101000011100110,0001100011010010,0011111011101011),Div-Tag(0001100111011110,0110010100011011,1111001010111111),TestNumGreaterTEqu-Tag(0010000101011010,0011000001010101,1100110000011101),Set-1-Tag(1111011000000000,0000001111100011,0100001111000110),Div-Tag(1100011001010111,0101010000111010,1111001100000011),Div-Tag(1011111110111111,0111111010111000,1101010111001101),SubmitNum-Tag(0011001000111011,1101000000101111,0001000001000111)]"
PROBLEM_smallest__ARGS_TAG_BF__MUT_025,8342,smallest,Tag-BitFlips,0.025,0,True,12,229,177,"[TestNumGreater-Tag(1011110111001110,0100111100010100,0010111000111001),Countdown-Tag(0010010100011001,0101111101111101,0011001001001111),LoadNum2-Tag(0111011111100111,0011000111100000,0101100101111000),Close(1101010000011111,1011101000011100,0111000010001000),TestNumGreater-Tag(0111101111101110,1001101111010001,1110010100011000),Countdown-Tag(1110110011011000,0010001111010001,1111110101000111),LoadNum4-Tag(1100111011110101,0000000101111001,0001000000110010),Close(1001000001111000,1111101111111111,1001001111111010),SubmitNum-Tag(1011101100001010,0000010011000010,1110000111111100),TestNumLess-Tag(0111101111111110,0001101100110111,1101111100010010),While-Tag(1100101000010010,1111110111110001,0110001111100111),SubmitNum-Tag(0110011101100110,1101100101100100,1010011000001010)]"
PROBLEM_smallest__ARGS_TAG_BF__MUT_025,8343,smallest,Tag-BitFlips,0.025,0,True,13,467,422,"[TestNumLessTEqu-Tag(1000100110101101,0100110110111100,1110011101011100),IfNot-Tag(1101101101111100,0100000111000101,0001010100001100),LoadNum1-Tag(1101001110110001,1001010001011101,1111001101001111),LoadNum3-Tag(1001110111011010,1000111111000010,0001110101111111),Close(1100101001100110,0101000101010101,0011001111101101),TestNumLessTEqu-Tag(1101000010010011,0101100100010111,0100111100101000),IfNot-Tag(0010111000001110,1010100001111100,1110001111011001),SwapMem-Tag(1101100010111101,0000001101010001,0111001110000101),Close(1111111001100110,0110100011101101,0111100110010011),TestNumLessTEqu-Tag(1000100100111000,0000011010100010,0010110110101010),SubmitNum-Tag(1101110111011001,0011010000011011,1111110000010001),IfNot-Tag(0000110101011011,0001100011101010,1010001110000000),SubmitNum-Tag(0011001110000010,0111000111110000,1101110011011100)]"
PROBLEM_smallest__ARGS_TAG_BF__MUT_025,8344,smallest,Tag-BitFlips,0.025,0,False,NONE,NONE,NONE,"NONE"
PROBLEM_smallest__ARGS_TAG_BF__MUT_025,8345,smallest,Tag-BitFlips,0.025,0,False,NONE,NONE,NONE,"NONE"
PROBLEM_smallest__ARGS_TAG_BF__MUT_025,8346,smallest,Tag-BitFlips,0.025,0,True,50,153,153,"[LoadNum3-Tag(0001010101011101,1101100001001100,1011110010000111),SubmitNum-Tag(0101111111111100,1011011010010011,0011000111010111),Set-3-Tag(0111011001100111,1001010101011101,1110000111101110),Close(1110111000110101,1010111111000001,1001111101101001),IfNot-Tag(1110010011101111,1111010110100010,0111000111110100),LoadNum1-Tag(0100011001111111,1011011110000111,1111001100001001),SubmitNum-Tag(0100011010111011,1101111100111001,0111010110000100),SubmitNum-Tag(0101011110010010,1010000010000110,1101111001000110),Break(1001001010000000,1100100011000111,0111100011100000),CopyMem-Tag(0100001011101101,0011000011101110,0001111000111100),Set-9-Tag(0111110111001010,0101100110010001,1010001101000101),Div-Tag(0010111100100101,1000111001111000,1111100100010010),Sub-Tag(1000000010000001,1111111100010010,0111111001110111),Set-1-Tag(1101011101001111,1111000000001101,0111000001001011),Set-14-Tag(1011001110101011,0110001000001111,1010110001110110),TestNumNEqu-Tag(0001010001100011,0001011011010101,1001001011100011),Sub-Tag(1000001011111100,0000010000001001,0110011000001111),LoadNum4-Tag(0001000110001111,1001011101011110,0110100101101011),Set-15-Tag(1100001000000001,1100001010110000,0100111010101111),Break(0101001100000110,1011101010100011,0101000110000111),Close(0101101110101100,1101001000011111,0010011111110100),Set-13-Tag(0110100111101011,0101000010001100,1011111010010001),Add-Tag(1111010001010111,0111010010000001,1110111011011111),Div-Tag(0101010110100001,0001111010010101,1101011011000111),SwapMem-Tag(1001010000110101,0011110000011001,0001111100110000),LoadNum2-Tag(1101000010001000,1101100011101010,1110100000110100),TestNumGreater-Tag(0100110101011111,1111110111111101,1101011111110001),Countdown-Tag(0111111001100110,0010010110101100,1111110001111010),TestNumLess-Tag(1011011001110000,0110001011010101,0111010011101101),Set-9-Tag(0000001001001110,1010011101110001,1100101111001001),LoadNum3-Tag(0011000101100000,0010111011001100,1110010110010011),Set-0-Tag(1110110110111010,1001010110001101,0010110111100100),Set-6-Tag(0011010110110110,1010001100100101,0011001110100011),Set-8-Tag(1101010100110000,0011110010001011,1000101000111100),LoadNum3-Tag(0101001001111101,1001010010010100,0110100011011110),Mult-Tag(1100110001000011,1101000110010101,1111001011100111),LoadNum2-Tag(0001111010011111,0110101000101100,0101001110010011),Close(0010001101111101,1000001111110001,1000010110111100),TestNumGreater-Tag(0111100111000011,1001101000111101,0110100011100111),Countdown-Tag(1011011100110111,1000101000100001,0000001000001010),TestNumLess-Tag(0000111010000111,0111101100110001,0000110101101111),Set-9-Tag(0101001111100000,0001010001011001,1111000011110100),Set-7-Tag(1001001000010101,1111010010010110,1000101010010101),Inc-Tag(0111011110110100,0011111101111100,0100000010111001),TestNumLessTEqu-Tag(0010110100100101,0010100111001101,1000001011100111),LoadNum1-Tag(1000110010110001,0000000110101101,0000010001000101),TestNumGreater-Tag(0101011011110101,1100111010010111,0111110001101110),Break(0101101101000010,1110001110111101,0010110011100110),Set-8-Tag(0011001111111010,0111101110100001,1011011000010011),Add-Tag(0111111110010010,0111001101101011,1100100111011000)]"
PROBLEM_smallest__ARGS_TAG_BF__MUT_025,8347,smallest,Tag-BitFlips,0.025,0,False,NONE,NONE,NONE,"NONE"
PROBLEM_smallest__ARGS_TAG_BF__MUT_025,8348,smallest,Tag-BitFlips,0.025,0,True,9,226,135,"[CopyMem-Tag(0101111001111111,1111101001010001,1110100101111110),TestNumLess-Tag(1001100101010100,0101011100101010,1011101010101010),Div-Tag(0101011100111000,0111100111111011,0011001110100011),TestNumLess-Tag(0110100001010101,0111011110010010,1111001111110110),SubmitNum-Tag(1111100000111000,0010101011001101,0001110111101001),Div-Tag(1011000001010101,0111111101110101,1010001000100010),TestNumLess-Tag(1010001110011100,0011000110100001,1111110100111011),IfNot-Tag(1111011001111110,1101100100011101,1101111101111100),SubmitNum-Tag(1011000100100011,0010010110111001,1001000111010101)]"
PROBLEM_smallest__ARGS_TAG_BF__MUT_025,8349,smallest,Tag-BitFlips,0.025,0,False,NONE,NONE,NONE,"NONE"
PROBLEM_smallest__ARGS_TAG_BF__MUT_025,8350,smallest,Tag-BitFlips,0.025,0,True,9,218,176,"[TestNumLessTEqu-Tag(1011011011001110,0011011101000010,0100111101010100),Div-Tag(1111111111110001,0010010101011101,0010101110111010),LoadNum2-Tag(1111111111010101,0010010100001111,1011000111011110),TestNumLessTEqu-Tag(0011111000111111,0011001111111000,0101000001010011),Div-Tag(1111111011111110,0111110101001101,0011000101001011),TestNumLessTEqu-Tag(0011010100111001,0001100010001111,0100000011001011),SubmitNum-Tag(1111101100100000,0101001001100100,0110101101011101),IfNot-Tag(1000001111000000,1001011110000001,0001111111000011),SubmitNum-Tag(1010100110001011,1111010101010000,0000111111010100)]"
PROBLEM_smallest__ARGS_TAG_BF__MUT_05,8251,smallest,Tag-BitFlips,0.05,0,False,NONE,NONE,NONE,"NONE"
PROBLEM_smallest__ARGS_TAG_BF__MUT_05,8252,smallest,Tag-BitFlips,0.05,0,False,NONE,NONE,NONE,"NONE"
PROBLEM_smallest__ARGS_TAG_BF__MUT_05,8253,smallest,Tag-BitFlips,0.05,0,False,NONE,NONE,NONE,"NONE"
PROBLEM_smallest__ARGS_TAG_BF__MUT_05,8254,smallest,Tag-BitFlips,0.05,0,False,NONE,NONE,NONE,"NONE"
PROBLEM_smallest__ARGS_TAG_BF__MUT_05,8255,smallest,Tag-BitFlips,0.05,0,False,NONE,NONE,NONE,"NONE"
PROBLEM_smallest__ARGS_TAG_BF__MUT_05,8256,smallest,Tag-BitFlips,0.05,0,False,NONE,NONE,NONE,"NONE"
PROBLEM_smallest__ARGS_TAG_BF__MUT_05,8257,smallest,Tag-BitFlips,0.05,0,False,NONE,NONE,NONE,"NONE"
PROBLEM_smallest__ARGS_TAG_BF__MUT_05,8258,smallest,Tag-BitFlips,0.05,0,False,NONE,NONE,NONE,"NONE"
PROBLEM_smallest__ARGS_TAG_BF__MUT_05,8259,smallest,Tag-BitFlips,0.05,0,False,NONE,NONE,NONE,"NONE"
PROBLEM_smallest__ARGS_TAG_BF__MUT_05,8260,smallest,Tag-BitFlips,0.05,0,False,NONE,NONE,NONE,"NONE"
PROBLEM_smallest__ARGS_TAG_BF__MUT_05,8261,smallest,Tag-BitFlips,0.05,0,False,NONE,NONE,NONE,"NONE"
PROBLEM_smallest__ARGS_TAG_BF__MUT_05,8262,smallest,Tag-BitFlips,0.05,0,False,NONE,NONE,NONE,"NONE"
PROBLEM_smallest__ARGS_TAG_BF__MUT_05,8263,smallest,Tag-BitFlips,0.05,0,False,NONE,NONE,NONE,"NONE"
PROBLEM_smallest__ARGS_TAG_BF__MUT_05,8264,smallest,Tag-BitFlips,0.05,0,False,NONE,NONE,NONE,"NONE"
PROBLEM_smallest__ARGS_TAG_BF__MUT_05,8265,smallest,Tag-BitFlips,0.05,0,False,NONE,NONE,NONE,"NONE"
PROBLEM_smallest__ARGS_TAG_BF__MUT_05,8266,smallest,Tag-BitFlips,0.05,0,False,NONE,NONE,NONE,"NONE"
PROBLEM_smallest__ARGS_TAG_BF__MUT_05,8267,smallest,Tag-BitFlips,0.05,0,False,NONE,NONE,NONE,"NONE"
PROBLEM_smallest__ARGS_TAG_BF__MUT_05,8268,smallest,Tag-BitFlips,0.05,0,False,NONE,NONE,NONE,"NONE"
PROBLEM_smallest__ARGS_TAG_BF__MUT_05,8269,smallest,Tag-BitFlips,0.05,0,False,NONE,NONE,NONE,"NONE"
PROBLEM_smallest__ARGS_TAG_BF__MUT_05,8270,smallest,Tag-BitFlips,0.05,0,False,NONE,NONE,NONE,"NONE"
PROBLEM_smallest__ARGS_TAG_BF__MUT_05,8271,smallest,Tag-BitFlips,0.05,0,False,NONE,NONE,NONE,"NONE"
PROBLEM_smallest__ARGS_TAG_BF__MUT_05,8272,smallest,Tag-BitFlips,0.05,0,False,NONE,NONE,NONE,"NONE"
PROBLEM_smallest__ARGS_TAG_BF__MUT_05,8273,smallest,Tag-BitFlips,0.05,0,False,NONE,NONE,NONE,"NONE"
PROBLEM_smallest__ARGS_TAG_BF__MUT_05,8274,smallest,Tag-BitFlips,0.05,0,False,NONE,NONE,NONE,"NONE"
PROBLEM_smallest__ARGS_TAG_BF__MUT_05,8275,smallest,Tag-BitFlips,0.05,0,False,NONE,NONE,NONE,"NONE"
PROBLEM_smallest__ARGS_TAG_BF__MUT_05,8276,smallest,Tag-BitFlips,0.05,0,False,NONE,NONE,NONE,"NONE"
PROBLEM_smallest__ARGS_TAG_BF__MUT_05,8277,smallest,Tag-BitFlips,0.05,0,False,NONE,NONE,NONE,"NONE"
PROBLEM_smallest__ARGS_TAG_BF__MUT_05,8278,smallest,Tag-BitFlips,0.05,0,False,NONE,NONE,NONE,"NONE"
PROBLEM_smallest__ARGS_TAG_BF__MUT_05,8279,smallest,Tag-BitFlips,0.05,0,False,NONE,NONE,NONE,"NONE"
PROBLEM_smallest__ARGS_TAG_BF__MUT_05,8280,smallest,Tag-BitFlips,0.05,0,False,NONE,NONE,NONE,"NONE"
PROBLEM_smallest__ARGS_TAG_BF__MUT_05,8281,smallest,Tag-BitFlips,0.05,0,False,NONE,NONE,NONE,"NONE"
PROBLEM_smallest__ARGS_TAG_BF__MUT_05,8282,smallest,Tag-BitFlips,0.05,0,False,NONE,NONE,NONE,"NONE"
PROBLEM_smallest__ARGS_TAG_BF__MUT_05,8283,smallest,Tag-BitFlips,0.05,0,False,NONE,NONE,NONE,"NONE"
PROBLEM_smallest__ARGS_TAG_BF__MUT_05,8284,smallest,Tag-BitFlips,0.05,0,False,NONE,NONE,NONE,"NONE"
PROBLEM_smallest__ARGS_TAG_BF__MUT_05,8285,smallest,Tag-BitFlips,0.05,0,False,NONE,NONE,NONE,"NONE"
PROBLEM_smallest__ARGS_TAG_BF__MUT_05,8286,smallest,Tag-BitFlips,0.05,0,False,NONE,NONE,NONE,"NONE"
PROBLEM_smallest__ARGS_TAG_BF__MUT_05,8287,smallest,Tag-BitFlips,0.05,0,False,NONE,NONE,NONE,"NONE"
PROBLEM_smallest__ARGS_TAG_BF__MUT_05,8288,smallest,Tag-BitFlips,0.05,0,False,NONE,NONE,NONE,"NONE"
PROBLEM_smallest__ARGS_TAG_BF__MUT_05,8289,smallest,Tag-BitFlips,0.05,0,False,NONE,NONE,NONE,"NONE"
PROBLEM_smallest__ARGS_TAG_BF__MUT_05,8290,smallest,Tag-BitFlips,0.05,0,False,NONE,NONE,NONE,"NONE"
PROBLEM_smallest__ARGS_TAG_BF__MUT_05,8291,smallest,Tag-BitFlips,0.05,0,False,NONE,NONE,NONE,"NONE"
PROBLEM_smallest__ARGS_TAG_BF__MUT_05,8292,smallest,Tag-BitFlips,0.05,0,False,NONE,NONE,NONE,"NONE"
PROBLEM_smallest__ARGS_TAG_BF__MUT_05,8293,smallest,Tag-BitFlips,0.05,0,False,NONE,NONE,NONE,"NONE"
PROBLEM_smallest__ARGS_TAG_BF__MUT_05,8294,smallest,Tag-BitFlips,0.05,0,False,NONE,NONE,NONE,"NONE"
PROBLEM_smallest__ARGS_TAG_BF__MUT_05,8295,smallest,Tag-BitFlips,0.05,0,False,NONE,NONE,NONE,"NONE"
PROBLEM_smallest__ARGS_TAG_BF__MUT_05,8296,smallest,Tag-BitFlips,0.05,0,False,NONE,NONE,NONE,"NONE"
PROBLEM_smallest__ARGS_TAG_BF__MUT_05,8297,smallest,Tag-BitFlips,0.05,0,False,NONE,NONE,NONE,"NONE"
PROBLEM_smallest__ARGS_TAG_BF__MUT_05,8298,smallest,Tag-BitFlips,0.05,0,False,NONE,NONE,NONE,"NONE"
PROBLEM_smallest__ARGS_TAG_BF__MUT_05,8299,smallest,Tag-BitFlips,0.05,0,False,NONE,NONE,NONE,"NONE"
PROBLEM_smallest__ARGS_TAG_BF__MUT_05,8300,smallest,Tag-BitFlips,0.05,0,False,NONE,NONE,NONE,"NONE"
PROBLEM_smallest__ARGS_TAG_BF__MUT_075,8201,smallest,Tag-BitFlips,0.075,0,False,NONE,NONE,NONE,"NONE"
PROBLEM_smallest__ARGS_TAG_BF__MUT_075,8202,smallest,Tag-BitFlips,0.075,0,False,NONE,NONE,NONE,"NONE"
PROBLEM_smallest__ARGS_TAG_BF__MUT_075,8203,smallest,Tag-BitFlips,0.075,0,False,NONE,NONE,NONE,"NONE"
PROBLEM_smallest__ARGS_TAG_BF__MUT_075,8204,smallest,Tag-BitFlips,0.075,0,False,NONE,NONE,NONE,"NONE"
PROBLEM_smallest__ARGS_TAG_BF__MUT_075,8205,smallest,Tag-BitFlips,0.075,0,False,NONE,NONE,NONE,"NONE"
PROBLEM_smallest__ARGS_TAG_BF__MUT_075,8206,smallest,Tag-BitFlips,0.075,0,False,NONE,NONE,NONE,"NONE"
PROBLEM_smallest__ARGS_TAG_BF__MUT_075,8207,smallest,Tag-BitFlips,0.075,0,False,NONE,NONE,NONE,"NONE"
PROBLEM_smallest__ARGS_TAG_BF__MUT_075,8208,smallest,Tag-BitFlips,0.075,0,False,NONE,NONE,NONE,"NONE"
PROBLEM_smallest__ARGS_TAG_BF__MUT_075,8209,smallest,Tag-BitFlips,0.075,0,False,NONE,NONE,NONE,"NONE"
PROBLEM_smallest__ARGS_TAG_BF__MUT_075,8210,smallest,Tag-BitFlips,0.075,0,False,NONE,NONE,NONE,"NONE"
PROBLEM_smallest__ARGS_TAG_BF__MUT_075,8211,smallest,Tag-BitFlips,0.075,0,False,NONE,NONE,NONE,"NONE"
PROBLEM_smallest__ARGS_TAG_BF__MUT_075,8212,smallest,Tag-BitFlips,0.075,0,False,NONE,NONE,NONE,"NONE"
PROBLEM_smallest__ARGS_TAG_BF__MUT_075,8213,smallest,Tag-BitFlips,0.075,0,False,NONE,NONE,NONE,"NONE"
PROBLEM_smallest__ARGS_TAG_BF__MUT_075,8214,smallest,Tag-BitFlips,0.075,0,False,NONE,NONE,NONE,"NONE"
PROBLEM_smallest__ARGS_TAG_BF__MUT_075,8215,smallest,Tag-BitFlips,0.075,0,False,NONE,NONE,NONE,"NONE"
PROBLEM_smallest__ARGS_TAG_BF__MUT_075,8216,smallest,Tag-BitFlips,0.075,0,False,NONE,NONE,NONE,"NONE"
PROBLEM_smallest__ARGS_TAG_BF__MUT_075,8217,smallest,Tag-BitFlips,0.075,0,False,NONE,NONE,NONE,"NONE"
PROBLEM_smallest__ARGS_TAG_BF__MUT_075,8218,smallest,Tag-BitFlips,0.075,0,False,NONE,NONE,NONE,"NONE"
PROBLEM_smallest__ARGS_TAG_BF__MUT_075,8219,smallest,Tag-BitFlips,0.075,0,False,NONE,NONE,NONE,"NONE"
PROBLEM_smallest__ARGS_TAG_BF__MUT_075,8220,smallest,Tag-BitFlips,0.075,0,False,NONE,NONE,NONE,"NONE"
PROBLEM_smallest__ARGS_TAG_BF__MUT_075,8221,smallest,Tag-BitFlips,0.075,0,False,NONE,NONE,NONE,"NONE"
PROBLEM_smallest__ARGS_TAG_BF__MUT_075,8222,smallest,Tag-BitFlips,0.075,0,False,NONE,NONE,NONE,"NONE"
PROBLEM_smallest__ARGS_TAG_BF__MUT_075,8223,smallest,Tag-BitFlips,0.075,0,False,NONE,NONE,NONE,"NONE"
PROBLEM_smallest__ARGS_TAG_BF__MUT_075,8224,smallest,Tag-BitFlips,0.075,0,False,NONE,NONE,NONE,"NONE"
PROBLEM_smallest__ARGS_TAG_BF__MUT_075,8225,smallest,Tag-BitFlips,0.075,0,False,NONE,NONE,NONE,"NONE"
PROBLEM_smallest__ARGS_TAG_BF__MUT_075,8226,smallest,Tag-BitFlips,0.075,0,False,NONE,NONE,NONE,"NONE"
PROBLEM_smallest__ARGS_TAG_BF__MUT_075,8227,smallest,Tag-BitFlips,0.075,0,False,NONE,NONE,NONE,"NONE"
PROBLEM_smallest__ARGS_TAG_BF__MUT_075,8228,smallest,Tag-BitFlips,0.075,0,False,NONE,NONE,NONE,"NONE"
PROBLEM_smallest__ARGS_TAG_BF__MUT_075,8229,smallest,Tag-BitFlips,0.075,0,False,NONE,NONE,NONE,"NONE"
PROBLEM_smallest__ARGS_TAG_BF__MUT_075,8230,smallest,Tag-BitFlips,0.075,0,False,NONE,NONE,NONE,"NONE"
PROBLEM_smallest__ARGS_TAG_BF__MUT_075,8231,smallest,Tag-BitFlips,0.075,0,False,NONE,NONE,NONE,"NONE"
PROBLEM_smallest__ARGS_TAG_BF__MUT_075,8232,smallest,Tag-BitFlips,0.075,0,False,NONE,NONE,NONE,"NONE"
PROBLEM_smallest__ARGS_TAG_BF__MUT_075,8233,smallest,Tag-BitFlips,0.075,0,False,NONE,NONE,NONE,"NONE"
PROBLEM_smallest__ARGS_TAG_BF__MUT_075,8234,smallest,Tag-BitFlips,0.075,0,False,NONE,NONE,NONE,"NONE"
PROBLEM_smallest__ARGS_TAG_BF__MUT_075,8235,smallest,Tag-BitFlips,0.075,0,False,NONE,NONE,NONE,"NONE"
PROBLEM_smallest__ARGS_TAG_BF__MUT_075,8236,smallest,Tag-BitFlips,0.075,0,False,NONE,NONE,NONE,"NONE"
PROBLEM_smallest__ARGS_TAG_BF__MUT_075,8237,smallest,Tag-BitFlips,0.075,0,False,NONE,NONE,NONE,"NONE"
PROBLEM_smallest__ARGS_TAG_BF__MUT_075,8238,smallest,Tag-BitFlips,0.075,0,False,NONE,NONE,NONE,"NONE"
PROBLEM_smallest__ARGS_TAG_BF__MUT_075,8239,smallest,Tag-BitFlips,0.075,0,False,NONE,NONE,NONE,"NONE"
PROBLEM_smallest__ARGS_TAG_BF__MUT_075,8240,smallest,Tag-BitFlips,0.075,0,False,NONE,NONE,NONE,"NONE"
PROBLEM_smallest__ARGS_TAG_BF__MUT_075,8241,smallest,Tag-BitFlips,0.075,0,False,NONE,NONE,NONE,"NONE"
PROBLEM_smallest__ARGS_TAG_BF__MUT_075,8242,smallest,Tag-BitFlips,0.075,0,False,NONE,NONE,NONE,"NONE"
PROBLEM_smallest__ARGS_TAG_BF__MUT_075,8243,smallest,Tag-BitFlips,0.075,0,False,NONE,NONE,NONE,"NONE"
PROBLEM_smallest__ARGS_TAG_BF__MUT_075,8244,smallest,Tag-BitFlips,0.075,0,False,NONE,NONE,NONE,"NONE"
PROBLEM_smallest__ARGS_TAG_BF__MUT_075,8245,smallest,Tag-BitFlips,0.075,0,False,NONE,NONE,NONE,"NONE"
PROBLEM_smallest__ARGS_TAG_BF__MUT_075,8246,smallest,Tag-BitFlips,0.075,0,False,NONE,NONE,NONE,"NONE"
PROBLEM_smallest__ARGS_TAG_BF__MUT_075,8247,smallest,Tag-BitFlips,0.075,0,False,NONE,NONE,NONE,"NONE"
PROBLEM_smallest__ARGS_TAG_BF__MUT_075,8248,smallest,Tag-BitFlips,0.075,0,False,NONE,NONE,NONE,"NONE"
PROBLEM_smallest__ARGS_TAG_BF__MUT_075,8249,smallest,Tag-BitFlips,0.075,0,False,NONE,NONE,NONE,"NONE"
PROBLEM_smallest__ARGS_TAG_BF__MUT_075,8250,smallest,Tag-BitFlips,0.075,0,False,NONE,NONE,NONE,"NONE"
PROBLEM_smallest__ARGS_TAG_BF__MUT_1,8001,smallest,Tag-BitFlips,0.1,0,False,NONE,NONE,NONE,"NONE"
PROBLEM_smallest__ARGS_TAG_BF__MUT_1,8002,smallest,Tag-BitFlips,0.1,0,False,NONE,NONE,NONE,"NONE"
PROBLEM_smallest__ARGS_TAG_BF__MUT_1,8003,smallest,Tag-BitFlips,0.1,0,False,NONE,NONE,NONE,"NONE"
PROBLEM_smallest__ARGS_TAG_BF__MUT_1,8004,smallest,Tag-BitFlips,0.1,0,False,NONE,NONE,NONE,"NONE"
PROBLEM_smallest__ARGS_TAG_BF__MUT_1,8005,smallest,Tag-BitFlips,0.1,0,False,NONE,NONE,NONE,"NONE"
PROBLEM_smallest__ARGS_TAG_BF__MUT_1,8006,smallest,Tag-BitFlips,0.1,0,False,NONE,NONE,NONE,"NONE"
PROBLEM_smallest__ARGS_TAG_BF__MUT_1,8007,smallest,Tag-BitFlips,0.1,0,False,NONE,NONE,NONE,"NONE"
PROBLEM_smallest__ARGS_TAG_BF__MUT_1,8008,smallest,Tag-BitFlips,0.1,0,False,NONE,NONE,NONE,"NONE"
PROBLEM_smallest__ARGS_TAG_BF__MUT_1,8009,smallest,Tag-BitFlips,0.1,0,False,NONE,NONE,NONE,"NONE"
PROBLEM_smallest__ARGS_TAG_BF__MUT_1,8010,smallest,Tag-BitFlips,0.1,0,False,NONE,NONE,NONE,"NONE"
PROBLEM_smallest__ARGS_TAG_BF__MUT_1,8011,smallest,Tag-BitFlips,0.1,0,False,NONE,NONE,NONE,"NONE"
PROBLEM_smallest__ARGS_TAG_BF__MUT_1,8012,smallest,Tag-BitFlips,0.1,0,False,NONE,NONE,NONE,"NONE"
PROBLEM_smallest__ARGS_TAG_BF__MUT_1,8013,smallest,Tag-BitFlips,0.1,0,False,NONE,NONE,NONE,"NONE"
PROBLEM_smallest__ARGS_TAG_BF__MUT_1,8014,smallest,Tag-BitFlips,0.1,0,False,NONE,NONE,NONE,"NONE"
PROBLEM_smallest__ARGS_TAG_BF__MUT_1,8015,smallest,Tag-BitFlips,0.1,0,False,NONE,NONE,NONE,"NONE"
PROBLEM_smallest__ARGS_TAG_BF__MUT_1,8016,smallest,Tag-BitFlips,0.1,0,False,NONE,NONE,NONE,"NONE"
PROBLEM_smallest__ARGS_TAG_BF__MUT_1,8017,smallest,Tag-BitFlips,0.1,0,False,NONE,NONE,NONE,"NONE"
PROBLEM_smallest__ARGS_TAG_BF__MUT_1,8018,smallest,Tag-BitFlips,0.1,0,False,NONE,NONE,NONE,"NONE"
PROBLEM_smallest__ARGS_TAG_BF__MUT_1,8019,smallest,Tag-BitFlips,0.1,0,False,NONE,NONE,NONE,"NONE"
PROBLEM_smallest__ARGS_TAG_BF__MUT_1,8020,smallest,Tag-BitFlips,0.1,0,False,NONE,NONE,NONE,"NONE"
PROBLEM_smallest__ARGS_TAG_BF__MUT_1,8021,smallest,Tag-BitFlips,0.1,0,False,NONE,NONE,NONE,"NONE"
PROBLEM_smallest__ARGS_TAG_BF__MUT_1,8022,smallest,Tag-BitFlips,0.1,0,False,NONE,NONE,NONE,"NONE"
PROBLEM_smallest__ARGS_TAG_BF__MUT_1,8023,smallest,Tag-BitFlips,0.1,0,False,NONE,NONE,NONE,"NONE"
PROBLEM_smallest__ARGS_TAG_BF__MUT_1,8024,smallest,Tag-BitFlips,0.1,0,False,NONE,NONE,NONE,"NONE"
PROBLEM_smallest__ARGS_TAG_BF__MUT_1,8025,smallest,Tag-BitFlips,0.1,0,False,NONE,NONE,NONE,"NONE"
PROBLEM_smallest__ARGS_TAG_BF__MUT_1,8026,smallest,Tag-BitFlips,0.1,0,False,NONE,NONE,NONE,"NONE"
PROBLEM_smallest__ARGS_TAG_BF__MUT_1,8027,smallest,Tag-BitFlips,0.1,0,False,NONE,NONE,NONE,"NONE"
PROBLEM_smallest__ARGS_TAG_BF__MUT_1,8028,smallest,Tag-BitFlips,0.1,0,False,NONE,NONE,NONE,"NONE"
PROBLEM_smallest__ARGS_TAG_BF__MUT_1,8029,smallest,Tag-BitFlips,0.1,0,False,NONE,NONE,NONE,"NONE"
PROBLEM_smallest__ARGS_TAG_BF__MUT_1,8030,smallest,Tag-BitFlips,0.1,0,False,NONE,NONE,NONE,"NONE"
PROBLEM_smallest__ARGS_TAG_BF__MUT_1,8031,smallest,Tag-BitFlips,0.1,0,False,NONE,NONE,NONE,"NONE"
PROBLEM_smallest__ARGS_TAG_BF__MUT_1,8032,smallest,Tag-BitFlips,0.1,0,False,NONE,NONE,NONE,"NONE"
PROBLEM_smallest__ARGS_TAG_BF__MUT_1,8033,smallest,Tag-BitFlips,0.1,0,False,NONE,NONE,NONE,"NONE"
PROBLEM_smallest__ARGS_TAG_BF__MUT_1,8034,smallest,Tag-BitFlips,0.1,0,False,NONE,NONE,NONE,"NONE"
PROBLEM_smallest__ARGS_TAG_BF__MUT_1,8035,smallest,Tag-BitFlips,0.1,0,False,NONE,NONE,NONE,"NONE"
PROBLEM_smallest__ARGS_TAG_BF__MUT_1,8036,smallest,Tag-BitFlips,0.1,0,False,NONE,NONE,NONE,"NONE"
PROBLEM_smallest__ARGS_TAG_BF__MUT_1,8037,smallest,Tag-BitFlips,0.1,0,False,NONE,NONE,NONE,"NONE"
PROBLEM_smallest__ARGS_TAG_BF__MUT_1,8038,smallest,Tag-BitFlips,0.1,0,False,NONE,NONE,NONE,"NONE"
PROBLEM_smallest__ARGS_TAG_BF__MUT_1,8039,smallest,Tag-BitFlips,0.1,0,False,NONE,NONE,NONE,"NONE"
PROBLEM_smallest__ARGS_TAG_BF__MUT_1,8040,smallest,Tag-BitFlips,0.1,0,False,NONE,NONE,NONE,"NONE"
PROBLEM_smallest__ARGS_TAG_BF__MUT_1,8041,smallest,Tag-BitFlips,0.1,0,False,NONE,NONE,NONE,"NONE"
PROBLEM_smallest__ARGS_TAG_BF__MUT_1,8042,smallest,Tag-BitFlips,0.1,0,False,NONE,NONE,NONE,"NONE"
PROBLEM_smallest__ARGS_TAG_BF__MUT_1,8043,smallest,Tag-BitFlips,0.1,0,False,NONE,NONE,NONE,"NONE"
PROBLEM_smallest__ARGS_TAG_BF__MUT_1,8044,smallest,Tag-BitFlips,0.1,0,False,NONE,NONE,NONE,"NONE"
PROBLEM_smallest__ARGS_TAG_BF__MUT_1,8045,smallest,Tag-BitFlips,0.1,0,False,NONE,NONE,NONE,"NONE"
PROBLEM_smallest__ARGS_TAG_BF__MUT_1,8046,smallest,Tag-BitFlips,0.1,0,False,NONE,NONE,NONE,"NONE"
PROBLEM_smallest__ARGS_TAG_BF__MUT_1,8047,smallest,Tag-BitFlips,0.1,0,False,NONE,NONE,NONE,"NONE"
PROBLEM_smallest__ARGS_TAG_BF__MUT_1,8048,smallest,Tag-BitFlips,0.1,0,False,NONE,NONE,NONE,"NONE"
PROBLEM_smallest__ARGS_TAG_BF__MUT_1,8049,smallest,Tag-BitFlips,0.1,0,False,NONE,NONE,NONE,"NONE"
PROBLEM_smallest__ARGS_TAG_BF__MUT_1,8050,smallest,Tag-BitFlips,0.1,0,False,NONE,NONE,NONE,"NONE"
